79.347361   982.4727409   -1265.2985918
78.402263   983.1961383   -1266.8470124
78.3107871   983.7917925   -1265.3457598
37.6972966   988.1987553   -1201.5919228
36.3992678   988.8945261   -1201.2684219
36.7269928   987.7843896   -1200.7467047
37.6150732   989.6025546   -1202.4671387
38.6804241   990.4477799   -1203.7141957
38.9449607   989.3481256   -1203.1032606
35.966327   990.1892419   -1201.8999576
36.1159973   986.884204   -1199.8374659
37.7265406   986.6088933   -1200.6529452
38.9655543   987.3487717   -1201.8462336
38.6616994   988.5883596   -1202.4241307
38.3170257   985.0669304   -1200.1678204
39.4038443   985.7435917   -1201.2236211
36.8328245   984.9736246   -1199.1647012
39.8410737   989.5470763   -1203.8134381
38.3483597   983.7146606   -1199.4931963
39.4682512   984.1999992   -1200.4946133
39.910487   988.1701731   -1202.945558
39.6849347   982.7496484   -1199.9576128
38.5427244   981.988065   -1198.7869695
37.4244217   983.2471463   -1198.6140862
37.001885   982.0941339   -1197.763194
40.2948424   990.7264568   -1204.9590897
40.0787202   986.7292501   -1202.1743541
41.4349059   988.7113797   -1204.3043638
40.1109754   981.2713018   -1199.5877606
40.6617868   985.7827443   -1202.0392465
40.6454756   984.6393728   -1201.4852721
41.1626545   986.8645197   -1202.9734503
40.7252493   983.3162262   -1200.94377
41.98067   985.280409   -1202.6889089
41.8685731   983.7380566   -1201.9046624
41.8010674   990.1257617   -1205.5081805
42.8104059   986.7986575   -1204.0703002
41.0507225   981.976712   -1200.5804306
42.8579038   989.2816248   -1205.6443331
43.0788656   988.0766525   -1205.0074027
42.7293283   990.440951   -1206.3805053
41.8020908   982.6227677   -1201.3832659
43.6190922   985.3153832   -1203.8404592
43.2152808   983.9951642   -1202.9321002
42.3619509   981.4635603   -1201.2843229
42.9194449   982.594723   -1202.1319252
44.0707756   989.9830963   -1207.0438264
44.2718449   988.4347283   -1206.1248312
44.3137587   987.153577   -1205.3605739
44.2599399   986.1457369   -1204.7409008
43.7874809   980.9366386   -1202.0771848
44.5925711   984.1205738   -1203.9597386
44.2828257   982.6117736   -1203.0802564
44.8400649   985.2419025   -1204.6922884
45.3918049   990.0888247   -1208.1248539
45.600705   985.9978275   -1205.6866279
45.5161715   988.8777181   -1207.3825596
45.8166488   987.3629463   -1206.6504987
46.3306255   990.7169648   -1209.2722417
45.5839904   982.7437089   -1204.0728685
46.0204802   984.2797005   -1205.1079971
46.490632   989.4330583   -1208.5105213
46.9021679   988.0922813   -1207.9415867
46.7097086   982.7694865   -1204.9370749
46.5075773   986.3223985   -1206.5686518
47.1862732   985.2869332   -1206.505894
47.2231413   986.6773985   -1207.3153534
47.1504929   989.8536917   -1209.2908851
48.1705746   990.252998   -1210.3012276
46.5552777   981.5513507   -1204.3362146
47.6761533   988.932757   -1209.0725689
47.7771635   983.4562241   -1206.0715573
47.8176001   981.7212334   -1205.4194922
48.488943   987.2679035   -1208.6081661
48.2614233   985.8528195   -1207.6011024
48.9332203   984.4839081   -1207.4099659
49.5382503   985.7399437   -1208.4859171
48.8372268   988.610651   -1209.7238273
48.5636255   982.4830025   -1206.2959603
49.7851191   990.2941963   -1211.4838921
49.6322329   986.7388646   -1209.1169249
49.2893107   982.9008712   -1207.0500942
49.775113   987.6042681   -1209.7740779
50.0317503   988.9245454   -1210.8144092
49.1588124   981.5031337   -1206.4572051
49.9621686   984.660964   -1208.264191
50.6942705   986.4010695   -1209.7783094
50.8513882   987.6297352   -1210.6327133
50.5032996   983.4656889   -1208.2552749
50.8137424   984.8999645   -1209.0993221
51.1008926   989.6545383   -1212.048633
51.6043588   988.2810907   -1211.6215513
50.4021328   981.5101506   -1207.5038856
52.2401432   990.2655655   -1213.2082579
51.9959218   986.8367694   -1211.1054317
51.9689863   983.6396036   -1209.5696569
52.3267893   988.9586065   -1212.5547253
52.0850309   985.2651456   -1210.3736712
53.1650992   987.5543014   -1212.4334658
51.8283861   981.7256933   -1208.7617481
53.4812057   988.9602858   -1213.3993662
53.8596214   990.22092   -1214.2948981
55.2709014   990.6990967   -1215.4517592
53.3265629   985.7802321   -1211.6765571
52.9889742   982.2768865   -1209.9272369
53.5311666   983.8598851   -1211.0044549
54.3741671   989.0216798   -1214.0628292
54.3167871   986.3033317   -1212.7267515
52.7445346   981.2930242   -1209.3689077
55.2523715   989.1934596   -1214.7434108
54.4870453   981.8661321   -1211.0616604
54.8817445   987.6390239   -1213.7773633
54.6124785   984.8480343   -1212.3238761
53.5604197   980.9200985   -1209.9240424
55.4171993   985.6973461   -1213.337521
56.6192605   989.4912447   -1215.780867
55.1968994   983.2846705   -1212.1961445
55.6944285   984.3407484   -1213.0172003
56.4665378   987.9771609   -1215.0458134
56.4607385   986.2879277   -1214.3765573
57.5946039   988.3797093   -1215.9668435
58.1946464   989.5352153   -1216.8154153
58.4746266   990.8722985   -1217.5215462
56.3969197   984.8505486   -1213.7834377
57.632222   984.7616045   -1214.7140115
56.0645332   981.7599898   -1212.4021924
56.7409196   983.2603875   -1213.4992282
57.9289639   986.7762627   -1215.6059503
58.6749184   988.0584441   -1216.5675304
59.1241844   989.9590551   -1217.5674746
59.8333928   990.5564224   -1218.2358289
59.7369623   988.8595157   -1217.5623144
58.8750576   985.1512648   -1215.75351
61.2220502   990.8164699   -1219.1835119
59.7699078   986.7096062   -1216.8720887
57.6366835   981.2399327   -1213.6299203
58.538182   984.174763   -1215.2185028
58.5481528   982.8237069   -1214.8553036
59.2114771   983.8802497   -1215.6467171
60.3039294   984.4301378   -1216.6195418
61.1942965   987.8438774   -1218.1967937
60.9531914   989.4256708   -1218.5479096
62.4723062   989.1675131   -1219.4520192
61.6109407   985.8023257   -1217.9202117
59.925165   982.7137279   -1215.9178391
63.6231018   990.2858477   -1220.5260288
62.4383551   987.2634603   -1218.8788786
59.597314   981.7725296   -1215.4414292
63.4666137   987.7151699   -1219.7023656
64.1814378   988.9496066   -1220.5173709
64.9041771   990.2898469   -1221.375716
61.2347217   982.6402384   -1216.935609
61.6716864   984.0196957   -1217.5584914
62.5770079   984.5152441   -1218.3488615
63.4674644   985.9042452   -1219.2859453
64.8303274   987.3045999   -1220.5485774
62.8339623   982.7322602   -1218.2574656
66.0918775   990.2418989   -1222.1772409
65.7730056   988.8737566   -1221.5952131
63.5362371   984.184934   -1219.0392306
62.0905674   981.1917744   -1217.3577167
67.0338286   989.4951101   -1222.6609803
64.8794757   985.8406979   -1220.2944656
64.5838012   984.6581011   -1219.9225729
66.1566422   987.4454172   -1221.5399649
65.8838641   986.1938657   -1221.1160336
67.8758795   990.2084246   -1223.4425614
66.9435714   988.1549354   -1222.2846966
64.3629943   983.1611615   -1219.596028
65.5455235   985.0724007   -1220.7059753
67.1763333   986.4896497   -1222.2003652
69.0365151   990.1482934   -1224.2326127
68.2909264   988.2814638   -1223.3494291
64.2038296   981.5058562   -1219.286343
66.5019264   984.8171226   -1221.4815645
65.5905079   983.7733372   -1220.6648658
65.4573214   981.9364916   -1220.4651336
70.3195629   989.8842561   -1225.0439817
69.9045284   988.5426016   -1224.5532773
68.5478063   985.8804348   -1223.2381339
71.8676633   990.1462605   -1226.1149615
69.6349368   986.8038884   -1224.1452993
71.0752111   988.6889999   -1225.3703368
67.6982187   984.4358461   -1222.4573412
66.8356143   982.7967828   -1221.6941848
69.0555711   983.8199378   -1223.5086941
71.0931742   987.0399083   -1225.1933974
69.6071306   985.2409978   -1223.9947816
66.5389697   981.0518051   -1221.4067964
68.0972227   982.7040748   -1222.736998
70.5983629   985.5756098   -1224.7382603
72.2299689   987.9641635   -1226.0224437
73.7201725   989.684979   -1227.2547569
72.9031904   988.7937345   -1226.5402759
71.6589979   985.6526   -1225.4577575
73.6977836   987.5378533   -1226.8495534
69.1128051   981.8404355   -1223.5234427
70.5291494   983.9759451   -1224.5911091
70.0649177   982.5812427   -1224.2294851
75.0243521   989.9542335   -1228.2596958
71.440687   984.7044681   -1225.2502288
74.7732944   988.3205217   -1227.6082539
72.5890889   986.3509458   -1226.0835142
76.1248578   989.7909005   -1229.051501
76.5601698   990.6643897   -1229.8784523
75.8097374   988.3426055   -1228.3084582
72.7373907   984.8235682   -1226.0452389
71.9470429   983.5748279   -1225.5070936
71.2428532   982.351853   -1225.0343817
73.8255841   985.8433724   -1226.7407693
75.1936499   986.5767663   -1227.5933879
70.4004178   980.9677138   -1224.4717526
76.7584144   988.5362878   -1229.0386751
74.5749861   984.404223   -1227.0230589
73.1841403   983.5169926   -1226.2244636
72.6093527   982.208004   -1225.8896944
77.4341822   989.4266609   -1229.9740452
76.7015548   987.0678133   -1228.6017909
77.7080041   987.6338316   -1229.4617773
76.2544273   985.1446255   -1228.0187889
71.8009484   980.9869353   -1225.418292
78.7901934   988.4704783   -1230.660558
74.0151283   982.5448197   -1226.6790997
78.3598348   989.7286149   -1230.9243073
75.1701307   982.9974559   -1227.277834
77.6243698   985.6268435   -1228.9032307
75.9088523   983.6932232   -1227.6818052
79.5390036   989.6146577   -1231.9987489
78.6960761   986.6826194   -1229.8968213
75.0394278   981.5660862   -1227.2999077
76.0178891   982.4937836   -1227.7632572
77.212156   983.1851282   -1228.4696033
78.7298181   985.1995715   -1229.5238002
80.0612603   987.2786802   -1231.1835235
79.8954129   988.4406827   -1231.5918771
80.0557644   990.5403735   -1233.3617807
78.7488971   983.8489041   -1229.3765724
79.829147   985.7632552   -1230.4529281
80.7682762   988.1015936   -1232.2550688
76.3469623   980.9166376   -1228.1861465
80.0815224   984.1315979   -1230.2574071
80.9994806   989.0727438   -1233.226855
79.0457112   981.9721989   -1229.7287385
81.2285088   986.2102046   -1231.7040285
81.1706455   989.8458387   -1234.2726156
80.6602181   985.0000173   -1230.8223775
77.7144942   981.1471116   -1229.0251895
81.8820751   987.3762859   -1232.9695082
80.3538279   982.7179723   -1230.4065531
81.7421303   984.3395317   -1231.4318153
82.6510362   985.5795557   -1232.6686758
82.1301252   988.2451926   -1233.9902858
81.3962307   990.5692741   -1235.9601213
82.3214435   988.9777494   -1235.1567238
81.3146063   983.1663876   -1230.9658105
82.9525762   986.6778674   -1233.7218017
80.8128274   981.1629159   -1230.9160979
82.4279739   989.5780684   -1236.3726028
81.8301221   981.9980053   -1231.3291346
83.3876565   987.2833108   -1234.9237707
82.6587394   983.0887254   -1231.8350328
83.4904138   984.2868696   -1232.8392259
83.6307236   988.0826134   -1236.4108885
83.9985432   985.6487018   -1234.3103604
82.0878478   990.4037725   -1237.5788056
83.2603507   981.7943647   -1232.132837
84.3033724   983.0094113   -1233.036063
83.0252929   989.3275685   -1237.42669
84.847826   984.307651   -1234.349153
84.4615922   986.5350579   -1235.9184035
84.7543292   981.6245676   -1233.0025675
85.918765   982.4062087   -1234.2726426
84.0870683   988.1992183   -1237.7273302
83.1894899   989.4695903   -1238.7573421
82.0106536   990.6894719   -1238.9265327
85.1647472   985.3644316   -1235.893194
85.2241965   986.5281194   -1237.4484976
85.7623455   984.1269372   -1235.5443672
82.2477789   990.4209232   -1240.4005785
84.8992543   987.6702522   -1239.0415758
86.0348712   984.8811653   -1236.8716827
86.6113824   983.4214341   -1235.9728491
83.7282099   989.0244534   -1240.4185006
86.3753445   985.5007456   -1238.2862154
87.2119853   981.8492804   -1235.1223704
87.5891339   982.8180103   -1236.4178768
86.2034683   986.2416947   -1239.1515875
82.7865732   989.8647634   -1241.5375225
87.3307655   984.2387403   -1237.96087
84.9817694   987.8209413   -1240.5409122
88.5806024   981.5274175   -1236.1289464
88.5469848   982.8558472   -1237.5021853
87.0909851   985.4272624   -1239.4920566
84.5638486   988.2472753   -1241.7652905
83.5160473   989.1431653   -1242.2758077
86.4767397   986.4337467   -1240.5505995
89.8966167   981.9364379   -1237.8899605
88.861228   983.7564939   -1239.1875437
88.303263   984.901489   -1240.6258049
89.3737955   982.9611409   -1238.5753435
85.5828535   987.3260957   -1241.5484819
86.5350359   986.6005357   -1242.1643142
84.3824272   988.3248192   -1243.3959354
85.6138707   987.3546907   -1242.9913751
87.58674   985.8127191   -1241.9033139
90.1915107   983.0343656   -1239.8439086
89.6529276   983.9441918   -1240.7323609
90.979834   982.0811655   -1239.4207213
91.4189842   981.1054001   -1238.6864013
89.8280978   984.2321194   -1242.0217616
87.6438953   985.9328977   -1243.497844
86.5655208   986.6530127   -1243.2693635
85.3965531   987.4456985   -1244.7413242
84.0484825   988.3546248   -1245.3552661
83.3715758   989.0972594   -1243.8697125
88.9040056   985.0305291   -1242.7399672
92.075987   981.3754396   -1239.9390477
91.3665866   982.4235562   -1240.6237937
86.6224425   986.6127903   -1244.4417683
90.8513952   983.2333776   -1241.4679388
92.3330312   981.8429458   -1241.3476832
91.2613953   983.2111684   -1242.6905329
89.1036887   985.0016586   -1244.2858292
85.1372824   987.4365911   -1246.2170581
90.224178   984.1750424   -1243.5133422
86.4729698   986.5437784   -1246.1753824
87.9306634   985.7187318   -1245.2434859
92.7770549   981.8787491   -1242.6842308
91.6183131   983.0758325   -1244.3962113
90.1385599   984.2704838   -1244.6946521
89.3427105   984.7120207   -1245.9159092
93.4105743   981.516144   -1243.8081956
88.0101481   985.4752631   -1246.6682382
90.4744403   983.9297396   -1245.7121359
86.9886293   985.9023364   -1247.6681489
93.1402447   981.7870652   -1245.2548225
92.2137396   982.5001985   -1245.966152
88.0613847   985.2327906   -1247.5906469
91.2321687   983.2118876   -1246.4772671
90.1503826   983.8345301   -1247.40888
94.1352595   980.9226142   -1244.8855722
88.9739429   984.6438124   -1247.4838809
87.8951844   984.9947454   -1248.6581029
86.2711722   985.9558253   -1249.0121578
93.0109578   981.6475262   -1246.9574156
91.9745552   982.4148468   -1247.3832608
89.2022735   984.1205452   -1248.634661
91.0244932   982.9200219   -1248.240613
86.8769804   985.1653796   -1249.9625739
89.9304989   983.2765403   -1249.3572281
88.196557   984.1718969   -1250.0893166
92.3054778   981.6485985   -1248.781606
90.9986433   982.338365   -1249.5949483
89.1404397   982.9290607   -1250.9879842
90.4247594   982.214343   -1250.5357717
91.7833977   980.9367232   -1250.6901761
87.7303529   983.6831136   -1251.5423996
88.4662438   982.3396002   -1252.5608649
90.0899501   981.5902365   -1251.7521583
89.6186144   981.0346735   -1252.930464
88.7090026   980.9707084   -1253.9978212
87.3895096   982.2119376   -1253.9295582
87.648526   980.9201245   -1255.2533161
86.4872752   981.0712858   -1256.4116579
81.8339322   990.6363851   -1242.0025452
82.3853574   989.9978008   -1243.2175226
81.4559032   990.5023542   -1244.6170462
82.632512   989.4777352   -1245.1627066
80.7270829   990.8745584   -1245.4758993
81.4535877   990.0706556   -1246.5760266
82.9387113   988.8600425   -1247.0177736
80.6210015   990.274635   -1248.1121898
79.3970152   990.8973249   -1248.9158828
84.2102127   987.8759582   -1247.2768636
81.8955524   989.1822938   -1248.6719264
80.5653035   989.7628083   -1249.852479
83.2327896   988.3110792   -1248.3696824
85.4510917   986.8928455   -1247.7540112
79.2483253   990.3044233   -1250.9910672
82.9642917   988.1045217   -1249.6259536
84.1735759   987.5217162   -1248.7317281
85.0664243   986.7129077   -1249.2274675
81.6932108   988.609523   -1250.7563639
84.1007549   987.1253719   -1250.0255662
77.9312993   990.3974449   -1253.1709323
78.559152   990.3827581   -1252.118475
80.3715174   989.2179677   -1251.7068109
83.0111878   987.481906   -1251.1150725
79.2346443   989.7037345   -1252.5976908
85.2955765   985.9466393   -1250.6873376
82.0765198   987.9099375   -1251.7694643
81.2748012   988.0982599   -1252.6952814
80.1320309   988.8072397   -1253.1234943
84.096901   986.731985   -1250.978405
79.2139911   989.1185671   -1253.9871025
82.4699632   987.139943   -1252.7251069
83.8944148   986.2276054   -1252.2928821
77.9642811   989.5073466   -1255.2018476
86.6221522   984.6505904   -1251.3313193
85.3802826   984.7798551   -1252.7262712
80.4395604   988.0173984   -1254.2652895
76.1322929   990.3841617   -1256.2697432
81.656625   986.9559489   -1254.34379
79.4869404   988.3451775   -1255.1703757
74.8863468   990.6615127   -1257.6411226
82.9509278   986.0058343   -1254.0947569
84.1166233   985.2304499   -1253.7437629
86.8830604   983.5925234   -1252.6713928
79.0343462   988.1026787   -1256.3852697
77.5736067   988.9083006   -1257.1558096
84.8858927   984.1474467   -1254.3642461
80.521161   987.1255767   -1255.8259946
76.185724   989.4761881   -1258.2495103
83.5768856   984.8270419   -1255.1124645
86.1261185   983.319945   -1253.9533585
79.8098037   987.0444693   -1257.0991277
82.0254104   985.7097546   -1255.9274052
74.9165783   989.7796792   -1259.6423793
78.7339788   987.5551915   -1257.8863944
73.5000196   990.3976434   -1260.4096755
80.7761917   986.1817275   -1257.0440171
77.427813   987.980815   -1259.2285092
85.4917763   983.0715576   -1255.0778817
84.3911522   983.62186   -1255.7357674
83.0059024   984.3069751   -1256.6287738
76.1688316   988.7462155   -1259.8467606
86.4434159   982.1177868   -1255.1552753
79.9430977   986.2781423   -1258.1433885
71.6747843   990.578469   -1262.565429
74.3683552   989.177166   -1261.9458394
81.4290089   985.0404232   -1257.7932513
85.1709621   982.3062581   -1256.4624649
73.0148064   990.1451276   -1261.757469
75.5997828   988.6621391   -1260.9991787
78.845953   986.5761028   -1259.3796547
80.207972   985.1809482   -1259.3866909
83.8219757   983.1990346   -1257.0261382
82.5499052   983.6608116   -1258.1098529
76.7171716   987.5143525   -1261.4101669
78.018766   986.4835664   -1260.9551837
81.3693664   984.2259171   -1258.9956265
85.412101   981.0071904   -1257.7805173
83.7662313   982.1900023   -1258.3910227
75.6841748   987.9417452   -1262.4522125
73.1251443   989.6155745   -1262.9215155
72.5635579   989.5189998   -1264.0555597
71.1350594   990.0247186   -1264.7668816
79.1182303   985.5674905   -1260.5564921
80.8525043   984.1991989   -1259.7867106
80.0874439   984.2785219   -1260.8799175
81.7779637   983.1082142   -1259.9173009
73.8711371   988.6711882   -1264.1033175
74.9539516   988.1625894   -1263.3590027
76.4271537   986.7613197   -1263.6708092
83.0265992   981.4670041   -1260.2770417
77.5276472   985.8726244   -1263.0878314
69.8939044   990.0309002   -1266.4371862
68.6088273   990.6889909   -1266.1369899
78.7177569   985.1028966   -1262.0133146
75.6270759   987.4533979   -1263.7466898
81.8738016   981.9653114   -1261.2893632
67.7844192   990.8451826   -1266.6338034
74.9338409   987.6709656   -1264.6608485
79.451131   983.802998   -1262.6752206
80.7264747   982.8920119   -1261.7952004
72.8154488   988.7413157   -1265.7707658
68.4521211   990.3434508   -1267.3001837
71.4109605   989.2166976   -1266.6881539
76.9483703   985.8710078   -1264.4984272
75.7159647   986.9553165   -1264.8220265
74.127523   987.9119434   -1265.6872266
67.2500274   990.7605311   -1267.4533949
70.5762602   989.3790005   -1267.4459071
81.2874603   981.6153867   -1262.6770146
76.2318602   986.0720139   -1265.9201415
78.3658862   984.4972742   -1263.7743403
72.4424604   988.4078234   -1267.4147815
80.046929   982.5840264   -1263.4683098
77.4124769   985.0170412   -1265.2271431
75.0364217   987.0803255   -1266.0609938
79.0423225   983.4265454   -1264.1153826
71.2276825   988.6939432   -1268.5254587
69.5040716   989.5539471   -1268.3379618
65.0281152   990.7422115   -1269.8345545
67.4841461   990.2112353   -1268.8050322
73.8576579   987.519135   -1267.4392847
66.1979298   990.4946249   -1269.3911093
80.6904218   981.3249492   -1264.3744389
75.1814287   986.5600737   -1267.3660246
76.9228391   985.0163053   -1266.9411385
77.6536573   984.2274805   -1266.5906272
72.6864141   987.8995289   -1268.5689845
75.9626137   985.649887   -1268.2849812
68.6027817   989.343341   -1270.1366004
69.978916   988.9040368   -1269.7058834
73.5733604   987.1274762   -1269.4116785
63.8825495   990.5101125   -1271.7009951
66.5947998   989.8537179   -1270.9302915
70.8490397   988.3584708   -1270.1558407
74.7138924   986.5821079   -1268.6397503
72.1165146   987.8004082   -1269.9082288
77.3958206   984.2124244   -1268.247537
80.1712298   981.0728092   -1266.0558143
69.7072344   988.5474197   -1271.2044637
62.027034   990.6236765   -1273.1627928
79.2612926   982.0193155   -1266.9087601
76.3759154   985.0173439   -1270.0748836
65.6522756   989.5598262   -1273.0349382
68.2430126   989.0462674   -1271.5600386
72.9178672   986.9413462   -1271.3576854
71.2476996   987.8014047   -1271.3205562
78.7555994   982.5854956   -1268.5137595
74.8015517   986.110136   -1270.2914646
67.3840514   989.0512349   -1272.6629933
68.8140595   988.480925   -1272.6851033
60.7464761   990.6075056   -1274.4466248
61.9799545   990.1709129   -1274.945006
63.7094943   989.9418627   -1273.914876
59.1981355   990.8278138   -1274.922163
79.9755289   980.9495938   -1267.8347527
70.2592029   987.8613993   -1272.6613481
77.741716   983.8137542   -1270.125695
75.5270864   985.4343551   -1271.5624217
76.7518192   984.6057108   -1271.8623127
71.5984274   987.2701062   -1272.5427214
66.7624174   988.9165067   -1273.9515553
67.9381608   988.5246461   -1273.7597502
74.1905471   985.9443595   -1272.6021581
72.5162542   986.5788045   -1273.3886093
65.2816994   989.1445164   -1275.0285334
60.3905337   990.2768635   -1276.1123777
78.9731168   982.5954246   -1270.2696492
79.6516122   981.5344729   -1269.2514809
69.210489   987.8552804   -1274.2594552
70.9574123   987.1650922   -1273.9450806
63.2804913   989.6101274   -1275.7163865
56.0554047   990.8288121   -1277.0763496
67.2622676   988.3464177   -1275.3491226
58.3257697   990.481318   -1276.9991696
61.7419188   989.8575734   -1276.4882916
78.1826816   983.5663118   -1271.6730953
75.4698428   985.1754209   -1273.076984
79.9719711   981.4777687   -1270.3427076
70.2580505   987.0234822   -1275.5785493
51.3178994   990.9001204   -1278.5257199
33.6153377   990.5378009   -1278.3867594
60.8461776   989.9379669   -1277.1153326
65.8446024   988.5542237   -1276.599413
38.6944475   990.7538331   -1278.9118743
77.4978734   984.029979   -1272.9313056
79.5822034   982.320488   -1271.7642584
73.4221682   985.7700962   -1274.6514031
64.2631869   989.0657287   -1276.7085287
35.7379301   990.53588   -1278.9251121
68.780315   987.5433859   -1276.0601998
74.5365969   985.3818999   -1274.1306213
37.2175292   990.6992492   -1278.8135647
54.2859124   990.7723149   -1278.1564099
60.022822   989.8965197   -1278.0588308
66.7844666   988.2851047   -1276.3145423
62.7547121   989.3899212   -1277.2772294
56.9240422   990.3655744   -1278.4634446
71.8603971   986.3449977   -1275.3019998
78.6617607   983.1419325   -1273.3552406
55.4495148   990.4440886   -1278.9659814
32.0678915   990.5660227   -1277.8924213
76.5030682   984.534177   -1273.4644513
75.602668   984.7291865   -1274.5658567
58.3132501   989.9200792   -1279.3637763
40.5814788   990.3751045   -1280.2675391
42.5258904   990.7822903   -1279.2655038
80.6679139   981.4015594   -1272.7100748
37.3479397   990.28493   -1279.9610117
52.9179967   990.6944684   -1278.9337449
64.776947   988.7230961   -1277.4452489
61.4034788   989.6329647   -1277.8106974
67.1638817   987.9527974   -1277.0241022
46.1222832   990.7007247   -1279.6802485
77.1954243   983.894925   -1274.4207047
63.7915503   988.8999396   -1278.0364174
56.3267326   990.0267422   -1280.1706537
74.5609185   984.8918332   -1275.7045927
62.324106   989.1760873   -1278.7192605
48.1427425   990.5168373   -1280.2744481
79.9461934   982.1187892   -1273.4215604
50.1661421   990.5080013   -1280.1498775
34.1964153   989.8766914   -1280.2039826
52.1224599   990.356997   -1280.425665
32.159948   989.8892442   -1279.5201228
53.9341533   990.3644144   -1279.9083788
69.7307548   986.9649933   -1276.6699096
38.7790087   990.1618813   -1280.5885629
70.9521471   986.1485109   -1277.5364014
73.1790595   985.2001703   -1276.89328
36.0029398   989.8290481   -1280.8610008
65.3522298   988.3253584   -1278.2599394
55.0554871   990.2050231   -1280.1093853
76.1468459   984.0137822   -1275.9264971
68.8609211   987.0569594   -1277.7867743
78.469519   982.9992325   -1274.8866058
61.0496134   989.439989   -1279.0252457
60.0295162   989.4568241   -1279.9485792
37.7146916   989.6689859   -1281.7543927
80.8795104   981.186412   -1274.2649466
44.1853333   990.3635081   -1280.7038992
42.335385   990.2574498   -1280.8538939
46.3766513   990.110411   -1281.690314
49.3381804   990.2137635   -1281.314719
63.5934335   988.6267962   -1279.4883269
67.094129   987.5232714   -1278.9022638
39.5766634   989.7022934   -1282.0805195
41.4227002   989.8376902   -1282.0246042
77.7024546   983.1825413   -1275.8370112
79.7097586   982.1084129   -1274.8199541
50.7520202   990.0892395   -1281.6596299
61.7141486   988.9736891   -1280.328748
34.7879806   989.262255   -1281.9975401
32.9174876   989.1521458   -1281.6030605
48.1682073   990.0690918   -1281.8766334
72.4750827   985.0040678   -1278.7486896
71.5571487   985.4618243   -1278.9244426
75.322093   983.8311272   -1277.5542292
69.7200382   986.3139573   -1279.2115637
79.2215691   982.0701798   -1276.2014594
53.2596996   990.1189959   -1281.0764745
36.2955039   989.2881681   -1282.4157734
58.8890248   989.4177352   -1281.0726473
57.5814624   989.6583245   -1280.9546617
54.5349179   989.9427532   -1281.300765
65.3408239   987.8987279   -1280.1659421
42.9621558   989.9154732   -1282.011052
44.4822411   989.7430241   -1282.7815505
56.3486855   989.5225886   -1282.1402895
77.1013216   982.9932355   -1277.1847888
68.4132421   986.8582977   -1279.4210592
70.8657653   985.7115693   -1279.347917
63.3633425   988.3219555   -1281.213355
74.0755534   984.058167   -1278.8316591
67.3047236   986.9906183   -1280.8401398
52.5691758   989.8253131   -1282.33089
38.5334116   989.365585   -1282.8317535
57.9594608   989.33722   -1282.0273781
78.3188551   982.3634934   -1276.956465
49.4280731   989.8661303   -1282.5952227
33.8828573   988.7270692   -1283.0826703
37.5315215   988.9915965   -1283.6355923
50.8609952   989.7348322   -1282.9734878
64.8468178   987.7751978   -1281.5697637
65.9007886   987.4962575   -1281.122704
60.2894738   989.0237461   -1281.5768877
54.4009452   989.4998661   -1283.0322857
40.7029232   989.3957314   -1283.2495105
42.388568   989.364444   -1283.6904952
61.6812058   988.6179088   -1281.9391608
47.5219286   989.6127403   -1283.5097821
45.9784443   989.7304913   -1283.0088357
59.0821891   989.0671202   -1282.3669735
68.9050863   986.3954724   -1280.4264033
32.6203348   988.4619643   -1283.2372195
35.4748136   988.6585249   -1283.8784035
63.8774354   987.9693772   -1282.1405756
70.1086443   985.6879605   -1280.9119467
79.9917809   980.9876571   -1277.5062138
39.3270847   989.0848   -1283.8755292
79.0594342   981.5770491   -1277.6162334
45.5021642   989.4088869   -1284.0739139
60.3857609   988.5306358   -1283.4536396
78.0439756   981.8960545   -1278.275457
71.7243447   984.9566928   -1280.378895
75.6803713   982.858922   -1279.3459824
76.760175   982.5657294   -1278.5417554
66.0930175   987.1763769   -1282.1543814
55.8129922   989.1200527   -1283.939712
51.6787798   989.4295767   -1283.9780033
53.0723342   989.391517   -1283.8421805
62.8079995   988.0852192   -1282.917997
57.8750311   988.9712948   -1283.4799414
33.6245015   988.0769957   -1284.7105217
43.9806256   989.2747688   -1284.2900849
73.2586423   984.0399559   -1280.3653589
68.7433935   986.1665074   -1281.6647857
49.8482532   989.4170549   -1284.2047487
40.813378   988.980028   -1284.5772906
41.7876092   988.8687496   -1285.1790194
67.68787   986.3318314   -1282.918443
64.6298001   987.5119626   -1282.9802747
54.1946182   989.1102344   -1284.5634023
48.2805411   989.1074078   -1285.3442176
74.7036058   983.0639147   -1280.4250633
52.6243794   989.0023953   -1285.3326856
38.4160533   988.6098022   -1285.0513496
46.4461345   989.0564699   -1285.4134758
44.5704421   988.9526204   -1285.4989246
66.1440333   986.7824258   -1283.6896303
42.9836778   988.8865107   -1285.3966107
77.405634   981.5036891   -1279.82063
58.7966294   988.3869606   -1285.1559575
56.860788   988.6583024   -1285.1908729
63.6568019   987.5614698   -1284.0639386
39.7378797   988.5321752   -1285.7071247
40.9581289   988.6295193   -1285.7449107
73.8681436   983.1594472   -1281.793911
72.4365386   983.963087   -1282.3066951
69.5407947   985.4434791   -1283.0054026
51.1029263   989.1128124   -1285.1937025
36.9857737   988.2374007   -1285.6718865
70.9812319   984.8841278   -1282.1803108
35.2267532   988.0002689   -1285.65152
55.3252   988.8108033   -1285.2794063
62.1664394   987.8478426   -1284.5556894
76.1253621   981.8323119   -1280.9924394
47.4240623   988.8716318   -1286.1531463
49.8636695   988.9184488   -1285.9673984
54.1533205   988.684757   -1286.0801553
64.9147637   987.0284494   -1284.5263647
45.1665409   988.6623263   -1286.5957876
48.269325   988.5858592   -1287.1255714
34.1355595   987.4772628   -1286.6629297
41.8309455   988.4825015   -1286.455011
63.575953   987.231845   -1285.4033508
75.027814   982.3081361   -1281.8007864
60.5847608   987.9950526   -1285.4113748
51.359273   988.6869104   -1286.6204031
46.491039   988.6107027   -1286.9458465
38.5030557   988.1947782   -1286.3595024
57.7233182   988.1186178   -1286.6805839
52.9300966   988.4441441   -1287.1690199
32.7003498   987.454627   -1285.9829039
71.0925   984.3267589   -1283.9933045
67.350825   986.0443099   -1284.667888
66.0988673   986.4646548   -1285.0227067
68.5836051   985.6012612   -1284.2707929
61.9942881   987.4904469   -1286.0814682
43.4192259   988.3728208   -1287.2197503
40.65394   988.28689   -1286.7687543
55.7808658   988.3373249   -1286.7362486
74.200717   982.457794   -1283.0941502
60.8686118   987.6535627   -1286.4686476
59.6476346   987.7777582   -1286.8222604
39.5139845   987.9367026   -1287.5327053
35.8763798   987.5387017   -1287.3001536
37.8523817   987.65367   -1287.8064562
49.9419878   988.4419785   -1287.5692737
73.3152939   983.1861928   -1282.9007109
44.9783136   988.2778814   -1287.8562671
48.9797278   988.2997186   -1288.0960678
69.7081833   984.9401946   -1284.6644691
75.9232902   981.1599023   -1283.0484243
65.1590558   986.4935043   -1286.2052969
54.3484199   988.26946   -1287.4253788
72.7693229   983.1702265   -1284.1380368
61.4693853   987.1753146   -1287.614405
41.2823394   987.8618754   -1288.3491364
66.8716167   985.8633778   -1286.1224375
68.7147068   985.0832171   -1285.9811052
63.4246544   986.7975496   -1287.1560201
51.4589398   988.0560618   -1288.6230673
48.1531441   988.1477499   -1288.5759395
32.9197764   986.9790534   -1287.4610684
34.3510382   986.7937577   -1288.7886316
55.2594264   987.9425178   -1288.2000781
56.8986876   987.6795191   -1288.432906
46.5364946   988.1171486   -1288.5670715
43.9235794   988.0723699   -1288.3624841
38.9006401   987.538983   -1288.5945543
58.5215005   987.6179096   -1287.9672169
70.7901591   984.0128234   -1285.8041282
71.7677433   983.5960258   -1285.1104805
43.0657686   987.8202449   -1288.9917061
31.4483779   986.9824556   -1286.5757264
31.8384417   986.5278851   -1288.1198955
32.8904901   986.6015318   -1288.5473285
64.9326978   986.163256   -1287.73767
49.2862871   987.9527718   -1289.160357
74.243562   981.7978507   -1284.8067309
36.5920489   987.045662   -1289.1505098
66.2696907   985.7366697   -1287.5148076
59.9291089   987.1790064   -1288.6164828
53.7276457   987.8588079   -1288.8440433
44.600806   987.8665544   -1289.1493202
38.4861208   987.0683376   -1289.938041
39.7158424   987.5012972   -1289.0173663
64.1214478   986.2123985   -1288.516178
67.5782125   985.2881961   -1287.2058286
68.6754325   984.620122   -1287.821335
70.0628083   984.0870177   -1287.1378252
55.4139478   987.4531064   -1289.6107303
72.5720017   982.73284   -1285.9875618
62.8657321   986.5606265   -1288.5643878
58.4425923   987.135643   -1289.4748712
47.4992415   987.7543763   -1289.7966453
42.0258734   987.4115816   -1290.0730556
43.7516717   987.3591599   -1290.6301742
50.3148945   987.4548377   -1290.5292214
45.7499016   987.5882195   -1290.1958039
40.4669066   987.1236203   -1290.5288517
56.9125   986.9385028   -1290.5921414
54.1328988   987.3253686   -1290.3228099
34.1463512   986.0804321   -1290.885309
32.355656   986.0732429   -1289.7777049
35.7190649   986.4969076   -1290.4581962
52.4417199   987.3460907   -1290.5543688
71.5366155   983.1048647   -1287.3141217
48.4081512   987.3789074   -1290.8918111
65.7642567   985.4610834   -1289.1674657
67.2645902   985.1282656   -1288.2920119
61.6446696   986.5126113   -1289.6429598
37.091083   986.6844414   -1290.552746
63.7214292   985.9538896   -1289.7665817
59.7416512   986.6389872   -1290.3509547
70.2346432   983.507199   -1288.8114743
46.8541726   987.3162867   -1291.0941692
42.0088026   986.869665   -1291.8188794
73.941458   981.3047827   -1286.7970344
35.380334   986.0539752   -1291.7001075
58.3371726   986.6241028   -1290.9845123
72.7974742   982.0877827   -1287.4534807
45.4231966   987.0687866   -1291.7417403
50.9736466   986.8155231   -1292.110637
55.2416974   986.8435116   -1291.3343196
37.8286387   986.5136629   -1291.4605687
53.7366449   986.9549443   -1291.3950838
39.2182914   986.4955533   -1292.1121742
68.0097988   984.4833675   -1289.4471743
62.8504152   985.6807244   -1291.3909616
43.8059075   986.766397   -1292.5015663
65.0802458   985.1002952   -1291.2758462
36.6127744   986.27895   -1291.6369713
52.7092953   986.6191717   -1292.3603675
49.2940396   986.961145   -1291.9465124
47.3668814   986.6726298   -1292.8111555
60.7996843   986.0727414   -1291.472549
32.7100215   985.4892964   -1291.814988
40.6501683   986.677039   -1292.0610865
66.6986239   984.7335187   -1290.6082272
72.0861081   982.2385955   -1288.6787486
73.378288   981.1847882   -1288.4098044
56.3411126   986.5477366   -1291.8277526
34.4366732   985.5278126   -1292.8151764
69.6270258   983.3932342   -1290.6081788
58.933494   986.144149   -1292.0414778
57.3058489   986.3128876   -1292.1382744
70.3129493   983.2399018   -1289.7727464
45.2198676   986.4930222   -1293.4116525
71.1711726   982.4869534   -1290.119203
67.9614189   984.09122   -1291.1609247
37.4355911   986.0671804   -1292.7321693
36.0068281   985.8717891   -1292.6427815
61.6364624   985.4830851   -1292.7727864
54.2890177   986.4156924   -1292.5967962
55.8804553   986.2290607   -1292.7189294
59.8184114   985.5998213   -1293.1740314
66.80557   984.231754   -1292.392325
40.7249138   986.1797804   -1293.6207535
42.5759806   986.4204106   -1293.3576736
64.121583   985.0097829   -1292.5398818
63.0111733   985.1614775   -1292.9212556
49.569845   986.3279832   -1293.4055494
72.7154199   981.2168585   -1289.8996014
46.2088117   986.1752292   -1294.229557
51.513344   985.9397977   -1293.9746865
38.4332703   985.8199326   -1293.946395
53.4801354   985.8930881   -1293.8553314
32.8421395   984.9538826   -1293.5649365
68.8683699   983.5513136   -1291.7190911
43.734777   986.1949591   -1294.1843019
55.164961   985.7939067   -1293.8496224
42.2407252   985.9214214   -1294.7672961
48.4760191   985.9756288   -1294.3272839
47.3327239   985.9928647   -1294.4891237
36.1934933   985.4430052   -1294.0903552
71.0377152   982.1117405   -1291.7867697
57.3198547   985.6250056   -1293.7848823
34.1108592   984.7181264   -1295.1083608
69.8756731   982.7374232   -1292.7648641
65.43459   984.4263589   -1293.2726733
44.9940774   985.8635924   -1295.0600725
49.8432469   985.5241359   -1295.018947
68.1694066   983.5882336   -1292.8352471
72.0790373   981.3656957   -1291.165129
60.8731873   985.1192942   -1294.0986349
62.4448427   984.768754   -1294.3733832
40.832209   985.5289889   -1295.6018396
39.3744823   985.4654458   -1295.3794511
37.4036985   985.0998684   -1295.7339497
48.2321328   985.2987048   -1295.7148343
64.0537279   984.5942857   -1293.9041583
35.7237788   984.8498066   -1295.7015985
55.8953879   985.3505438   -1294.6936572
54.716958   985.1815011   -1295.1563397
59.1334231   984.8922747   -1295.1321305
51.1152295   985.0704571   -1295.6227986
52.7679693   985.0462671   -1295.498767
42.0089377   985.4036832   -1296.153299
46.4705468   985.6060154   -1295.4881929
43.4674231   985.5677006   -1295.8000607
32.7726455   984.5338899   -1294.7871301
67.3385954   983.8207914   -1293.2802477
66.9507227   983.6400136   -1294.4055257
56.6800424   984.7333001   -1295.8710591
61.0145439   984.5222733   -1295.5883184
65.1634712   984.0660124   -1294.7228754
69.051332   982.8352161   -1294.3699333
32.4235308   983.9197584   -1296.2582091
31.7365562   984.3964899   -1294.3975831
54.0742909   984.5722985   -1296.288993
47.0131157   985.0011512   -1296.5408202
63.8692061   984.1138811   -1295.4838485
39.0132456   984.9017723   -1296.8599979
39.9475772   985.182612   -1296.373615
71.3557643   981.4379131   -1293.5796828
45.2823273   984.9696925   -1296.8658909
51.3023202   984.1446178   -1296.9981235
49.8311678   984.6383883   -1296.4875997
59.7539121   984.1089816   -1296.9026915
70.5381389   981.8594622   -1294.9335072
36.2523678   984.6450688   -1296.585092
35.0915182   984.2707147   -1297.0103735
40.8275191   984.9387711   -1297.1404599
53.0111992   984.0423662   -1297.1352073
37.2474168   984.3681904   -1297.6964237
42.946065   984.7990705   -1297.4865174
65.3320306   983.6256443   -1296.0273881
33.7713294   984.1231498   -1296.6481383
55.2015247   984.5069433   -1296.3930352
66.7088904   983.2629279   -1296.1311994
58.2819103   984.218889   -1296.8531066
62.3891569   984.03897   -1296.3789439
55.9172772   984.0507735   -1297.2590892
48.1488204   984.2791077   -1297.3423124
68.1505408   982.9060557   -1295.7169239
69.5812508   982.2595463   -1295.7818296
46.7660036   984.5758307   -1297.2800531
57.1457954   983.7831879   -1297.8372371
61.0785089   983.9107211   -1297.1134786
33.6854349   983.6400566   -1297.9055553
54.606491   983.8168577   -1297.6067237
44.6235016   984.0248596   -1298.5531128
41.7358282   984.174673   -1298.7245983
63.8702695   983.4556348   -1297.3738931
39.6614827   984.3012152   -1298.4079502
68.7217056   982.3307265   -1296.9186989
67.3427994   982.8610481   -1296.8763259
65.8471406   983.0925061   -1297.3670863
46.4844055   983.9426277   -1298.206999
48.1627498   982.8933689   -1299.1609621
49.6721708   983.7461548   -1297.7399692
35.5290556   983.6732189   -1298.8027253
51.9450441   983.3756255   -1298.093847
58.8363409   983.4257837   -1298.5596063
60.2892673   983.5332862   -1298.1774541
53.2900385   983.0559064   -1298.7129172
50.4662089   983.0823418   -1298.5339978
37.1828602   983.8134941   -1299.085629
38.3761655   984.015109   -1298.9018164
61.9121167   983.2705497   -1298.462785
40.9432687   983.3667983   -1300.142983
34.1721055   983.2503146   -1299.2208439
33.0913074   983.1148813   -1298.9269392
32.3105281   983.2545046   -1298.0256327
43.2599035   983.9350033   -1299.0016032
70.4749913   981.3556302   -1297.0643915
67.2602183   982.4429406   -1298.204417
55.9263397   983.3494359   -1298.5965694
44.2380805   983.286789   -1299.7118863
39.3869684   983.7267531   -1299.6151692
38.1785186   983.4847709   -1300.0074688
51.6725906   982.5457368   -1299.3199594
65.0000455   982.6290316   -1299.0919128
54.7590604   983.023802   -1299.0072916
36.6666741   983.2601493   -1300.2023271
42.964693   983.0358704   -1300.3175136
63.3646943   983.0498155   -1298.6724346
45.746066   983.0538218   -1299.559914
68.9684172   981.8369432   -1298.15577
57.3187188   982.9215112   -1299.5774689
60.2615691   983.0203614   -1299.3381537
33.5346954   982.7720617   -1300.0524125
32.11144   982.7319908   -1299.2474794
35.07889   982.997302   -1300.2781823
55.75382   982.590986   -1299.9842691
49.9875685   982.095256   -1299.9940524
52.8746939   982.2120856   -1300.0190579
54.2485448   982.3839842   -1300.0280151
63.0789755   982.5810537   -1299.8433142
68.0708327   981.9475243   -1298.9395449
46.3757789   982.0708295   -1300.6052036
39.4514278   983.0327885   -1300.9114885
59.205677   982.4843111   -1300.5174757
68.7648057   981.3992806   -1299.6638697
61.3510886   982.488612   -1300.3390173
48.1781122   981.390328   -1301.2267249
67.1210423   981.8393232   -1299.9707061
36.2272785   982.6155893   -1301.5420536
64.1321286   982.1015625   -1300.66872
44.6809353   982.3981341   -1300.6943968
57.0616157   982.0120118   -1301.3300217
65.530596   981.8124824   -1300.8775621
51.5958461   981.6136478   -1300.8176701
32.5214509   982.2373183   -1300.7807385
37.8877184   982.8047945   -1301.3698098
42.1758984   982.3528289   -1301.4957315
34.2585793   982.2585685   -1301.6882942
40.7975139   982.3324492   -1301.9110731
49.97854   981.3076617   -1301.1604056
55.2504099   981.9731129   -1301.029696
46.4051158   981.3106363   -1301.6705326
53.7042761   981.5701226   -1301.3769001
43.6227049   981.6026888   -1302.1766016
60.7319929   981.803353   -1301.8054246
39.1610177   982.2127584   -1302.4891688
62.6904415   981.7611878   -1301.6551081
45.2855937   981.6193721   -1301.5237249
58.9172334   981.6399571   -1302.2260587
66.6927046   981.2325728   -1301.6999252
35.8559365   982.0890311   -1302.6843819
67.9611732   980.912235   -1301.6071254
64.3341507   981.3647281   -1302.1773955
37.4121145   982.1472235   -1302.7531147
55.5839014   981.3286643   -1302.3486844
32.8895787   981.9284127   -1301.8112959
33.2960599   981.5860557   -1302.879071
31.8762719   981.6340172   -1301.8791307
41.9274784   981.6316563   -1302.7112965
40.3754361   981.4179392   -1303.709986
65.7028018   981.0685056   -1302.4440174
45.3499404   980.9367872   -1302.6306048
34.8209731   981.7294242   -1303.2340822
36.4181607   981.5686376   -1304.0013744
38.3328211   981.4828654   -1304.1866843
61.6871532   981.1548481   -1302.9612677
57.5841198   980.9554313   -1303.4311691
60.1785187   981.1157695   -1303.1770532
58.9542804   981.108358   -1303.2683409
34.4832881   981.0527959   -1304.7158055
37.2998487   981.2627443   -1304.859773
36.4384903   981.069828   -1305.2649918
37.700138   980.904795   -1305.7038762
-21.6309031   990.5415097   -1176.0003128
-18.3547918   990.4295343   -1175.8786137
-19.5693312   989.7554017   -1175.748041
-21.0489345   989.5241001   -1175.7868708
-24.0374109   990.2353126   -1176.405675
-17.0247175   989.5592067   -1175.5949619
-15.2787381   989.3692206   -1175.5073654
-13.3438849   989.9019944   -1175.8767087
-22.7558021   989.2163235   -1175.9235304
-18.3807858   988.7463588   -1175.4610636
-12.1642004   990.8699017   -1176.5350792
-25.2979524   990.0955908   -1176.8376339
-20.1136421   988.5246014   -1175.5627433
-16.6036475   987.820905   -1175.0603289
-24.2291951   988.7058608   -1176.1683743
-11.6595853   989.700372   -1176.1342267
-14.8163615   987.5701374   -1174.8791323
-13.680834   988.4093336   -1175.2241528
-21.6557158   988.2183036   -1175.6318434
-19.301138   987.5004898   -1175.2806743
-10.2736872   990.6925653   -1177.0095286
-11.6370438   987.9906734   -1175.4031779
-18.1376959   986.9941533   -1175.0117827
-13.2508422   987.0495479   -1174.760507
-15.7140554   986.461733   -1174.5609478
-10.4741662   988.9341395   -1176.1104026
-26.7704883   989.9844925   -1177.6125728
-14.400678   986.1236524   -1174.3849694
-20.7243258   987.1402268   -1175.3544406
-22.5954953   987.3336344   -1175.6119948
-25.9129454   988.4728034   -1176.7444199
-11.7118076   986.021557   -1174.5236314
-13.1059986   985.7439124   -1174.2634193
-9.2204772   989.2248957   -1176.6024004
-17.1383319   985.8275696   -1174.5275686
-8.1233625   990.13959   -1177.433593
-15.5518079   984.6497269   -1173.9318939
-10.2222447   987.9967216   -1175.7500387
-10.6405743   986.6359477   -1175.0013718
-9.3713662   988.2437498   -1176.0948929
-19.4126897   985.8787651   -1174.8825198
-18.29465   985.852211   -1174.7217873
-13.799075   984.7097917   -1173.8618965
-21.1947424   985.5634192   -1175.0405621
-24.6217189   987.2058911   -1176.0132816
-9.2433388   987.0320745   -1175.5237684
-12.2463128   984.3658153   -1173.7464444
-10.9904785   984.5896296   -1173.9622583
-14.2891339   983.5482888   -1173.4197512
-18.449019   984.6184924   -1174.3408818
-17.2062529   983.968418   -1173.891213
-9.8978194   985.3416539   -1174.5117866
-13.1465928   983.4667696   -1173.349373
-23.1330943   986.1929312   -1175.4800381
-7.5778788   988.3818746   -1176.6770668
-27.5568768   988.9095016   -1177.875343
-27.9223602   990.1446546   -1178.5513308
-27.183522   987.5535709   -1177.2326788
-9.9521125   983.7574242   -1173.6692175
-24.6593981   985.4478419   -1175.6268707
-16.3294087   983.4169071   -1173.5471982
-15.4051606   982.5450959   -1173.0923455
-11.0171409   983.4477385   -1173.402701
-11.8913539   982.4673624   -1172.9045453
-26.0800176   986.676463   -1176.410158
-7.8474965   985.1425395   -1174.8080264
-6.3802362   990.5026329   -1178.3080371
-6.9092478   989.4976541   -1177.5019897
-13.6110698   982.2721701   -1172.8563755
-22.5419922   984.6961599   -1174.9951119
-8.8470852   984.0973017   -1174.0161017
-19.8671773   983.6722684   -1174.2682599
-9.9523469   982.254778   -1172.861368
-17.0731434   982.4041013   -1173.249503
-18.4830635   982.8001714   -1173.6657126
-8.9229111   983.0282176   -1173.3872703
-21.160339   983.641459   -1174.5059404
-16.4934107   980.9307197   -1172.5347
-12.6614637   981.1391086   -1172.3059297
-6.8397504   986.6084349   -1175.8976026
-8.2658801   981.9918387   -1172.8266066
-5.5254603   989.0170136   -1177.7181816
-7.6058367   983.2950754   -1173.7301871
-6.5353398   984.1731313   -1174.4944814
-23.5518433   983.7180011   -1174.8436831
-6.0450353   985.2780079   -1175.30583
-28.534122   987.9544195   -1178.4296277
-28.9083143   989.4308019   -1179.3362682
-6.9796025   981.9716171   -1172.9674482
-5.4866269   987.4898164   -1176.7959246
-5.86431   981.1439228   -1172.6166356
-18.3366163   981.0182497   -1172.8658894
-19.7241663   981.7467547   -1173.4823439
-5.8679333   982.8089357   -1173.7436853
-22.0087362   982.5563549   -1174.231123
-27.3550037   986.0649982   -1176.9956094
-4.7375829   990.1297013   -1178.7293312
-26.5542684   984.9511956   -1176.2731003
-25.5728477   984.3638695   -1175.6328939
-20.7213652   982.3459309   -1173.9678601
-5.0580005   986.1319924   -1176.0919582
-24.839039   983.8287222   -1175.2070737
-29.6764577   990.6053758   -1180.8690157
-5.2721249   984.1787449   -1174.7942441
-4.435609   981.7648308   -1173.3700481
-4.7406405   985.086886   -1175.5243879
-4.0072296   987.9288076   -1177.5593484
-28.2075725   986.8419898   -1177.835538
-23.3804521   981.8542164   -1174.200372
-4.0636689   986.7656343   -1176.7897868
-24.7652707   982.4418942   -1174.7966241
-21.0389958   981.2082042   -1173.5049676
-3.2420169   985.301558   -1176.1050523
-3.7166927   989.1694345   -1178.4884703
-4.3281994   983.1833722   -1174.3740988
-2.7700793   981.1958941   -1173.427283
-22.3332543   981.1170223   -1173.6927839
-3.3845452   982.416816   -1174.1044373
-26.2169168   983.2616799   -1175.6884559
-4.0897386   984.2904729   -1175.1835501
-28.0963391   984.7422418   -1177.2716323
-2.5283807   986.8976879   -1177.4074834
-2.4097394   982.3521833   -1174.3449404
-2.8950571   983.5024344   -1174.9989367
-28.5675517   985.7955312   -1177.8979739
-3.1802097   990.5415178   -1179.6471523
-29.5912708   988.0194502   -1179.6094953
-2.7352325   988.2046702   -1178.2089682
-29.5459512   986.5347776   -1179.1115099
-2.1662038   989.1586311   -1179.0878474
-1.318239   981.7226142   -1174.2353681
-26.2611829   981.3861878   -1175.3103163
-1.2112268   983.98646   -1175.8687579
-27.6948622   983.5374387   -1176.7233171
-1.598834   982.8118452   -1174.9199046
-30.2914076   988.5512883   -1180.8027931
-1.3511236   985.5839378   -1176.9302674
-1.2101282   987.8777803   -1178.5913004
-0.8243045   989.0262428   -1179.5584254
-1.0227905   986.6262491   -1177.7797062
-1.3282254   990.1102134   -1180.1258062
0.0093348   981.175223   -1174.2592306
-0.1298465   982.4084896   -1175.1100819
0.1094579   984.8006908   -1176.9112537
-0.17913   985.9081227   -1177.5966056
-30.6758837   989.8393266   -1181.9672014
-27.4903403   982.0406168   -1176.3175817
-0.102265   989.5975535   -1180.307302
-0.0058693   990.7928227   -1181.2799299
0.6369548   983.4664484   -1176.1361253
-29.2978872   984.9730329   -1178.429815
0.1843119   986.888259   -1178.464252
1.054568   981.3919971   -1174.7663073
-29.1133966   983.3042765   -1177.9576196
-28.5004839   982.1103192   -1177.1976527
1.1951743   985.670089   -1177.9944353
0.6453607   988.35275   -1179.7723367
1.5300394   982.290048   -1175.6005463
1.5767231   984.2595473   -1177.0854791
1.9424663   983.1640587   -1176.4008587
-30.0168923   985.3777136   -1179.3480724
2.4552246   981.0821428   -1175.0372326
-30.4279743   987.0559773   -1180.4161641
0.8875888   989.6449774   -1180.8615916
3.1853753   982.3179852   -1176.285093
1.6299888   986.8839058   -1179.13503
2.2008222   986.015256   -1178.7310831
-30.0012154   984.359625   -1179.1043627
-31.3682271   988.151895   -1182.2053564
-31.6543466   989.517847   -1183.3427573
-30.6577976   985.2799737   -1180.1993207
2.7580777   983.6279448   -1177.1084005
1.6577016   990.3972237   -1181.8921896
2.7987437   984.9694464   -1178.2073624
-28.4094155   980.9202393   -1177.0137871
3.122837   986.5145238   -1179.6467882
2.0959044   989.0212889   -1181.0749035
2.2955608   987.791773   -1180.2164113
5.1910973   981.8300598   -1176.8278327
4.2580595   983.5409843   -1177.7864515
-31.3986257   986.4957242   -1181.6458645
4.4348056   985.1988009   -1179.2980884
3.1057519   989.759232   -1182.2674365
-30.4664509   983.1266462   -1179.4680294
-29.5504107   980.946143   -1178.2183579
3.837675   988.102461   -1181.3897396
5.4917362   982.9254757   -1177.9102128
4.0263672   990.4721495   -1183.3985409
5.9616399   983.8980799   -1179.0475446
4.565307   986.5400851   -1180.5302277
6.6103973   982.335257   -1178.023564
-32.1336163   990.2148404   -1184.7460426
-31.574324   984.1461905   -1181.2039226
-30.670563   981.5353393   -1179.5285654
4.3251168   989.3622874   -1182.717704
5.5370043   987.1133353   -1181.6325405
5.9185324   985.6603552   -1180.6042165
-32.6655359   988.945479   -1184.6933977
8.4597546   981.2974802   -1178.1701332
-31.1908649   982.5326931   -1180.3083992
7.7409096   983.0324797   -1179.3235405
-32.4859639   987.2815392   -1183.5024844
5.6067105   988.5652736   -1182.8779479
-32.353514   985.6368989   -1182.727827
7.3537822   984.4853868   -1180.4278631
5.1039552   989.8508109   -1183.5868122
6.4058909   986.4650847   -1181.6299423
-32.6258943   990.3617223   -1186.2460007
7.2758924   985.8076059   -1181.5848217
6.9818121   987.190994   -1182.6028262
-32.7732225   984.5110684   -1182.9024167
-31.9316598   982.3011168   -1181.282586
-32.3494669   983.2843966   -1182.0307878
-33.471967   987.5595133   -1185.1470342
9.478002   982.3918601   -1179.8020942
8.6520725   983.6870684   -1180.4930146
8.5983726   984.8377361   -1181.5258901
-33.522422   985.900624   -1184.3956322
7.1629864   988.48557   -1183.7644144
6.387922   989.6832349   -1184.2271297
8.5388134   987.5636033   -1183.8502346
6.9001297   990.6842852   -1185.266849
-33.4753661   988.7264631   -1186.1128959
8.4582355   986.1722151   -1182.6330482
11.2701813   982.0488176   -1180.6214711
10.0749929   983.7292812   -1181.4270739
-33.1806296   983.3338337   -1183.0169426
-32.4568728   980.9339542   -1181.745859
-32.9584538   990.6070884   -1188.1242759
-33.0213548   981.9813236   -1182.5001779
11.762762   980.919541   -1179.8828411
8.3305937   989.3231169   -1185.0878835
9.7265537   985.2181164   -1182.5719575
-34.0010245   987.6834075   -1186.1751843
-33.5374205   989.4469871   -1187.3573586
9.606342   986.3992086   -1183.5251217
9.7541626   987.2080872   -1184.2801077
11.9177839   983.4008372   -1182.3060371
-34.1175083   984.1449606   -1184.3232121
12.7455147   981.124434   -1180.7339202
10.8569199   984.5736721   -1182.6988079
9.4672986   988.0432287   -1184.7729494
12.3775258   982.2121728   -1181.5029676
10.6700192   985.6378536   -1183.5233658
10.4401178   986.569292   -1184.1591102
-34.4134636   985.2523674   -1185.2264251
-34.7024161   986.3831428   -1186.4433571
-34.2954775   988.1528224   -1187.5079586
-33.8990673   989.4027984   -1188.9488043
10.6990354   987.4322668   -1185.0039815
10.0308046   989.9355952   -1186.5085049
9.9966041   988.6449183   -1185.5325645
-34.1537002   982.5215054   -1183.795081
11.8473214   984.8986618   -1183.6120658
-34.3872807   981.1210295   -1183.7225155
13.72536   982.228595   -1182.4268555
-33.0364883   990.8180664   -1189.6776607
11.4591778   986.158795   -1184.4267143
11.4430134   988.4684477   -1186.2288306
13.3431334   984.1010904   -1183.8636592
-35.5482509   986.6665704   -1188.8338313
12.7825506   985.5066723   -1184.7097112
12.310753   986.9021428   -1185.5340886
12.1140165   990.0067853   -1187.7624903
15.2089709   981.0733984   -1182.3923794
-33.8289473   989.8285827   -1190.5161147
14.6508355   983.2152564   -1183.9359654
-34.8246447   988.0434339   -1189.2920999
15.4420334   982.0963707   -1183.4696165
13.4882414   990.8910305   -1189.1803838
-33.1393334   990.8300019   -1190.9696038
13.7238077   985.0022856   -1184.886288
13.4979061   987.8788983   -1186.9948848
14.1949737   989.3423574   -1188.4813122
-34.7058303   988.546456   -1190.8000832
13.9775252   985.9623196   -1185.8227952
14.774726   984.4339185   -1185.0753409
16.0300243   983.1957766   -1184.8153221
14.9544295   986.679763   -1186.9675163
15.4678717   987.785529   -1188.0946576
14.8323086   990.3172792   -1189.5449997
16.6735879   981.9298513   -1184.1517012
17.9206693   980.9985434   -1184.2057447
15.7349648   985.3302689   -1186.3946746
15.9496607   984.2361659   -1185.6483868
-33.7416249   990.0749426   -1191.87936
15.7617357   989.1803938   -1189.275087
-34.2984434   989.2743677   -1191.4723065
16.0613742   986.4505883   -1187.4518241
16.0497757   990.4190593   -1190.3134745
17.2511356   984.002043   -1186.2544887
16.7788331   988.0846801   -1189.0791336
17.5030209   982.4583357   -1185.1489602
16.9888107   986.9007721   -1188.3267638
-33.4332409   990.4061819   -1193.4455274
17.1268082   985.5765556   -1187.4112953
17.2402723   989.144413   -1190.1052581
17.481653   990.5484044   -1191.2306034
18.6405725   981.7734839   -1185.3427965
18.5080609   982.8539914   -1186.1289691
18.6293755   984.7035296   -1187.6554862
18.5114892   983.6895308   -1186.7950935
-34.5121999   988.9968582   -1192.7160902
18.4183513   987.4239526   -1189.5588935
18.0778713   986.0841331   -1188.3647921
19.485428   982.0038074   -1186.0930786
19.654286   983.2002314   -1187.1418354
19.19915   985.826406   -1188.8526181
18.6277431   990.6540923   -1191.9759274
18.9480971   989.2155986   -1191.159048
19.7887907   987.776865   -1190.637838
20.5437326   984.5596197   -1188.7430782
20.8338455   981.6362748   -1186.7122077
20.3087278   986.3620928   -1189.9301004
19.384953   990.1322212   -1192.0637673
20.285263   988.4714233   -1191.4354204
21.0571227   982.9533643   -1187.8633125
-34.245531   989.1827433   -1194.8037502
-33.403326   990.2563285   -1194.8670025
20.3549904   989.5693051   -1192.2525449
21.2490394   985.422618   -1189.8267284
-35.3610161   987.7043282   -1192.282022
-35.3101692   987.7771126   -1194.0623437
20.9707499   987.4095488   -1191.0947013
22.1603009   982.0138054   -1187.8883474
22.0777266   983.3511088   -1188.8282217
21.2434202   990.4399139   -1193.3985511
21.9787248   986.1126013   -1190.7894353
22.1545489   984.6523601   -1189.8394023
21.3524651   988.3802642   -1192.0198226
21.6584248   989.2506327   -1192.819513
22.095189   987.3480472   -1191.7441469
-33.3946513   989.8276926   -1196.5129846
23.0986881   982.433738   -1188.8287409
22.7450485   988.2254809   -1192.7662567
23.3192117   981.3954085   -1188.2248155
23.4122928   986.6000248   -1192.0379211
22.5980466   989.6237981   -1193.6540519
23.6481074   984.9873249   -1191.046176
23.4046306   983.4687101   -1189.7927047
24.485957   981.9035775   -1189.4058244
23.8425197   988.8243677   -1193.8609845
-32.1363532   990.8848613   -1197.5271958
24.3115552   985.7026053   -1191.9746441
-34.2760004   988.7552396   -1196.4265285
24.0043569   990.626163   -1195.210059
24.9246173   983.4522544   -1190.7999737
23.5718034   989.9171277   -1194.4539267
24.2532539   987.5337042   -1193.2189016
25.3346293   984.9059375   -1192.0810967
-35.0384121   987.8572966   -1195.8530409
24.8460883   986.2789678   -1192.71838
24.8873682   989.4262007   -1194.9192343
25.2919098   990.7085949   -1196.0534635
26.3362787   981.927518   -1190.7099138
25.0038692   988.2035487   -1194.1489112
25.6731916   987.0533099   -1193.7753384
-32.8532885   989.760963   -1198.4765412
-34.7369649   987.880459   -1197.1560698
26.1406017   989.49854   -1195.7351082
-31.795239   990.698712   -1199.0174319
26.3333492   983.4784916   -1191.7667588
26.36925   988.1642419   -1194.9656875
-33.8962676   988.7598875   -1197.7897397
26.7020713   990.1716269   -1196.537308
26.1046978   985.8130112   -1193.2012793
27.1940243   984.5340512   -1193.0427551
27.8266659   980.9897076   -1191.1335643
27.8820977   982.5657928   -1192.2027007
27.4559133   989.0097491   -1196.1980969
27.4874074   986.2711441   -1194.3849302
27.9401802   987.6800124   -1195.5972034
28.2033012   990.3367708   -1197.5534376
28.2604511   984.9312592   -1193.991331
-34.7133885   987.3641045   -1198.6870027
-35.6726862   986.6003477   -1197.1475152
-32.284582   989.6144419   -1200.3038333
29.0213018   986.7374836   -1195.6337894
29.1110613   981.1465444   -1192.1382346
29.3963105   988.1578083   -1196.7920005
29.0270781   983.664516   -1193.6675148
29.371169   982.191987   -1192.9686412
29.3518921   985.232471   -1194.8689907
-33.4978456   988.5388088   -1199.507567
30.0596967   986.1409254   -1195.8737774
29.4020067   990.6856556   -1198.5005975
-31.3010374   990.2686311   -1201.2458477
29.9030181   986.926324   -1196.2838126
30.4518089   981.0863978   -1193.0187934
30.4088673   982.4732833   -1193.824132
30.1270655   989.6893909   -1198.244023
30.7427887   983.7001136   -1194.7777367
30.8858328   985.1563831   -1195.7524326
31.3610976   988.2595326   -1198.0010405
31.1596639   986.6151425   -1196.8237223
-35.8628903   985.9568967   -1198.6976373
-35.333334   986.145021   -1200.185487
31.636369   981.5498375   -1194.0740072
-34.1709224   987.3686762   -1200.4663461
-33.2327422   988.0715237   -1201.3974924
32.1966219   985.1019723   -1196.4862608
-32.1086946   988.9540315   -1202.224092
31.8515854   984.0934715   -1195.6845455
31.2980923   982.5949255   -1194.4640214
31.9248511   989.631671   -1199.2382775
-30.796909   990.0772024   -1202.8046548
32.456617   982.6422389   -1195.2113743
32.7425257   987.1407915   -1198.06098
32.7780961   988.319775   -1198.8451701
32.7336345   985.9673336   -1197.3183266
33.2675329   990.203148   -1200.3883624
33.005702   983.8701406   -1196.2266213
33.4349065   988.990236   -1199.6589796
33.5423465   984.8776137   -1197.1205389
33.9840933   986.0451546   -1198.0786813
-29.8416122   990.5615505   -1203.8301749
33.792932   982.8810031   -1196.1378214
34.3700001   987.6015598   -1199.2775915
34.0052997   981.8558306   -1195.729279
35.0849705   984.5290152   -1197.8293896
34.1583158   983.7133597   -1196.8113926
34.476607   990.8425139   -1201.5133055
34.7932943   989.2539378   -1200.5956997
35.2643745   982.5070881   -1196.848875
35.6833642   988.101518   -1200.3377253
35.2967229   986.0359107   -1198.8380837
-32.92697   987.6079942   -1203.2936626
-34.4483771   986.3285859   -1202.4691614
-30.3839799   989.6195952   -1204.6022294
-31.5381332   988.6485128   -1204.1526348
-29.0666084   990.5092606   -1205.3871409
36.3493172   983.4674264   -1198.0188974
36.3909234   981.050623   -1196.868756
-35.9262547   985.0856219   -1201.3826902
-35.4943936   985.1298567   -1202.6141053
-32.1958408   987.4034331   -1205.3199549
-33.4874731   986.4873335   -1204.5083194
-34.3475576   985.6506509   -1204.3303938
-35.2253403   984.9477293   -1203.6745068
-28.5339069   989.704771   -1207.6088281
-30.5650899   988.4641658   -1206.3790565
-26.7996404   990.7797851   -1208.4802897
-31.5598812   987.5670898   -1206.2555362
-33.9044524   985.3966213   -1205.6689675
-34.8940841   984.5611587   -1205.055497
-32.9453897   986.110069   -1206.2601619
-31.7928303   986.9286529   -1206.9096882
-29.6667073   988.4307465   -1207.916491
-27.4738829   989.3208545   -1209.4907306
-30.7076448   986.9217673   -1208.5107739
-26.137979   990.1893899   -1210.0050095
-34.5344949   984.0168432   -1206.4517097
-35.8156631   982.8770107   -1205.5117651
-35.7934995   983.8897024   -1204.2436736
-29.0222886   988.2155674   -1209.0406028
-33.5786552   984.9172369   -1206.9367956
-32.5508003   985.4481562   -1207.8369606
-24.9414119   990.3023394   -1211.1271436
-26.3167892   988.6619872   -1211.3562544
-33.8110925   983.7562007   -1207.8898585
-28.0087826   987.8997995   -1210.5012476
-29.431148   986.6487458   -1210.300008
-32.8428893   984.4894299   -1208.5355096
-35.0827516   982.4962926   -1207.1903353
-31.8369874   985.1851926   -1209.0989036
-30.6993611   985.6695774   -1209.9391338
-23.4850991   990.7301155   -1212.1406326
-24.5174497   989.0073648   -1212.6711634
-27.4153509   987.1916223   -1211.7028074
-28.330424   986.71214   -1211.3157846
-32.8620335   983.5715866   -1209.3278824
-31.4686806   984.4969973   -1210.1679684
-22.6896064   989.6405108   -1213.753432
-25.6059198   987.9725233   -1212.6024453
-34.2735384   982.0850858   -1208.7372118
-26.4420107   986.8046855   -1212.8319953
-29.0198764   985.6446249   -1211.5924595
-33.2836616   981.9607787   -1210.0888089
-30.3061667   984.4727484   -1211.3240224
-31.9238096   983.1248731   -1210.752721
-24.9539134   987.3385759   -1213.6308717
-23.6971284   988.2346403   -1213.9737337
-27.8995942   985.6674255   -1212.5234113
-21.5315274   989.3153922   -1215.0182561
-22.5836059   987.9386003   -1215.1129808
-29.0571425   984.4932299   -1212.4424015
-25.688759   986.0325951   -1214.0176175
-32.3914967   981.5453797   -1211.3460464
-20.3021548   989.8604577   -1215.7500084
-23.8473601   987.2247824   -1214.5996636
-31.096289   982.3446909   -1212.1009287
-29.5645216   982.8901332   -1213.1089166
-26.7012001   985.1928402   -1213.8345056
-27.9431818   984.0061765   -1213.687682
-24.6246761   986.205834   -1214.7151995
-25.4815113   984.9292535   -1214.9473512
-21.0671798   988.2881083   -1216.1699084
-19.8438913   988.8658375   -1216.8770128
-18.7643255   990.3646289   -1216.8775898
-23.416329   986.3750174   -1215.5484012
-26.5967425   984.1879645   -1214.6111175
-28.2292819   982.4425175   -1214.5044366
-27.1411877   983.3040583   -1214.7836617
-30.4597788   981.0306126   -1213.5116015
-24.2787892   985.3370174   -1215.5902017
-21.9309483   986.5285388   -1216.6572667
-18.8605151   988.591204   -1217.9964091
-20.1905123   987.3033664   -1217.6141642
-29.2228761   981.400258   -1214.367276
-23.1855352   985.0013262   -1216.6899182
-25.9546696   983.4403099   -1215.590028
-24.6228535   984.1329157   -1216.1483535
-27.0356754   982.1846659   -1215.5914591
-19.0017221   987.2453313   -1218.729682
-20.9234297   985.5817298   -1218.1450885
-17.8692579   987.9714622   -1219.3739186
-17.4805271   989.8534818   -1218.5331083
-22.0468966   985.3233616   -1217.3922732
-25.9657243   982.1742069   -1216.4194679
-25.0701551   982.8854765   -1216.6419161
-19.6514113   986.2636533   -1218.7744885
-23.7429582   983.1167231   -1217.5418699
-22.0577707   984.2300478   -1218.1416992
-18.4862369   986.2346632   -1219.9120204
-25.1213782   981.4410516   -1217.5829192
-22.3830628   982.6699636   -1218.9597995
-19.7340706   985.1594233   -1219.4631541
-20.7811655   984.4361774   -1219.0470807
-21.2610473   983.5129082   -1219.2922266
-16.9540803   987.0549949   -1220.9791047
-23.6487285   981.4183738   -1218.8091666
-19.9659633   983.8062211   -1220.2420653
-18.8045801   984.8390704   -1220.5873292
-17.6609633   985.3785939   -1221.4192699
-21.1423596   982.4930168   -1220.1517487
-16.7643328   985.9377254   -1222.0317339
-22.376437   981.2778835   -1219.9895991
-18.5270998   983.7820109   -1221.753704
-16.7838503   984.7052131   -1223.1717546
-15.815132   986.8476781   -1222.599043
-19.8622053   982.5337404   -1221.3391009
-21.118154   981.2173903   -1221.181034
-18.9989196   982.5884271   -1222.2111344
-18.123342   982.6489243   -1223.283452
-15.0800966   986.0594354   -1224.5223068
-19.7163159   981.2353004   -1222.6393749
-15.8023617   984.3202503   -1225.0912264
-16.7927023   983.0782375   -1224.7803079
-18.6294961   981.2693938   -1223.9483974
-17.6456691   981.7731622   -1224.8432662
-15.7903208   983.0515247   -1226.5624556
-14.6292278   985.0574042   -1226.5213241
-16.7696666   982.1198332   -1225.8534226
-16.4636601   981.8844254   -1226.6637013
-14.7324152   983.8664303   -1227.7628502
-16.145893   981.5371928   -1227.7464916
-15.2123056   982.7534197   -1228.1419215
-15.2392522   981.811348   -1229.3909791
-14.87962   981.3087803   -1230.9655519
-14.5301352   981.0432801   -1232.24426
-17.6805204   990.8864481   -1217.5998494
-15.9901785   990.731499   -1219.6195592
-16.5083371   988.977505   -1220.1802137
-15.0634348   990.0075903   -1221.2550617
-15.801308   988.2922363   -1221.4784234
-13.9104676   990.1348171   -1222.7964699
-14.8267162   988.6205523   -1222.5769252
-12.9132913   990.320918   -1224.313283
-13.8856962   988.8825523   -1223.8553442
-11.9631253   990.8972968   -1225.4961955
-14.6869206   987.5836077   -1223.6552625
-13.9419497   987.714314   -1224.8772243
-12.5234824   989.7130462   -1225.6270632
-13.2156747   988.9780826   -1225.0079683
-11.687066   990.0752048   -1226.9230844
-12.9064022   988.3034989   -1226.3892517
-13.9592495   986.7161608   -1225.946889
-12.110293   988.6777624   -1227.6596676
-12.6111749   987.8730778   -1227.5377389
-13.2450959   986.7266209   -1227.5564003
-11.1758964   989.3505634   -1228.8939158
-12.2016516   987.800657   -1228.5618014
-9.9371826   990.6272543   -1229.9446974
-13.8033885   985.0511415   -1228.4290119
-10.4391892   989.1953974   -1230.7942776
-12.6160407   986.3274321   -1229.5557868
-11.4779202   987.861872   -1230.1874048
-9.5664107   990.2118986   -1231.3737492
-14.2844506   983.52687   -1229.3232094
-13.3184569   984.8187961   -1229.91243
-8.8639158   990.4034366   -1232.7980143
-9.7983588   989.2876399   -1232.1930461
-11.7709952   986.6662368   -1231.1525783
-12.5182818   985.3689642   -1231.1303219
-10.6875612   987.8372049   -1232.1706808
-8.6235943   989.9170314   -1234.2158573
-14.3359248   982.5602474   -1230.5404876
-9.4433743   988.8798543   -1233.7560502
-13.3879205   983.8073811   -1231.1624991
-8.1052858   989.9990284   -1235.4627254
-11.5746474   985.9307135   -1232.725166
-12.4679782   984.6419538   -1232.2952653
-8.7961959   989.3064465   -1234.7881573
-13.9420551   982.3001741   -1231.9190893
-10.3165377   987.0423157   -1234.384681
-7.0325253   990.6942501   -1237.0786033
-9.0729589   988.441791   -1235.5138052
-12.8829937   983.3979764   -1233.0496578
-12.0463477   984.6389109   -1233.4180847
-11.2910936   985.2821965   -1234.4974429
-8.177252   989.0909918   -1236.9092868
-9.7157301   987.0967496   -1236.0080189
-7.5004952   989.3992051   -1238.2554274
-6.5293205   990.5719505   -1238.6442739
-12.0617195   983.9056331   -1234.5094931
-10.4648655   985.8757129   -1235.890016
-8.9962771   987.7427705   -1236.9934023
-13.6659012   981.6540804   -1233.5717839
-9.7115786   986.43522   -1237.1713104
-11.3027297   984.3011847   -1236.0344019
-8.3317008   988.3047225   -1237.9347541
-12.7317865   982.7290569   -1234.4687616
-10.4381829   985.1280432   -1237.2217068
-8.91247   987.1672635   -1238.2760126
-6.865955   989.4821273   -1239.8193855
-12.1504694   983.0687452   -1235.5630465
-8.0012207   988.1705915   -1239.1174062
-6.0244274   990.0914966   -1240.8741294
-9.6816289   985.6350929   -1238.6363735
-12.9334687   981.602768   -1235.6297347
-10.978151   984.0486024   -1237.393362
-8.6559347   986.7702382   -1239.7262166
-7.6693727   987.8744665   -1240.5877052
-11.7336514   982.8198534   -1237.1460983
-6.6746247   988.8296423   -1241.5495284
-10.4599379   984.4862879   -1238.2217592
-4.6532023   990.603178   -1243.0182969
-5.7388021   989.8968376   -1241.9258282
-10.9439421   983.5298032   -1238.3322375
-9.2474821   985.3995778   -1240.3409239
-12.5184372   981.0104564   -1237.6893269
-10.2314712   984.1012669   -1239.5415789
-5.9536107   989.0584492   -1242.9125078
-7.4716132   987.4674872   -1241.8600943
-6.8450852   987.7710105   -1242.9584548
-8.3047961   986.4816684   -1241.2427636
-4.327402   990.2140793   -1244.4321166
-9.6118524   984.3447592   -1241.0064392
-8.810405   985.1995278   -1241.9308709
-11.2952161   982.2202391   -1239.3556865
-3.454002   990.5104818   -1245.5817464
-5.2535146   989.2530203   -1244.1541646
-6.1354069   988.1832054   -1243.9822695
-10.254227   983.1310798   -1241.0179511
-7.7915315   986.390427   -1242.7770195
-4.4998054   989.3489219   -1245.5464886
-6.7561651   986.7930146   -1244.6887922
-10.9043621   981.758791   -1241.1963457
-11.497738   981.1675533   -1240.3633461
-2.4733173   990.7808405   -1246.8505176
-9.3754181   983.9056912   -1242.3664221
-5.5049282   988.2468901   -1245.2520515
-8.2868312   984.7998917   -1243.9401378
-10.0289636   982.4172768   -1242.7403171
-3.5910761   989.3096359   -1247.2781008
-4.6958819   988.4561175   -1246.5856023
-9.1583373   983.4151579   -1243.7106485
-5.5639477   987.3870183   -1246.4380588
-2.4471648   989.9294114   -1248.2519254
-10.7862859   981.2045242   -1242.3522748
-1.2336075   990.3885187   -1249.3968453
-7.1023534   985.2710353   -1246.1482918
-8.7611556   983.5770857   -1244.547544
-6.3314969   986.4541783   -1246.1978927
-4.4700414   987.7983609   -1247.955533
-9.3693389   982.1466121   -1244.9314016
-10.3580448   981.2172545   -1243.5407112
-8.2628665   983.7344242   -1245.5709355
-5.6865431   986.334784   -1247.6879657
-2.9394682   988.5059631   -1249.5395551
-8.441745   982.6349001   -1246.6489436
-0.1544488   990.2966408   -1251.1095354
-6.4331071   984.9112873   -1248.1314266
-4.3223441   986.7661514   -1249.6568262
-5.3576271   985.4520509   -1249.5311798
-7.5024231   983.7385371   -1247.3761586
-1.4544917   989.1915061   -1250.8566435
1.1861521   990.4640418   -1252.6853882
-7.9493787   982.7597857   -1247.6643531
-9.0565519   981.476855   -1246.6652274
-6.0254256   984.4447446   -1249.5767978
-8.3648275   981.8368064   -1247.8573544
-0.3975727   989.1315939   -1252.4424881
-3.3175247   987.2563599   -1250.701077
-2.0629771   987.9597147   -1251.6636015
-7.3776733   982.714188   -1248.9534972
-3.8104461   986.540089   -1250.8573974
-6.7387526   983.8689686   -1248.8728692
-3.1091949   986.6480713   -1251.8051333
-4.2334613   985.6316498   -1251.2755168
-5.2996159   984.379102   -1250.9857612
0.8849746   989.3676685   -1253.854354
-0.9706822   988.071041   -1253.0897601
2.1654784   989.9338706   -1254.715569
0.1399619   988.4469441   -1254.1063325
-6.2907914   983.4362688   -1250.2909877
-7.9562828   981.1901761   -1249.5295337
-1.8793382   986.8915033   -1253.3077116
4.0150597   990.6370834   -1256.021851
-3.1836481   985.6066694   -1252.9696221
-6.7393421   982.1537366   -1250.9237104
-0.622391   987.5409949   -1254.251125
-5.5924479   983.1166714   -1251.9572472
1.3559402   988.6812993   -1255.3931991
-4.3177838   984.2210356   -1252.8313273
-3.2341287   984.6957785   -1253.9926854
0.3442369   987.3836333   -1255.7465436
2.6827637   989.1250311   -1256.4972842
-4.9382375   982.7520508   -1253.5117814
-2.2623678   985.5792266   -1254.3756284
-1.0156321   986.4442298   -1255.076679
5.1661304   990.1549835   -1258.1516483
3.8343149   989.5081656   -1257.43051
-6.0371221   981.8050292   -1252.6716284
1.6792203   987.6430872   -1257.1788974
-1.6721938   985.0681407   -1255.8231045
-2.6802848   984.5177888   -1255.0238869
3.1414376   988.4797749   -1257.9720871
-3.7300978   983.4919751   -1254.6115196
6.7553802   990.829218   -1259.0457858
0.6784291   986.712236   -1257.0527867
-0.3229413   985.8104484   -1256.8085382
4.2402585   989.1652868   -1258.4288998
-4.565809   982.271504   -1254.6826212
-5.4181724   981.5122753   -1254.1215775
5.9998138   989.9135265   -1259.5501129
5.0375864   989.2243461   -1259.3599607
-3.8967284   982.2143278   -1255.8043126
6.9241435   990.0131244   -1260.522821
-2.6372939   983.4710087   -1256.280587
-1.3264785   984.2613816   -1257.2752255
3.938324   988.3439182   -1259.1948565
2.5719038   987.1503023   -1259.0162014
0.8738669   985.9749502   -1258.2418733
-4.8608336   981.2318598   -1255.373355
4.780148   988.4393303   -1260.1695214
5.791871   989.0951296   -1260.5136416
3.902047   987.5548518   -1260.2659658
1.7389276   985.6307097   -1259.8939009
-3.364187   981.4109355   -1257.5370657
-0.3264591   984.7307951   -1258.1323824
7.9715577   990.0551231   -1261.7238596
-4.3280304   981.1681156   -1256.301171
-2.0444895   982.9533292   -1257.767954
3.0224799   986.4746106   -1260.5685958
5.1898961   987.9481676   -1261.4361053
0.3004627   984.301472   -1259.5550467
6.6405955   988.9791882   -1261.7809256
-1.0261223   983.483244   -1258.6445967
9.1119728   990.2721964   -1262.707873
7.8888291   989.1500247   -1263.099723
-1.9150718   982.1054263   -1258.9728226
4.0936058   986.9682403   -1261.3703168
11.4024214   990.8691087   -1264.3113306
9.7264848   989.7852756   -1264.2926671
1.4586024   984.4396829   -1261.0720591
2.4744108   985.4650249   -1261.1765335
4.8885223   986.8052108   -1262.7204894
-2.6446338   980.9472807   -1259.2296358
3.533446   986.0076928   -1261.945723
6.3745496   987.8767635   -1263.1524155
-0.714717   982.7178377   -1260.0451277
0.3928116   983.3273544   -1260.9422468
12.1502069   990.5267008   -1265.772123
2.7050714   984.7180124   -1262.5445736
5.7580028   987.0144109   -1263.6469807
10.9166014   990.1137944   -1265.160576
-1.617379   981.2048918   -1260.5278141
7.9985623   988.2607169   -1264.7142715
6.4950287   987.0974948   -1264.5505832
-0.2412184   982.0166086   -1261.6605365
10.5113271   989.2854664   -1266.1431855
9.282854   988.8396624   -1265.4256267
4.0287692   985.5505888   -1263.3236498
13.4933363   990.7732222   -1266.7418921
1.2917436   983.2095148   -1262.4682894
5.2719217   986.2321374   -1264.1358831
8.8305756   987.8981337   -1266.4369993
3.4471919   984.6950719   -1263.7035223
14.3271549   990.5499383   -1268.0177901
-1.0404992   980.9636568   -1261.7453086
7.402864   987.1436673   -1265.7528289
12.411602   989.524513   -1267.8975562
0.540605   981.9304362   -1263.0163222
2.7718332   983.7024865   -1264.0924527
6.0608889   985.9854659   -1265.6789459
4.3483571   984.9080382   -1264.7557754
1.5093061   982.344781   -1264.0122476
15.0813046   990.2411054   -1269.3577451
10.2626061   988.0939443   -1267.9456333
0.6160999   981.2860576   -1264.0208014
13.9215019   989.6988729   -1269.2323954
7.4315554   986.3652211   -1267.0883859
6.156092   985.2790114   -1266.9785274
3.7682992   983.5088139   -1265.9816718
8.7628161   987.0182792   -1267.8674102
5.1316118   984.7342124   -1266.2545252
2.4274581   982.5965709   -1265.1516301
11.5019277   988.1783257   -1269.3245712
16.3569836   990.339442   -1270.279167
1.4424752   981.3308755   -1265.3432065
10.46211   987.6133751   -1269.0855609
9.4819216   986.7911194   -1269.2406364
13.0918316   988.7684335   -1270.0480494
5.2500186   983.8490657   -1267.8830663
6.7037965   985.2096532   -1267.944353
18.0041208   990.3976569   -1271.4737493
2.6729788   982.0574893   -1266.3693717
3.761509   982.5569008   -1267.4671581
14.7356679   989.3971675   -1270.5676113
7.8409458   985.7047812   -1268.8193522
16.1279832   989.2334961   -1272.0825874
10.7277523   987.2099006   -1270.1158596
6.5947991   984.5336544   -1268.9244317
12.1201892   987.6486421   -1270.9733467
17.4815142   989.7223267   -1272.327192
21.05171   990.721036   -1272.8592459
19.4770286   990.4803041   -1272.3476395
4.362542   982.669952   -1268.3369627
2.724803   981.2724352   -1267.6716331
1.8863294   980.9289707   -1266.7061299
13.8953804   988.1599044   -1271.9384573
9.9104251   986.3058879   -1270.6617561
8.6568773   985.3355124   -1270.6440301
18.4267007   989.7946526   -1272.8683185
3.6750519   981.6922593   -1268.717595
7.166487   984.3245507   -1270.1884915
11.0316665   986.5906571   -1271.5631133
5.8666238   983.3481739   -1269.775049
4.6812066   982.3857967   -1269.3675997
15.0877752   987.934168   -1273.4583647
16.2951766   988.5094291   -1273.5124461
23.7866101   990.8429855   -1274.0890769
17.2584802   989.1176871   -1273.2087137
22.3243412   990.5119504   -1273.9575585
19.7534999   989.8398797   -1273.6500778
25.1942539   990.6626658   -1275.0923624
18.3813957   988.7600434   -1274.6051447
12.4475085   986.9474571   -1272.5666462
21.0622124   989.7305873   -1274.6469379
13.6950977   987.1959512   -1273.4406359
9.8903734   985.5771887   -1271.9035107
11.2344885   985.8751505   -1273.0451925
7.6285556   983.8073379   -1271.8159681
8.8838882   984.6527853   -1272.1721735
17.0034548   988.5164079   -1274.0481457
19.8328205   989.2688578   -1274.7033825
6.4080054   983.0381903   -1271.2263669
22.5997457   989.8898657   -1275.2411151
5.2082404   981.976427   -1270.9993451
23.8639968   990.0557061   -1275.607024
16.4054542   987.793367   -1274.7825406
27.6094093   990.3613953   -1276.7577916
26.2116731   990.3733245   -1276.1228238
14.4462112   986.7270034   -1274.9155118
6.7700484   982.8479632   -1272.1692886
20.0891315   988.7203893   -1275.8222814
21.5760377   989.1475597   -1275.991857
9.956551   984.721461   -1273.4676724
24.7856127   989.7071504   -1276.7225631
12.7119635   986.2586299   -1274.0369245
18.9758085   988.185562   -1276.0198037
8.4708935   983.6906671   -1273.2540175
6.0086519   982.0087493   -1272.3468734
7.084986   982.5095971   -1273.2278976
22.9192535   989.1860972   -1276.6883932
28.9078128   990.1923554   -1277.6424492
17.9333848   987.619763   -1276.2365068
26.2945093   989.6525968   -1277.5899894
30.4858494   990.2884886   -1278.0230373
11.6126834   985.2443785   -1274.5588631
9.3088804   983.6581451   -1274.4450213
13.0466941   985.7087035   -1275.3032286
16.1819876   986.6206965   -1276.5705816
21.3512688   988.43994   -1277.1051519
23.7995898   988.823628   -1277.8483351
27.8612594   989.5117631   -1278.6271914
19.6963551   987.7184922   -1277.3052426
8.0686015   982.483753   -1274.7127179
14.2695952   985.6176872   -1276.6005549
25.0798058   989.0645145   -1278.1079904
10.6358426   984.2041156   -1275.16874
5.989934   981.2920054   -1273.5290325
12.3479683   984.7404385   -1276.1815651
9.5745445   982.843223   -1276.1047692
6.6809613   981.2930401   -1274.6287708
22.5390546   988.4501006   -1277.801558
18.1499697   986.6304931   -1278.0891838
29.3571532   989.7474032   -1278.7919851
30.443674   989.5304474   -1279.7267849
21.6181458   987.7076806   -1278.5855084
16.4654755   985.8495608   -1278.1084818
15.5006413   985.8167292   -1277.3676856
26.0669824   988.7215035   -1279.3277546
11.1434856   983.6902343   -1276.6035817
23.0791796   988.1818122   -1278.6258761
24.3297328   988.3622616   -1279.0374939
8.2099486   981.7612235   -1276.0906925
29.0550994   989.1314043   -1280.0186627
13.3658098   984.5531893   -1277.5081473
20.0712273   986.8451395   -1279.1065271
27.6395557   988.6468327   -1280.3588538
14.8814077   984.8871225   -1278.3498025
12.2619512   983.9262961   -1277.434009
7.3166475   981.2563788   -1275.6491397
23.1151082   987.5969034   -1279.7682442
10.5449305   982.9670195   -1277.099646
11.3680785   983.0557617   -1277.873349
17.4359296   985.4612704   -1279.5604948
30.1656926   988.8461931   -1281.1862211
31.4146745   989.2089867   -1280.8730935
19.0355073   985.993844   -1279.8826588
24.7497946   987.7670988   -1280.4840876
26.3740709   987.9711588   -1281.0842982
28.790089   988.4341795   -1281.4493961
16.2048923   985.1981317   -1278.9918368
15.737267   984.2885123   -1280.1177766
21.6130389   986.8152222   -1280.2529523
27.6097506   988.0531825   -1281.6488393
10.1127984   982.0320981   -1278.0653967
12.9512648   983.4547129   -1278.8593679
8.7533969   981.3946528   -1277.3803764
14.373013   983.963389   -1279.4135592
23.2992768   986.761631   -1281.5552864
31.3829392   988.5957132   -1282.3422875
18.4695564   985.2660736   -1280.7499076
25.2567195   987.159605   -1282.102597
20.3226461   986.1853935   -1280.5057707
26.867636   987.4336253   -1282.5769583
29.8829994   988.1418997   -1282.7035453
17.4463372   984.5442807   -1281.1824981
11.3328255   982.2235879   -1279.1413045
21.2711453   985.8066592   -1281.9475118
14.0734145   983.2300898   -1280.3339065
24.3048732   986.3058674   -1283.2763225
28.354476   987.7511558   -1282.7688601
19.5861865   985.4477549   -1281.3123193
18.6494527   984.7720319   -1281.7986637
15.056064   983.3412743   -1281.1074595
12.366367   981.9913016   -1280.6116906
22.7838527   985.8559284   -1283.0504363
16.104253   983.3272348   -1282.1110889
27.6797553   986.9571163   -1284.2116855
29.3074277   987.4649339   -1284.0094785
25.9443069   986.6809626   -1283.6512003
19.6948705   984.6355487   -1282.9387194
14.1509339   982.375231   -1281.8359672
31.2920062   987.7403529   -1284.4394075
17.9682742   983.9423915   -1282.7271966
21.6069734   984.9304898   -1284.0124441
26.4931692   986.3048899   -1284.9352449
12.7868801   981.278171   -1282.2398118
23.4627802   985.4371601   -1284.5196975
25.1283719   985.8970344   -1284.8442029
14.9476596   981.8399   -1283.5516227
17.1096176   982.7101862   -1284.187848
18.7317502   983.6155929   -1284.0467024
29.3498144   986.7228838   -1285.9107929
27.5222846   986.322497   -1285.6466048
13.7766083   981.5717573   -1282.8124823
22.6515136   984.5956023   -1285.6801631
20.1148782   983.9387456   -1284.704784
21.3635667   984.1554805   -1285.4380266
26.3047608   985.6543931   -1286.3697748
24.399132   984.9637237   -1286.4147083
27.9021952   985.9650111   -1286.8436263
18.8302404   982.8262434   -1285.6864961
20.5520317   983.3865484   -1286.2755709
30.5267663   986.4391066   -1287.499315
29.1940226   985.8817445   -1288.0737506
21.9431141   983.8106433   -1286.7455799
17.2113062   981.8052895   -1285.9832438
15.8557731   981.4499669   -1285.1996605
23.2219605   984.1653142   -1287.1864426
27.2656746   985.2314966   -1288.2527742
25.6821129   984.8889813   -1287.74033
30.7864717   986.0367561   -1288.8259696
21.2393797   983.0758278   -1287.6355774
24.5738186   984.0650475   -1288.7294718
19.7770242   982.3227348   -1287.6822702
28.6746463   985.1420955   -1289.7109744
18.2487269   981.8165472   -1287.0601284
16.2035929   981.032502   -1286.3388585
22.620403   983.3209567   -1288.5083819
26.0958549   984.5529554   -1288.9705082
29.8962682   985.5818549   -1289.4812696
27.2107035   984.5497017   -1290.0205434
18.3769127   981.1367076   -1288.520003
30.8497835   985.6460491   -1290.0164081
21.1717258   982.3477933   -1289.1294865
23.7057051   983.1614401   -1290.0184159
19.7597047   981.3912826   -1289.5805375
29.9072589   985.146933   -1290.736477
25.9473984   984.0802401   -1290.0481242
31.2352391   985.3327626   -1291.2322901
25.1876972   983.3888568   -1291.0269581
22.4614077   982.4431053   -1290.335249
28.5281269   984.4391054   -1291.5317421
30.1294124   984.6844947   -1292.2551481
20.9780552   981.309371   -1291.1667509
26.8221004   983.9004236   -1291.3747149
23.7845914   982.5152246   -1291.6503856
31.492314   984.8747457   -1292.802023
22.5102218   981.8320224   -1291.8044482
27.6369659   983.6495996   -1292.8473342
26.3573921   983.3307334   -1292.4003165
25.235587   982.6643693   -1292.8858706
30.4149205   984.2368931   -1293.7829699
29.0738299   983.9892252   -1293.2879072
24.1733144   982.217846   -1292.8188823
23.3451881   981.7855294   -1292.8988309
22.0712433   980.9949428   -1293.207372
26.6928761   983.0233731   -1293.5273947
27.904869   983.1525043   -1294.4053032
24.3606393   981.8707412   -1293.8575831
30.4702603   983.6231784   -1295.5284699
29.4035704   983.6446009   -1294.5391434
25.9227633   982.2360999   -1294.6745042
23.3002756   981.2305253   -1294.1566664
28.8201062   983.0109097   -1295.6854756
27.2060869   982.3055803   -1295.8876672
24.1814094   981.0823364   -1295.5169493
30.9477669   982.9841012   -1297.6833678
29.5652981   982.8660286   -1296.793346
28.2197436   982.1790608   -1297.2735013
25.6500274   981.469175   -1296.294926
29.5826499   982.2818698   -1298.3567747
26.72345   981.6188317   -1297.1241424
25.6602973   980.9073117   -1297.6813731
27.1719615   981.1444191   -1298.7672342
28.6079637   981.7354952   -1298.825142
30.8933745   982.0899237   -1299.9770911
29.3795496   981.5625727   -1300.0016249
28.416156   981.3093945   -1299.7004084
30.1741471   981.0665199   -1301.9215971
-35.2319593   984.4126637   -1185.7848678
-35.2876882   982.9552431   -1185.1133659
-35.2429585   981.7860186   -1184.6825526
-35.5597541   986.0249449   -1187.6665156
-36.1059851   984.603369   -1187.2270402
-36.165205   983.1669761   -1186.2617637
-36.2824806   981.7818539   -1185.8072442
-36.1666054   985.4879027   -1188.3896784
-37.1350527   982.389909   -1187.2723876
-35.6768592   987.0267115   -1190.8336179
-36.6844803   985.2007402   -1189.5385336
-37.0568664   984.0885381   -1188.64992
-36.8625802   985.2709527   -1190.9784549
-38.0486371   982.1579833   -1188.7621279
-37.7686776   983.5805369   -1190.0415144
-36.2258333   986.4015011   -1192.5905044
-38.8388443   981.5525589   -1190.0284603
-37.252072   984.9191464   -1192.5616327
-38.0314572   983.6936031   -1191.8217669
-38.59235   982.5704807   -1191.0390337
-36.6664998   985.762733   -1194.1692034
-39.2084904   981.5445644   -1191.297693
-35.8405468   986.7789422   -1195.4723622
-37.9764968   983.9555745   -1193.3408784
-38.8750307   982.5370068   -1192.6735917
-39.7241084   981.0119013   -1192.8448229
-37.7174894   984.2656915   -1195.086062
-36.676022   985.4877664   -1196.1255479
-38.5967957   983.1207821   -1194.3094647
-38.5960703   982.9801652   -1196.2348698
-39.2654484   982.1091109   -1194.6092976
-37.5353712   984.1975877   -1197.3228432
-36.5645738   985.3133824   -1197.7913427
-39.5198108   981.5832021   -1196.2570397
-38.2939897   983.1490694   -1197.7440836
-36.8173975   984.6355386   -1199.3925089
-38.9683466   982.064463   -1198.0425028
-38.0617924   983.1806083   -1198.8404912
-37.8139024   983.1070609   -1200.1519523
-38.7768968   981.8301849   -1199.606562
-36.9161889   983.9434191   -1201.1919492
-37.711235   982.7989935   -1201.2503636
-38.5001433   981.8217636   -1200.6672004
-36.2286586   984.1098787   -1202.804983
-37.1771107   982.9787572   -1202.4300922
-38.208354   981.5135833   -1202.0270837
-37.3711187   982.0333938   -1203.3957317
-36.5807851   982.9654432   -1203.8856781
-36.92739   981.7592468   -1204.6583984
-36.6677244   981.0458126   -1205.8523455
-35.9286861   981.502077   -1206.7421374
