-667.5094096   -2500.4611015   -290.725708
-668.1456295   -2496.2103367   -283.0387354
-668.3606831   -2510.5044842   -292.6632166
-667.9879156   -2514.6439075   -291.3423479
-669.1927639   -2519.2694664   -270.5644369
-667.7889553   -2525.2020359   -281.7859054
-668.7237946   -2526.6857147   -277.9643536
-669.745299   -2503.6580563   -294.6895063
-668.7817303   -2507.1952343   -293.6179638
-668.8682763   -2525.6226063   -286.6651118
-669.1138474   -2518.0537701   -292.4254239
-669.6454016   -2522.4092007   -291.6454673
-668.8647   -2496.1221218   -291.3345993
-668.8296524   -2494.1806793   -287.2320712
-670.1461998   -2499.3822575   -276.6364217
-669.5773331   -2496.8283176   -279.4697285
-669.383618   -2499.1919994   -294.0392196
-670.9872214   -2501.8191338   -274.315089
-670.0161425   -2526.3130665   -273.3670473
-669.2845551   -2523.2825279   -271.8719244
-669.3758694   -2528.7721157   -282.3363245
-670.7343785   -2514.8565769   -295.4549491
-670.8380906   -2516.5555477   -268.3136761
-670.0267521   -2493.1704998   -284.4003141
-671.2252823   -2493.9036369   -281.1115682
-671.6167656   -2509.1683865   -296.7682183
-670.3930823   -2530.6670666   -279.4998586
-670.2025858   -2492.8460121   -290.3734446
-671.3615385   -2491.3702011   -287.4318659
-670.7763401   -2496.8032837   -295.1060534
-671.539518   -2493.7977791   -293.8870192
-670.5298153   -2530.4574966   -285.7301831
-670.6123082   -2526.6520977   -291.5019691
-671.2231366   -2530.0385952   -289.629966
-671.433541   -2520.1351643   -295.6461012
-671.2897746   -2524.4722366   -269.4778144
-671.3642804   -2532.5448513   -282.7267349
-664.2135111   -2508.5151196   -280.5716097
-664.3577544   -2513.3016109   -278.3038914
-664.1921727   -2510.2539063   -276.6477168
-664.3117396   -2511.7137432   -274.9746442
-664.8299424   -2512.9776001   -283.3991349
-664.8525921   -2508.6112022   -285.1600349
-664.9750201   -2504.5418739   -284.1609716
-665.4070345   -2503.7333965   -279.8370421
-665.3321711   -2514.9166584   -274.8895586
-667.7618948   -2508.5992813   -272.9680836
-667.9975716   -2514.2121315   -271.3166475
-665.4013125   -2517.781496   -281.2364399
-665.5142037   -2518.0039406   -276.7545283
-666.2045447   -2511.7428303   -288.2848978
-667.0082537   -2518.185854   -287.3005271
-666.6295258   -2505.8817863   -289.6057665
-665.9987894   -2500.2641678   -283.3107114
-665.9595696   -2501.532793   -286.9607806
-667.6082341   -2502.9916763   -275.5328119
-666.6012732   -2517.8341866   -273.5579312
-666.6081873   -2522.0599174   -279.1250348
-666.7957035   -2521.9023228   -283.1743956
-667.4167839   -2499.6590614   -279.4928253
-667.6171748   -2522.0689774   -274.5919824
-667.0847861   -2497.7948666   -287.075758
