61.8796508   547.3322281   -1001.6627055
61.7903584   545.7601517   -1001.6395003
61.9558224   547.5929836   -1002.876115
61.236638   541.2116225   -999.9589398
61.6811112   543.9962791   -1001.6609808
62.0945306   549.8986448   -1004.8978603
62.030544   548.349985   -1004.0375669
61.9019366   546.5311597   -1002.6750105
62.1336133   550.1888705   -1006.4667458
61.4468187   542.5001813   -1000.6592742
61.9707476   546.8531905   -1003.6648972
62.0954142   548.574331   -1005.8141872
61.903852   545.1351566   -1003.5144417
61.4696119   541.2468733   -1001.3400709
61.8179231   543.6342877   -1003.0651377
61.716051   542.3424835   -1002.5856796
62.0411942   546.6811744   -1005.20529
62.1597119   550.2868591   -1008.3555283
62.1143792   547.3890245   -1006.9851293
62.0402101   544.6155549   -1005.7034568
62.1341414   548.9106082   -1007.2733655
61.939261   543.1223483   -1004.4272843
62.0999566   545.8767019   -1006.7051299
62.1568513   548.0958889   -1008.7380651
62.1605738   549.4093314   -1009.8126573
61.9124825   541.27866   -1004.134035
62.0576642   543.2091996   -1005.9944454
62.1473403   546.1864651   -1008.1716719
62.0928879   543.7940093   -1006.6152747
62.1446404   549.2628525   -1011.1078618
62.1301034   544.527052   -1007.4641652
62.0659741   541.6981332   -1005.9219234
62.1587921   548.1271875   -1010.4082597
62.1110206   549.9982624   -1012.635915
62.133584   542.84434   -1007.3019774
62.1716887   544.9170336   -1008.9892955
62.1727443   546.3030116   -1010.1493986
62.1797374   543.4956388   -1008.7667915
62.1430479   547.5531346   -1012.235303
62.2030406   544.0731674   -1010.393948
62.1738781   541.0323319   -1007.7492888
62.186488   542.2026263   -1008.5893767
62.0652001   550.0973892   -1014.3154358
62.1885186   545.1498802   -1012.1104582
62.0895197   548.5332315   -1014.0931724
62.2214023   542.4238891   -1009.855039
62.1509547   546.0462693   -1013.3618504
62.117155   547.0038895   -1014.0188782
62.2170844   541.2187171   -1009.2700587
62.0237304   549.3224059   -1015.7136362
62.2250816   543.56641   -1011.8064356
62.239573   542.6555133   -1011.0771396
61.9394438   550.4119471   -1017.286817
62.2561808   540.9064278   -1011.018639
62.0624091   547.2271875   -1015.6465747
62.1271519   545.6626674   -1014.7614281
62.1688961   544.8635608   -1013.6860915
62.2044046   543.6424461   -1013.1445476
62.2446985   542.3151612   -1012.3030483
61.956932   548.246879   -1017.5628746
62.2591247   540.997412   -1012.8613196
62.0871086   545.7219202   -1015.9842025
62.162995   543.8203983   -1015.0535873
62.1208633   544.9636412   -1015.5828909
62.0153342   546.1086322   -1017.3987421
61.8647387   549.4927471   -1018.6849569
62.0939596   544.656352   -1016.5342126
62.2319728   542.1412738   -1013.9080028
61.9184397   546.9762611   -1018.7591571
61.8402672   548.2122712   -1019.4643971
61.7556668   549.6979283   -1020.1600476
62.2103715   541.6710764   -1015.7700569
62.1264545   542.9734724   -1017.0434519
62.0311067   544.3630176   -1018.1437584
61.6045247   550.1448465   -1021.9175205
61.9342867   545.5839713   -1019.1644314
62.1809995   541.7836701   -1016.9682232
61.8290416   546.7418011   -1020.2085683
61.6945684   548.1358706   -1021.41754
61.4467316   550.1976495   -1023.6107253
62.1401176   541.8331057   -1017.8169533
62.0450889   542.70249   -1019.0174514
61.5411982   548.8464982   -1022.9957434
61.9492702   544.1699206   -1019.7042359
61.7258183   546.397796   -1021.674449
61.8404633   545.1607422   -1020.7734273
61.5447332   546.9279883   -1023.5060255
61.289614   550.3310462   -1025.0230642
61.3813667   548.8578766   -1024.5318487
62.1298169   541.022327   -1018.8138704
61.7058651   545.0337899   -1022.4669262
61.8756687   543.0545759   -1021.420214
61.1599536   549.4009193   -1026.2735735
62.0359088   541.522928   -1020.1760728
61.5624003   545.0872018   -1023.918388
60.9259142   550.2269432   -1027.9619406
61.6666726   543.5884346   -1023.5058799
61.2695029   547.4769347   -1025.7838771
61.7795857   542.6495624   -1022.882997
61.3936538   545.6482253   -1025.259734
61.9818839   541.1247085   -1021.3954737
60.7254566   550.7774136   -1029.4317061
61.8412081   541.5646937   -1022.8516763
60.9568118   548.117767   -1027.9590666
27.6329375   550.4520346   -1029.1584319
61.490526   544.2441527   -1024.8511546
61.706149   542.4096034   -1023.7435489
61.3007798   544.2438655   -1026.3190366
61.1203581   545.9476022   -1027.1736024
60.7676168   549.4218871   -1029.1787986
27.8200989   550.2537012   -1030.5920996
61.509582   542.6630169   -1025.247835
27.8051883   548.9501939   -1029.8475802
27.5792586   549.3068832   -1028.060375
61.6985906   541.6039524   -1024.2167517
60.5693528   549.8142922   -1030.5406432
60.7776712   546.1827057   -1029.3457055
60.6529158   548.1884775   -1030.0004442
27.898636   549.19958   -1031.2457171
27.674545   547.5448083   -1028.4322125
61.2594483   542.9435704   -1026.9990832
61.6016069   541.037402   -1025.2333967
27.775898   547.3666829   -1030.8005181
60.9898059   544.0303551   -1028.3775404
61.3092916   541.2529512   -1027.1002137
27.9294078   550.2348209   -1033.722026
27.8565582   548.8313658   -1032.6263984
60.4842799   546.9820822   -1031.0707064
60.7283597   544.78079   -1029.7580001
60.344987   550.6290927   -1032.0916972
60.3532067   548.62583   -1031.9141014
60.4753628   545.2409125   -1031.120092
61.1198315   542.5417927   -1027.9431615
27.6625891   547.2174565   -1032.5536651
27.782925   549.11974   -1034.2338216
60.1662753   549.6240728   -1033.187167
60.6566469   543.6659242   -1030.2167616
60.1198233   550.7557019   -1033.5944292
27.7846338   550.0148565   -1035.3811559
60.8784098   541.9510295   -1029.2963852
27.5009545   547.5730171   -1034.1464679
60.1525143   546.6793815   -1032.9975113
27.4828931   548.545687   -1035.6923274
60.0948393   548.4888414   -1033.5236838
60.3356746   543.5785034   -1031.8188543
59.9128751   549.6676534   -1034.8066328
60.17801   544.8061028   -1032.6882965
60.5162788   542.4129944   -1030.9741253
27.461623   550.4871481   -1038.1303908
27.5614077   549.73275   -1036.7627782
59.6297851   549.4293947   -1036.5785813
59.8877456   547.8595394   -1034.7192761
60.5207783   540.9844028   -1031.0721258
59.7318449   548.5629922   -1035.7887467
59.8043992   546.3564846   -1034.9775377
59.9253995   545.0688301   -1034.0705689
59.9929061   543.4430031   -1033.4840405
27.1681034   548.303054   -1037.2628301
60.1815226   541.8924089   -1032.4955428
59.4070888   550.5592144   -1038.1923963
59.6011436   548.4379208   -1036.5953414
59.6267824   547.4369279   -1036.2491792
59.6627219   545.0533733   -1035.5519659
59.9079998   542.1448022   -1033.7411518
59.4144495   548.3496235   -1037.78053
27.2194957   550.2996216   -1039.7035014
26.9497465   548.4364454   -1038.7178053
59.7516111   544.0150031   -1034.8401366
59.5703446   546.041221   -1036.3066392
59.6295963   542.528631   -1035.223351
59.1391937   549.0803502   -1039.7673554
59.3773775   546.5102799   -1037.6239651
26.9848353   549.9859528   -1041.2232109
26.7795995   548.6573846   -1040.1955085
59.5433947   543.9290179   -1035.9886977
59.389453   544.8810366   -1037.1413265
59.1176768   547.0297579   -1039.4886192
26.936955   550.707908   -1042.9452395
59.1533505   545.3886103   -1038.8038635
58.8599429   549.5960215   -1041.8446418
59.3006455   543.1514883   -1037.182143
59.3548513   542.0303981   -1036.580257
58.9319887   547.9390517   -1041.019874
26.7076317   549.5642143   -1042.4907809
59.1477393   544.1144242   -1038.4344465
59.1331219   541.7007856   -1037.8086532
58.8482698   546.4530997   -1041.284384
58.9583824   545.568853   -1040.2191315
58.9432085   544.2450948   -1039.8704944
26.6291797   550.5091834   -1045.0128459
58.694155   547.5499336   -1042.7267453
58.5831666   549.1656217   -1043.9118281
26.4450699   549.4426986   -1043.9724831
58.992069   542.8806566   -1039.0063338
58.4857229   550.516215   -1044.880897
58.7306237   544.715878   -1041.6550137
58.6527701   545.9382211   -1042.6616133
58.8417893   541.1476426   -1039.5597581
58.7076159   542.6484317   -1040.9951585
58.3114884   548.9042066   -1046.1168552
58.4543623   547.4873675   -1044.6206306
58.5229056   546.3156546   -1043.7998645
58.5452486   543.3296511   -1042.680975
58.4629304   544.6419748   -1043.8789447
26.1449048   550.0346816   -1048.5550313
26.3313024   550.1705478   -1046.8304237
58.16053   549.8292756   -1047.8410389
58.2639103   547.0193858   -1046.0567626
58.3481017   545.9532476   -1045.126925
58.4423943   541.5500202   -1042.9479367
58.1415783   548.5896216   -1047.5700114
58.3937358   542.8498694   -1043.9914861
58.0800365   547.2140295   -1047.6181372
58.0336103   549.9086467   -1049.5801698
58.2592705   544.69813   -1045.6009672
58.1282189   545.5196678   -1046.7964724
58.0143882   548.3834806   -1048.7267077
25.8999669   549.9597285   -1050.9677367
26.0700818   550.0811649   -1049.7235541
58.2446949   543.2388625   -1045.5286099
58.2720749   541.3760428   -1045.0113321
57.8917398   548.2980334   -1050.0846195
58.0213339   550.4654815   -1050.7625235
57.916605   549.225376   -1050.9633782
58.1172888   544.084705   -1046.6616792
57.7860533   546.453337   -1049.7318544
57.9256887   545.5886887   -1048.3320795
58.1541346   542.0701657   -1046.3679417
57.921421   543.9977271   -1048.1604819
57.9635123   550.221036   -1051.8756486
58.0567106   542.8655636   -1047.1815848
58.1505174   541.1004407   -1046.6285947
57.7482305   544.7071779   -1049.356093
57.7048915   547.5543964   -1051.4920837
58.0575443   541.7195934   -1047.419162
57.8285143   548.9432615   -1052.0958707
57.894673   541.9356869   -1048.8175779
57.8689065   549.6816065   -1052.9492526
57.5258652   544.3900612   -1050.6632746
25.8263379   550.835432   -1055.0869252
57.6664417   543.1708105   -1049.9041829
57.7865815   549.7736166   -1054.389993
57.4549329   545.5637833   -1051.6307315
57.6249673   548.0665256   -1053.2676722
57.4206026   546.4235009   -1052.7636616
57.4886005   548.0368419   -1054.837721
57.4877383   549.0684157   -1056.2087847
57.6102882   541.2678612   -1051.1109353
57.4283954   542.939437   -1051.2552502
57.2603139   543.8737822   -1052.0926122
57.1749699   544.9390864   -1053.0890242
57.1647991   546.111741   -1054.4567792
57.3787274   550.752309   -1057.8149474
57.2324242   542.3462056   -1052.4553328
57.1851636   547.2080916   -1055.9763474
56.9222108   544.3417446   -1054.240117
57.0069621   543.3923915   -1053.4160803
57.1396384   547.846315   -1057.087843
57.2076062   548.8871709   -1057.6943097
56.9793417   542.0008428   -1053.7813357
56.9636094   549.3119442   -1058.910878
56.7098108   542.8667868   -1054.9542416
56.7133428   544.3784671   -1055.4217223
56.7866371   545.6058723   -1056.231281
56.8627705   546.6482646   -1057.1217027
56.6983447   547.4241681   -1058.5421431
56.9682226   550.5236259   -1059.3820999
56.5873094   550.8909509   -1060.3526377
56.4530234   543.3649721   -1056.1764992
56.4772075   544.3349646   -1056.5834799
56.5552449   549.7228096   -1060.2156611
56.5038906   548.4854195   -1059.8512033
56.4314402   545.2147232   -1057.7641723
55.9851844   550.4235056   -1061.5108496
56.3516874   542.2138288   -1056.820233
56.2889603   543.6196474   -1057.2447792
56.0892065   545.6683297   -1059.6059506
55.9519191   548.6220536   -1061.2512659
56.0977419   547.2718161   -1060.3680616
56.0155809   543.4527775   -1058.8800042
55.4802197   550.8225001   -1062.6763421
55.3310383   549.4179277   -1062.9369556
55.7607794   547.3884358   -1061.4079596
55.5706289   546.0211085   -1061.5496079
25.534097   550.5090939   -1063.2554723
55.7240308   544.5593822   -1060.5267909
56.0882027   541.5528171   -1058.3509416
55.0651071   550.7228717   -1063.6521636
55.4036031   547.6187543   -1062.4606924
55.5323539   543.1094957   -1060.9719792
25.8190339   550.2387802   -1065.398496
55.787112   541.6585916   -1059.8516096
54.8182832   547.9375836   -1064.1229046
55.4197625   544.4447852   -1061.6471773
54.5770229   549.7434095   -1064.8637343
26.4308545   550.1208513   -1067.5526507
54.9668461   546.2965156   -1063.4854934
55.0753036   544.7925763   -1062.8902684
54.2068812   548.0071268   -1065.8157997
53.4586158   550.3159231   -1067.8029381
55.1865528   543.6232261   -1062.3213462
53.8981014   549.3365123   -1066.6652768
55.0753276   542.1321606   -1062.5457016
54.4081322   546.5136611   -1065.1599488
55.4557953   541.4975329   -1061.212798
54.5073353   544.8128454   -1064.6988859
54.788644   543.4393156   -1063.636104
53.6540934   547.9114808   -1067.3459509
53.4332798   548.9659164   -1067.9240303
54.0691723   545.4166546   -1066.0915061
54.2760473   543.0233442   -1065.2624219
27.9311996   550.8914811   -1069.9741432
53.8713907   546.5787653   -1066.7237137
54.5785065   542.0642827   -1064.1714267
27.1193454   549.9063491   -1069.421912
26.2092209   548.7805997   -1068.9845846
25.5159862   548.6213878   -1067.7193889
52.9270011   549.2476009   -1069.2498142
53.9675275   544.1114869   -1066.331505
53.2106121   548.011979   -1068.5546193
53.2891739   546.5594165   -1068.3827984
52.3983732   550.2115075   -1070.5481914
26.9231733   548.8026596   -1070.258394
27.7604939   549.804671   -1070.7175852
53.5895438   545.0458214   -1067.5270221
54.0557397   540.9449962   -1065.886137
26.158257   547.8178661   -1069.9697254
25.1945164   547.3874758   -1068.7342447
53.7842728   542.6484385   -1066.8614158
53.5910694   543.6798606   -1067.513695
52.7327806   547.3772226   -1069.8658939
27.4782733   548.7600464   -1071.1969192
28.2346135   549.3055114   -1071.9198686
26.831701   547.7615032   -1071.0728869
52.306973   548.6473406   -1070.8845824
29.227141   549.8452929   -1073.0581226
51.8494692   549.6747085   -1071.9673331
52.8291064   545.8724288   -1069.7071386
25.6963308   546.3186997   -1070.6498225
27.6242691   548.1300856   -1071.9425399
53.113243   545.1217678   -1068.9401096
53.2172435   543.8467441   -1068.6870087
28.4370037   548.0888556   -1073.1626975
53.4572004   541.3658663   -1067.9978898
53.4015852   542.7467342   -1068.1359894
52.3614324   546.0245128   -1070.9514854
30.307378   550.0552527   -1074.5110589
27.1375   546.7164975   -1072.3520469
52.6274425   544.2912001   -1070.3908484
51.7357641   548.0976713   -1072.3497002
51.2273386   549.1548362   -1073.460184
52.1724819   547.2960485   -1071.3237642
50.6767079   550.0734459   -1074.6600592
52.9595428   542.2233305   -1069.5923759
26.180372   545.3372436   -1072.1025726
29.4609123   548.7888302   -1074.1444724
28.1951935   546.3885053   -1074.0246332
29.2526188   547.4214246   -1074.728112
52.0802138   544.9759007   -1071.8547798
51.6996047   546.3539731   -1072.5638944
30.0975025   548.4585334   -1075.1995037
52.0948508   543.7915909   -1071.9830742
50.1639317   550.5806751   -1075.581128
27.1293702   544.9407257   -1073.5994508
31.1131563   549.1117982   -1075.9957694
32.4871321   549.9739135   -1076.8027538
51.0282705   547.5640409   -1073.8884612
52.3476974   542.4897881   -1071.4062161
50.5683243   548.6293453   -1074.8141388
30.451014   546.8850181   -1076.383296
49.9163737   549.3955292   -1075.8941218
51.4100993   544.4674569   -1073.4387575
50.8896503   546.1391235   -1074.1936804
34.2403267   550.8735269   -1077.6020977
25.8893084   544.1424148   -1072.6108085
26.343083   542.9836419   -1073.8846673
49.6809011   547.1653661   -1075.9911477
28.360073   545.1526973   -1074.9826345
29.1076868   546.0569023   -1075.3586002
48.2211719   550.7671274   -1077.7057898
48.7911853   549.1501991   -1077.2327202
32.0094925   548.1073088   -1077.2340186
33.4531617   548.8788941   -1077.8764621
51.7804304   542.7629211   -1072.8858323
35.7857633   550.4491693   -1078.5625425
50.2069293   545.15751   -1075.260891
51.9827834   541.1878631   -1072.5605051
35.1189617   549.0765425   -1078.6740461
28.0069123   543.7670281   -1075.2738937
51.3062251   542.958468   -1074.0142239
47.5185526   549.9770759   -1078.3271055
29.576494   544.6052513   -1076.5181323
49.4910957   545.7529899   -1076.1235716
48.6414899   547.7770466   -1077.4030955
50.6793707   543.5421606   -1074.9123382
51.4113689   541.6754091   -1073.9092487
27.4775606   542.1443678   -1075.4604823
26.2576799   541.4887349   -1074.5751133
45.3368177   550.7339321   -1079.4127893
36.8674476   549.4389554   -1079.3763815
46.2177435   549.3671016   -1079.1478104
31.9676374   546.4148832   -1077.8611868
47.7486302   548.3346288   -1078.241996
32.9504289   547.4391138   -1078.1389773
49.317931   544.8953838   -1076.3130881
50.9452718   542.2749983   -1074.8360471
47.9156367   546.5487019   -1077.9963398
48.6894302   545.4548363   -1077.0422427
41.303188   549.5341495   -1080.32142
44.2297342   549.9793742   -1079.797023
30.9885362   545.2422194   -1077.5541839
49.7081985   543.8183932   -1076.0381059
34.1490118   547.673222   -1078.689965
38.6511267   549.5196082   -1080.0321118
36.1975828   547.9965521   -1079.5095971
35.1231114   547.8477126   -1079.0947179
46.6573636   547.4075645   -1079.0534306
50.2183719   542.4252222   -1075.7945077
33.3574596   546.2189806   -1078.7537317
29.2344765   542.5753596   -1076.8455763
42.7660421   549.6483613   -1080.1490829
39.92068   549.4238724   -1080.3490191
45.0502586   548.0290814   -1079.7633984
29.8738605   543.609831   -1077.1904333
37.9504186   548.1701317   -1080.1225703
43.6443934   548.6887566   -1080.1020325
32.2542064   544.8447903   -1078.5159704
34.9531067   546.5653712   -1079.3864909
48.674009   543.9129193   -1077.122791
28.0795099   541.0932278   -1076.3125702
47.1927836   544.031291   -1078.6167789
30.7715497   543.6047655   -1077.8135173
42.5505007   548.4390485   -1080.3572023
36.8210248   546.476595   -1080.1060661
45.6006185   546.5886048   -1079.7069528
49.2920913   542.7678561   -1076.7210118
39.8050668   548.1359382   -1080.5322294
33.8233833   544.5404009   -1079.3449517
46.3118386   545.5759795   -1079.3218319
49.628451   541.3254045   -1076.7351665
41.5853386   547.2914603   -1080.6512681
35.3044585   545.1404067   -1079.8370231
43.3803386   547.3990777   -1080.3281144
38.6234114   546.9162305   -1080.5506807
44.403279   546.6142453   -1080.1561722
48.2857359   542.2996122   -1077.8442002
39.99295   546.3431101   -1080.8260029
32.3687818   543.0659665   -1078.8671434
44.6976002   545.2494615   -1080.2000779
42.9119197   545.8508046   -1080.652943
30.9459276   541.1861886   -1078.2261513
36.3563825   544.6639789   -1080.2512475
38.3333754   544.9898948   -1080.7268182
41.2984825   545.7120734   -1080.9315948
40.2270779   544.7998098   -1081.0459714
47.0224988   542.2264977   -1079.0215269
45.4805473   543.8346765   -1079.9696026
33.6003823   542.6891417   -1079.4757748
43.445342   544.4973635   -1080.7411802
35.0283469   543.259537   -1079.9539982
47.7122798   541.2455116   -1078.6577725
32.7353564   541.3685854   -1079.1587076
36.7910884   543.1093908   -1080.5253848
45.7184133   542.1628312   -1080.0119691
44.3491038   543.816262   -1080.5572406
41.8298359   544.1997266   -1081.0771784
39.3827237   544.0223395   -1081.0582655
34.3866781   541.1945238   -1079.844182
44.3521078   542.5522679   -1080.7086423
43.116788   543.1149998   -1081.024359
35.7668284   541.7292425   -1080.3090604
38.572732   542.8493462   -1081.0058391
40.223774   543.291384   -1081.2165911
41.2623217   542.138728   -1081.3934652
37.150693   541.4159183   -1080.7799818
42.8291578   541.5075262   -1081.3348637
39.6713493   542.0021892   -1081.2989653
38.56763   541.1142355   -1081.2138703
44.1903997   541.2376909   -1080.9536564
39.8682925   540.9734724   -1081.4851989
21.9537214   544.2660993   -1052.3419171
23.4202849   546.3329435   -1053.8329546
24.1905772   547.7624693   -1055.3208276
22.2492508   545.1125518   -1053.9794842
23.2855444   546.6070015   -1055.2126113
20.8216161   543.296613   -1052.5400724
19.7946781   542.3423059   -1052.3784966
21.2059267   543.9282066   -1053.3874365
18.2641625   541.1543932   -1052.6273957
24.2113928   548.2226393   -1056.7299839
20.2522035   543.1077163   -1053.5006488
20.7319417   543.8597977   -1054.6246754
19.212168   542.2885402   -1053.7901914
21.8368282   545.1502154   -1055.5617059
25.3250606   550.3948201   -1059.0337963
24.7281246   549.2678271   -1058.3445154
22.5667774   546.2127366   -1056.8171179
18.0439182   541.5192906   -1054.5524524
23.212324   547.1485806   -1057.9629845
19.8346307   542.9775051   -1054.3127124
21.5944991   545.1345255   -1056.5415371
24.6411648   549.3152565   -1060.0274386
19.2255765   542.6987679   -1055.3696053
20.5928231   544.1291786   -1056.3943543
23.896519   548.1130533   -1058.8113026
25.2830492   550.4055648   -1060.1194175
22.2723325   546.1371576   -1058.3210611
21.4101057   545.1254435   -1057.5407656
18.0578438   541.7790992   -1055.6459707
22.9339854   546.9795877   -1059.2405298
25.2848264   550.3780461   -1061.2593399
21.3340046   545.208918   -1059.0172016
23.5026727   547.7283815   -1060.7057202
19.3369313   543.0788419   -1056.9867956
22.1377455   546.1026679   -1059.4669712
24.5095088   549.0460907   -1062.0867617
18.1971259   542.0591814   -1056.7157386
20.1327744   543.9477803   -1058.2717248
22.5377235   546.5805194   -1060.3081695
21.6198493   545.5447789   -1060.5556022
18.6653238   542.6090522   -1058.2276067
17.1883492   541.3644878   -1058.1358578
20.4779223   544.3504132   -1060.0578944
23.5148671   547.5335772   -1062.9316275
22.5176175   546.4769146   -1061.6845479
18.0241894   542.083404   -1059.5259101
21.5752776   545.3510935   -1062.1540992
20.828261   544.641234   -1061.343532
19.2378067   543.1456151   -1059.7684546
24.658261   548.7906108   -1064.4109067
19.7994097   543.5616008   -1061.4825212
22.4040073   546.0553649   -1063.5434374
18.3999651   542.3092116   -1061.0875407
16.6968364   540.9877837   -1060.4403786
20.7125598   544.3465577   -1062.5319849
21.424989   544.9641004   -1063.3620501
23.5629512   547.0423996   -1065.2324033
24.5066719   548.154409   -1065.7015793
19.0225324   542.6066942   -1062.6927335
19.9788132   543.4773539   -1062.9668005
20.7183025   544.0117617   -1063.9697481
25.246262   548.9579363   -1066.2845925
22.5563035   545.930363   -1064.8664262
21.7624916   544.9829137   -1064.7002355
17.6766706   541.4453549   -1062.6608466
19.6735186   542.8099212   -1064.2145025
24.6189244   547.7810983   -1066.8786391
18.6423069   541.9930627   -1063.7962394
21.0771887   544.032772   -1065.1115432
22.6365338   545.4669601   -1066.1781727
20.4613972   543.3391094   -1065.0497065
21.6298661   544.2438129   -1066.0795404
23.8719718   546.3432309   -1067.5246983
18.9353104   541.8383684   -1065.002
17.9405979   541.1616336   -1064.503809
20.8838211   543.4178542   -1065.948595
19.9797178   542.3446453   -1066.0831462
23.0878227   545.047346   -1067.8831339
21.331797   542.9998681   -1067.5425592
22.2217694   544.3445594   -1067.2229644
23.7431649   545.5061475   -1068.5091771
22.5559541   543.822243   -1068.5188445
24.4398288   545.8880776   -1069.2003338
23.6313099   544.6229409   -1069.2963246
20.141412   541.1609125   -1068.3777293
24.5825894   545.018695   -1070.2698128
21.2695003   542.0182207   -1068.8025132
22.1206378   542.6006132   -1069.2568589
23.0641069   543.3629676   -1069.7500337
25.1684608   544.5607123   -1071.4024961
24.0290039   543.7463471   -1070.6409972
21.5635249   541.37557   -1069.8763213
23.0616208   542.2065733   -1070.7955382
24.7313502   542.8930241   -1072.1324429
23.7337403   541.4004142   -1072.1383223
24.9557281   541.3044587   -1073.3944969
28.4948501   549.9486876   -991.0119693
27.567111   550.0441789   -992.2543811
28.502468   548.4354256   -991.7439063
26.6654513   549.5725814   -993.7256487
27.4964563   548.6921017   -993.011936
26.0187993   550.310472   -994.2703374
28.9217691   546.3577462   -992.2447927
27.9280576   547.5190769   -993.0207687
26.8661556   547.8339472   -994.3313559
24.4674192   550.3733442   -996.5321669
25.6508348   549.3727305   -995.2713781
27.8716703   546.245076   -993.7749626
28.7783076   544.4521652   -993.5105308
24.6791244   548.9122062   -996.886945
27.8381663   545.2598086   -994.3557211
26.9267022   545.9114977   -995.2440583
25.5700651   547.4239843   -996.3293559
23.6107539   549.5556094   -998.2064422
29.3041571   542.7109635   -993.7851812
24.134759   547.8423556   -998.1114703
27.7794093   544.315103   -994.9611915
22.895429   550.4597147   -999.0914611
28.568475   543.1299978   -994.5676408
24.8793038   546.2683745   -997.8109619
25.8934456   545.7712691   -996.7008532
23.3544503   548.6227123   -998.9199073
26.6844345   544.3144051   -996.4101669
22.6897593   549.3743658   -999.9272445
29.1290725   541.5722766   -994.6903577
27.8525926   542.7117169   -995.7679821
25.4305199   544.8516603   -997.7641753
23.1668252   547.7325043   -999.5741437
22.1375434   550.3555621   -1001.1551949
24.4854694   545.2745181   -998.7934787
23.8255229   546.3817332   -999.191217
26.9216599   542.9208844   -996.8569142
22.1509175   548.9637957   -1001.5548385
25.9283214   543.3782321   -997.865534
21.8938357   550.7545844   -1002.4842168
22.5291671   547.8794673   -1000.7350506
27.4320768   541.8325626   -996.798317
28.3389525   540.9584979   -996.0993934
26.5948933   542.0950563   -997.7019973
24.757098   543.9534999   -999.0686018
22.8493984   546.3415292   -1000.7373712
22.1984474   547.2258021   -1002.0006403
21.9166528   548.5176145   -1003.0070379
25.9178973   542.3953879   -998.3789295
25.2180951   542.5461277   -999.1594761
23.6601993   544.7852712   -1000.1445335
21.8594746   549.625758   -1004.2767483
23.9262214   542.6684057   -1000.7299411
25.9615229   541.2151133   -998.8693534
22.8289889   544.9555925   -1001.3156616
23.1354752   543.9004314   -1001.2707491
21.8614169   548.098888   -1004.0279471
22.3070207   545.623771   -1002.27248
21.9541044   546.5992635   -1003.8477787
22.5029227   544.2393964   -1002.3008238
22.0100518   549.2535142   -1006.1819348
22.0603046   544.7550627   -1003.5745221
21.9339105   547.8655867   -1005.1497379
24.9029857   541.3327896   -1000.0524079
22.88393   543.0799107   -1002.0825518
22.0884696   550.4965514   -1007.1720085
22.9044734   541.4999293   -1002.6959847
22.2641202   543.1458524   -1003.40627
22.0801068   547.8062144   -1006.7369066
21.9206974   545.1316206   -1005.1436379
21.9963993   546.504153   -1005.9610572
22.2309021   549.0281452   -1008.2321073
21.9338047   543.7617004   -1004.7642176
21.963638   542.5265627   -1004.6732028
22.1746292   541.722536   -1004.0644493
22.026191   545.3475411   -1006.8643911
21.9159934   544.1527396   -1006.0677305
22.2013077   546.8769566   -1008.0132053
21.9031322   542.6821048   -1006.1469299
22.4979331   549.9665974   -1010.4349956
21.924965   541.2174778   -1005.4066712
22.4300643   547.9212681   -1009.8274423
22.0597974   543.9589885   -1007.5864398
22.1983476   545.4312262   -1008.3096614
22.4297442   546.0247063   -1009.7850749
22.839728   549.9680409   -1012.2738385
22.6931015   548.461107   -1011.4396462
22.6219806   547.1104688   -1010.967125
22.292937   544.5676369   -1009.0768427
22.0270758   542.3909512   -1007.7109507
21.9402882   541.0550127   -1007.1295416
22.254807   543.1035634   -1009.0273322
23.0240236   548.5579945   -1012.8764124
23.2811417   549.7701441   -1013.8939424
22.9263402   547.2187003   -1012.3588426
22.5687115   544.1313007   -1010.6560122
22.7639398   545.8315727   -1011.5465656
22.1763026   541.4686985   -1008.8323132
22.4733074   542.186414   -1010.4140613
23.1465313   547.7118531   -1013.2574479
23.3809785   548.2146766   -1014.0878624
23.0285458   544.4968662   -1012.7559141
23.065542   545.9786497   -1012.8384854
23.3100744   546.839205   -1013.7640697
23.8927295   548.9847127   -1015.7514685
22.8149041   542.699216   -1012.1079815
24.5831765   550.3210021   -1017.9582641
23.3056814   545.5090864   -1013.7828781
24.4045147   549.4904795   -1017.3180875
23.6683837   547.3800225   -1014.9783055
22.6552174   541.1257622   -1011.6793597
24.0610143   546.9084195   -1016.188492
23.6790535   545.8591469   -1015.0588989
24.9322446   550.4942482   -1018.9980315
24.5241258   547.8287001   -1017.5139445
23.4598398   544.4008504   -1014.4860562
23.2290268   542.9378164   -1013.8951377
23.0049775   541.382899   -1013.3458154
24.8050007   549.2059932   -1018.4277577
24.068293   545.4230145   -1016.3179552
23.836406   544.5462556   -1015.7379986
23.4403067   541.6107975   -1015.078992
23.6976336   543.185164   -1015.5574874
25.3983526   550.6792909   -1020.3859026
24.452643   545.8547524   -1017.3609102
25.273744   549.1972556   -1019.7241141
24.235745   543.9906316   -1017.0199665
25.0977423   547.7556334   -1019.0364809
24.8848175   546.4129453   -1018.4454739
25.9003788   550.7697637   -1021.9505435
25.7948342   549.2596386   -1021.2194456
25.630819   547.7898148   -1020.4438672
24.0079334   541.817611   -1016.8973139
24.9005732   544.63831   -1018.6218587
25.4617458   545.9401679   -1019.8874084
26.3285603   549.4062618   -1022.9225453
24.6630871   542.7139997   -1018.4117391
26.248702   547.8261721   -1022.2186096
25.3559249   544.5499685   -1019.6997006
24.4761138   541.1297641   -1018.4036838
25.9736511   546.6638972   -1021.2235055
25.3398439   543.2707876   -1019.9218822
26.150654   545.0554625   -1021.7585999
25.711846   544.404764   -1020.6125035
26.8935   549.565043   -1024.9668558
26.3975412   546.4126671   -1022.4283797
26.7165989   548.2523849   -1023.8159554
25.0215597   541.5604902   -1019.6433801
26.8320223   546.8019041   -1023.9393742
25.9803547   543.0926142   -1021.6622757
25.5489863   542.0448024   -1020.7972646
27.0951176   547.837012   -1025.0762365
26.6522709   545.2049284   -1023.3029677
27.2821528   549.7683449   -1026.6493035
26.5055606   543.3595884   -1023.3376365
25.8135156   541.5696222   -1021.7811195
27.3739548   548.3936788   -1026.5297072
27.3908389   550.5291668   -1027.657977
26.9917766   545.3271359   -1024.6315736
26.8297677   544.0932647   -1024.3061454
27.3314454   546.4197163   -1026.1920611
26.1614148   541.7535863   -1022.8883333
27.1005498   544.1865182   -1025.8165912
26.7893502   542.8993071   -1024.954536
26.4942588   541.8110817   -1024.4264151
27.3898595   545.20472   -1026.9308863
27.533179   545.5994976   -1028.242541
27.2284005   543.9218083   -1027.3636405
27.708004   546.5034614   -1029.3365921
26.8042138   542.2810257   -1026.1935668
27.4795696   545.26641   -1030.3156668
26.5483778   541.3189577   -1027.5116844
26.9424932   542.572266   -1027.7658432
27.1456324   543.5563109   -1029.175173
26.6952002   541.938938   -1028.8358289
27.4630511   545.8893014   -1031.999401
26.8266409   543.1789556   -1031.167586
27.0858298   544.4467504   -1032.1401979
26.5565563   541.9435495   -1030.1231581
27.3846425   546.343678   -1033.2580391
27.0722008   545.180302   -1033.3570043
27.0980181   546.0192541   -1034.3805057
26.0190559   541.2802445   -1031.2472249
26.0380437   541.9418919   -1032.5127228
26.4135192   543.0732788   -1033.0544519
26.6793624   544.0812265   -1033.6235114
26.9408358   546.557884   -1035.9169786
26.5732276   544.7502255   -1034.9590911
25.9997363   543.2216367   -1034.7840283
25.2094894   541.4208279   -1034.3542612
26.3125911   545.0661201   -1036.5010733
26.4699093   546.3514715   -1037.8893702
25.8064455   543.8331792   -1036.3495715
25.2031446   542.5668782   -1036.2433456
25.7551174   544.6254762   -1037.9435176
26.3515856   547.0240602   -1039.7069464
24.5162301   541.2257371   -1036.1114785
25.0516927   543.2976328   -1038.0030114
26.647898   548.8701684   -1041.5065503
24.6047292   542.1243047   -1037.354994
25.7750296   545.5168555   -1039.6532481
26.2935973   547.6691724   -1041.2337464
23.9752868   540.9533804   -1037.3146218
25.0376555   544.0997438   -1039.8239124
26.2608328   548.3439247   -1042.8006307
25.7995092   546.3206358   -1041.1903166
24.1080723   541.9689529   -1038.8283595
24.6854799   543.2444467   -1039.2889725
25.1544276   545.0037658   -1041.492653
25.8941441   547.1063196   -1042.3111217
24.2425276   542.859741   -1040.3250215
25.417282   546.0770643   -1042.7232744
25.7607139   547.2149216   -1043.3760355
25.9086969   548.0215627   -1044.3860884
24.1566645   543.3452563   -1041.9448385
23.5160256   541.5997015   -1040.2685813
24.5950704   544.652656   -1043.5874601
26.0806888   548.9983671   -1045.6471804
23.4702783   541.9990537   -1041.3946217
25.3056689   546.4051842   -1044.3991702
25.5439497   547.494909   -1045.8778635
23.5907368   543.0847943   -1043.8623335
24.7321406   545.3523928   -1045.1723617
25.7286836   548.5393473   -1047.5638332
22.692932   541.5702459   -1043.1086497
23.9765344   543.8253033   -1044.4535714
24.1041473   544.3670353   -1045.437094
24.9835401   546.2104515   -1046.1995931
25.2160939   547.1178323   -1047.3540376
23.5068822   543.4273388   -1045.2853682
24.3517681   545.1364104   -1046.5154615
22.7438831   542.4527366   -1045.2903243
24.4094667   545.8986553   -1048.2806454
25.5968653   548.7718429   -1049.6731316
25.2127028   547.52337   -1048.7252705
21.7570517   541.3095052   -1045.2216621
23.2436717   543.8143929   -1047.1163325
21.941853   542.2256715   -1046.9439008
24.8828052   547.2189167   -1049.91771
23.0876536   544.4177368   -1049.3368028
23.9392998   545.9479866   -1050.5900713
25.0117014   548.025609   -1051.4378747
25.964235   550.4830774   -1052.319208
25.5265082   549.3521753   -1052.3111091
21.0252953   541.2175366   -1046.6905526
21.8625351   542.9606444   -1048.9850969
20.9028058   541.721143   -1048.1593728
25.6707762   550.0513356   -1053.490349
23.0280887   544.7264015   -1050.5520514
24.9761371   548.5396306   -1053.3943643
22.265254   543.948694   -1050.6488533
25.3488579   549.6015452   -1054.5725609
19.8831303   541.1988023   -1049.0652767
20.6274363   542.0444144   -1049.6155669
24.0047487   546.7284745   -1052.6341211
23.0481114   545.1643738   -1051.6646279
20.9382918   542.8591472   -1051.0535558
24.7655293   548.6014479   -1055.0294847
19.4189509   541.4357783   -1050.7123442
25.452708   550.4177082   -1057.1586036
25.1971542   549.6205177   -1055.7636808
23.0192254   545.5800388   -1052.9444462
24.1763316   547.4564581   -1054.2461271
46.3786491   550.9024195   -967.9615549
51.3729225   550.6818622   -968.2326157
45.0969814   550.8654273   -968.4623077
48.4165908   549.9694587   -967.9242581
47.2202581   549.5595331   -968.1590658
49.813602   549.6574379   -968.1106206
45.627788   549.6774024   -968.5509231
43.9069686   550.1108739   -969.3530689
52.6364597   549.5918223   -969.1213139
48.639754   548.5399292   -968.3464814
46.3250623   548.6821342   -968.5994711
51.1239988   549.0930377   -968.5693586
47.5049351   548.1608969   -968.5327553
53.9161923   550.2957733   -969.8109665
50.0571692   548.0386349   -968.6142244
44.9475995   548.1348105   -969.2881519
41.8752989   550.1932995   -970.9539233
51.5726865   547.9402043   -969.0667454
46.6517078   547.3130012   -968.9642793
43.3343608   548.7408842   -970.0771643
53.8332417   549.1245688   -970.0434584
48.5740008   546.9721553   -968.8377568
50.3562131   546.5033554   -969.1309188
54.771165   549.3672026   -970.8287292
53.02353   547.7105944   -969.8769364
42.1164823   548.3847011   -971.1889213
55.5037537   550.3920703   -971.3768284
56.4469786   550.7742998   -972.5346493
40.3788773   550.5562571   -972.4676191
40.8013541   549.2661493   -972.3392848
54.1232863   547.9685358   -970.6003401
48.7744476   544.9968174   -969.4533727
47.1553859   545.7505386   -969.3643661
51.762489   546.2944547   -969.6311593
43.4283191   546.9379288   -970.5600228
44.7052534   546.6226063   -969.836478
45.6273522   546.1791324   -969.6060725
55.855056   548.8777421   -972.1628546
52.9088161   545.7595061   -970.4075567
39.6168888   550.0878637   -973.634959
50.5466899   544.7723818   -969.7049742
44.6263172   545.4594924   -970.2688997
47.2443493   544.6750804   -969.6797125
41.8576989   547.1892225   -971.7959254
41.0777608   547.9852488   -972.3782801
54.9702986   547.3660167   -971.5760575
45.924361   544.6466782   -970.0150992
53.8509685   546.7301668   -970.7486233
51.6745511   544.8813848   -970.023775
56.9072541   548.9490936   -973.5421809
57.3265275   550.2548188   -973.9302823
42.0423923   545.9154004   -972.0288358
43.2997899   545.0747365   -971.2452645
39.8757311   548.2281976   -973.8442543
55.8260985   547.5198691   -972.4334317
49.3592853   543.3419334   -969.9859409
51.2055179   543.4356819   -970.3506613
47.3578388   543.2928143   -970.1189419
44.64726   543.7923196   -970.8613106
54.5458207   545.6768585   -971.6842377
40.7880944   546.4649179   -973.2166565
45.8748035   543.4582345   -970.4156555
52.3233992   544.1689324   -970.5806773
53.628236   544.37039   -971.331576
56.4260882   547.757767   -973.1210204
38.6501963   549.4872159   -975.2103137
57.8484981   548.9339405   -975.0232206
55.9664017   546.4218276   -972.9178169
42.2519877   544.8731976   -972.1488105
46.0044672   542.2683224   -970.8152445
48.8123539   541.8828874   -970.4434113
50.4806214   542.1875972   -970.5400421
58.7029912   550.1001319   -976.4083536
53.156503   542.6668641   -971.558712
42.7620091   543.5978677   -972.2173251
47.505152   541.6941336   -970.6138063
57.1308081   547.1340684   -974.2625871
39.6040704   546.2743356   -974.8584683
38.8320649   547.7498705   -975.4637029
51.988249   542.1300668   -971.0655178
54.8893812   544.318674   -972.3753209
55.6349666   545.1015759   -972.8964475
41.4457115   544.8332923   -972.9987386
44.1917023   542.0716461   -971.7637354
38.2719182   548.5920572   -976.0352223
46.721632   541.061873   -971.0189541
54.370689   543.3333074   -972.2091694
51.3389335   541.2006944   -971.1053119
43.0714852   542.2745547   -972.4384179
40.4015903   544.517873   -974.4043558
45.4067562   540.9476552   -971.5427746
58.5119625   548.0603128   -976.3521033
55.8596181   544.2214799   -973.4011492
55.4421504   543.2190841   -973.2446002
38.607093   546.2178007   -976.3611322
41.4345356   543.5485969   -973.5156323
56.5710413   545.2561694   -973.9686819
57.9433346   547.2779653   -975.4811738
42.0674971   541.9590183   -973.5324407
38.0818638   547.7455064   -976.6209343
37.6145597   549.3599245   -976.8638727
59.5083603   550.6556538   -978.1280459
43.2478987   541.2809677   -972.7246238
54.9301128   541.8359937   -973.1292579
57.6068812   545.599803   -975.3462185
59.0551628   548.7186017   -977.3553747
56.7117009   543.6885256   -974.5849719
40.8644133   542.9368435   -974.4581819
39.3434807   544.5957018   -975.9011716
37.9114021   546.7641752   -977.2650054
37.2968653   547.8708475   -977.9098254
58.3007473   546.6397814   -976.2479888
59.550327   548.2109436   -978.6118594
38.0864241   545.9437197   -977.3074836
56.1238246   542.2450752   -974.2281646
58.3290395   545.4736628   -976.5748706
58.8859118   546.7931816   -977.3721124
59.9443518   549.783072   -979.3660696
40.0399429   543.2566092   -975.4335217
38.3098776   544.7724935   -977.4897145
40.6578619   541.7626793   -975.3096172
57.936326   543.7940281   -976.2823807
37.4114497   546.2065245   -978.3896737
39.2616849   542.8582624   -976.8507013
60.1330122   548.5859258   -980.1205436
57.2703023   541.8862945   -975.6949182
59.5018831   546.207079   -978.8584854
58.9151133   544.5690797   -977.8752844
60.3328082   550.0792089   -980.4748243
36.3803254   547.5821814   -979.6068881
36.6579419   546.0741602   -979.7678099
37.2060615   544.5250369   -979.5399666
39.8576657   541.006761   -976.8425638
58.5868513   543.1222639   -977.4553155
59.9360829   547.193436   -979.7967701
38.1883524   543.3140574   -978.3962356
58.2055044   542.2112043   -976.9687702
60.0542293   546.0666637   -980.2935688
59.7839074   544.7716509   -979.7525665
60.5477827   547.3156074   -981.6978569
60.6151226   549.3837057   -981.5612981
58.9946882   543.2057683   -978.1807169
59.4952651   543.3008527   -979.1989275
38.5427764   541.5366596   -978.7046774
36.2998037   545.4883906   -980.682036
59.057005   541.8271734   -978.4579919
37.6669531   542.8996646   -979.5252187
61.0236995   549.2738721   -983.2797455
36.1646726   544.2535443   -981.5434079
35.4813095   545.9983456   -981.9013895
36.050537   546.5433798   -980.639691
36.9873127   543.1815602   -980.6032492
60.4826882   545.0529085   -981.6476804
37.4604389   541.8964442   -980.4213091
61.0781205   547.6149175   -983.7903134
60.1926741   543.470602   -980.8059149
59.9593329   541.94963   -980.2241132
61.0125973   545.8351831   -983.6449467
36.4771199   542.2989766   -981.9932653
60.6728275   543.5549899   -982.1677446
35.4896379   543.4264261   -983.1822972
35.2539589   544.8244394   -982.8779861
60.5821688   542.1829478   -981.7595218
60.9160154   544.2953914   -983.1095633
61.351666   546.9666277   -985.427329
61.0513686   542.6984466   -983.386419
61.2221987   544.1314767   -984.4978889
35.6113846   541.7196583   -983.8853889
61.3217266   545.355357   -985.2766485
61.0157751   540.9681175   -982.7415101
61.3581088   541.2880358   -984.0441289
34.7101407   543.0625966   -984.7709115
61.4519219   543.9964238   -986.0612671
61.4658039   542.2406525   -985.2262805
61.4776046   545.6070513   -986.5614918
34.8823207   541.8830297   -985.1111814
61.6049496   542.2124871   -987.0823587
61.545339   544.2226187   -987.5473806
61.571514   545.9514824   -987.9630084
34.0843447   542.0373467   -986.4400168
61.5610313   542.9995045   -988.4649856
61.5547464   544.7055446   -989.205845
61.470424   542.7745537   -990.1175502
32.9308134   541.8147116   -988.5927117
61.6007727   541.4473791   -988.579287
61.5156463   544.4963265   -990.576087
61.4908128   540.9932556   -989.6994281
61.3002011   541.1118846   -991.0577968
61.2973174   542.6508977   -991.9858509
61.4404894   543.8682404   -991.4015963
61.0143668   540.971909   -992.8946255
60.9081611   541.4120293   -994.6170837
36.4153232   549.589797   -978.7689836
35.6500161   550.3238249   -979.7813835
35.4503809   549.2250002   -980.5425617
35.4668212   547.5488958   -981.2217495
34.6406143   549.9373181   -981.618735
33.8460613   549.9636718   -982.9216876
34.6779522   548.6667179   -982.0868262
60.8962797   550.1902951   -982.4864012
34.7760166   547.2656783   -982.5385286
33.9004084   548.0512192   -983.6635792
33.0970966   549.3900188   -984.3809514
32.0997357   549.8158961   -985.775125
34.4038743   546.027526   -983.7668405
61.3560829   548.8659917   -985.1183152
33.6291511   547.0422413   -984.5856871
32.919111   547.9745298   -985.3107458
34.7902374   544.3781765   -983.9306761
34.1058488   544.5443079   -985.0375802
61.5948211   550.1131458   -986.599299
31.9920118   548.3072358   -986.6331019
33.3209323   546.0999052   -985.5654047
30.9118199   549.3859358   -987.7887551
61.5465201   548.3885175   -986.7110415
29.8300091   550.7198127   -988.7719457
61.6986523   549.5673159   -988.0684521
32.4470071   547.0865481   -986.5029919
61.8126205   550.747933   -989.3207364
61.5335217   546.9633127   -986.9828543
61.6392209   547.7293852   -988.3273057
34.0641354   543.4671308   -985.6854165
31.6348394   547.2493991   -987.7162593
29.5416432   549.1796828   -989.8988861
33.3619874   544.2271819   -986.4771726
32.4557811   545.7645589   -987.1617474
30.6101612   547.4577398   -989.1840746
61.7412988   549.0791355   -989.6650206
61.8232202   550.3671524   -990.8906483
32.500712   544.4568469   -987.7924802
31.4845484   545.4674601   -988.8846847
61.6729579   547.5579878   -989.8658231
61.6163005   546.4221277   -989.18466
33.0149928   543.2252503   -987.6229858
61.7156508   548.3306777   -991.5870574
30.4535337   546.2076469   -990.0758067
29.6508659   547.2557526   -990.7108925
32.1963981   543.6050623   -988.7860443
61.8274428   550.1595118   -992.3157253
61.8798766   550.8942194   -993.5837307
29.8986738   545.8928736   -991.0809508
61.5963229   546.1185239   -990.6193964
31.4029038   544.0380892   -989.8300388
30.6502987   544.9647477   -990.4700476
61.7879972   549.3307758   -993.4121346
31.8354273   542.6549469   -989.9473531
30.8576905   543.5194489   -990.9945749
61.5752777   546.2723803   -992.3782378
61.5108606   545.0368107   -991.5509604
61.6712476   547.6874767   -993.5508068
61.8473056   550.0930364   -994.6088623
32.261596   541.0618169   -990.1907934
61.7658991   548.7702417   -994.8192477
31.2622836   541.9440453   -991.2987776
61.8527454   549.8494111   -995.8539925
61.5172171   545.9610415   -994.1650479
61.656377   547.4334153   -994.9386223
30.1105746   542.8891249   -992.5010694
29.8602201   544.6768317   -991.8257605
61.4043945   544.4069315   -992.7765512
61.9211518   550.734937   -996.7124821
30.7113799   541.3516509   -992.5180885
61.8692471   549.7162538   -997.0650612
61.7398218   548.156967   -996.5183871
61.3216308   544.2628573   -994.3043663
61.9327393   550.5536515   -997.8425891
61.1641719   542.7881863   -993.6367278
61.5760486   546.5626408   -995.6316925
61.4021957   545.0534029   -995.582781
29.951427   541.6823819   -993.460264
61.133171   543.1098903   -995.4423812
61.9437581   550.3492927   -998.673517
61.5554001   546.1773238   -996.9709341
61.8709468   549.292701   -998.3661457
61.963001   550.2907138   -999.6531222
61.7300532   547.4133282   -998.4751389
61.3196559   544.2152845   -997.1514957
61.5613696   545.6140793   -998.5806801
62.0135551   550.3919953   -1001.3756233
61.095927   542.7932377   -996.8142973
60.9000606   541.4331296   -996.5908997
61.4192631   544.2130161   -998.8085317
61.8868644   548.6023733   -1000.2903613
61.7447857   546.6186446   -1000.1305739
62.0384456   550.1500469   -1002.5080835
61.1915853   542.529414   -998.4983761
61.9817455   548.9073098   -1002.3194213
61.6096367   544.9822143   -1000.1206541
62.059423   549.9358867   -1003.4710346
61.4620845   543.6527993   -999.9332796
