662.679513   -2148.920536   272.1239328
663.1117957   -2147.3710537   274.5521069
661.2664955   -2145.1661587   276.6076624
659.1526242   -2142.7929401   280.0367475
660.1868095   -2146.0454464   273.1895447
658.4922197   -2142.4777508   277.8507471
657.6251062   -2143.3098316   274.2733955
655.7656872   -2144.3765163   270.8825171
656.0943919   -2140.2423382   279.730767
655.8685573   -2140.7740116   276.2829661
653.9530354   -2141.0181522   272.7207243
652.7242968   -2137.4173164   277.0996094
651.4808918   -2138.1213665   273.4425962
650.7725241   -2139.5602226   270.8368599
649.6305401   -2134.5820427   280.2930772
649.6487009   -2134.4947815   276.6089439
648.9541019   -2137.1684074   271.3790238
647.2136127   -2131.882906   277.4350345
646.4105593   -2133.636713   272.2176015
646.1237567   -2131.9155693   274.1363943
644.033161   -2129.1182041   279.4808149
644.1630396   -2129.086256   275.3666043
643.3734084   -2130.98979   271.163255
643.039071   -2127.8245449   275.400579
640.587234   -2125.305891   279.2329192
639.5315426   -2125.5626678   271.453619
639.8112486   -2124.2859364   274.7843266
638.4226391   -2122.4253178   277.1487534
637.1750506   -2121.8307018   280.3843021
637.0419162   -2122.2577095   271.0952461
637.3667578   -2121.2673187   274.2851675
636.1266794   -2119.4605827   276.8040597
634.6554468   -2118.4704304   271.6377676
634.0743648   -2117.4798012   278.4379125
633.8122161   -2116.4176464   275.6958604
632.6129856   -2115.1087284   273.2779682
631.5644654   -2113.9993668   271.4469433
632.6211924   -2115.4716015   278.3912122
631.3417377   -2112.8098965   275.8753598
630.7164999   -2113.9218807   280.287981
630.2200789   -2111.2258434   273.3029723
628.3949921   -2110.2967262   279.4145048
628.8656639   -2108.7839603   274.1031945
629.3170946   -2110.7270718   271.0633278
627.0517568   -2107.3105335   277.2663832
626.8648813   -2105.5781841   273.0593979
625.09494   -2104.783535   278.1156003
624.1882528   -2101.7615795   275.8356631
624.0062761   -2100.5339622   271.8600929
622.7832707   -2101.0038853   278.9621651
622.7780106   -2098.0019569   273.7932205
620.6867481   -2095.3063965   276.8701315
621.6139114   -2095.4015255   272.8281021
620.0896511   -2097.8872776   280.3219557
620.6086306   -2092.9071903   272.3575234
618.6354505   -2095.1566696   280.4953158
619.0055954   -2091.8002129   277.3043811
618.8540375   -2088.6387825   271.8697786
617.8966137   -2087.8081322   275.5713165
616.6268951   -2088.4263515   279.1991532
617.1416594   -2085.1733685   275.0001848
616.2627777   -2081.7964077   272.6210654
615.2870125   -2081.682682   276.7164111
614.696105   -2085.119009   280.1778316
614.9257264   -2078.6879063   274.5863795
614.5140091   -2076.2825012   272.2747028
613.1759184   -2078.4070492   279.2915106
613.5383966   -2081.1975002   280.1145911
613.4736976   -2074.8932362   275.8364379
613.2657556   -2072.3154545   272.9434371
612.490804   -2071.5434551   276.2683034
611.1480473   -2071.8123913   279.9119353
612.1692146   -2068.89534   274.2792666
611.7198421   -2065.7832623   271.8597949
611.150262   -2068.5184002   278.0264318
611.0367393   -2065.6473637   276.0490477
610.9547774   -2062.7043247   272.7763355
609.5881416   -2065.2396679   279.9485028
609.6434212   -2061.7690086   277.5688767
957.6985808   -1911.5560055   271.1010575
958.0601724   -1915.2642488   271.6482282
956.009117   -1914.7410393   274.5712996
958.0558213   -1918.9716578   272.5892365
956.2101337   -1908.3127975   272.1379101
955.123988   -1904.0261507   271.9546258
954.6009275   -1910.1579189   275.1641572
953.8379284   -1907.083869   275.1313448
953.455505   -1898.4041214   271.2779641
953.9944502   -1914.9974585   277.5427401
955.7368728   -1918.0225134   275.7775784
952.9555412   -1903.1034708   274.5392919
951.9952508   -1910.4479551   278.9109349
950.8510204   -1892.4757242   270.8357275
952.2539052   -1916.967988   280.5256844
953.6513659   -1919.2792177   279.1036367
950.0590535   -1903.6889076   278.7653804
949.3636461   -1896.1707354   275.236994
949.6897133   -1900.6160498   277.5756121
946.7270347   -1891.5566206   274.9327719
946.8269619   -1888.3881569   272.3219991
947.3063024   -1897.3354101   278.5993814
945.1387497   -1884.8291636   271.094054
944.9529918   -1892.802   277.9943347
942.8533586   -1889.0658617   277.1750987
943.20744   -1887.1583939   275.0638425
942.7473518   -1884.20403   272.8534937
939.1429099   -1878.8865805   270.9009349
940.4888126   -1883.0443621   273.8465965
938.3296045   -1885.2124214   277.913481
936.8080469   -1881.5065622   275.4557133
936.0742541   -1878.5060644   272.9138434
935.0476833   -1883.2777739   278.7159085
932.2441491   -1877.0984411   274.0865648
931.4515563   -1873.3805418   270.5729008
931.2543245   -1881.5238476   279.7679603
929.7299358   -1878.0542612   276.866138
928.0556413   -1874.9207258   274.3623555
924.4795116   -1872.0777035   273.247242
925.3275069   -1878.2662153   280.11325
926.6046258   -1876.4775991   277.067095
923.7079295   -1874.5561838   276.6902745
921.1892756   -1875.3591776   279.2869508
919.9405583   -1871.4023829   275.1947641
917.8327294   -1872.1865416   277.5813639
917.5469848   -1868.5539961   273.2056975
916.6041883   -1866.7253256   271.5067267
913.409439   -1868.8869476   276.3301134
912.753162   -1866.4132357   273.5620737
910.1681384   -1868.5250282   278.0157626
909.5669957   -1863.3695841   271.7058063
908.7625416   -1865.4924631   274.9995291
905.8454307   -1867.8084612   280.000478
906.1390134   -1865.3225899   276.50249
905.4807993   -1863.2906675   274.2576599
903.0854376   -1865.0872707   278.1938314
900.0819298   -1861.3322973   275.3042877
899.7111293   -1857.9730988   271.3474929
896.853474   -1862.3572588   278.7249386
896.8245061   -1857.9980135   273.1430233
895.8642157   -1859.9516153   276.2111723
894.733754   -1855.1237583   270.8413303
892.3286172   -1861.0367775   279.7866762
892.8618404   -1857.0179939   274.2282152
890.6907412   -1857.7082157   276.1738002
891.0945626   -1854.5498848   271.9406188
888.0763324   -1858.66642   278.7872553
886.4849778   -1855.8903933   275.6554484
886.6493972   -1853.920579   272.9229033
885.3009614   -1851.8618345   270.5865204
884.9375518   -1857.6276302   278.6341012
883.7633105   -1854.1198969   274.079591
882.6762112   -1855.9648991   276.9927084
879.6595903   -1851.241827   270.9282637
879.9950155   -1856.536746   278.5831392
879.2628618   -1854.1234732   275.1142085
874.9933513   -1856.9883108   280.2583873
877.0537945   -1855.2627563   277.2300243
873.9790889   -1852.8040648   273.8576531
872.3781379   -1854.3767929   276.4441669
871.6025623   -1851.4941931   272.0936239
870.7889291   -1856.4946651   279.9769342
868.2067963   -1853.3815145   275.1621306
868.1358071   -1855.5577993   278.6088884
868.0711063   -1851.1220217   271.7396617
864.1569885   -1855.2759886   278.2385349
864.4941422   -1851.9185781   273.0287313
861.1302944   -1854.0514708   276.2659192
859.7405227   -1852.7076244   274.1843462
859.7918125   -1856.1252356   279.4255912
858.355877   -1850.4312038   270.8060443
856.3886853   -1854.2397022   276.2891352
855.4633828   -1856.6485643   279.8503339
855.2155169   -1851.7813683   272.6145089
852.7955981   -1855.3147316   277.5214016
853.3144864   -1853.577733   275.039494
849.5241376   -1852.3449898   272.785753
849.7696193   -1854.9900055   276.6003609
847.5703868   -1857.7923775   280.2907825
844.5152017   -1855.0608158   275.6327391
844.6708592   -1852.1997929   271.6131806
845.0961085   -1857.1369648   278.7065208
840.0446745   -1859.4198227   280.5004716
841.3122716   -1857.2673798   277.7719498
839.8264768   -1855.0206423   274.064213
838.3751633   -1852.9597521   270.5762386
836.4925357   -1859.0980768   278.5036266
836.9332971   -1856.8223715   275.4355669
835.115877   -1854.2685509   270.9372938
833.7713005   -1859.2603207   277.4282396
832.706553   -1856.780529   273.3710706
831.4783397   -1861.5832329   279.9368501
830.7535323   -1858.4913015   274.8487294
830.9415998   -1860.122323   277.3328722
829.5993628   -1856.6372395   271.7056572
828.8498493   -1862.2602224   279.6318233
827.1431299   -1860.221982   275.608927
826.9315185   -1857.7224016   272.0433176
826.0362866   -1862.4237776   278.5030007
822.3437788   -1859.4350815   272.4851668
822.9457708   -1861.5033627   275.6212652
821.7746141   -1864.0731573   279.0595889
820.838538   -1863.1054163   277.1146894
818.8513043   -1861.7526293   274.4234502
818.8917609   -1864.6843433   278.7371874
817.4961182   -1859.8217964   271.3023424
816.7949291   -1863.8498783   276.6284049
815.0810572   -1862.0513678   273.4149098
812.1309402   -1865.608573   277.1282196
812.7015802   -1863.4893894   274.4137943
811.2568828   -1862.1143103   271.9801962
808.9459362   -1867.852211   278.8484395
809.9155249   -1865.2817011   275.5925655
808.9668127   -1864.2137051   273.6666203
806.3237789   -1863.6102676   271.4784443
806.6693368   -1865.4463291   274.0439773
803.7272664   -1868.6004877   276.5935063
802.4480017   -1865.7228947   271.7770636
802.5276633   -1871.3182211   280.0152302
800.3083291   -1870.9703684   277.7149081
799.9485108   -1868.5370684   273.7232745
797.1914383   -1871.3655472   275.9918272
796.5993407   -1868.9348698   271.6861069
793.6549308   -1871.8185425   274.2230296
794.3368229   -1873.485446   278.1550586
791.0796525   -1874.1371632   277.1951258
789.6869453   -1871.8459606   271.4815736
789.1255739   -1873.8256693   275.0975192
787.550387   -1875.8022785   278.9538801
787.1956947   -1873.5244274   273.2392251
785.2410199   -1875.0371933   275.5348682
783.3652022   -1876.4997721   278.2290876
783.830029   -1873.9966154   272.3224163
781.1671766   -1875.6098747   274.7764289
780.7271751   -1874.2762804   271.3933289
780.1396372   -1876.973033   277.946353
777.4697515   -1877.8835535   279.6024978
777.2648456   -1875.1891851   272.1453011
777.4324837   -1876.678586   276.0444582
774.0527513   -1877.5590658   277.6071131
774.4392725   -1876.3942719   274.3510902
772.8712382   -1875.3368855   271.2258399
770.5384465   -1876.8373728   274.8640478
770.4478028   -1878.221035   279.0991068
768.4063586   -1875.3712177   270.6620097
767.6030817   -1877.6862621   277.2343755
765.9700187   -1876.6534328   274.1505206
767.2173204   -1878.5206079   280.0261378
763.8911279   -1877.8762817   278.2042921
761.6469982   -1876.3902187   273.863703
758.6633535   -1877.4682283   278.109163
758.4440532   -1875.7818937   272.865802
753.8649561   -1874.818325   271.5782821
754.9043121   -1876.337409   275.7511735
751.5184852   -1876.6822815   278.3202827
751.183522   -1874.8024702   272.5120187
748.6843886   -1875.7889271   276.6495943
747.6100149   -1874.6187687   273.3895779
745.5416741   -1875.8569956   278.360039
744.0661611   -1873.5574484   271.553874
743.4946867   -1874.5718002   274.9893665
742.4576851   -1875.3833771   278.3589959
740.3804185   -1873.7771511   273.7081945
737.5094714   -1874.9072552   279.651165
736.4110025   -1873.1995821   273.7085521
734.8720702   -1874.1630316   278.4849703
734.4607832   -1871.9954491   270.5689669
732.5987341   -1872.8066683   274.6173143
731.3837232   -1873.3199835   277.7942419
727.7300032   -1872.1250296   275.7036984
728.3109995   -1873.0633259   279.7965407
726.0373952   -1871.0478544   272.467792
724.8901995   -1872.0808029   278.8940966
723.7490388   -1871.104002   274.995774
720.7678827   -1870.9105253   278.0282795
720.1343896   -1869.9355125   273.5191882
716.2452536   -1869.9268103   279.9758017
716.7484435   -1869.5465326   276.0926783
714.3507498   -1868.5417175   273.6412883
712.0733457   -1868.4897423   277.9459953
710.9742361   -1867.4733639   272.4535167
708.4564763   -1867.2990799   277.0688832
707.4254202   -1867.1017885   278.9857686
707.7218788   -1866.5072918   271.8345523
705.0786438   -1866.1242723   275.6504118
704.6228694   -1866.1004305   280.2794576
702.1940174   -1865.0331497   273.2708454
701.6954618   -1864.9845123   279.3089151
700.8049833   -1864.6818399   276.3926983
698.1230723   -1863.6488914   274.0964592
698.2777613   -1863.5846376   278.7616551
697.0528262   -1863.1304502   270.9606886
694.8788511   -1862.2748852   276.8695652
695.5558779   -1862.1733189   280.5258632
694.2089918   -1862.1336222   272.3726928
692.2972398   -1860.6268167   280.1783979
691.5835487   -1860.9346151   275.6564319
689.9043592   -1860.5360985   271.3796496
688.9266642   -1859.3490124   278.0049443
688.5130378   -1859.7695827   274.0726471
685.1780387   -1858.6778641   270.9556222
684.7691285   -1857.8159809   275.4321098
681.8095716   -1854.724288   279.9877226
681.1190443   -1856.3725948   273.3982205
681.6764446   -1855.6321859   277.0938575
679.0359738   -1854.2387486   276.5768766
677.5200563   -1854.4491529   273.1235921
677.2503378   -1851.6916037   279.740423
675.8875298   -1852.1648645   276.5331864
674.2377701   -1852.6006937   272.6561725
673.5219257   -1849.1697311   278.8759768
673.0089235   -1850.7157564   274.9951184
671.051574   -1850.9110212   271.4887261
670.5642613   -1848.5730886   275.5297124
670.3254404   -1846.2692499   279.2081535
667.4724343   -1847.799778   272.4675238
667.351638   -1845.5277681   276.1350572
667.8506406   -1843.6617851   279.7454894
665.4750528   -1841.9760466   278.8201869
663.7677597   -1844.4981575   273.3177841
662.6180979   -1840.8806324   277.1683931
660.1353111   -1842.0971632   273.1840909
661.1356261   -1837.0679617   280.221194
659.2146652   -1839.4918442   275.7726014
657.5756343   -1836.1897469   278.1294286
653.7079523   -1841.932416   270.9110677
654.276711   -1838.9661312   273.9432156
656.3400599   -1833.4636688   279.9013555
655.956042   -1837.782979   275.6928802
654.4711562   -1835.3328705   277.2903442
652.9367986   -1831.7787647   279.7053754
650.0129896   -1839.8697376   273.062408
650.7353085   -1836.4126682   275.7909
649.0952569   -1834.3024254   277.4707675
648.5546651   -1843.3029652   270.755142
648.6509229   -1830.3405046   280.4648876
647.0480049   -1837.8411531   275.3207982
645.3591781   -1842.3242569   272.7843225
644.6491825   -1831.2861919   280.1911235
644.1110904   -1835.2421522   277.8474092
642.7417146   -1846.3456631   271.6843486
643.7653089   -1838.8080597   275.847435
641.424642   -1842.9042101   274.5688558
640.2961286   -1849.276185   271.7659771
641.2630761   -1833.160162   280.3250849
640.5943716   -1836.730957   278.4081101
639.785056   -1840.5797482   276.7089903
638.7627917   -1844.8243141   275.2131224
637.2799809   -1839.1748667   278.9953947
636.6774599   -1853.8018465   272.4851072
635.6470334   -1849.6400118   275.3893435
634.1060223   -1853.374362   275.0801444
636.3073038   -1842.3144817   278.149873
634.0707364   -1845.3216553   278.573513
634.231248   -1857.3125601   273.203969
631.5302747   -1852.6759148   278.0264318
631.4859288   -1864.6348715   272.8712857
631.7610564   -1861.5537882   273.9672661
630.2065412   -1869.3476915   272.3541856
631.0604187   -1858.7646484   276.0259509
629.3549771   -1857.2584391   278.5952687
628.5137916   -1861.8662357   277.7859271
628.8560005   -1874.9902248   271.5076208
627.9679472   -1866.5648699   276.5828669
627.0673359   -1870.4420328   276.1881351
627.4363818   -1879.1979551   271.4601457
627.4694959   -1876.2513399   272.9540169
626.4682087   -1874.4882345   275.308907
626.9206601   -1863.9582396   279.0096998
625.9047958   -1867.9212332   278.7901163
625.4963959   -1878.1648874   275.0504315
625.6422149   -1882.3839426   272.6686299
624.4634325   -1874.5981455   278.2374918
623.9014799   -1886.3307238   273.5173702
622.8755424   -1881.4218044   277.6848078
622.2882448   -1878.0249357   280.0123394
622.8255267   -1894.1332102   271.0400522
622.713496   -1890.8596039   273.1238008
621.3145061   -1898.8837004   271.2174058
622.3676885   -1884.6254349   276.9615948
620.9561592   -1888.8636827   277.2209346
621.2017099   -1893.9635754   274.2102742
620.4635138   -1891.836524   276.5885592
620.2131967   -1884.9138021   280.2976966
619.3529731   -1905.6839943   271.241039
619.1454893   -1903.0470848   273.2138336
620.0871291   -1898.5537291   273.8457322
618.897398   -1896.1796761   277.2037983
617.832589   -1900.4789591   277.0278454
617.2739556   -1907.9661369   274.3939161
617.4198566   -1896.3011503   279.6129286
615.8008995   -1905.7136774   278.241545
617.7214729   -1912.4233723   270.6765234
616.3739739   -1915.8474207   271.6581821
616.0302991   -1912.3753309   274.5733559
614.5002013   -1908.7080956   279.1469693
615.0656389   -1915.5035019   274.7586966
614.8150908   -1918.7828302   273.3436227
613.4742285   -1915.0525331   278.0222893
613.4926277   -1919.1461802   275.9203315
611.8267747   -1918.507576   279.2046964
959.6710178   -1954.7479153   270.5514729
958.7256285   -1950.6245852   272.541821
960.3188606   -1933.1934452   270.9078789
959.7451957   -1943.3152676   271.6360092
959.4514044   -1940.2008057   272.2674012
959.1112109   -1925.6585836   272.1467614
959.192005   -1936.4528656   272.7669179
958.4258171   -1932.1656227   273.835212
958.1824514   -1928.8014174   273.9557326
958.5746499   -1946.6786385   273.2103467
956.8428966   -1921.5717316   274.9176621
957.7962729   -1961.7034197   272.7156579
957.8787359   -1958.4108591   273.0267346
957.5336548   -1966.0835266   272.5167572
957.0637914   -1941.2970543   275.7910192
956.666288   -1945.5542564   276.1126757
956.5055641   -1955.2859068   275.5230665
956.8824442   -1970.5762863   272.8006244
956.6903087   -1975.1648903   271.9953954
957.2534236   -1937.8170967   275.6331265
955.8886262   -1934.8807335   277.6130438
956.4778181   -1925.5641699   276.0883868
956.7611488   -1949.9197006   275.5995095
956.1293098   -1930.634141   277.0902514
956.3102099   -1979.7366858   271.2399065
956.2798413   -1959.3076706   275.4523754
955.4834636   -1965.2113914   276.0033011
955.0931426   -1938.7329817   278.6839902
954.3278786   -1942.3913956   279.6278596
955.1394256   -1972.6097584   275.2422094
954.1083547   -1948.6948252   279.5177698
954.0029737   -1952.9124498   279.4019282
954.6650025   -1976.9868851   274.6557891
953.7200602   -1946.0319281   280.2547514
954.6579691   -1955.699563   278.2220244
954.5181664   -1927.3475409   279.0865004
954.1284116   -1923.6414433   279.1910172
954.0544423   -1981.3380241   274.070859
953.0280205   -1986.012578   273.8038599
952.8819593   -1989.7565842   272.7284729
953.1733962   -1971.5037346   278.5571516
952.9943737   -1966.8833017   279.6339691
953.2388123   -1974.8612642   277.5383294
951.9929262   -1997.5891113   271.6933489
952.3796114   -1978.3192873   277.6049078
951.755968   -1984.331131   276.194185
951.541272   -1981.6304445   277.5731683
951.3060423   -1992.8376675   273.7836242
951.091704   -1975.7186174   280.4487348
950.301406   -2004.4384003   272.3052204
949.4450959   -1991.0413027   276.7060101
949.2563876   -2016.3238049   271.4273632
949.6895643   -2000.5424023   273.8336921
949.0097436   -1986.7453575   278.80463
949.7090849   -1983.987093   279.0719271
949.6166679   -1994.6990013   275.3711939
948.9288303   -1997.6975918   275.4151523
949.357328   -2020.6694603   270.7788646
947.3260017   -2012.1243   274.1692662
947.3468634   -2007.2145462   275.0769556
948.862073   -2027.2381306   270.7267404
948.614982   -2003.759861   274.3909657
946.8987557   -1991.6892052   279.61725
946.6999444   -2003.0527115   276.6648233
946.8217167   -1995.2528477   278.555572
947.410849   -2018.6975002   273.2040882
946.6813179   -2022.298336   273.5452652
946.7443796   -2015.4206753   274.3364573
946.4373263   -2029.8192501   273.3205557
946.084139   -1998.7351894   278.4491181
945.2235671   -2025.6741047   274.8437524
946.0031661   -2035.2320671   273.1432021
946.5903314   -2039.0422344   271.7072666
946.0855695   -2041.9692993   271.5933919
944.9667009   -2018.8822746   275.8874297
943.2997378   -2010.1952553   278.7115276
944.1769394   -2005.7063103   278.7743807
944.1751214   -2014.4159794   277.2037387
944.0015527   -2050.0972271   271.6134191
944.8800655   -2047.5151539   271.381557
944.5001455   -2044.1343784   272.9008198
944.1381069   -2001.9328594   279.7617912
944.4893571   -2022.4783421   276.0025561
944.2889067   -2039.904356   274.2274404
944.0980526   -2032.4416161   275.654763
942.6959725   -2028.8803577   277.3819268
942.92703   -2035.9799862   276.4823139
942.4053701   -2024.7368813   277.9905796
942.3516067   -2021.0127831   278.4859836
942.1745809   -2017.2629356   279.035002
942.7187415   -2046.7495918   274.1959393
942.0195194   -2043.3013439   275.9595811
941.154358   -2054.7823906   273.3747661
941.298035   -2039.5636559   277.54125
941.3960847   -2013.2708549   280.2030444
941.3224133   -2032.6452255   278.6123455
940.8084127   -2059.3430996   271.9765306
941.2422153   -2050.0609875   274.8704553
940.0079223   -2036.0233784   279.5206904
939.9289461   -2046.1537838   277.4453163
940.1809248   -2030.154705   279.9226046
940.3223368   -2023.045063   280.4907858
939.4195052   -2042.6709652   278.8348794
938.5050508   -2039.1089916   280.4915309
938.928661   -2053.6358356   276.3721347
939.1942891   -2049.5624542   277.2869468
938.8559433   -2058.0060482   274.9382854
937.579629   -2046.094656   279.8399627
935.939339   -2053.2202721   279.6810865
935.9409186   -2056.1242104   278.8206041
935.420272   -2060.7774258   277.9057324
614.375853   -1922.9925871   271.4405954
612.7479477   -1926.3358116   272.8374004
611.5899226   -1923.7262011   276.9804299
611.5375301   -1930.9649467   271.7573047
611.359614   -1927.7145863   274.8277783
610.1582228   -1935.6466532   270.8722353
609.443619   -1928.0397892   278.3444524
609.3959781   -1930.8977127   276.576668
609.3764333   -1933.8835478   274.3198574
607.818068   -1937.7892017   274.623096
609.5722439   -2056.6909313   272.2149193
608.6037597   -2053.1334877   273.4064758
608.5498436   -2055.4029942   276.0148346
609.0883734   -2058.2137108   276.5845358
610.1645409   -2060.131073   273.7101614
607.4896688   -1934.4936609   277.8337896
607.6598252   -1942.6846504   270.8947361
606.7670389   -1940.9825802   274.4212747
607.302961   -2052.324295   277.9440284
607.290187   -2048.6290455   275.2458453
607.9021572   -2058.0377579   279.8877656
605.7881816   -1938.2622242   278.6186934
606.6216035   -2044.6338654   274.7631967
606.2888429   -2041.2452221   273.2354105
605.6999267   -1945.3344345   273.714602
605.8878638   -1935.385704   280.2913785
606.0685506   -1948.3588934   270.753324
605.0205129   -2044.5282459   279.6044946
605.9592357   -2037.8148556   272.1996903
604.640713   -1942.376852   278.0931294
605.1417767   -2040.9202576   277.233988
604.1168636   -1950.8349895   273.7098038
604.6548589   -2035.0949764   275.483638
603.1124341   -1946.7642307   278.5377502
604.2861734   -2029.096365   273.296833
603.6260846   -2034.3379974   278.4223855
602.8411901   -1956.1567307   273.4077573
603.4910707   -2026.7021656   274.8365104
603.5869941   -2031.3146114   276.8551111
603.0879924   -2017.9514885   271.4034021
603.0420177   -2022.0029354   273.8689184
602.384531   -1950.7865906   277.5749266
602.3020139   -1953.6013603   276.1868834
602.9785518   -1959.2602253   270.9407508
602.7027667   -2013.5345459   270.5398798
602.3986563   -2023.3294964   276.8437564
602.4916768   -2028.4609795   278.8238525
601.974709   -2014.8413181   274.2082775
601.5773127   -2025.2485275   280.1831365
601.9863915   -2018.4869766   275.90397
601.4100975   -1962.2181654   273.1796801
601.3503224   -1964.7880793   271.4704275
601.6013045   -1959.3075514   274.4000256
600.9896743   -1957.0403099   277.2746086
601.8088619   -2009.7029209   272.1334696
601.2796434   -2005.6860447   272.0035017
601.4286485   -2020.3580856   278.6670923
601.1023438   -1953.1507492   279.2351842
600.7577433   -1968.3030844   270.8943188
601.1187034   -2017.4179077   278.4830928
600.2253518   -2009.1321468   277.7342796
600.8264013   -2007.147789   274.5434642
600.0441546   -2012.8927231   280.0573409
600.359153   -1961.417675   276.4193118
600.129271   -1965.6125307   274.6987939
600.2740339   -2001.7139912   273.6956179
599.8953879   -2004.5938492   276.620537
600.1517112   -1998.5514879   272.3662853
599.2052406   -1960.0663185   280.2801728
599.921152   -1971.989274   271.6943026
599.4782346   -1970.1596498   274.3929327
599.2897312   -1995.6823587   274.4177878
599.4290458   -1992.1346903   272.3535597
598.9190177   -1964.3878937   278.9870799
599.2474631   -1999.3339777   276.3745487
599.3623045   -1981.6282988   271.0201442
598.7107885   -1968.4499502   277.8219581
599.4470241   -1988.7150526   271.2268829
598.9812403   -1974.5355844   274.4850218
599.0540674   -1985.7192039   272.5616097
598.7234125   -2001.4853477   279.320389
599.0980836   -1978.1527519   272.7973163
598.5049401   -1972.1498489   277.260989
598.6404736   -1988.4530306   274.7707069
598.4864529   -1991.5733337   276.2114108
598.4924445   -1981.323123   275.2421498
598.5243521   -1995.2431917   277.2861719
597.8804944   -1997.2867966   280.4891169
598.4066795   -1978.022933   276.1322856
597.7699487   -1976.1482477   279.288888
597.7898273   -1980.0674915   278.6721885
597.5558744   -1984.3294621   279.4035673
597.5149195   -1986.4097834   279.6545923
939.0687617   -2066.6470528   270.8052695
937.4166401   -2063.4346008   274.5799124
937.5826987   -2068.3972836   272.0013559
935.7430013   -2071.1193085   272.9947269
934.9611076   -2067.3203468   275.9134471
934.0319308   -2064.3119812   278.1499624
934.3451532   -2075.3264427   272.2661197
933.333424   -2070.0573921   276.6567171
932.8439208   -2073.2884407   275.6559551
933.3457621   -2061.576128   279.8331082
932.8735443   -2078.7830353   271.7505097
931.7223402   -2067.2414303   279.6359658
932.1935149   -2076.4434338   274.6246159
931.0468706   -2071.0914135   278.8133919
931.1008724   -2081.651926   272.0601261
930.6510957   -2079.1487694   274.9145031
929.8786493   -2075.4494667   278.1833112
928.6380383   -2082.8566551   275.0216424
928.678927   -2079.4672966   277.4064541
926.9477995   -2078.1607628   280.3072035
927.593288   -2088.2124901   270.8762884
926.9448193   -2087.0604515   273.707211
926.9529255   -2081.6063881   278.329283
925.3301593   -2085.43396   277.8860629
925.6089004   -2090.3666019   272.046864
924.0087243   -2089.8945332   275.7944465
923.547742   -2092.5142765   273.3355165
922.793028   -2088.5543823   279.0338993
922.2024056   -2095.138073   272.2589374
920.9748777   -2094.0930843   276.181221
921.4994284   -2091.3007259   278.5396874
920.7071038   -2098.0241299   270.6901133
920.0617345   -2096.914053   273.8627195
918.8124808   -2094.7153568   279.3429494
918.2902845   -2097.4049568   276.540339
917.8442629   -2099.8644829   273.4291255
915.9845682   -2103.2598019   271.02229
916.0751971   -2097.6269245   280.2343965
915.8525141   -2099.9667645   277.0192325
914.2660173   -2102.6160717   275.332123
912.5264259   -2102.1962166   279.3872058
912.7085777   -2105.8192253   272.0824182
911.6412374   -2105.0488949   275.4953206
909.9649163   -2107.2506905   274.192661
908.5445675   -2106.5895557   278.1655788
909.508762   -2104.5372486   280.4870009
908.7359878   -2109.9090576   271.3959813
906.8182679   -2111.6902828   271.256268
906.9133671   -2109.5046997   275.3891051
904.7109457   -2109.1675758   280.3330421
904.4931503   -2111.4616394   275.9549022
903.0838879   -2114.0470505   273.0540633
901.9119712   -2112.5621796   278.5343826
900.6082686   -2116.900444   271.6482282
899.8769494   -2116.0123348   274.9558985
898.839471   -2114.9740219   279.3661356
898.2959362   -2118.5722351   272.2891271
896.7494341   -2117.5305843   277.7760625
893.2966264   -2121.0141182   276.2000263
892.4432369   -2122.961998   272.1991539
890.4154273   -2123.1546402   276.0430872
889.4465538   -2123.4989166   277.1425247
890.4734226   -2124.6232986   270.8281577
890.2389082   -2123.8701344   274.0905583
887.921867   -2126.0018349   271.7381418
889.4889327   -2123.8641739   275.8121789
889.7834393   -2123.5070229   276.3318121
887.5229927   -2125.2629757   275.4446566
886.035082   -2124.7980595   280.4629207
884.1399821   -2127.8326511   273.2661664
884.9659237   -2126.5904903   276.443243
882.0716413   -2127.9251575   277.9138088
880.0806376   -2129.6589375   274.8961151
880.1577958   -2130.399704   271.7241347
877.9959651   -2129.7745705   279.9614668
875.8403631   -2133.2256794   271.3354826
874.6837648   -2132.4512959   276.5147984
872.8118809   -2135.1070404   271.3670135
873.5144707   -2133.8887215   274.0373909
872.6673695   -2133.6688995   276.6349614
869.265345   -2135.2915764   278.3567905
870.9566566   -2135.8113289   272.9668319
868.0401417   -2136.619091   276.3759792
868.1580397   -2137.9187107   271.8349099
865.213898   -2139.4097805   273.2635736
865.6577738   -2137.7203465   277.7882516
862.5233742   -2141.8421268   271.2419629
862.5312718   -2140.3353214   275.9330869
859.8782393   -2142.8554058   273.4880447
857.8817519   -2143.1732178   276.5984535
857.9845401   -2144.1671848   273.3790874
855.5675419   -2145.9980011   272.8679478
855.8936986   -2143.3849335   279.810369
854.2020889   -2144.9005604   278.7423134
853.5745116   -2148.052454   270.7794607
853.0929955   -2147.1970081   274.2624283
850.6121012   -2149.2955685   272.9977369
848.6009213   -2149.548769   276.2530446
846.2291034   -2152.2762775   272.7473974
845.6869098   -2150.5625248   279.1089118
844.857541   -2152.0879269   276.0019898
842.7824648   -2154.0100574   274.1544247
841.1227884   -2153.7232399   278.5515785
842.3333438   -2155.402422   270.7479
839.4169929   -2156.4228535   273.0619311
837.5133546   -2156.1763287   277.6194215
835.472432   -2158.9379311   272.45152
835.2958383   -2158.0195427   275.8802176
835.8837339   -2156.8660736   278.5739303
833.2746746   -2158.4010124   278.4411311
831.2716158   -2161.2896919   272.5542188
829.663259   -2161.0734463   276.2900293
830.1233771   -2159.7306728   279.9212337
828.447816   -2163.3720398   270.8763182
826.7511549   -2161.7841721   279.3923616
824.7311237   -2164.2985344   274.5094597
823.4564485   -2163.8934612   278.2638967
822.5613507   -2165.872097   273.0819583
820.418519   -2167.6802635   270.8542049
821.8122991   -2165.5862331   275.3871083
818.9321133   -2166.8756008   276.0204375
816.671771   -2169.1150665   272.2652256
815.8374401   -2167.6678658   278.6130011
813.1577941   -2169.6233749   276.2581408
813.994986   -2170.7434654   271.287322
811.5301105   -2169.5628166   279.2001665
810.089496   -2171.5707779   274.5093703
808.5067096   -2173.1114388   271.7840374
808.1208142   -2171.4487076   277.8763175
805.4139587   -2173.771143   273.8253474
806.3158365   -2174.1120815   271.5469301
804.327664   -2172.9233265   278.2325745
801.4984103   -2175.7071018   272.2069621
800.4583242   -2174.8707294   276.2972116
801.0824146   -2173.617363   280.3117931
796.8024286   -2177.5257587   270.9075809
797.7503958   -2176.4407158   273.7116814
797.0191064   -2175.0361919   280.0294459
794.3084659   -2176.7296791   276.1355937
792.3892411   -2178.3611774   271.815449
789.6205308   -2177.9668331   275.7097483
788.3773717   -2177.6003838   278.8882852
788.6379036   -2178.8694859   272.8937268
784.0536507   -2179.9764633   272.1005976
784.0669128   -2179.0964603   276.0509849
783.1096473   -2178.6820889   279.7632515
780.842823   -2180.1109314   274.3058205
779.6071293   -2179.857254   276.9262195
776.6619148   -2181.0719967   273.4865546
776.439515   -2180.2716255   278.319627
772.4284502   -2181.9925308   272.926569
772.1506479   -2180.8829308   279.8454762
770.3871699   -2181.4885139   277.6308954
766.7107406   -2182.6632023   273.6888528
768.0541398   -2181.9405556   277.0115137
767.0180323   -2183.1855774   270.7579732
762.6980367   -2182.5289726   277.8649628
761.2974169   -2183.604002   271.5921998
763.0381557   -2182.9295158   274.8642862
759.9515142   -2182.9144955   277.0115137
757.4344101   -2183.1328869   276.9859731
754.7780993   -2183.6807728   273.870945
754.3105605   -2183.0480099   279.5519829
750.5261423   -2183.5887432   275.7667005
750.3143968   -2184.1204166   271.7435956
749.3000897   -2183.2904816   278.9545655
745.9113421   -2183.3605766   277.680099
745.5623867   -2183.7682724   273.8482058
744.8818209   -2184.1266155   270.9532976
743.6690154   -2183.1693649   279.7685564
740.7883825   -2183.8004589   271.3573277
740.1564094   -2183.2976341   275.1082182
735.0726696   -2182.6739311   275.0414908
737.1698739   -2182.7931404   277.2645354
736.6469326   -2182.6040745   279.5886099
731.8973663   -2181.9658279   277.5499821
728.7975373   -2181.6182137   273.5056281
728.8861992   -2181.2796593   278.5201967
724.0219685   -2180.2031994   274.8905718
724.1215678   -2180.7878017   271.2015808
724.5824458   -2180.0749302   279.1163623
721.8987914   -2179.2685986   277.2447467
718.4521528   -2179.0406704   271.7563808
719.4696935   -2178.6370277   275.5204737
719.4502624   -2178.2944202   279.0996134
717.0845988   -2177.1728992   280.5090845
715.8355834   -2177.2174835   275.8509219
714.1194092   -2177.4878502   272.0584869
711.1040624   -2176.981926   270.5389261
711.7878246   -2175.6629944   275.4225731
710.1996737   -2174.0283966   279.9419463
708.8208767   -2174.0777493   276.4507234
706.7112448   -2175.0323772   271.3640034
706.9696756   -2172.3852158   280.2511454
705.1816406   -2172.2989082   276.4981985
703.4774693   -2173.4719276   271.6199458
702.1392407   -2169.9430943   279.5904279
701.8420296   -2170.9291935   275.6138146
699.0536573   -2170.447588   273.4866738
699.1024064   -2168.9751148   277.0320475
699.0973475   -2168.2257652   280.2440524
695.0470107   -2169.9769497   270.6754506
695.860249   -2166.6855812   279.0681124
695.0544315   -2167.6266193   275.0478387
691.8409141   -2165.3912067   275.9184241
692.4521374   -2164.6633148   280.1060081
691.939828   -2167.0782566   272.6869881
691.5236907   -2168.1439877   270.7725167
689.3670606   -2162.9755497   279.6161771
689.0280964   -2164.9429798   273.4811008
687.4203952   -2162.7354622   276.3415575
686.2537759   -2161.3123417   279.0955305
686.3667788   -2164.8972034   270.7971334
684.8713057   -2162.7621651   272.8975415
683.524889   -2160.3348255   276.4257193
682.069947   -2160.9697342   272.9333043
680.6368949   -2157.9539776   279.0074646
679.275048   -2158.4289074   274.4430602
679.5854317   -2160.651207   270.9338069
677.0811426   -2155.8566093   277.9969573
676.8264668   -2158.7710381   271.1592019
674.700168   -2155.8556557   273.6122012
673.1202277   -2153.2692909   278.2026827
670.7217517   -2154.8364162   271.1479664
671.2586629   -2153.2156467   274.5054364
668.9040931   -2150.5548954   276.8878341
668.4170561   -2152.1241665   272.9272544
666.8628576   -2148.5552788   280.4607749
665.7485636   -2149.5602131   274.0329802
665.0450053   -2147.7737427   277.0858109
665.4039072   -2151.5188217   271.0854709
663.362992   -2146.0726261   280.0460756
