-657.512757   -2635.1940632   276.8071592
-659.9144665   -2637.0337009   273.4836042
-659.671518   -2635.0586414   278.9000273
-663.0027024   -2636.5392208   277.3524225
-664.7085873   -2638.5705471   273.1025517
-667.3670737   -2638.023138   276.6408324
-671.2661711   -2639.7101879   275.0684619
-671.7227427   -2638.5223866   278.4024477
-671.2777344   -2641.2694454   270.9314823
-675.4191843   -2640.6643391   275.5923867
-675.1515595   -2642.5204277   270.6485391
-675.0781266   -2638.7555599   280.0290287
-677.9967276   -2640.5994892   277.4074674
-681.2604395   -2640.3553486   279.9685299
-677.9664484   -2642.8289413   271.9564438
-680.6013314   -2642.0829296   275.5745649
-685.7672659   -2643.9809799   274.3263245
-685.493323   -2641.505003   279.7909975
-687.639567   -2646.075964   270.6322074
-686.8134467   -2643.0523396   277.0338953
-689.9714199   -2643.7458992   277.1660388
-689.9698702   -2645.9248066   272.369355
-692.5561158   -2647.383213   270.5314159
-693.8309399   -2645.3938484   275.5452096
-693.3465926   -2643.6965466   278.971374
-697.9002682   -2648.0078697   271.9353437
-697.1959797   -2645.1659203   277.6031196
-698.0887381   -2646.771431   274.6345699
-700.2238957   -2645.3332901   278.6135375
-702.8345791   -2647.0079422   276.271224
-705.0211159   -2645.8995342   279.4595063
-705.6557862   -2648.5900879   274.2312253
-707.1184842   -2650.0632763   271.8838453
-709.1625658   -2647.372961   278.1791091
-710.1794211   -2648.8125324   275.709331
-711.6787163   -2650.698185   272.566855
-713.0688158   -2648.1442451   278.2315612
-713.5131089   -2650.4032612   273.9275992
-715.1164738   -2652.0168781   271.4200318
-716.7607275   -2648.8847733   278.2640457
-717.1675888   -2650.9823799   274.3062079
-717.9175345   -2652.7237892   271.233201
-719.8693482   -2648.7092972   279.8239887
-720.2415196   -2651.2570381   275.0375569
-720.968577   -2649.9319077   277.8818011
-720.1599804   -2652.7197361   272.1954584
-724.0507332   -2653.9318562   271.5033293
-722.4014727   -2649.1761208   279.8920274
-722.6483551   -2651.9625187   274.653852
-725.1345841   -2651.293993   276.9091725
-725.2491442   -2649.733305   279.899776
-727.601978   -2653.501749   273.7412453
-727.5300948   -2655.1139355   270.7236409
-728.5723416   -2651.4894962   277.8566778
-730.972263   -2654.309988   273.5719979
-733.0884663   -2652.0371437   278.5148621
-732.7450243   -2653.1739235   276.3302326
-734.2251269   -2655.0459862   273.4941244
-735.7985703   -2656.1813354   272.0507085
-736.5779606   -2653.8887024   276.4420807
-739.5283905   -2655.9698582   273.825258
-740.4495207   -2654.2849541   277.1207988
-742.8571907   -2653.4347534   279.4604599
-742.7595583   -2656.1441422   274.6654749
-743.5993878   -2658.2961082   271.1904943
-745.8178727   -2654.9139023   277.8698504
-746.0939614   -2657.5024128   273.5061347
-748.5543219   -2656.0974121   276.7599225
-749.1795746   -2658.5879326   272.6629674
-753.4899441   -2658.0331326   275.0440538
-751.5904633   -2655.7953358   278.3360183
-753.0955998   -2659.7366333   272.0009685
-755.9437481   -2655.7180882   279.9736559
-754.4619767   -2656.7320824   277.6606083
-755.5541722   -2659.8441601   272.5993991
-756.8142144   -2657.4010849   277.307719
-760.5483261   -2661.801815   270.9027529
-760.5210272   -2659.5113277   274.8681903
-759.8839728   -2657.1054459   278.9067924
-763.5829178   -2659.2926979   276.3280869
-763.7473074   -2660.9764099   273.447305
-767.0707432   -2658.1907272   279.5217037
-767.2747103   -2659.7268581   276.9371271
-770.1937882   -2661.3237858   275.1781642
-769.4134442   -2663.2089615   271.638602
-770.1172558   -2659.4369411   278.4719169
-772.3223893   -2663.3064747   272.6366818
-773.0055777   -2659.0127945   280.4181874
-775.5659548   -2662.0795727   276.0959566
-776.0884491   -2664.8461819   271.573633
-776.2156454   -2660.8295441   278.6029279
-780.6302039   -2664.485693   274.3626237
-781.7325322   -2666.7375565   270.8963454
-780.6999413   -2662.2357368   278.3554494
-785.5946747   -2664.1032696   277.6781321
-784.2222182   -2665.1902199   274.9784291
-787.6928774   -2666.5930748   274.2972672
-788.5005204   -2668.697834   270.6541717
-792.2013728   -2666.6543484   276.9009769
-791.0159556   -2668.4427261   272.610873
-793.5934988   -2668.5297489   273.9458084
-796.9279019   -2667.0463085   279.1912258
-796.2178913   -2670.4206467   271.5297043
-796.4813439   -2668.6711311   275.5197883
-800.1746861   -2670.5338955   274.1226256
-800.4934517   -2669.1644192   277.3125768
-801.3553349   -2667.9973602   280.4778218
-803.0309407   -2670.5710888   276.1709988
-805.0068346   -2673.1536388   271.0851729
-804.6239344   -2671.9586849   273.9560604
-804.6922413   -2670.0663567   278.4641385
-808.5609404   -2672.604084   275.6520212
-809.7963063   -2674.8712063   270.5434561
-812.3042313   -2673.8786697   275.5736411
-814.0723435   -2676.0094166   271.1551785
-814.1773669   -2672.9807854   279.1506052
-816.0323826   -2675.8852005   273.2766569
-816.1085574   -2674.0627289   277.8669
-820.6877438   -2676.4001846   275.547415
-819.9071614   -2677.303791   272.5953162
-819.8321787   -2674.5634079   279.5317173
-825.4755465   -2676.5618324   278.8173556
-822.8428093   -2678.1804562   272.6947069
-825.7263628   -2678.4598827   274.0592659
-828.2223669   -2678.3223152   276.3461471
-828.1552521   -2676.7635345   280.5195451
-829.6568123   -2679.9225807   273.3386755
-832.6960532   -2679.3920994   277.0723999
-835.3950707   -2681.6492081   273.2034028
-836.2546889   -2679.5413494   279.6219885
-838.9981715   -2681.0667515   277.7190208
-840.0715319   -2682.4429035   274.838537
-843.6108557   -2682.7485561   276.9731581
-843.1993452   -2681.4746857   280.1086903
-844.4525925   -2684.3602657   273.2668817
-845.5739943   -2685.406208   271.366328
-847.276899   -2682.888031   279.6756327
-845.7252709   -2683.6669445   276.2562633
-848.6042944   -2685.331583   274.2008269
-851.4029709   -2684.6826077   278.3524096
-854.014012   -2686.6257191   275.4179537
-854.3030945   -2685.5962276   278.3743739
-856.1125723   -2688.8861656   271.0496187
-857.0673195   -2687.8256798   274.7685611
-860.1147858   -2689.4009113   273.1692493
-859.8617045   -2688.0955696   276.4813304
-862.0515791   -2688.0612373   278.6062956
-864.200565   -2691.2786961   272.2496986
-862.8363339   -2689.7566319   274.877876
-865.453693   -2690.0541782   276.7407
-868.4675423   -2690.7672882   277.8620124
-868.3217493   -2692.5115585   273.07868
-871.5909449   -2692.8064823   275.4130661
-872.1475331   -2694.5645809   271.024406
-871.3208167   -2690.9868717   280.1458836
-874.2603985   -2692.0249462   279.8212171
-876.5085665   -2694.9694157   273.0585635
-877.5955168   -2693.4883595   277.9856026
-881.1007468   -2695.2030659   274.6986449
-882.3270527   -2693.9723492   278.6555886
-885.3153912   -2696.1979866   272.8525996
-885.4807345   -2695.1682568   275.9393156
-886.1139742   -2693.7997341   279.7969282
-889.1259161   -2694.5226192   277.8580785
-890.3081147   -2695.8291531   274.0519345
-889.4397942   -2696.7163086   271.2557018
-892.0381991   -2695.0237751   276.0335505
-892.8193776   -2693.5882568   279.7335386
-893.5899464   -2696.0132122   272.6704478
-895.651075   -2694.4694519   276.4254808
-897.4095313   -2692.8868294   279.9105942
-897.3171441   -2695.605278   272.2307742
-900.2299038   -2693.6199665   276.471734
-901.2392489   -2694.6396828   272.9179263
-901.5269009   -2691.7922497   280.5092335
-903.4479586   -2693.4454441   274.6828794
-904.7682015   -2691.6892529   278.262496
-904.2761055   -2694.5290565   270.9197104
-906.6316811   -2692.4185753   274.7209072
-909.5697132   -2689.5859241   279.2164385
-910.0796906   -2692.024231   272.3330855
-913.5671584   -2688.3471012   278.1603336
-912.7068249   -2690.1819706   274.4257152
-915.7714573   -2686.5916252   280.3649604
-916.465613   -2688.8401508   273.7829089
-917.3674313   -2686.8906021   277.6806653
-920.1315371   -2685.0457191   279.3503106
-920.6000296   -2687.6978874   272.2663581
-921.0871188   -2685.9025955   276.1151195
-924.3100611   -2683.4878922   278.8049579
-924.7694937   -2685.7643127   272.737354
-925.4016606   -2684.2038631   275.8787274
-927.3363081   -2685.7032776   270.6581652
-927.5872437   -2682.6782227   277.6305974
-928.8853136   -2683.5689545   274.4037509
-931.9991795   -2684.2520237   270.6877589
-930.6771485   -2682.3980808   275.7928967
-932.7258793   -2680.0961494   279.8573971
-933.8423935   -2681.8985939   274.9603391
-933.8903157   -2680.6910038   277.7061164
-936.1372916   -2679.255724   279.8515558
-936.2979857   -2680.4821491   276.9746482
-937.5570742   -2681.8740368   273.3379304
-939.3448559   -2679.5353889   277.9613137
-941.2408797   -2681.4615726   273.0921209
-942.292544   -2678.3382893   279.9081504
-942.8546158   -2679.5043945   277.1500647
-944.1417185   -2681.7872524   271.7038989
-946.4665381   -2627.2721291   278.6469162
-944.6805445   -2680.598259   274.318397
-946.0426299   -2678.8942814   278.008014
-947.0660416   -2681.9164753   270.7804143
-949.4026629   -2679.9964905   274.8545706
-950.1356808   -2628.2045841   275.6726742
-949.5123354   -2626.9936562   272.5674212
-950.3925768   -2678.7333488   277.6603699
-950.9656159   -2681.3607216   271.1315751
-950.4528967   -2629.3673515   278.8358331
-952.955815   -2679.6522141   274.8845518
-953.0389038   -2628.6969185   272.4046111
-954.8161951   -2678.1213284   278.0427337
-954.7003237   -2630.4686069   275.5205035
-956.3441006   -2632.0357323   277.7114511
-955.4446665   -2680.4306507   271.7826962
-957.0560185   -2678.9853573   274.8369575
-957.7008215   -2630.8474541   271.5622783
-958.2911459   -2632.2250366   275.2143443
-959.4365088   -2677.1910191   277.9475451
-958.6778609   -2679.6686649   271.8165219
-960.2621523   -2633.866787   277.1315277
-960.8245818   -2678.4174442   273.9359736
-961.0599009   -2635.3132725   280.1633477
-961.7033926   -2633.6214542   273.8581002
-962.8962008   -2633.3465576   270.8024979
-963.7392489   -2675.5943298   278.8728476
-964.3524615   -2676.7435074   275.8422792
-963.8946978   -2636.5976334   279.6325088
-964.7477595   -2677.6680946   272.6347446
-965.1721445   -2635.1692677   272.9926407
-968.2957856   -2636.2469196   271.1230814
-966.2089077   -2637.014389   277.1797776
-967.9274289   -2674.6931076   277.8771818
-968.9184157   -2676.0091782   273.4280527
-968.2177035   -2637.3302937   274.8083174
-970.6548182   -2672.7969646   279.9835205
-969.9345557   -2639.0376091   277.0906687
-971.31941   -2641.1571503   279.7562778
-972.0627991   -2673.9125252   275.9982944
-972.2234932   -2638.99827   273.409158
-974.4915692   -2674.5145321   271.471709
-973.6262289   -2640.9547329   276.2014866
-974.7522799   -2671.6811657   278.5823941
-974.0706412   -2642.7946091   279.0741324
-976.5256373   -2672.8758812   273.8044262
-976.3273922   -2640.8779621   271.9728947
-976.762983   -2645.4513073   279.6999812
-977.0550457   -2643.5823441   276.4551044
-977.600309   -2642.5354481   273.7576663
-977.7041403   -2669.6133614   279.6705365
-978.4993855   -2670.8362103   276.4107883
-980.636212   -2671.7348099   271.4688778
-979.2421786   -2671.4782715   274.1668224
-979.922506   -2648.1246948   279.3094218
-980.1374403   -2646.4738846   276.7452598
-980.6035487   -2668.9858437   277.8507173
-981.5336195   -2650.6960392   280.2837491
-981.7982642   -2646.5013027   274.417609
-981.7175595   -2669.9516773   274.1116881
-981.9583622   -2667.3643589   279.1172564
-982.5622765   -2649.1179466   276.7699957
-983.6374251   -2666.7473316   278.0151963
-983.8810889   -2647.9403973   272.9613185
-984.2234579   -2652.2243023   278.1876922
-985.1960865   -2666.8674946   275.2589583
-985.8733145   -2651.4465809   274.5550871
-986.2886397   -2654.4091702   277.4775922
-985.1642577   -2664.1206741   279.1140079
-987.1897427   -2662.4028683   278.0036032
-985.7575623   -2664.908886   277.3896754
-985.558602   -2660.2931023   280.4944813
-986.9217602   -2666.5771008   271.9466686
-986.2491814   -2657.5655937   280.0601721
-986.5427939   -2656.1281681   278.5922289
-986.4134518   -2665.5290127   275.2255797
-986.5517346   -2663.5887623   278.2045603
-986.7926566   -2659.2385769   279.3189585
-986.8575064   -2660.4926586   279.1032195
-987.211558   -2663.8753414   276.3359845
-987.6707522   -2652.7364254   272.7161944
-987.1489731   -2657.9566002   278.1474888
-988.4203402   -2664.9532318   272.3407745
-988.148543   -2656.9395065   276.0443985
-988.4154526   -2662.3749733   275.2174735
-989.4284932   -2655.9889317   271.7557549
-989.2109362   -2658.9310169   274.1525173
-989.3091647   -2661.2679958   273.8339007
-485.5318991   -2411.6773605   272.3474503
-484.8835198   -2427.5486469   271.0868418
-485.2187363   -2421.533823   272.1794844
-485.6625525   -2424.8886108   274.0746439
-485.5029313   -2432.5621128   272.6037502
-485.3092162   -2418.5357094   272.377193
-485.8803479   -2415.7297611   274.1768956
-486.5936963   -2407.5269699   273.9822865
-488.0391089   -2401.6258717   271.4200914
-486.2912623   -2439.7690296   272.3258138
-486.0895602   -2436.2325668   273.683995
-487.3006073   -2404.2036533   273.7412155
-485.8356444   -2428.3173084   274.838239
-486.1788479   -2420.6666946   275.7219076
-486.3896099   -2432.1420193   276.6225338
-487.0289294   -2411.6148949   276.827246
-486.6304127   -2424.4952202   278.221786
-486.6851298   -2428.902626   278.6402106
-486.7227999   -2416.0635471   277.0849466
-487.8467051   -2445.7929134   271.617651
-487.5586954   -2439.021349   277.0652175
-486.9479863   -2418.9066887   278.7582576
-487.9220454   -2405.9758186   276.6601741
-488.5858027   -2443.8450336   275.7918537
-489.4293276   -2403.2211304   275.6848335
-489.4196717   -2442.6522255   279.3747783
-489.4582955   -2449.3618011   272.0755637
-489.8512093   -2447.7610588   275.0162184
-490.6657664   -2403.7432671   278.2860398
-489.6175591   -2402.2111893   274.2428184
-490.1461331   -2445.9052086   277.8737247
-492.480251   -2401.8054008   275.7761776
-491.2649123   -2451.6808987   273.8068104
-491.6680781   -2449.2673874   277.8448164
-492.3696247   -2454.6179771   272.5414634
-493.8784567   -2453.9628029   277.1775126
-494.1227166   -2457.1619034   273.0548382
-497.2461192   -2399.6770382   272.3816633
-496.1363999   -2402.2009373   280.283004
-497.4726168   -2400.4795551   275.5214572
-495.8557812   -2457.9660892   276.1786878
-496.6189591   -2456.3336372   280.274272
-496.6768948   -2460.2677822   274.2587924
-497.3041741   -2462.792635   271.8752623
-498.4583584   -2460.6273174   278.1653106
-499.5269505   -2464.2636776   275.4472494
-498.9484278   -2466.3808346   270.6006169
-500.2791611   -2401.6377926   279.5854807
-499.2475239   -2400.2306461   274.2709219
-501.70252   -2400.9394646   276.2367129
-501.1391369   -2400.0408649   272.5077271
-500.4293648   -2463.3793831   279.1304886
-501.4797179   -2468.9147472   273.6147046
-501.2221066   -2466.2878513   276.9050002
-503.7284819   -2402.0271301   280.1094651
-503.6785332   -2473.6242294   272.4269927
-504.594299   -2400.7461071   273.4508514
-504.1082827   -2469.6700573   279.5190513
-505.2785603   -2401.5727043   276.8938839
-504.9805371   -2474.1346836   275.3924727
-506.2162606   -2477.8971672   273.4168172
-507.8003136   -2402.6074409   279.6637118
-506.0851303   -2473.7606049   278.8645029
-508.5350005   -2401.7448425   274.9659419
-506.9571463   -2476.8798351   276.8465281
-507.5168339   -2481.7368984   271.9826996
-508.1239668   -2479.8247814   276.0843933
-511.4348856   -2402.0242691   273.3129859
-511.5798441   -2402.9998779   277.7289748
-509.8414151   -2485.4021072   274.0440667
-512.1055571   -2485.8875275   279.2603374
-514.1926733   -2402.4896622   271.6818154
-514.3482415   -2404.2198658   279.7003388
-515.2904717   -2403.5418034   275.9276927
-518.4893338   -2403.8593769   272.7991343
-517.0643059   -2404.7317505   278.6328197
-519.007775   -2404.8025608   276.348412
-519.6823803   -2405.9739113   279.5799971
-520.6519095   -2404.9005508   274.5762467
-522.1990076   -2405.0574303   272.695154
-522.742602   -2406.1837196   276.4790058
-526.6316859   -2406.6436291   272.8427947
-527.6814429   -2408.8151455   278.216213
-530.6187598   -2410.7387066   279.384017
-532.4824778   -2410.0265503   275.8416533
-533.6031643   -2409.081459   271.7959881
-532.8510729   -2411.7770195   279.1862786
-535.6744257   -2411.0343456   274.6867537
-535.7519118   -2412.8444195   278.4626186
-539.9661986   -2412.4188423   273.2976675
-539.1642777   -2415.0855541   279.5781791
-541.7784182   -2414.2744541   275.6634355
-542.8775278   -2417.2682762   280.2715302
-542.6119296   -2415.604353   277.3869932
-543.7253443   -2412.8961563   270.6231177
-544.8614088   -2414.5901203   273.4405696
-546.2391106   -2417.5007343   277.8315246
-548.0516879   -2415.7614708   273.0485499
-551.3931242   -2417.9375172   274.567306
-551.3199297   -2419.8899269   278.1638205
-552.4573056   -2416.7866707   271.3673413
-553.825709   -2419.5673466   275.6406963
-555.6204049   -2421.8952656   278.4228921
-556.4212529   -2418.1826115   270.7558274
-558.1890074   -2420.2198982   273.4408081
-559.3441454   -2423.8116741   278.8581252
-559.9884716   -2422.3482609   275.9091258
-562.1546236   -2425.0056744   278.6900401
-561.3032309   -2421.3101864   272.8253305
-564.1336171   -2423.4158993   274.2560506
-566.3984743   -2426.7053604   277.8137922
-566.5555922   -2423.1212139   271.3479698
-568.2239262   -2425.1685143   273.6065984
-570.077273   -2427.3400307   275.5265236
-570.2311722   -2429.0728569   277.9564857
-572.3665682   -2426.7668724   272.32337
-573.030564   -2431.7994118   279.1313827
-572.9839531   -2429.2578697   275.7605314
-576.7674176   -2429.404974   272.3382115
-576.2557713   -2431.7142963   276.1254311
-575.7956234   -2433.3872795   278.5882652
-578.3856837   -2434.7727299   277.8382897
-579.1144101   -2437.8530979   280.3119421
-578.03044   -2430.9313297   273.3623683
-579.6104399   -2433.0289364   274.646312
-580.6166855   -2431.2839508   271.2319493
-581.1215369   -2436.1801147   276.8741846
-582.6704232   -2440.0963783   279.1514099
-582.9299418   -2434.4830513   273.1497586
-583.7000338   -2437.4933243   275.7623494
-585.0995509   -2443.1772232   279.3693542
-586.9517056   -2441.078186   275.9967744
-587.1412484   -2437.2832775   272.1737623
-587.9192082   -2444.7548389   277.7847946
-587.7804486   -2447.8507042   279.9641192
-590.1409117   -2440.9427643   272.8084028
-591.2778107   -2445.4689026   275.1256824
-590.6562535   -2451.9984722   279.6689272
-590.3122155   -2448.6477375   277.9825628
-593.4604136   -2454.5724392   278.5485387
-593.5395686   -2443.1259632   271.3015676
-592.6891295   -2451.3301849   277.3391902
-593.8884941   -2449.0933418   274.8439908
-593.609306   -2445.6305504   273.0566263
-595.5409733   -2457.836628   278.8921893
-595.1229063   -2452.4252415   275.6456435
-598.0635611   -2455.8107853   275.0846148
-597.0957009   -2447.3302364   270.8036602
-597.644302   -2451.2212276   272.6247609
-598.4066454   -2460.0095749   278.0713439
-601.057264   -2453.4146786   270.9523737
-601.9311873   -2459.7723484   274.7376561
-601.8134085   -2456.6431046   272.3684609
-601.4395682   -2463.1233215   278.3386707
-604.0229527   -2466.5157795   279.9320519
-604.2390791   -2462.7850056   275.5888999
-604.7237841   -2465.0809765   277.611196
-604.2214362   -2458.3470821   271.6198862
-605.7996479   -2461.1773491   272.721529
-607.4697701   -2464.5636082   274.7597396
-607.2627036   -2466.7253494   277.4734795
-608.3085266   -2468.8744545   279.5414329
-609.56237   -2462.915659   271.3296413
-610.7403962   -2467.5683975   275.7718861
-610.2106301   -2465.2490616   273.341924
-611.3958088   -2470.1271057   278.9239287
-613.1901471   -2465.7726288   271.6592252
-614.4112078   -2472.2392559   280.2100182
-613.7401787   -2469.9892998   276.9263685
-614.6130291   -2468.5919285   274.2135525
-618.0119244   -2468.0798054   271.0794806
-617.5312725   -2471.0571766   275.9960294
-619.1218821   -2473.9713669   280.3012431
-621.5094057   -2470.8828926   273.1547356
-621.4643446   -2472.8076458   276.7369151
-624.561998   -2475.1992226   280.1046669
-625.1265732   -2472.3143578   273.7576663
-627.6588169   -2474.2028713   276.3397396
-629.7228066   -2476.3150215   280.1686227
-630.3453175   -2473.4101295   273.0272412
-632.1620671   -2475.7454395   277.317971
-633.384916   -2477.1347046   279.9402475
-634.1641871   -2474.6797085   273.4649479
-636.5387169   -2477.0419598   277.3812711
-639.0329329   -2475.8625031   272.2472548
-639.6831004   -2478.5900116   278.1705558
-640.2488676   -2477.4737358   274.9124169
-642.6703659   -2479.5100689   276.9931555
-644.783589   -2479.7749519   274.8880088
-645.9026066   -2482.1078777   278.8046598
-647.1780268   -2480.0117016   271.8878984
-648.2817856   -2482.408762   275.8783996
-653.0288187   -2484.7970009   272.9705572
-510.4039637   -2488.8601303   271.9341815
-511.7083517   -2487.4520302   276.6817808
-512.3736588   -2495.7706928   270.8498836
-512.4695031   -2491.1429882   275.1346827
-513.2220713   -2490.041256   278.0243158
-514.380428   -2499.835968   272.7435529
-514.2303435   -2496.0198402   275.4325569
-514.9911372   -2504.711628   270.6921101
-515.9272877   -2498.9187717   277.4584293
-515.8253638   -2500.7724762   275.7899463
-516.2672726   -2503.5624504   274.864316
-516.7199103   -2507.3959827   273.3475566
-516.6579214   -2510.7662678   270.848155
-517.3088042   -2502.4929047   278.3067524
-518.3905093   -2507.6556206   277.5785625
-517.7322356   -2510.0877285   274.1708755
-518.1296793   -2513.08465   273.1766701
-519.542071   -2511.015892   278.3172727
-519.4601742   -2518.5024738   272.9946673
-520.4930035   -2516.1106586   277.4139047
-520.6440417   -2522.9086876   273.1863558
-521.1153952   -2519.2587376   276.9235969
-521.9700066   -2527.1277428   273.7379074
-522.7869479   -2530.7030678   273.2402086
-522.6340023   -2523.5829353   278.0054212
-523.6756531   -2534.5597267   272.6168931
-523.6090151   -2527.7986526   277.6125371
-523.243281   -2529.6890736   275.2306461
-523.9948956   -2526.037693   279.9794376
-524.9840943   -2534.5089436   276.1059403
-525.0628916   -2531.6877365   278.6303461
-526.0992972   -2539.3898487   274.9487758
-526.1015622   -2541.2800312   273.3837664
-526.5328614   -2534.6395969   280.1774144
-526.941034   -2539.3648148   277.2174776
-528.4653632   -2546.0739136   275.7566869
-528.347942   -2550.5135059   272.0343471
-528.9348093   -2542.9792404   279.6836793
-529.5409886   -2550.3978729   275.4975557
-529.9586979   -2554.9070835   273.4999359
-531.033012   -2550.1580238   280.2506387
-530.8360783   -2559.2615604   273.1558681
-531.1500756   -2553.8470745   277.9789269
-530.989143   -2557.4839115   274.8603821
-531.9871632   -2562.9374981   274.1516829
-532.1660963   -2559.248209   277.4142027
-532.8663317   -2568.0019855   273.2839584
-533.1974951   -2571.5582371   271.5306282
-533.2588879   -2562.7031326   278.6270082
-533.7069956   -2567.3611164   276.5113413
-533.0342976   -2559.6725941   280.1849246
-535.0663391   -2575.8757591   273.5909522
-535.2945057   -2573.1198788   276.8341601
-535.0907771   -2569.5166588   279.3688476
-536.7740122   -2582.3435783   272.3678648
-536.7237059   -2578.6190033   275.8581936
-538.2704464   -2585.5715275   272.8216052
-536.8813006   -2575.2074718   279.7728479
-538.1644694   -2583.4777355   274.6670544
-539.1156403   -2582.171917   278.518796
-540.0399891   -2585.8426094   276.3911486
-542.2944752   -2589.2696381   276.9615054
-541.4015976   -2586.0004425   279.1469693
-542.9215161   -2593.2643414   273.37116
-545.1981751   -2596.8532562   272.5032866
-543.8827006   -2591.9752121   276.4480114
-545.2029435   -2591.3705826   279.2232335
-545.2446667   -2593.9018726   276.1579454
-547.8961197   -2597.4647999   275.0438452
-548.4388796   -2594.4757462   279.4586718
-550.0304428   -2600.2993584   273.5695541
-551.0883061   -2598.4778404   276.9853771
-553.0501334   -2601.9220352   273.9067376
-555.8087555   -2599.1125107   279.8207998
-554.7915427   -2600.9616852   276.5281498
-556.3465086   -2603.2791138   274.3051052
-559.1226546   -2601.9937992   277.8982222
-559.8383871   -2606.0922146   271.8983889
-559.3130318   -2603.6977768   275.4358351
-562.2126786   -2604.9134731   275.0405967
-562.837216   -2606.705904   272.3954618
-563.6133877   -2602.8251648   279.1084647
-566.2636486   -2605.3986549   276.2726843
-566.2307469   -2607.7234745   272.2290754
-567.7973954   -2604.0201187   279.3702781
-569.4709746   -2607.9659462   273.3409703
-570.9824292   -2606.369257   277.0296931
-573.7024275   -2610.0988388   271.3081539
-572.6400343   -2607.625246   275.6057978
-574.5055405   -2606.7049503   278.411299
-577.5404898   -2609.5292568   274.6841609
-578.3538548   -2607.5673103   279.1176438
-580.4152218   -2609.7178459   276.0482728
-581.1707703   -2611.6418839   272.351712
-581.3284842   -2608.3950996   279.4268429
-583.6593834   -2610.8279228   275.7942975
-584.2499463   -2609.7381115   278.6160409
-584.7043721   -2612.9136086   271.7317343
-586.7886273   -2610.4736328   278.8952589
-587.859842   -2612.3838425   275.2963901
-589.7326199   -2614.3293381   272.0055282
-591.1456076   -2612.3273373   278.0852914
-590.9063546   -2613.5308743   274.9272883
-594.5702521   -2615.6146526   272.7599144
-595.3732458   -2613.9101982   277.8983414
-599.0109173   -2616.9011593   273.4219432
-599.6360508   -2615.1545048   278.7838578
-602.803084   -2616.8079376   277.6539624
-604.4783322   -2619.3826199   272.0559239
-606.7741839   -2617.8221703   279.1084945
-606.28781   -2619.0490723   275.048703
-608.0165831   -2620.1832294   273.6295462
-610.5369059   -2620.4023361   275.891602
-609.621617   -2618.5019016   280.4622054
-610.5394093   -2621.4895248   272.5167572
-615.1246754   -2621.5336323   277.7917683
-613.8422219   -2622.9038239   271.8841434
-618.8295809   -2623.6305237   275.6150067
-623.8696305   -2624.5155334   278.6535919
-649.3606297   -2484.7517014   279.5048058
-651.9977776   -2485.5964184   276.8929303
-652.5221793   -2487.2906208   279.9575627
-654.6758143   -2487.9410267   277.4255276
-655.7496516   -2487.4505997   274.0218937
-657.9317776   -2491.0497665   278.5447538
-658.3775011   -2489.9432659   274.8323679
-659.2478482   -2489.0913963   270.8160281
-660.5221955   -2492.5124645   276.7830789
-660.3610245   -2493.6888218   280.0605297
-663.2692543   -2493.241787   272.7892995
-663.1390778   -2494.6057796   276.6080499
-665.6448571   -2494.4729805   270.8424926
-666.5582386   -2496.7782497   274.8537362
-669.1159932   -2499.4192123   276.0064602
-668.9446894   -2497.3533154   271.0418105
-671.9767777   -2500.8645058   273.8060951
-671.320769   -2501.6818047   277.3488462
-674.4574038   -2504.4534206   278.4144282
-674.804422   -2502.8555393   273.3972669
-675.8545367   -2504.3001175   275.2053738
-678.6260334   -2507.6181889   279.3664038
-678.284618   -2506.2248707   275.9161294
-677.2218672   -2504.0874481   272.0810771
-681.7356078   -2507.2231293   272.5992203
-681.9659201   -2508.7995529   276.8761516
-681.1864106   -2509.3944073   280.0409198
-684.1189591   -2510.8959675   279.7356546
-684.1984717   -2508.8717937   273.3232975
-685.6472222   -2510.6072426   276.3465941
-686.9342057   -2512.062788   278.9828777
-687.4386994   -2510.1900101   272.2867429
-689.3881289   -2512.2787952   276.0721743
-691.4570061   -2511.9907856   272.0347345
-692.0008389   -2513.9942169   278.0958712
-693.6809746   -2513.6065483   274.509728
-694.7526661   -2514.8324966   277.2576809
-696.4816777   -2514.2838955   273.157239
-700.1052824   -2515.7442093   273.8159895
-698.2087819   -2516.5884495   279.0578604
-701.5762059   -2517.04669   276.9283652
-702.5578944   -2517.9297924   278.9753377
-701.729509   -2515.4438019   270.557791
-705.7746378   -2517.04669   272.2845078
-704.6917406   -2517.7929401   276.3331532
-709.8910538   -2518.456459   274.05563
-708.1844536   -2519.2675591   278.637141
-712.4055354   -2520.1182365   278.6218524
-711.1376254   -2519.2670822   276.1228383
-712.7955882   -2518.7034607   272.5155056
-715.1390044   -2519.9172497   275.8105695
-714.069101   -2520.4942226   278.8051069
-718.5857026   -2519.8633671   272.9202807
-717.0870034   -2521.040678   278.776437
-718.6485258   -2520.550251   275.8012116
-722.1771208   -2521.5232372   276.9013345
-720.23091   -2520.5600262   274.5545506
-721.5429274   -2520.3521252   272.5532055
-724.1723267   -2522.9074955   280.5148959
-724.4991986   -2520.8785534   272.4716067
-726.9450156   -2522.7272511   277.7041197
-726.9185511   -2521.7278004   274.0257084
-730.2428214   -2522.8629112   275.8399248
-729.7026841   -2521.723032   271.9027102
-730.813357   -2523.9088535   279.2358994
-733.0239741   -2522.4769115   272.5596428
-733.8262526   -2523.7381458   276.6782045
-734.6086232   -2524.6961117   279.5757055
-736.7876498   -2523.8592625   275.3432393
-738.9533249   -2523.0705738   271.4565396
-739.8807732   -2525.0470638   277.785778
-740.7701937   -2524.2447853   274.672538
-744.9795929   -2524.0626335   271.9466686
-742.9746119   -2525.4144669   277.3772478
-746.0847823   -2525.6586075   276.488483
-748.9113537   -2525.8824825   275.6848037
-754.2916266   -2526.3588428   274.1878629
-756.4393011   -2528.3253193   278.9346874
-759.5988242   -2526.144743   270.848006
-756.9013564   -2527.2064209   275.3582001
-760.6943575   -2528.5818577   277.5079906
-762.274119   -2527.5633335   273.7553418
-764.206144   -2530.1678181   280.3973258
-765.3969256   -2529.0400982   276.5675187
-765.4989687   -2527.7180672   272.6819813
-768.3964697   -2530.7061672   279.971689
-770.5850331   -2529.5863152   275.8160532
-771.4273659   -2531.2740803   280.2635431
-772.3008124   -2528.1836987   271.048069
-773.9422051   -2531.0370922   278.6040604
-774.7084824   -2529.7706127   274.6621966
-775.2302615   -2528.8622379   271.8201876
-777.8937546   -2531.5341949   278.444171
-778.9025036   -2529.4928551   272.2132206
-781.7610232   -2532.6807499   279.9017131
-782.4576823   -2531.3766003   276.1002779
-782.6544968   -2530.2584171   272.8317678
-785.9607664   -2532.9258442   278.6096632
-786.5111557   -2531.6739082   274.9652565
-787.4844996   -2530.7180882   271.6757059
-790.3907029   -2533.3695412   277.2633135
-790.690395   -2531.5093994   271.9626129
-792.1759812   -2535.1498127   280.524224
-793.5336558   -2533.1070423   274.4492292
-795.64068   -2535.1808071   278.2325745
-796.0427729   -2532.4954987   270.7751691
-799.3714539   -2534.7886086   274.2815614
-798.8093821   -2533.5407257   271.3507712
-801.2220589   -2536.8697643   277.8853476
-803.3742634   -2538.2275581   279.27953
-802.7027575   -2535.0179672   271.8280852
-801.7241684   -2536.2360477   275.9577036
-805.9013811   -2537.6493931   275.7129371
-807.1924178   -2536.9434357   272.6418376
-806.4285246   -2539.1719341   278.9086401
-809.1702191   -2540.3785706   279.3747783
-810.8726469   -2538.9752388   274.3688524
-811.6665808   -2540.677309   277.8382599
-813.376042   -2539.0884876   271.9827592
-815.2559725   -2541.280508   275.806129
-815.0135008   -2542.3488617   278.6522806
-815.7268492   -2540.5473709   273.3202577
-819.1406456   -2543.8981056   278.1579792
-819.523069   -2542.0825481   273.0028629
-822.6997582   -2544.2013741   274.6664882
-823.528978   -2546.0639   278.408438
-825.1147   -2544.1029072   270.7982957
-826.2248961   -2546.4196205   275.7704854
-825.7924048   -2545.4075336   273.6180723
-827.447745   -2548.017025   278.2306969
-828.5013167   -2546.779871   273.2934952
-831.3322989   -2550.6160259   279.2361677
-831.0632435   -2549.6041775   277.0300806
-831.6595284   -2547.9977131   271.3118196
-832.0100037   -2549.0951538   274.0114033
-833.2315413   -2550.7891178   276.7081559
-834.9616257   -2552.738905   278.9796889
-836.3200156   -2551.9607067   274.3683159
-837.2148005   -2551.4185429   270.7922459
-837.6338211   -2554.0852547   277.7962089
-840.5171362   -2554.6112061   273.3336091
-840.2845589   -2555.5181503   276.5133679
-844.0468041   -2558.7499142   277.395457
-843.5717551   -2557.0402145   273.4203637
-845.8307711   -2560.8348846   279.147923
-846.5716568   -2559.4570637   273.3103633
-850.6040303   -2564.2707348   277.3232162
-849.3864266   -2561.152935   270.8284259
-852.8916565   -2564.8930073   272.7820575
-854.3206183   -2567.5518513   277.4287164
-856.0439078   -2567.5683022   272.2943425
-857.0952145   -2570.1072216   277.8480351
-859.339091   -2570.8823204   273.5842168
-860.088679   -2572.85285   278.4035504
-862.1034352   -2574.9979019   280.1567614
-862.4722687   -2573.8587379   274.4821906
-864.593002   -2576.3323307   277.007848
-865.9972874   -2578.1309605   279.7083557
-867.2116724   -2577.4197578   271.9836235
-868.0284945   -2578.9268017   275.8608758
-870.8606688   -2581.5558434   277.5805891
-870.7669703   -2580.6684494   273.1591463
-872.8394238   -2582.6427937   275.1036584
-874.1446463   -2584.1698647   278.3323824
-875.3140894   -2584.3067169   273.4602094
-877.8942553   -2587.2008801   279.6584964
-877.7265278   -2586.5695477   276.5481174
-878.9726225   -2586.7378712   271.0931301
-880.3125349   -2588.6232853   277.6099443
-881.5124957   -2589.0774727   274.8045623
-881.4923493   -2589.8115635   279.5165479
-883.0253807   -2589.7300243   271.3071406
-883.9498488   -2591.2225246   277.617991
-885.4026524   -2591.5095806   272.0728517
-887.5652281   -2593.6191082   276.6695619
-889.3133131   -2594.3014622   272.7401555
-890.7305924   -2596.5650082   280.3231478
-891.0066811   -2596.0764885   276.8090367
-892.648193   -2596.6515541   273.3572721
-894.1322295   -2598.4742641   278.2987058
-896.471831   -2599.1420746   272.9614675
-896.6850964   -2599.9383926   277.1601677
-899.2386786   -2602.3316383   280.4920971
-898.8244263   -2600.7435322   273.7718225
-900.2753226   -2602.16856   276.6879797
-902.1089999   -2602.7591228   273.1859982
-902.2915093   -2604.1698456   280.2509964
-905.652496   -2605.1726341   275.4553854
-905.0748078   -2604.3622494   271.7122734
-905.9380022   -2606.1172485   279.3439627
-908.9492289   -2606.695652   272.7602124
-908.8693587   -2607.3687077   277.3946822
-911.7133347   -2608.7441444   276.3777971
-911.6710154   -2608.0055237   270.9142268
-913.9239518   -2610.1703644   277.5830328
-915.5076472   -2610.2659702   273.0596662
-917.912337   -2612.4219894   278.1244814
-919.5412127   -2612.3201847   272.7097571
-922.6308791   -2613.7087345   270.9758878
-921.1513726   -2613.5442257   275.1198411
-922.4180905   -2614.8376465   278.2266438
-923.7893549   -2614.7108078   274.0822732
-925.435516   -2615.7975197   275.4714191
-927.2309271   -2616.2378788   272.6180553
-929.1827408   -2618.5712814   279.0495157
-928.8717238   -2617.8078651   276.7202854
-931.8635193   -2618.5953617   273.1155753
-932.5612513   -2619.5366383   276.0431767
-932.8644005   -2620.7942963   280.0771594
-935.4964224   -2620.0237274   271.445632
-936.3444773   -2622.0419407   278.3304751
-939.6528927   -2622.6513386   274.5419741
-940.7528368   -2624.7456074   279.8473537
-941.212031   -2622.7722168   271.6315091
-942.7615134   -2624.4211197   275.3717601
-945.621225   -2625.2074242   273.0773091
-620.8096472   -2624.6769428   274.5844722
-622.1586195   -2625.9336472   271.8951702
-624.2997376   -2625.9641647   274.4068801
-625.0853268   -2627.1219254   271.3111937
-626.6681878   -2625.7162094   277.9671848
-628.0266968   -2627.5758743   273.3260989
-629.9000708   -2627.2087097   276.6322494
-630.5286614   -2628.8380623   271.7553973
-632.0856539   -2628.4563541   274.8930156
-632.7113835   -2627.6931763   277.9313922
-634.9490611   -2629.6765804   273.7745345
-637.4606816   -2629.1670799   277.8138518
-639.3559901   -2631.6876411   271.4267671
-638.1407706   -2630.0768852   275.6557763
-640.323135   -2630.9192181   274.9859393
-643.2646243   -2630.5661201   278.5816491
-642.1252219   -2632.1365833   272.7273703
-645.7334486   -2633.0754757   273.0515897
-646.8159882   -2632.1816444   276.7927945
-649.7474638   -2634.557724   271.9879448
-648.5546557   -2633.3401203   274.7546136
-651.2940852   -2633.1994534   277.4883211
-654.3726651   -2634.7150803   275.562048
-654.2147128   -2636.0497475   271.4297175
-654.9831358   -2633.9509487   278.2850564
-656.9900242   -2636.510849   272.475481
