206.5358432   -1734.6224785   -156.2978923
204.363552   -1734.834075   -153.038457
205.0467106   -1734.3989611   -159.2380404
204.4640752   -1735.2352142   -150.7637203
203.4073444   -1734.4199419   -162.9952341
203.0688795   -1734.467268   -155.8416635
201.4779123   -1734.5482111   -166.1213487
201.1285099   -1734.1251373   -159.4146341
199.9100121   -1734.9703312   -169.3938076
198.7532648   -1733.9701653   -163.1317437
200.8025619   -1734.7271442   -153.454721
199.251947   -1734.3902588   -156.0285836
198.1071802   -1734.2268229   -166.6333228
197.1687051   -1734.0018749   -159.215346
197.7294954   -1734.8628044   -152.8004259
195.3163119   -1734.1839075   -169.2739576
194.1917809   -1734.5321178   -155.2272886
195.0437101   -1733.736515   -165.2107835
195.0895759   -1733.7788343   -161.8878096
193.9575943   -1734.7756624   -173.0947942
193.4349509   -1734.0377569   -158.773154
191.9943067   -1733.5892916   -166.8691784
190.4615732   -1733.6719036   -170.2052802
191.1417218   -1733.6627245   -162.8297567
190.4798123   -1734.2532873   -174.0971059
190.5677589   -1735.2784872   -177.2872508
189.5832988   -1734.9219322   -154.0005654
188.842115   -1734.223485   -158.3054662
188.06344   -1733.3345413   -166.4328873
185.1267787   -1733.9836359   -161.0271037
186.5052553   -1734.8461151   -179.878056
187.6001032   -1734.0354919   -175.8843809
186.8635686   -1733.407259   -172.6033539
186.2034174   -1733.1951857   -169.4191545
184.8491105   -1735.137701   -155.3075761
183.0045553   -1733.3216667   -166.9155508
183.4039363   -1733.1442833   -175.4189879
182.9379769   -1732.9694033   -170.6544012
181.8847033   -1733.3663702   -179.6779633
181.5847727   -1734.4254255   -160.6399417
179.7630163   -1733.4800959   -184.0581894
179.6248826   -1732.7250242   -171.8466282
180.4087731   -1732.6790094   -175.7803708
179.1929873   -1734.462142   -188.6799335
180.2273961   -1733.2992554   -168.1051999
178.837237   -1734.3212366   -162.9177779
177.3006292   -1732.2829962   -181.5885007
178.9624365   -1732.5057983   -178.5508245
176.7537566   -1733.6773872   -191.8320507
176.4240237   -1732.465744   -173.8711596
176.5064868   -1733.7683439   -166.9515222
174.22798   -1733.2463264   -169.9050814
176.3113412   -1732.3333025   -186.5962148
174.3512126   -1731.6282988   -179.3435365
175.9565743   -1734.2525721   -195.6232339
173.8688918   -1735.1020575   -204.9601227
173.7257811   -1732.0405245   -194.1420138
171.4880737   -1734.5778942   -165.4620916
172.0985743   -1731.7690849   -176.74914
171.5809079   -1732.5849533   -173.4625846
174.2769154   -1731.5945625   -189.4012839
173.1745275   -1730.9155464   -185.6894642
172.8823455   -1732.2075367   -198.3338892
171.4782687   -1730.5774689   -183.2305342
171.5621325   -1732.3585749   -204.0151954
171.1747023   -1734.60114   -214.3624425
169.5932122   -1731.1208248   -178.7632704
171.571252   -1730.158329   -189.6610409
169.580427   -1733.1779003   -171.3834703
170.3596386   -1733.8137627   -168.6329097
170.4621585   -1729.8618555   -196.1412132
170.3062626   -1729.5458317   -193.1159496
170.750496   -1733.0445051   -210.2355659
169.0981659   -1729.3874025   -186.6598874
169.4381209   -1729.4416428   -199.7714639
166.5815385   -1732.1389914   -175.0770956
168.1827279   -1728.5382748   -190.8379644
168.7387498   -1730.2157879   -207.4282616
168.1629988   -1728.7546396   -202.2833973
167.2684225   -1734.2163324   -168.1134999
165.8387455   -1729.4911146   -183.0989122
169.2599627   -1733.2133055   -217.6834047
167.748061   -1733.4256172   -224.0100801
168.6667772   -1731.2579155   -212.6602829
167.6544221   -1727.9427052   -196.1665154
166.8332788   -1730.9292555   -178.7701845
164.6743687   -1733.2769632   -171.6080606
165.9374508   -1726.8528938   -200.6819248
166.6596206   -1731.2794924   -221.7164338
166.7185994   -1730.5727005   -219.0283537
164.8316952   -1727.2459269   -190.2911067
164.05153   -1728.3927202   -185.3132993
166.5458354   -1729.7493219   -216.1567509
166.1317321   -1728.6493778   -213.0188048
165.9157547   -1727.8038263   -209.8822743
166.9373187   -1728.1440496   -205.6782097
164.3009754   -1725.9473801   -197.275877
162.0947989   -1734.5798016   -167.6858962
163.6400195   -1726.0000706   -194.4829524
165.2372452   -1732.164979   -229.2162031
164.9686965   -1733.762145   -233.2043946
163.7912067   -1725.4192829   -204.3395638
165.2137908   -1730.7425737   -225.9307653
162.5326546   -1732.0568562   -175.290674
162.1650728   -1730.3307056   -179.7003299
164.3505367   -1728.097558   -220.0697809
163.1515595   -1725.9253263   -215.4590487
162.6456054   -1733.6186171   -239.2639369
162.7742025   -1727.4757624   -225.4828066
163.4613248   -1729.2057276   -228.0301899
163.5157736   -1730.684042   -231.5920591
162.0824905   -1727.1082401   -188.2040948
162.734923   -1731.0591936   -234.8561287
160.0322696   -1733.279109   -171.9008684
161.17951   -1725.7026434   -191.9587851
161.4356907   -1733.44028   -242.6116467
161.3951596   -1727.2384167   -230.8346033
161.5668508   -1726.354003   -227.0348966
159.5405313   -1728.9147377   -182.6827526
158.4286662   -1727.5635004   -185.5372041
161.07246   -1730.7440042   -239.6283448
158.3756479   -1725.4372835   -238.2419109
158.9068445   -1730.5209637   -178.9535284
157.6488587   -1731.9768667   -175.27695
158.4683629   -1735.2377176   -165.4046923
157.6923402   -1734.2141867   -168.9862609
156.4907404   -1725.5333662   -189.6562129
159.4623896   -1731.282711   -245.9122539
157.9893502   -1726.5404463   -242.0410514
157.9763564   -1730.764389   -250.5755424
155.7693454   -1733.0492735   -172.300905
157.6936217   -1728.1937599   -246.7777431
155.3813192   -1730.173707   -179.3313771
154.6744975   -1728.6970615   -182.4057549
157.3229703   -1734.2313528   -258.1598163
156.6226753   -1730.8241129   -255.5475235
155.6356522   -1734.7854376   -166.9584811
155.1735672   -1726.1172533   -187.8761202
153.6467346   -1727.0592451   -185.4323596
155.4935845   -1726.0482311   -250.0854731
155.4920944   -1727.7359962   -253.6741197
155.5329236   -1733.3444357   -262.6848817
154.2181941   -1733.9429855   -169.4794893
154.1539105   -1732.0007086   -174.8017818
155.523506   -1730.9395075   -259.3006492
154.0138992   -1727.3192406   -257.8850985
151.1469754   -1725.3143787   -188.2570386
151.6995402   -1735.1343632   -165.2623415
151.7086001   -1732.7088118   -172.4496782
153.7057134   -1729.2238474   -262.065798
149.9710055   -1729.1779518   -180.1332533
150.4404815   -1727.2865772   -184.1690838
151.3727578   -1731.449008   -175.5428612
151.1583301   -1733.7368727   -169.5266813
151.9207331   -1725.9597778   -261.7001534
151.9706818   -1727.5924683   -264.3324137
147.3832997   -1732.0814133   -172.8139371
148.2888433   -1734.1020107   -167.8326726
147.833434   -1725.3831625   -186.9869083
147.8870483   -1730.3581238   -176.9253761
146.0568281   -1727.0853519   -182.9707325
146.1001011   -1728.6174297   -179.8784584
145.2955874   -1734.3223095   -166.419968
145.036486   -1733.1056595   -169.4953889
144.6628841   -1730.127573   -176.1045903
142.8216072   -1725.5575657   -184.4032407
142.9286274   -1731.9297791   -171.497345
142.9724666   -1727.8590202   -179.9147427
142.1146663   -1733.6804867   -167.2007143
139.1889425   -1730.4311991   -173.0979234
139.6929594   -1726.4891863   -180.9292734
136.8048462   -1726.9006968   -178.6838472
136.835632   -1729.0266752   -174.7953147
137.591389   -1732.1697474   -169.2681164
138.2142278   -1733.8157892   -165.9777761
135.0587877   -1734.5852852   -164.0394926
134.4634565   -1730.1418781   -172.0729172
133.4129544   -1732.4724197   -167.7957773
133.9163157   -1727.994442   -175.6718904
133.563486   -1726.4927626   -178.1840622
129.128662   -1732.9281569   -167.0167893
130.8691176   -1731.3885689   -169.4114357
130.8828565   -1729.3727398   -172.6665944
130.5885287   -1727.154851   -176.2992889
130.5670115   -1725.6324291   -178.9048165
127.7112933   -1730.240941   -171.1907387
127.3726495   -1728.1315327   -174.5362133
127.1176609   -1725.8993387   -178.1133115
125.0396641   -1733.8696718   -166.467011
124.4626912   -1731.6175699   -169.7021574
124.1281601   -1729.3697596   -172.9869694
123.8152357   -1727.2152901   -176.252827
120.7453879   -1733.7290049   -168.1179404
120.8421858   -1730.9150696   -171.6768295
120.5693158   -1728.6769152   -174.846679
120.1333078   -1726.2852192   -178.4188002
117.4244257   -1732.5000763   -170.9742695
117.8968521   -1730.2793264   -173.5456139
117.0933517   -1734.7704172   -168.4736907
116.722283   -1728.4355164   -176.4616072
115.6557175   -1726.1086702   -180.1433861
114.1111823   -1731.3418388   -173.9486456
114.0218648   -1734.4491482   -170.3989953
112.2605773   -1728.5711765   -178.2978177
112.4974462   -1726.0648012   -181.5000325
110.5718883   -1734.2153788   -172.5981086
110.2434071   -1731.5865755   -175.7510602
110.4705902   -1726.107955   -182.3824495
107.5085672   -1730.2069664   -178.9981723
106.9191071   -1733.9096069   -175.1805097
106.7233058   -1725.7660627   -184.994325
106.1516973   -1728.1352282   -182.3274344
104.0338548   -1732.6170206   -178.5522103
103.9279076   -1730.1496267   -181.4225018
104.1382524   -1734.4841957   -176.2330532
103.4338447   -1728.0240059   -184.3558699
103.2484146   -1725.9979248   -187.0227158
100.6613346   -1734.6460819   -178.4221828
101.2937697   -1732.1517467   -180.828765
100.1386615   -1730.7206392   -183.4669411
99.3691357   -1728.3943892   -186.9952977
98.0876061   -1726.0905504   -190.8944547
98.2767912   -1733.7198257   -181.0643077
95.7537266   -1732.4208021   -184.5465899
95.0527462   -1729.6501398   -188.7948066
95.5682667   -1735.1324558   -181.1273545
94.6057113   -1727.017045   -192.540437
92.4687358   -1735.1566553   -182.833761
91.3121971   -1732.6924801   -187.2054338
91.236678   -1730.0181389   -191.050455
89.8883017   -1727.0005941   -196.0877329
89.4274386   -1728.9552689   -193.6220974
89.0826853   -1731.8829298   -189.5794421
86.5792307   -1733.4800959   -188.0612224
87.1044668   -1731.0422659   -191.8049902
86.8302258   -1726.3796329   -198.8998353
86.7132219   -1728.8258076   -195.3109503
83.7253007   -1730.4577827   -193.9809918
83.2526954   -1732.3319912   -190.8284873
82.4173959   -1729.3368578   -196.2154061
83.2026275   -1726.4477015   -200.6173283
82.254556   -1734.1401577   -187.3996556
80.3888115   -1731.1089039   -193.3466643
79.4055136   -1732.8387499   -189.9141222
80.0982388   -1726.0223627   -202.3185641
80.4935964   -1727.7567387   -199.2969662
79.4323953   -1729.4769287   -196.3808089
78.0127915   -1734.4921827   -186.5009069
76.5247615   -1727.6331186   -199.6943355
76.9424709   -1730.1100492   -194.8854178
77.1225365   -1731.6244841   -191.9179261
76.8034729   -1725.3119946   -204.0284127
75.4262479   -1732.7840328   -189.2109066
72.9051503   -1734.0810299   -185.6041104
73.4834941   -1731.0287952   -192.0084059
74.0615996   -1728.4446955   -197.5218803
71.6070803   -1729.0751934   -195.2603161
73.4217437   -1725.900054   -202.6049048
72.3924311   -1727.1304131   -199.6526271
71.7454823   -1732.3019505   -188.605845
69.3704756   -1730.4404974   -191.1439002
69.8054703   -1725.6885767   -201.6454339
68.1398185   -1733.4388494   -184.7880781
67.3153075   -1726.6339064   -198.0879158
66.6114958   -1731.0547829   -188.4969473
68.9572962   -1728.9404869   -194.0542012
64.6628412   -1732.9133749   -184.0333343
66.3021477   -1729.4106483   -191.5733963
64.9755868   -1727.4166346   -194.94012
62.5267299   -1725.6350517   -197.382465
61.8841323   -1728.0367613   -191.714257
61.103073   -1730.0249338   -187.3272806
61.0958012   -1733.6685658   -180.8059663
60.4082616   -1726.2214422   -194.5800036
59.2876943   -1730.8821678   -184.5361441
57.4061545   -1727.0647287   -190.5789226
58.5381659   -1734.2352867   -178.2622933
57.5397285   -1728.8496494   -187.0999485
55.9429797   -1731.2781811   -181.6211194
54.8595461   -1734.0871096   -176.0355681
54.5711192   -1728.4543514   -185.4343563
52.664903   -1731.0048342   -179.5734465
51.9987615   -1728.7478447   -182.784155
50.852743   -1734.1271639   -172.9269028
50.4382523   -1731.3674688   -177.2207171
50.9636077   -1725.987792   -186.6202801
50.0598224   -1729.4830084   -179.767698
48.1143864   -1727.0805836   -181.6766858
48.6337217   -1732.4848175   -173.9329845
46.4149388   -1729.1967869   -177.0522296
47.3916801   -1733.8165045   -170.4836935
45.653251   -1734.8854542   -166.731447
45.9212335   -1731.7248583   -172.7783233
44.6287664   -1726.0923386   -179.7380298
43.2159575   -1732.2170734   -169.4832742
43.2400378   -1730.0972939   -172.9152203
42.7871617   -1726.7372608   -177.1484166
41.5609749   -1733.6249352   -165.1334167
39.631215   -1735.0255251   -159.7324461
39.0659245   -1728.3830643   -171.6454774
40.9092578   -1727.5850773   -174.31885
39.3601926   -1731.4127684   -167.1574265
37.8335985   -1732.5154543   -163.3152068
35.8167561   -1729.3502092   -167.1756208
34.7979935   -1726.8403769   -169.9724495
36.8979844   -1734.4889641   -157.334283
35.0549492   -1732.598424   -159.8352492
36.6575392   -1730.7305336   -165.5431092
34.2379483   -1734.739542   -153.2079428
33.2082184   -1730.4694653   -162.4153256
32.2745117   -1732.765317   -156.0554206
31.5398844   -1727.6642323   -165.9055501
29.4491323   -1734.1787815   -149.5043933
29.3871435   -1732.8144312   -152.8236419
29.0664705   -1731.0199738   -156.7718387
27.7382406   -1728.5182476   -160.7975215
27.1538766   -1726.2476683   -164.4601226
28.1966599   -1735.0227833   -146.2895721
25.572327   -1734.6901894   -145.1136619
26.1095437   -1730.8214903   -154.5975804
25.9362134   -1733.686924   -147.8168219
23.5915454   -1725.7168293   -162.5568569
23.2739123   -1731.1769724   -151.6538262
23.1391462   -1727.9402018   -158.2612246
21.8014392   -1726.3422012   -160.2731794
22.4151286   -1732.9671383   -147.1143365
22.0720442   -1728.969574   -155.4846466
22.1521529   -1734.5035076   -143.3577091
19.1048058   -1729.9551964   -151.7096758
19.8224457   -1731.5118313   -148.8547325
18.1002291   -1734.2247963   -141.8707371
18.74235   -1732.7152491   -145.6897408
18.352476   -1728.0846834   -155.056715
15.1715549   -1726.7187834   -155.9767872
15.103546   -1730.1034927   -149.5826393
14.4147547   -1734.3010902   -139.9783194
15.3494152   -1732.4955463   -144.6488202
11.6302045   -1735.0136042   -137.027666
10.6746229   -1726.0414362   -155.3239226
12.1124657   -1730.9316397   -146.7589885
11.0865506   -1732.3637009   -143.2217211
12.6027139   -1728.8703918   -151.0016918
10.5855139   -1733.6114645   -140.0780231
9.8841461   -1729.3649912   -149.1429359
8.1224116   -1727.2568941   -152.448222
8.2909139   -1730.9092283   -145.4542279
8.0723437   -1734.4391346   -137.1159554
6.4923438   -1732.2233915   -141.9123262
6.0006054   -1729.5662165   -147.4275589
6.0280236   -1728.0672789   -150.3458917
4.4039758   -1730.5401564   -144.900322
2.9061111   -1726.2426615   -152.6323408
2.3600134   -1732.7332497   -139.4024044
2.016333   -1733.9988947   -136.4873201
3.1934055   -1731.6938639   -142.0687139
2.1371516   -1728.8874388   -147.573024
-0.7378189   -1731.551528   -141.722694
-0.7624356   -1727.1544933   -150.3054947
-1.8695322   -1734.6633673   -135.4383081
-2.828273   -1725.4635096   -152.9357433
-4.3835369   -1730.2345037   -144.4366276
-5.449566   -1728.1683683   -148.3265907
-8.292648   -1727.1904945   -150.805369
-9.7763864   -1733.4375381   -140.802756
-7.2200485   -1732.7396434   -141.0440158
-7.5592724   -1729.4638157   -146.737352
-10.5011193   -1725.7343531   -154.1578919
-11.4620654   -1729.5842171   -148.3063847
-11.5079609   -1731.86481   -144.3344951
-13.1745068   -1728.5335064   -151.2614787
-12.9051534   -1735.1717949   -139.4996494
-14.7372214   -1727.2546291   -154.5538157
-15.1725737   -1733.4127426   -145.1318413
-15.8328144   -1731.6445112   -148.6984491
-15.4815046   -1734.9988222   -142.7174062
-16.9725744   -1725.4990339   -159.0123475
-17.6232783   -1731.3866615   -151.0248184
-18.8415972   -1728.6820412   -156.2767178
-19.0927712   -1734.4301939   -148.2135504
-20.4646913   -1732.8402996   -152.3195654
-20.8152858   -1728.3643484   -159.1099948
-20.9849206   -1726.3829708   -162.0051712
-23.3980743   -1734.5941067   -153.6548138
-22.911462   -1731.2157154   -157.7810496
-25.1601068   -1729.2488813   -163.3623987
-24.5780078   -1726.524353   -166.2459671
-24.4893757   -1733.7219715   -156.4471573
-26.0841576   -1733.079195   -159.583196
-26.8189041   -1726.2752056   -169.7140187
-27.5175301   -1728.5239697   -167.7351296
-29.9980966   -1734.5154285   -163.3817405
-28.0083147   -1730.7239771   -165.5476689
-29.2966095   -1728.1643152   -170.8609611
-30.1218954   -1730.6345701   -168.8738763
-31.0384361   -1733.2186699   -166.817531
-30.2344886   -1726.6983986   -174.3524522
-33.0773918   -1726.5353203   -179.1071743
-31.8965045   -1729.9597263   -172.5994647
-33.4521262   -1733.3182096   -170.1639891
-33.0058066   -1728.1835079   -176.7710745
-35.4984728   -1725.6165743   -184.4795048
-34.7680775   -1731.2554121   -175.2427667
-36.9344083   -1731.8078279   -177.9888719
-36.1935822   -1734.7587347   -172.2428352
-36.4476768   -1729.2320728   -180.9242666
-37.7998678   -1728.495717   -184.1738224
-40.2605263   -1728.0448675   -188.9352798
-39.2758576   -1731.9321632   -181.4401895
-40.2684537   -1734.8816395   -178.5081178
-39.9764506   -1730.4857969   -184.5942438
-40.3526155   -1725.5169153   -193.6521232
-42.6160423   -1732.935071   -184.5790893
-42.9512588   -1735.1902723   -181.6220731
-42.4857465   -1728.2954454   -192.0499057
-42.8033201   -1730.7450771   -188.190788
-44.7385637   -1728.5962105   -194.8707104
-45.5659357   -1726.7196178   -200.9682357
-46.4325277   -1728.3431292   -198.102653
-44.2678062   -1732.3826551   -187.5646412
-46.5920297   -1731.8763733   -191.1116689
-48.4249917   -1727.9164791   -202.584058
-49.293193   -1734.0164185   -190.457195
-48.8247005   -1726.1737585   -210.9284848
-50.5962697   -1728.0135155   -206.6750377
-48.6810533   -1731.5677404   -194.2891479
-48.728141   -1725.5686522   -214.4461721
-50.2595631   -1731.0603857   -197.3496079
-50.8447019   -1726.3946533   -217.3501402
-50.3603546   -1725.2999544   -224.2377698
-51.2243835   -1726.2171507   -220.753178
-52.2875515   -1730.5619717   -201.3709843
-52.994701   -1735.0634336   -192.4960166
-52.9496995   -1732.9158783   -196.7884898
-52.0154563   -1727.3870707   -214.0254974
-53.1548587   -1728.6007404   -210.4065716
-52.7848927   -1726.1517048   -227.7586162
-53.4518687   -1725.4236937   -232.1319878
-53.381118   -1727.083087   -223.8007188
-54.6180931   -1730.6178808   -205.4126114
-54.0699092   -1729.7177315   -207.6111734
-53.9613692   -1727.7680635   -220.2445865
-54.8194376   -1728.6405563   -216.9805914
-55.3685156   -1731.8373919   -202.9455453
-56.006941   -1729.6885252   -213.491872
-56.6220013   -1734.1502905   -198.8763511
-56.4740626   -1728.623271   -225.9257585
-57.0941297   -1728.2072306   -230.4135561
-55.5636016   -1735.2372408   -195.0831115
-57.1559397   -1731.1336994   -209.3909681
-55.9639064   -1728.6759615   -222.9105383
-56.2459556   -1726.4790535   -234.0799272
-57.2616187   -1729.6563387   -220.0771868
-57.2657315   -1725.7111073   -237.4501228
-58.6185781   -1730.7950258   -216.7564332
-58.9180914   -1733.1244946   -205.7862729
-58.9314429   -1730.3240299   -223.2260704
-59.9051443   -1732.0774794   -213.1961137
-59.5924584   -1728.2642126   -234.5954925
-59.5874516   -1735.165596   -200.9643018
-60.9054295   -1731.2341928   -226.9145548
-59.3564836   -1725.4847288   -240.1420474
-61.461362   -1730.6838036   -230.9400737
-61.8139235   -1733.9985371   -209.642306
-60.7816306   -1731.7676544   -220.2504575
-60.7201783   -1727.2371054   -238.1313145
-62.6672832   -1733.3875895   -216.595754
-61.9505373   -1732.3563099   -223.3390063
-62.7666441   -1726.662159   -241.0342842
-62.4876348   -1729.5267582   -235.4542911
-62.6923767   -1733.8850498   -213.0619586
-66.0638539   -1728.6919355   -240.4320389
-64.6323887   -1734.338522   -221.2099284
-64.2107455   -1733.5995436   -226.3940275
-65.2763573   -1731.5716743   -234.7819656
-66.7589632   -1734.5072031   -230.3159535
-64.389023   -1735.0527048   -212.8555477
-67.0249788   -1726.9337177   -243.9179868
-68.4734312   -1731.3958406   -238.7012988
-67.9752556   -1733.9781523   -234.1664284
-69.3464605   -1729.418993   -242.2469705
-70.7118241   -1728.0313969   -245.3664541
-72.5923506   -1727.224946   -248.1540591
-72.5089041   -1734.9241972   -237.9963547
-71.7131821   -1731.9530249   -240.980044
-72.4090067   -1730.2778959   -243.6857224
-74.2330877   -1729.691267   -246.0885346
-75.2547709   -1732.3037386   -243.6785251
-76.5450326   -1728.6874056   -249.6030927
-76.7329661   -1725.6145477   -254.9999654
-78.2422153   -1731.684804   -247.0617443
-78.2524673   -1727.5030613   -253.2072663
-79.2811839   -1734.9464893   -244.2749292
-79.9472658   -1725.507617   -258.8607073
-79.3341128   -1729.9021482   -250.5260408
-80.8505742   -1727.3960114   -256.1909854
-81.334087   -1734.3569994   -246.7214018
-81.846687   -1732.1858406   -249.857977
-81.6082088   -1729.7096252   -253.0797124
-84.3111006   -1727.0982265   -260.8113289
-83.6805431   -1729.2171717   -256.0673952
-85.5120746   -1732.3874235   -253.2135844
-87.4349204   -1730.5418253   -257.9691112
-88.1163207   -1729.0631533   -261.4798844
-89.194986   -1733.5209846   -255.4258108
-89.3610445   -1730.3873301   -260.4818344
-91.1536542   -1732.444644   -259.1164708
-90.63265   -1729.6565771   -263.4494305
-94.5055214   -1732.7342033   -262.6204491
-94.3334428   -1735.0178957   -258.7991655
-340.434703   -1733.948946   -565.118432
-337.2013298   -1733.1902981   -560.4839921
-332.9751817   -1735.098958   -559.1938496
-344.3452445   -1734.0766191   -569.3756342
-343.920025   -1731.0082912   -563.0276799
-344.4583742   -1732.3101759   -566.1151409
-340.801808   -1731.443882   -560.8895421
-348.8454548   -1733.2823277   -572.969377
-347.2183672   -1730.6556702   -565.5358434
-347.0849124   -1729.077816   -562.0751977
-343.6578242   -1728.8274765   -558.3586097
-346.9595043   -1732.2319746   -568.505168
-351.1811224   -1734.395504   -579.1674256
-349.7193185   -1731.107235   -568.9898729
-351.270291   -1728.4290791   -564.3799901
-353.5077897   -1734.9963188   -584.6835375
-353.1561819   -1730.7597399   -571.7961788
-354.1276184   -1731.7675352   -575.7188201
-354.3008295   -1728.8602591   -568.1795478
-355.9931842   -1731.9822311   -578.5622001
-355.2604047   -1727.3551226   -564.9541616
-354.5453874   -1726.1834145   -561.0160232
-349.4186131   -1726.9582748   -559.0683818
-357.2744457   -1730.3411961   -575.0353932
-357.9655615   -1728.8967371   -571.3511705
-356.5184204   -1734.4492674   -587.1708393
-357.5954763   -1732.7728271   -582.7476978
-358.1620184   -1727.44596   -567.1980977
-359.3641249   -1734.5389128   -590.9056067
-357.8614322   -1726.397872   -563.7796521
-361.0830037   -1730.7436466   -579.2536736
-363.1646959   -1734.8985672   -594.8086977
-361.1127464   -1732.2125435   -584.2477679
-361.7962924   -1726.3499498   -565.1725531
-361.9478074   -1727.6479006   -569.4704056
-362.2094122   -1728.9806604   -574.15241
-364.8134796   -1733.0325842   -588.085115
-365.3373448   -1731.2787771   -582.4503303
-366.8387858   -1729.6574116   -577.3386359
-364.3205491   -1726.9939184   -567.8639412
-366.2235466   -1726.4409065   -565.7405853
-364.4496528   -1725.3085375   -561.4053607
-367.2449914   -1727.8113365   -570.9004998
-370.5010144   -1734.0160608   -590.8519626
-369.4385616   -1732.1352959   -584.9802494
-369.2826954   -1730.8789492   -580.9965134
-370.1891629   -1726.9496918   -566.6151643
-369.3074314   -1725.7820368   -562.3363256
-371.4390127   -1729.321003   -574.7051835
-371.4850274   -1730.3745747   -578.4130096
-374.8844592   -1728.4306288   -569.7025061
-373.3020154   -1731.6436768   -581.8325877
-373.9773957   -1733.0592871   -586.1084461
-373.2028333   -1726.7439365   -564.2564297
-377.3332564   -1734.9272966   -589.6503329
-376.4447299   -1730.8086157   -576.9575834
-377.426478   -1727.4192572   -563.8839602
-374.117407   -1725.5837917   -558.6304665
-379.0551154   -1733.3505154   -583.3141208
-381.5107671   -1730.817914   -572.5246072
-380.8678714   -1729.1510105   -567.2692657
-383.0353347   -1732.9370975   -578.0457854
-381.711754   -1728.2947302   -563.180685
-379.5609204   -1727.0206213   -560.1348877
-384.6739856   -1734.9177599   -582.4434757
-385.3542534   -1730.9863567   -568.8405633
-384.1519085   -1729.5897007   -565.305531
-388.1594864   -1733.6419821   -574.0234256
-385.5816451   -1729.1879654   -561.6341829
-382.5503317   -1727.68116   -559.4239831
-387.7884475   -1735.2082729   -579.5074701
-387.0658008   -1730.709672   -565.521121
-390.0246946   -1732.709527   -568.2080388
-390.0480596   -1731.4305305   -563.5340214
-394.2356435   -1733.981967   -565.5852556
-393.648359   -1732.3409319   -560.3734851
-389.4991604   -1730.2811146   -559.7293377
-397.953066   -1735.1704836   -562.5414848
-397.3943917   -1733.8833809   -558.4971905
-116.0701243   -1731.9846153   -419.0115035
-112.9196016   -1733.2868576   -411.8840098
-117.2039238   -1733.5158587   -425.7325828
-118.6565486   -1733.2875729   -429.4387698
-119.4939343   -1730.3043604   -425.3959954
-119.5780364   -1728.238225   -421.6790795
-118.7653271   -1727.4821997   -418.0108011
-116.3248149   -1728.9491892   -413.6919379
-119.1101996   -1734.1775894   -432.8633845
-121.3888852   -1729.3696404   -428.6250174
-121.8901602   -1730.8664322   -433.0840111
-122.2832528   -1732.4011326   -437.5265241
-121.9516722   -1726.2291908   -424.1214395
-123.9050356   -1732.6821089   -442.1171546
-124.2180792   -1729.2252779   -435.4196489
-126.1190502   -1729.5378447   -440.1646852
-126.9707409   -1732.7245474   -448.45438
-126.5439121   -1731.2396765   -444.5974827
-129.37704   -1734.8270416   -457.0041597
-127.117428   -1726.3249159   -436.0637367
-131.0466854   -1726.6901731   -443.6272383
-130.5510727   -1729.388237   -447.7573335
-131.2563149   -1730.9606075   -451.7227411
-131.4254729   -1734.3086004   -458.9948058
-134.5908967   -1727.3898125   -449.6374428
-137.0506016   -1729.082942   -455.2698731
-137.1071068   -1732.5856686   -462.2331262
-138.3344261   -1734.2287302   -467.4804211
-142.2938434   -1734.6496582   -473.2672572
-143.3316199   -1728.459239   -459.9450231
-143.7109438   -1726.0242701   -456.1382532
-145.1069442   -1729.7554016   -463.8241529
-143.8261596   -1732.6513529   -469.2678452
-147.8939382   -1733.7124348   -475.8656323
-150.8346526   -1727.2597551   -462.9047215
-148.3115879   -1729.9205065   -466.5494561
-148.4486786   -1731.1093807   -469.2882001
-149.5374767   -1734.6583605   -480.386585
-151.8607465   -1732.853651   -476.4766693
-153.4176198   -1729.4338942   -468.6676562
-154.2219845   -1733.9912653   -481.3652337
-159.5714418   -1725.3801823   -464.1254246
-157.0992199   -1730.5949926   -473.21558
-158.8233439   -1732.4135303   -479.0344834
-159.5272151   -1734.5523834   -486.1668348
-159.7578851   -1728.5858393   -469.8788524
-164.9776427   -1729.8899889   -474.7098684
-163.3094875   -1733.9425087   -485.4112267
-165.430638   -1732.7628136   -482.2854698
-164.4078223   -1727.1733284   -469.1824615
-167.7839486   -1734.8393202   -490.4278517
-171.6873375   -1732.5973511   -484.2844009
-170.733246   -1726.8294096   -471.3941514
-169.6155993   -1731.1935425   -479.4892073
-171.2836949   -1729.4912338   -476.3905406
-174.800965   -1734.0568304   -490.0606573
-173.7253395   -1730.7354212   -480.0164402
-177.1712629   -1728.6481857   -477.2634804
-179.9565879   -1726.7011404   -475.1459658
-177.2332517   -1731.5477133   -483.5041761
-176.1696068   -1735.0782156   -493.8160479
-180.930349   -1733.8254452   -491.0687804
-179.8612801   -1728.7627459   -478.5483181
-182.2349755   -1730.8989763   -483.7180972
-188.2825223   -1727.9858589   -480.3712666
-185.1352183   -1729.3287516   -481.5535843
-186.9995324   -1733.6667776   -491.5057421
-185.9952537   -1732.2986126   -488.0171716
-190.6513301   -1735.0250483   -495.0495362
-190.3534261   -1730.4844856   -485.2600396
-193.0210916   -1732.441783   -489.4765019
-190.3289882   -1726.8282175   -479.4006348
-194.679114   -1725.6563902   -479.2018235
-193.2567684   -1727.5067568   -481.3201725
-196.405801   -1729.2034626   -484.7142994
-196.8361465   -1733.5247993   -492.3217595
-196.6560809   -1731.6315174   -488.7445569
-199.660155   -1734.7882986   -495.5565631
-200.3274886   -1731.07481   -488.6271358
-201.4265386   -1727.8997898   -484.1899872
-201.2929646   -1732.9844236   -492.2208786
-202.9623715   -1734.0666056   -494.7553575
-205.206546   -1725.6298065   -482.4211895
-204.2882172   -1731.8863869   -491.017729
-204.4482557   -1729.6788692   -487.5549376
-207.4005929   -1728.2222509   -486.3809049
-206.6808669   -1734.4824076   -496.6956973
-208.2701651   -1730.2722931   -489.6376729
-208.7430684   -1732.0657969   -492.7293956
-210.1076571   -1725.8610725   -484.0960205
-211.0880939   -1734.7407341   -498.78335
-211.7476789   -1733.1838608   -495.8383143
-210.9702555   -1727.8625965   -487.013787
-212.7127973   -1731.2833071   -492.7517176
-213.1581036   -1730.2846909   -491.3009107
-213.848087   -1727.2373438   -487.1008098
-214.40545   -1733.9912653   -498.5071123
-216.7751519   -1732.1019173   -495.8746433
-217.3766819   -1729.7575474   -492.1476841
-217.0305578   -1727.6374102   -488.8302386
-218.4951035   -1734.1039181   -500.6194115
-220.302674   -1730.039835   -493.9269423
-222.2301093   -1731.9117785   -498.1196821
-220.0493542   -1728.2379866   -490.955621
-221.5978829   -1725.3981829   -487.5491261
-221.1683122   -1734.9126339   -503.8107038
-222.9302851   -1733.4039211   -501.4354587
-223.8670913   -1728.1110287   -492.4883842
-224.1053311   -1730.0952673   -495.9099293
-225.7591812   -1734.038949   -504.3856502
-226.3900963   -1731.6563129   -499.8619258
-228.4171907   -1734.9556684   -507.7189207
-227.25341   -1728.0436754   -494.1680729
-228.1697122   -1726.1346579   -491.5720522
-229.4199792   -1729.0735245   -497.0187843
-231.0936777   -1732.4844599   -504.0497184
-230.0653783   -1730.7817936   -500.3613234
-231.2075225   -1726.0073423   -492.7862585
-234.603676   -1728.7906408   -499.2574155
-233.2167951   -1726.9643545   -495.4636395
-233.1769196   -1734.7067595   -509.293735
-234.6422402   -1732.8013182   -506.2915087
-233.8660685   -1731.2130928   -503.0559897
-237.9230586   -1733.9160442   -509.1304183
-237.3050181   -1726.0166407   -495.8345294
-236.8403403   -1731.1134338   -504.119575
-238.8945547   -1728.3726931   -500.3861785
-240.9652201   -1732.2832346   -507.0715547
-240.4426662   -1725.515008   -496.2834418
-242.7819697   -1733.7112427   -509.3597174
-243.1536046   -1726.6931534   -498.9232421
-245.0426546   -1729.9371958   -504.1351318
-244.9561087   -1731.8594456   -506.7958236
-246.4598147   -1734.0483665   -509.8215938
-249.1719452   -1726.4012098   -499.5344281
-248.7488119   -1731.6311598   -506.4941049
-249.5221821   -1729.6543121   -503.9759874
-249.5878068   -1734.0744734   -509.6257329
-253.4146634   -1730.2457094   -504.707396
-253.6477772   -1733.910203   -508.9729428
-252.1610586   -1726.6381979   -500.0990033
-255.2088825   -1727.3676395   -501.2973547
-258.0572096   -1732.4551344   -507.0403814
-256.8442551   -1729.4796705   -503.7351847
-259.1841546   -1727.3775339   -501.5066862
-260.4531971   -1730.4228544   -504.8797727
-263.702604   -1732.3485613   -506.9050789
-262.9599897   -1729.1326523   -503.6601424
-263.4076206   -1726.300478   -500.7039905
-267.38933   -1725.7558107   -500.5161762
-268.8640086   -1730.6226492   -505.4736733
-267.590913   -1733.4786654   -508.1449151
-271.400365   -1733.2031727   -508.0961585
-271.7496482   -1725.7076502   -500.7846951
-273.0188695   -1730.0717831   -505.2161217
-274.5651332   -1732.7362299   -507.9138875
-274.5222179   -1732.8814268   -508.0557466
-276.7036287   -1726.0221243   -501.4522076
-278.4574357   -1731.2903404   -506.9433451
-281.5835802   -1728.3905745   -504.3067932
-281.8414298   -1731.7200899   -507.7223182
-283.809456   -1734.4356775   -510.774672
-287.1350972   -1726.5347242   -502.5424957
-285.3579251   -1730.6813002   -507.098794
-289.8233262   -1732.5612307   -509.8882318
-291.9630138   -1730.3313017   -507.5963736
-293.0950848   -1727.2640467   -503.7484169
-293.1964127   -1733.5929871   -511.9142532
-297.1400944   -1728.6874056   -506.4272285
-298.0637876   -1732.06985   -511.7803216
-296.6570584   -1726.3382673   -502.4915934
-299.9940244   -1734.2251539   -515.7234073
-303.0578224   -1726.7736197   -504.6560168
-301.90334   -1729.0235758   -508.7590218
-302.4805514   -1732.1311235   -514.3190026
-304.4433323   -1733.2674265   -517.8070068
-305.535051   -1727.5013924   -507.817924
-305.3614823   -1734.8856926   -521.3169456
-308.0308763   -1730.2676439   -516.1657333
-306.881818   -1725.5927324   -504.0082932
-311.058375   -1730.5079699   -520.3665495
-310.9019128   -1732.5921059   -524.0449905
-308.571252   -1725.5131006   -505.0269961
-310.0520698   -1727.3192406   -511.9881034
-311.8380038   -1734.5328331   -528.4840465
-314.0741912   -1726.5788317   -515.8962011
-312.4302355   -1725.6418467   -510.4883313
-313.7199608   -1730.2592993   -523.5397816
-314.5558564   -1731.3936949   -526.784122
-315.0265542   -1727.9071808   -520.3169584
-315.8713905   -1733.5888147   -532.5698853
-317.1267239   -1727.4883986   -522.3809481
-317.8670732   -1730.6007147   -529.8940539
-320.0881807   -1727.4924517   -526.5474319
-319.3687526   -1733.3679199   -537.4655724
-320.35211   -1730.8657169   -534.0650678
-321.005675   -1725.6499529   -523.4230161
-320.4912273   -1734.7925901   -541.9772267
-321.9103543   -1728.762269   -531.8493247
-324.0430085   -1734.3741655   -546.549201
-323.3188716   -1730.4985523   -537.6769304
-322.4926917   -1732.3437929   -540.2267575
-324.7350184   -1726.2892723   -530.1102996
-324.5767085   -1728.1566858   -534.3612432
-323.7989274   -1732.6550484   -542.8423882
-325.5645362   -1730.5393219   -541.0497785
-326.6556589   -1734.8573208   -550.9784222
-327.4855343   -1728.0794382   -538.1633639
-326.5670267   -1731.4686775   -544.3333983
-329.6882836   -1731.4021587   -548.2436419
-329.9514977   -1728.7409306   -542.8616405
-330.8390705   -1733.800292   -554.2502999
-332.1016756   -1726.0713577   -538.8801694
-333.6583105   -1728.346467   -546.4644432
-336.6428343   -1729.2048931   -551.8910289
-335.0388733   -1726.1464596   -542.5456762
-334.9894015   -1725.5626917   -459.6518576
-335.2803317   -1732.3004007   -556.6495657
-336.4691464   -1725.7165909   -451.8088102
-336.6650669   -1726.1357307   -455.4790854
-337.1982304   -1726.7564535   -546.5804338
-338.8807503   -1726.0963917   -449.3719339
-339.0011517   -1726.9511223   -457.3662579
-339.3321363   -1726.6618013   -460.8703852
-338.9656869   -1730.576992   -557.2867393
-339.5260302   -1726.9523144   -453.6876678
-341.7449323   -1725.6006002   -548.3399034
-340.4165236   -1728.8891077   -555.2734733
-342.4705593   -1727.2812128   -553.535521
-341.820809   -1726.2827158   -446.574837
-341.3262097   -1725.5769968   -466.4820433
-340.8108083   -1726.5129089   -463.4747207
-341.9872848   -1727.6575565   -460.0398839
-342.2668306   -1727.9551029   -455.7334483
-343.221697   -1727.8410196   -451.4251053
-343.6912028   -1727.2229195   -464.2463028
-347.233328   -1726.5369892   -442.5618947
-345.6123201   -1726.4224291   -468.1340456
-344.6445791   -1728.6595106   -458.5693181
-345.9661929   -1725.4253626   -551.7786145
-346.5981809   -1728.0648947   -447.9085207
-345.8986012   -1729.0159464   -454.6117187
-346.4463679   -1726.5503407   -555.4099679
-345.0883356   -1728.3147573   -461.7956877
-347.1364108   -1729.0073633   -451.3925314
-347.0127312   -1728.415966   -464.2127752
-347.7104036   -1729.3953896   -460.6339335
-347.9141323   -1729.694128   -457.1940601
-350.5167691   -1726.7289162   -471.3058472
-349.3935791   -1728.3422947   -467.0084119
-350.6236998   -1730.3096056   -453.6622167
-349.595162   -1729.382515   -449.5786428
-350.8122889   -1728.7532091   -446.128875
-350.8908478   -1730.01194   -463.365674
-353.978428   -1728.0595303   -441.998899
-350.9637443   -1730.5896282   -458.7024748
-352.7424065   -1729.3399572   -467.6606357
-352.6930539   -1725.5327702   -557.7135682
-353.1165449   -1730.2658558   -449.1058886
-355.1501361   -1727.1295786   -474.4042158
-354.545149   -1728.453517   -471.2906778
-355.076584   -1731.8439484   -456.6880465
-355.6071845   -1731.562376   -452.1358311
-355.869445   -1725.8719206   -437.0581508
-355.4467288   -1729.6923399   -445.1901913
-353.8831202   -1731.3591242   -460.7263803
-355.0697891   -1731.1600447   -464.3647969
-356.7374078   -1730.6525707   -468.3448076
-357.8799693   -1731.1718464   -447.6844072
-357.7651707   -1732.5601578   -460.7704282
-358.7139574   -1727.7992964   -439.6573305
-358.8937251   -1729.4441462   -442.686677
-356.8833796   -1726.4986038   -477.3174226
-357.6822606   -1729.4764519   -471.9926715
-358.6696712   -1732.2454453   -465.1461542
-358.5524885   -1732.8423262   -455.5833042
-360.1550785   -1732.5839996   -450.8244693
-358.8946191   -1726.0545492   -436.693877
-360.5705825   -1729.026556   -475.7454693
-360.7635228   -1725.8473635   -482.7108383
-358.5045067   -1730.1846743   -444.5307851
-360.5186073   -1731.3184738   -470.5250859
-360.7180444   -1732.3765755   -467.3275352
-361.5451185   -1733.5351706   -462.8571272
-361.5554897   -1733.8418961   -458.8238895
-361.4424793   -1725.4471779   -484.2329919
-360.4358164   -1730.87883   -445.1911449
-362.2723547   -1732.0402861   -447.1859932
-362.3783318   -1733.7684631   -454.1327357
-362.2024981   -1726.1054516   -436.2376034
-362.5410525   -1728.8274765   -440.4340982
-364.0351025   -1728.1608582   -481.0438752
-363.5334698   -1730.9343815   -444.0289736
-364.1876904   -1731.7388058   -472.9908705
-364.5279733   -1733.2806587   -468.7419236
-365.953478   -1730.7602167   -477.0178497
-365.0617925   -1733.555913   -449.862361
-364.6322814   -1734.6580029   -460.9417915
-364.9753658   -1734.3373299   -464.5537436
-364.5493714   -1734.6820831   -457.7566683
-367.8668467   -1727.7550697   -485.3531122
-365.6636206   -1728.2572985   -438.9971197
-366.8091027   -1727.1398306   -437.3367131
-365.5978767   -1732.5512171   -446.7588961
-366.7019931   -1735.1750135   -455.7826519
-366.5663926   -1734.6568108   -452.8818429
-366.6547266   -1729.8383713   -441.3117766
-368.3979241   -1732.1197987   -444.8670447
-367.2158448   -1725.8900404   -488.8607562
-366.9166891   -1733.4977388   -470.6149995
-369.0770594   -1730.2269936   -480.9161127
-367.7391139   -1732.6011658   -474.070102
-369.0610258   -1735.1688147   -466.5997028
-368.4270708   -1733.5101366   -447.7158487
-369.1624133   -1734.7509861   -450.6717324
-370.3160612   -1732.2862148   -477.1163166
-373.8071052   -1726.241827   -436.040014
-370.4070774   -1730.0649881   -441.034317
-371.7401353   -1734.428525   -472.4392891
-371.3732687   -1727.3842096   -488.7934029
-373.6465899   -1730.0920486   -484.3817651
-373.6279336   -1725.8355618   -493.5793579
-371.5221611   -1732.5284481   -444.812119
-372.3889319   -1734.4503403   -448.2129514
-372.8819219   -1731.7427397   -480.3099632
-375.4902212   -1732.0848703   -443.2345331
-374.9287454   -1733.5669994   -477.4526656
-376.515421   -1729.7967672   -439.9422407
-377.1896688   -1729.2762995   -488.3420765
-375.2909628   -1734.1593504   -446.6065466
-376.5584556   -1732.2801352   -481.5093577
-377.2318689   -1725.4035473   -497.8177845
-380.1677553   -1727.9909849   -493.2177663
-380.7195751   -1731.8227291   -484.9028885
-379.956576   -1728.4168005   -438.1594956
-378.7731258   -1726.0172367   -556.2312603
-379.8787323   -1734.0750694   -479.329586
-377.9224483   -1733.6219549   -444.9515939
-381.8627325   -1732.6034307   -442.751646
-382.802817   -1726.5520096   -552.8301597
-380.4550496   -1729.8440933   -489.0467227
-382.4831573   -1726.9003391   -499.1797805
-382.1238009   -1735.1013422   -446.2066293
-382.4096648   -1725.5935669   -504.3479204
-384.1915456   -1725.4209518   -509.0532303
-386.185023   -1726.6840935   -546.8199253
-385.0344745   -1734.4098091   -481.5957844
-386.4237992   -1729.1719913   -437.9953444
-383.6796609   -1730.4979563   -489.8119569
-386.1908046   -1729.5347452   -495.2730238
-386.0870329   -1732.7443361   -486.1451089
-388.742241   -1733.7915897   -442.7783489
-385.4661313   -1725.7035971   -541.1935449
-387.7174584   -1725.8504629   -530.4563642
-388.3967725   -1726.4150381   -536.5533829
-386.3038746   -1727.5474072   -502.5889277
-385.8565418   -1726.4882326   -506.8158507
-386.4452568   -1728.463769   -499.3038774
-386.775407   -1728.6077738   -556.7943454
-388.5893551   -1728.4526825   -552.2039533
-388.7260882   -1726.1930704   -525.6669521
-388.5082332   -1731.9877148   -490.5933738
-388.1704537   -1726.9846201   -510.0628138
-390.0893656   -1727.3259163   -515.2427554
-387.8689138   -1734.2381477   -483.9293957
-390.2904717   -1727.7516127   -542.7540541
-389.8337809   -1726.813674   -521.0220218
-389.7046772   -1728.3768654   -505.8745146
-390.6239597   -1734.3425751   -486.4373505
-390.2345625   -1728.336215   -547.4959016
-390.7049028   -1730.1037312   -500.2381206
-391.0010783   -1731.718421   -494.8866665
-392.7156655   -1728.2003164   -435.2778494
-392.9598061   -1732.0479155   -439.8620129
-391.2580339   -1730.3063869   -556.2062263
-391.893181   -1727.6827097   -533.000052
-391.46516   -1727.4024487   -528.9382339
-392.95319   -1729.2121649   -510.4073882
-393.1213943   -1728.6082506   -538.929522
-392.4198476   -1728.0758619   -536.0566974
-393.2594386   -1733.8272333   -491.370827
-393.823537   -1730.6855917   -551.7103076
-393.8780753   -1728.5548449   -525.321424
-393.9649192   -1730.5626869   -505.3287745
-394.5085732   -1729.1209698   -519.6031928
-393.2001916   -1729.5621634   -546.620369
-394.5187656   -1729.4739485   -514.9706602
-395.1785294   -1730.0344706   -542.691648
-396.1295811   -1733.6035967   -497.0932007
-395.4553334   -1732.0691347   -501.8790364
-395.0028149   -1732.1250439   -556.2346578
-394.955608   -1729.0760279   -530.2433372
-396.1381642   -1729.8829556   -535.7538462
-398.0524866   -1727.050066   -431.7379892
-398.602399   -1731.4722538   -437.2439384
-397.2064582   -1731.7085266   -508.8497996
-396.6434924   -1730.848074   -512.7509832
-397.4026171   -1734.7655296   -441.6066408
-395.9423033   -1730.0504446   -539.5787954
-399.1192905   -1732.7889204   -547.380209
-398.753914   -1733.7813377   -554.2759299
-400.1708952   -1732.0287228   -524.237752
-397.0478503   -1730.1753759   -527.6547074
-397.4847523   -1732.5071096   -504.9467087
-398.1855241   -1731.3005924   -516.9590712
-399.0432946   -1731.2986851   -530.8344364
-399.1525499   -1731.9295406   -540.8234596
-398.8240091   -1733.9092493   -501.8874407
-399.6915547   -1735.0738049   -499.1292059
-401.9194571   -1733.1809998   -536.2711549
-400.1563517   -1732.9028845   -512.6689672
-401.7553059   -1734.716177   -507.0723891
-403.6117522   -1734.3002558   -438.5617971
-401.7635909   -1730.2722931   -434.2716932
-402.1945325   -1726.2530327   -428.3445477
-402.7101723   -1728.5904884   -431.4725399
-402.7811614   -1734.0099812   -517.6210999
-403.6464421   -1734.0598106   -530.8938026
-402.3067085   -1734.0713739   -543.4007645
-403.7517039   -1734.5123291   -539.540112
-405.4211108   -1735.1975441   -527.0620584
-405.782911   -1725.8481979   -425.0189364
-405.3882686   -1731.0193777   -433.274895
-406.1183063   -1728.5913229   -429.2203784
-406.3511816   -1734.2056036   -437.0284677
-410.3924958   -1725.8018255   -420.217365
-410.9126059   -1731.9610119   -430.8138788
-409.4860283   -1728.3695936   -426.079005
-413.9697281   -1730.1266193   -424.7892797
-416.0593478   -1729.0195227   -419.8891819
-415.8014981   -1726.7893553   -414.8295224
-415.0095908   -1734.880209   -432.0031106
-417.0708386   -1733.8942289   -428.4009635
-419.408652   -1732.3800325   -422.668308
-420.3654257   -1730.5793762   -416.667074
-424.8035876   -1734.6397638   -419.2750752
-425.4003493   -1732.7426672   -411.7714763
-420.1240269   -1728.6758423   -411.3992453
154.5548709   -1734.5329523   -266.9690251
151.6160043   -1733.4724665   -273.0187774
152.625111   -1732.6518297   -269.6644664
150.9611579   -1734.8104715   -275.9780586
150.0153514   -1729.2013168   -271.3169158
152.7997526   -1730.448246   -266.3325667
149.1572829   -1731.7012548   -276.355803
149.5305868   -1734.7960472   -278.9117098
147.1276256   -1727.763772   -275.6605148
147.3031612   -1725.7986069   -272.6734281
150.5064639   -1726.9648314   -267.0414448
147.8086384   -1732.5131893   -280.0087631
146.4901539   -1729.6848297   -279.348731
145.8021971   -1731.7425013   -282.8688323
145.7242938   -1734.6036434   -285.8379483
144.573954   -1726.3700962   -278.7669301
144.020346   -1728.328824   -282.2026908
144.0117034   -1731.5205336   -285.6208384
142.5922187   -1732.7370644   -288.8510227
141.3646015   -1727.1304131   -284.9721909
141.1075564   -1729.3148041   -287.6585722
139.83157   -1732.6301336   -292.403996
139.7167417   -1730.1015854   -290.2255356
138.8601037   -1733.9829206   -294.7544754
138.2570239   -1726.5518904   -288.595587
136.5881535   -1729.4270992   -293.455869
135.7576223   -1732.2006226   -296.7766821
134.9018487   -1734.9050045   -299.5954156
134.0623172   -1729.8539877   -296.6317236
132.6651248   -1727.1623611   -295.6829369
132.5597437   -1730.3148508   -298.5268831
131.7867907   -1734.7790003   -302.1452725
129.9902173   -1730.5424213   -300.8663058
129.198608   -1726.6178131   -298.5929251
128.4072074   -1732.4850559   -303.1893373
126.2316676   -1727.8410196   -301.9219339
126.382527   -1733.571887   -305.0835729
125.3494593   -1730.4912806   -304.0747344
123.408434   -1733.5349321   -306.9108427
121.5750249   -1726.985693   -304.6630323
122.5716146   -1730.6902409   -305.9565127
119.9118169   -1730.3727865   -307.4451983
119.1084059   -1734.7853184   -310.0857139
117.5306114   -1726.9335985   -307.2707355
116.6962954   -1730.5858135   -309.5774353
116.0179051   -1734.8918915   -312.0349646
113.614765   -1726.719141   -309.6656203
113.6875125   -1733.0242395   -312.6030862
111.0207709   -1734.932065   -315.1557744
111.3558384   -1727.6206017   -311.5551174
109.8566326   -1731.3427925   -314.2185211
106.7691716   -1728.7957668   -315.0221109
105.2935692   -1732.6322794   -317.732513
103.3511134   -1728.9193869   -317.2407746
102.878091   -1732.824564   -319.3713725
100.5215617   -1726.9902229   -317.972064
99.2794307   -1729.8235893   -320.307523
97.0250043   -1725.6062031   -319.5527494
96.0305306   -1733.9309454   -324.7136474
96.7606279   -1728.5921574   -321.4271367
95.469323   -1730.4720879   -323.4425485
93.6706039   -1727.1710634   -322.9747415
91.4779576   -1729.2250395   -326.0816336
90.1116999   -1731.9319248   -329.0171623
89.1793641   -1728.6643982   -327.9977441
87.4273451   -1734.5769405   -332.8560293
86.5256461   -1729.0173769   -331.6459656
86.698738   -1725.3847122   -328.2184601
84.9174532   -1726.0169983   -331.0740888
84.7270163   -1731.6625118   -335.0448608
84.0371522   -1735.2581024   -336.9051516
83.0247673   -1728.2069921   -335.4357779
82.2578939   -1731.333375   -338.044107
81.2937888   -1734.760046   -340.2546346
80.3093585   -1727.7079821   -338.7717903
80.5139216   -1725.3800631   -336.5741074
79.5550021   -1730.5343151   -341.2388265
78.8435014   -1733.6916924   -343.2388604
78.2290968   -1727.1488905   -341.5522873
76.6188177   -1728.7617922   -344.9554741
73.9494237   -1730.517149   -349.3625224
74.1870078   -1726.9170284   -347.9857445
73.0279955   -1733.0135107   -351.4224589
72.6872357   -1726.6334295   -350.9184718
71.9891461   -1734.2740297   -353.6404669
71.7935833   -1730.6218147   -353.2621562
71.1154612   -1728.1596661   -354.4596732
69.9941786   -1725.456953   -356.8098247
69.6787509   -1731.154561   -357.8768075
68.946925   -1728.2333374   -359.5104814
68.3674487   -1725.556612   -360.0552082
68.3530243   -1734.2506647   -361.3553941
67.9713162   -1730.8026552   -361.8954718
66.8115886   -1728.025794   -363.715589
66.1777528   -1731.7676544   -365.5433655
64.809111   -1728.4963131   -367.3245013
64.3083724   -1731.9598198   -368.9879179
63.3361014   -1725.6678343   -368.7665164
62.5371011   -1729.0873528   -371.2981939
61.6039904   -1733.1324816   -373.506397
60.4605349   -1730.0645113   -374.7053742
59.3931945   -1728.1303406   -375.8962452
59.2341097   -1731.9395542   -376.7947257
57.6198372   -1725.283742   -318.4013069
57.5270327   -1726.6070843   -378.1299293
57.4202212   -1733.0234051   -379.3127537
57.0748123   -1729.6558619   -379.4003427
55.4043325   -1726.1077166   -322.6313293
54.5320781   -1726.128459   -314.5521581
53.3988746   -1726.7683744   -319.1841245
54.6491417   -1726.7979383   -382.0648193
54.8573407   -1732.3261499   -382.4373186
53.0263456   -1726.9392014   -326.3994753
52.6276501   -1725.4654169   -308.0009222
52.3797544   -1726.2829542   -312.2729361
52.5411042   -1725.9116173   -334.2040777
51.2932809   -1725.7577181   -337.7179801
50.44463   -1727.6599407   -330.9511244
51.2896451   -1727.6614904   -323.4019279
51.9984039   -1729.927063   -385.910511
52.6833805   -1733.9584827   -385.7076466
50.6481799   -1727.2690535   -316.3719773
49.5397123   -1728.1126976   -320.6645846
50.87581   -1726.2489796   -310.8718991
49.3584546   -1728.4427881   -327.1124661
51.0087284   -1733.5716486   -388.708204
48.6201318   -1725.820899   -308.8828921
49.3543419   -1727.5564671   -335.1008892
48.9212545   -1725.6897688   -342.4321413
49.258438   -1726.2312174   -389.1491294
49.8868497   -1730.5212021   -389.9851441
48.1605204   -1726.9380093   -313.1178617
47.7173003   -1727.7019024   -338.4854794
49.5046648   -1733.3366871   -392.2136426
46.4703115   -1728.2060385   -317.6548183
45.5850037   -1729.9103737   -329.8310339
46.9646128   -1728.9528847   -334.6125185
46.6603907   -1729.2420864   -324.1589665
48.2077273   -1729.5601368   -393.6417997
48.0438741   -1734.1409922   -397.1030414
46.47657   -1728.779912   -320.8189607
45.9293994   -1725.6646156   -393.3497071
45.6865104   -1726.7230749   -345.5559611
45.509425   -1728.1535864   -341.7008221
45.119253   -1726.2738943   -310.5485737
47.344056   -1731.4981222   -397.1558511
46.5054782   -1731.0854197   -398.2837498
45.2093156   -1728.1134129   -396.874547
43.7968048   -1727.532506   -314.4266307
47.487584   -1733.2402468   -398.4106779
44.4871458   -1729.6127081   -338.3388221
44.1437634   -1730.3040028   -334.587127
44.8834571   -1732.0879698   -402.2718668
42.4567135   -1729.1352749   -319.7113574
41.8435606   -1730.664134   -326.1923492
45.2202829   -1730.1033735   -399.312377
42.6990064   -1728.1336784   -316.2211776
43.2457598   -1728.5296917   -344.8824286
42.2184142   -1725.7654667   -396.3167965
43.7743934   -1733.6750031   -405.8550298
39.9379405   -1731.8834066   -332.1910799
42.6035198   -1727.4167538   -348.6765623
42.2438058   -1730.1303148   -341.5158689
42.6740321   -1728.8988829   -400.4752338
41.1993536   -1726.785779   -313.0911291
41.993049   -1731.4294577   -404.157728
40.5696305   -1731.6275835   -337.9530311
41.0624417   -1733.838439   -407.9351723
40.2593883   -1727.1654606   -352.3001671
40.3538617   -1730.1439047   -345.5017805
39.4408973   -1730.5082083   -323.3523071
39.5882996   -1729.1047573   -319.4534481
39.3699678   -1725.9150743   -355.7373881
38.6639508   -1727.6254892   -399.9175429
39.92143   -1729.7483683   -402.9240012
39.5847233   -1729.0285826   -349.549979
38.9341386   -1731.8146229   -341.9498503
38.8524207   -1731.9740057   -406.0356319
36.2270149   -1732.185483   -327.2009492
34.8274382   -1726.9634008   -315.16096
36.6434725   -1733.3016396   -336.263299
37.0734008   -1733.0497503   -339.8668468
37.6639041   -1731.7727804   -345.2640772
37.3181971   -1729.5686007   -351.5329063
37.4447974   -1728.1836271   -354.0914655
37.137297   -1733.9531183   -409.628123
37.2294458   -1730.9414148   -348.5133052
34.668115   -1733.579874   -332.1285546
35.617021   -1728.8749218   -402.630806
35.0205573   -1730.3342819   -321.9099045
35.8606251   -1728.8972139   -318.7859654
35.9556349   -1727.5406122   -357.2882712
35.4492935   -1733.4553003   -342.8306878
33.7955626   -1731.6035032   -406.075269
34.8320278   -1726.6401052   -397.9309201
34.9722775   -1726.6833782   -360.9515429
33.9752706   -1725.3335714   -367.6331639
33.4338816   -1733.6342335   -347.1286595
34.9238189   -1730.0323248   -353.8591266
34.9054607   -1731.5274477   -350.6941199
33.8428887   -1734.697938   -410.851717
33.3454283   -1734.7041368   -339.5850956
33.4440144   -1734.4766855   -335.8273208
32.3440703   -1727.6936769   -363.8663292
33.9232358   -1726.2171507   -313.7668669
33.1486138   -1727.7492285   -316.6874349
33.1334146   -1731.7333221   -324.5402277
32.6527628   -1733.7656021   -329.972595
32.2613987   -1733.1695557   -327.5636733
33.0534252   -1725.3983021   -312.2172058
32.5376662   -1728.9851904   -359.7187102
32.2118672   -1730.9367657   -356.1279774
30.8888229   -1728.4067869   -317.5903559
32.2677168   -1725.7117033   -395.5942094
32.4682864   -1734.8228693   -343.3605433
31.6829952   -1728.9725542   -401.1177719
31.5392288   -1733.0496311   -352.2257209
31.5849455   -1726.4403105   -396.5994418
31.4625176   -1727.2896767   -397.5922763
32.2469743   -1725.8248329   -370.6772625
30.9309038   -1735.1138592   -333.5628211
30.4344567   -1725.7273197   -387.501657
30.5118831   -1727.8866768   -368.2245314
32.7509316   -1726.3873816   -314.1432703
32.9606207   -1725.9432077   -313.2643402
32.9005393   -1726.1416912   -313.6520088
30.4245027   -1731.123209   -322.3410249
30.0340923   -1733.0299616   -407.8090787
29.6051177   -1731.6349745   -404.5088291
31.2485965   -1725.4890203   -376.2447834
31.9698723   -1727.3079157   -315.8086836
31.4141186   -1726.8425226   -314.9072826
31.5970453   -1727.473259   -316.0750866
31.5460237   -1727.9528379   -316.9299364
29.7702225   -1732.7007055   -325.0654042
31.0331257   -1725.7127762   -312.7557635
28.9385589   -1726.7388105   -384.3251765
29.1719707   -1727.8892994   -373.1672764
29.6885642   -1730.5458784   -361.5869582
30.3752693   -1731.1208248   -358.6622179
30.4526957   -1727.0641327   -395.6033885
29.4495495   -1726.8035412   -390.2209401
28.5457047   -1730.3558588   -365.1391268
29.388872   -1734.0307236   -328.0601203
29.3679508   -1732.9782248   -356.1627865
28.6457213   -1727.3192406   -378.9527714
27.7654799   -1730.6457758   -400.9508193
27.7651223   -1727.026701   -314.6708608
27.6383432   -1730.702877   -320.4571307
28.4402641   -1728.6367416   -317.4622059
27.0735892   -1730.648756   -368.9463735
29.160467   -1732.7741385   -406.4530134
29.524711   -1733.1484556   -407.5702429
26.773301   -1732.8890562   -323.7667978
28.0768546   -1732.5898409   -359.7307503
28.3661755   -1733.7948084   -407.3840678
26.1342796   -1725.4426479   -311.5420341
24.6307524   -1735.0852489   -326.649487
26.5151533   -1729.2555571   -392.2332823
27.0375284   -1729.698658   -396.8087733
26.5305909   -1732.9648733   -362.5203371
26.8544229   -1733.7936163   -406.1308503
26.2966426   -1732.4371338   -402.7767777
27.3161205   -1728.2104492   -388.1772161
26.7136963   -1734.9467278   -356.659323
26.3188752   -1729.7849655   -376.1455119
24.7748169   -1732.04422   -372.7031946
25.8353027   -1729.5361757   -382.1944594
25.8133086   -1729.4703722   -385.6592178
25.5754264   -1730.1449776   -378.976047
25.4739197   -1732.9747677   -365.8016622
25.3396901   -1728.9791107   -316.8852031
25.5134972   -1731.698513   -399.171412
23.3997377   -1726.9635201   -313.0418062
23.3950289   -1732.165575   -320.5158412
24.1874131   -1730.9856415   -388.9259994
24.4794758   -1731.7225933   -395.8836794
24.3448289   -1733.3550453   -368.7499464
23.5135826   -1734.108448   -323.8957226
23.9010128   -1734.6909046   -403.2024443
23.7805518   -1731.7498922   -392.2095001
23.7767967   -1732.2229147   -377.0174682
23.0692896   -1732.2839499   -384.5926523
23.4762701   -1732.0791483   -380.5956841
23.3560475   -1733.7137461   -399.5697796
21.6934951   -1729.6290398   -316.0389066
21.3731202   -1735.2558374   -374.8775125
21.3142308   -1734.1972589   -393.2206631
21.7491659   -1734.4552279   -396.8662918
22.5638422   -1732.8057289   -390.7374144
21.0330757   -1734.3486547   -388.589859
21.6242345   -1735.270977   -400.2747536
21.4711102   -1734.439373   -378.865242
21.465865   -1734.1451645   -381.8382323
18.554953   -1733.6821556   -319.9011087
20.6812295   -1726.6584635   -311.5343451
19.4808515   -1728.9321423   -314.0366375
17.4745592   -1725.941062   -309.6223176
15.8546241   -1731.6242456   -316.000104
14.0112909   -1727.7548313   -310.9330833
14.6113309   -1729.8960686   -313.4993613
13.7762102   -1733.7751389   -317.7653551
11.5433606   -1725.8025408   -308.0886006
11.2921866   -1731.3371897   -314.0433431
10.9866532   -1728.3440828   -310.788691
9.6308263   -1734.115839   -316.4600432
6.7743929   -1728.6442518   -310.0259602
4.8900517   -1726.8177271   -307.7082634
7.3817643   -1732.9126596   -314.4634068
4.1753324   -1734.5893383   -315.0583208
5.27927   -1731.6910028   -312.6018941
3.2735737   -1729.9976349   -310.3002012
1.560417   -1732.8286171   -312.3797774
0.1878413   -1725.6249189   -305.059582
0.4326376   -1728.7040949   -308.044225
-1.9327728   -1732.2765589   -310.4105294
-3.0672876   -1734.9328995   -312.3192191
-3.7881462   -1729.0010452   -306.6352606
-3.3946363   -1725.559473   -303.684473
-4.9792854   -1732.7983379   -309.5446527
-7.1136085   -1728.0586958   -304.4146299
-7.4569312   -1731.2045097   -306.987375
-7.917854   -1733.6369753   -308.899343
-10.8372299   -1727.0585299   -301.9985259
-12.435588   -1730.5563688   -304.2320609
-10.6754033   -1732.6116562   -306.7265451
-13.3758513   -1725.4521847   -299.6391952
-13.1097165   -1734.3132496   -307.0494533
-14.6341053   -1728.9042473   -301.9676805
-16.7811242   -1733.4512472   -304.7044575
-16.5035454   -1726.1761427   -299.0319729
-19.6210472   -1729.5970917   -300.4600406
-19.4062916   -1725.7215977   -297.5533009
-20.1752511   -1734.062314   -303.7739694
-23.1499401   -1729.232192   -298.7888753
-23.6788122   -1725.3700495   -295.7054377
-23.1793252   -1732.2835922   -301.1622131
-23.8193599   -1734.7612381   -303.0183613
-26.7603127   -1731.6784859   -299.5667756
-27.5200931   -1728.0997038   -296.5523601
-27.031633   -1734.2556715   -301.5985489
-29.7927586   -1731.6339016   -298.7958789
-31.0150114   -1726.3218164   -294.4096625
-31.5054981   -1729.9821377   -297.1678376
-33.1009356   -1733.4828377   -300.0263572
-34.124705   -1728.4729481   -295.6870496
-35.4864923   -1731.5150499   -298.2209325
-36.4864794   -1734.5167398   -300.8747995
-37.7513496   -1726.764679   -294.298768
-37.4215571   -1729.4915915   -296.510607
-39.6300284   -1731.7785025   -298.6930311
-40.2062861   -1728.6601067   -296.1039841
-42.1931473   -1725.6211042   -293.8240469
-44.0002409   -1729.38025   -297.5365818
-43.2958332   -1732.8745127   -300.3724515
-46.7622606   -1725.8683443   -295.4409719
-47.7274982   -1731.9451571   -301.0195792
-48.0431048   -1728.3046246   -298.1703579
-48.607382   -1734.9703312   -303.9558828
-50.4331914   -1725.8565426   -297.2746789
-51.2167541   -1728.2696962   -299.8811901
-51.9618718   -1731.3300371   -302.9528856
-53.4088937   -1733.7950468   -306.0148954
-53.8135497   -1726.444006   -299.9245822
-55.070552   -1728.4903526   -302.7618229
-55.1541177   -1730.7560444   -304.7026992
-57.688686   -1732.8323126   -308.4338307
-58.6732355   -1728.2924652   -305.2041233
-62.3780815   -1728.7788391   -308.1551194
-62.0732037   -1733.7869406   -312.2729361
-64.5220009   -1725.3507376   -305.9767485
-65.0966493   -1731.1959267   -312.1596277
-65.9247962   -1734.0863943   -315.0800467
-67.4243299   -1726.0665894   -308.6112738
-67.494425   -1728.3685207   -311.1061156
-67.7826134   -1731.1638594   -313.9042258
-69.291505   -1732.8349352   -316.2567019
-71.2811676   -1729.5138836   -314.6103024
-71.395549   -1726.3017893   -311.1801744
-73.0538694   -1732.8828573   -318.716377
-75.1788942   -1726.5920639   -313.6485219
-75.2299158   -1729.2100191   -316.6265786
-77.2367445   -1735.0656986   -323.1277466
-77.847871   -1730.4843664   -319.5075095
-79.0360896   -1727.0196676   -316.2248433
-80.8442561   -1731.3092947   -322.2028911
-83.7368695   -1733.1178188   -325.7522583
-82.0635883   -1728.2441854   -319.5844591
-84.3948451   -1729.0171385   -322.104007
-86.1851303   -1725.4458666   -317.9473281
-86.2523047   -1730.0009727   -324.4821131
-87.4881474   -1732.8298092   -327.8820515
-88.4013502   -1727.1335125   -322.1130669
-89.8217884   -1725.4731655   -319.8930025
-90.218517   -1728.9469242   -326.0299861
-90.5180899   -1733.8216305   -330.840528
-91.5227858   -1730.0949097   -328.4035921
-90.920302   -1727.034688   -269.6202695
-89.0393583   -1727.0357609   -267.0656443
-87.0638219   -1726.7830372   -264.9579942
-93.2836858   -1725.5791426   -322.1783936
-89.8612467   -1735.0502014   -331.1053514
-89.90899   -1734.839201   -331.0078084
-94.2078558   -1727.7669907   -272.4273503
-90.0729624   -1735.1140976   -331.3069642
-90.6123248   -1735.0280285   -331.6930234
-94.4377509   -1727.4247408   -326.8657923
-94.1474763   -1731.7823172   -332.3105872
-93.9981667   -1725.8200645   -276.8753767
-95.0334398   -1729.5787334   -269.5917487
-93.2295648   -1729.8955917   -266.4169669
-95.9778158   -1728.5425663   -330.1718533
-96.5168206   -1732.9134941   -335.6113434
-97.554299   -1725.5883217   -325.0277638
-96.9785777   -1728.7063599   -274.2674053
-97.9187218   -1727.9913425   -277.1170735
-98.3447162   -1729.7198772   -333.9383602
-97.5739685   -1730.3401232   -271.5589106
-97.6261822   -1726.7628908   -328.0809522
-96.7228142   -1732.036829   -266.8290138
-99.4522897   -1727.1980047   -281.362921
-99.1276232   -1733.0050468   -338.4599686
-99.4739858   -1727.2224426   -330.7174444
-101.0278193   -1731.2422991   -274.6504247
-100.8717743   -1725.5523205   -327.3982108
-99.9118415   -1733.0777645   -269.4588602
-101.5443531   -1727.0784378   -285.2645814
-102.0734636   -1729.7558784   -279.1322172
-101.3894407   -1727.632761   -333.3949447
-101.9467441   -1729.026556   -336.5831971
-102.6582447   -1726.5207767   -289.5739377
-103.0823914   -1726.0905504   -330.9775889
-102.6687352   -1725.5643606   -296.1204946
-103.3590166   -1732.1344614   -342.7229524
-103.290352   -1726.2424231   -292.8291857
-103.8192836   -1729.0468216   -283.4693491
-104.2866436   -1725.4199982   -305.1924407
-104.3694941   -1733.3974838   -275.1654685
-104.460272   -1726.9383669   -334.6540034
-106.0092775   -1728.9879322   -287.3313725
-105.9490768   -1728.1435728   -339.2517567
-105.0574509   -1731.0371399   -280.7931304
-105.6118933   -1733.0124378   -277.6807249
-105.6248871   -1734.9921465   -354.1126549
-106.7208973   -1728.0774117   -292.2361791
-104.6232907   -1726.3567448   -296.9101965
-105.3186385   -1726.2152433   -301.016897
-107.3152152   -1725.3681421   -331.8013251
-105.7696668   -1733.2583666   -349.4232595
-106.5474478   -1730.7077646   -283.7548852
-106.6702334   -1730.776906   -345.8826244
-109.0082256   -1726.33636   -308.4916174
-106.0346691   -1734.9922657   -357.935071
-108.936402   -1727.1136045   -304.2467237
-107.6097218   -1734.3968153   -373.0345666
-108.464512   -1726.2849808   -336.6495073
-108.6777774   -1734.4007492   -380.7526529
-108.1343023   -1727.8387547   -297.4638641
-108.3280174   -1733.2569361   -280.9945345
-107.1692435   -1733.8300943   -365.1600778
-107.5126854   -1733.787775   -368.8392937
-108.1601707   -1732.3532104   -361.2077236
-109.2989174   -1727.8630733   -300.4716933
-107.7195732   -1732.6300144   -356.8105102
-108.9465944   -1728.8485765   -345.8729982
-110.4857055   -1727.2677422   -342.9012597
-109.3769995   -1731.3877344   -286.6133749
-109.0954272   -1730.0322056   -289.8411155
-108.7429253   -1733.4866524   -376.5581548
-109.4084708   -1730.2669287   -352.6103497
-109.4708768   -1732.7679396   -283.7244272
-110.8621684   -1728.3759117   -348.5318124
-110.4627577   -1729.821682   -293.3701277
-109.8938314   -1730.5868864   -365.7950759
-110.0203124   -1733.6726189   -394.5885897
-110.5712978   -1725.333333   -334.607482
-110.1512042   -1730.9476137   -371.1997867
-111.0025374   -1731.7028046   -384.8429322
-110.5149118   -1729.5713425   -357.4315608
-111.369702   -1729.3988466   -297.4470258
-112.3751131   -1725.5477905   -315.8510327
-110.7912389   -1729.3591499   -361.8602753
-111.100885   -1731.7641973   -389.5691931
-110.7276408   -1734.6897125   -281.8741798
-111.6720764   -1726.4001369   -311.5551174
-110.5735032   -1731.6490412   -379.8268735
-111.0754935   -1734.0755463   -406.3107371
-112.1184555   -1728.7216187   -373.4934628
-112.1297804   -1729.1941643   -376.47295
-112.1356217   -1727.9465199   -305.7780266
-112.606856   -1728.9339304   -302.3206592
-111.0240547   -1733.0980301   -402.3125172
-111.2087099   -1732.1542501   -398.6194432
-114.0306918   -1727.5702953   -309.7702265
-112.6360623   -1732.2956324   -289.7616029
-113.2010547   -1734.2065573   -286.4079177
-112.0442478   -1728.0147076   -353.7059128
-113.7715904   -1725.7553339   -341.6182995
-111.2560359   -1729.1949987   -368.208617
-112.1879546   -1727.8850079   -365.7889962
-112.0132533   -1730.3627729   -394.1792846
-113.5801999   -1731.3278913   -294.45225
-114.3890945   -1726.1754274   -347.1730947
-115.7998768   -1725.373745   -344.5093334
-113.0566923   -1727.0466089   -360.1987958
-113.5309068   -1726.977706   -356.7977846
-112.5818221   -1728.9201021   -380.0877631
-112.9227606   -1728.7690639   -385.9797418
-113.6702029   -1726.7256975   -350.7338464
-112.5352112   -1731.1265469   -404.2875171
-112.2953025   -1730.7204008   -401.0501206
-112.5426618   -1732.444644   -408.2954824
-113.6365858   -1727.5915146   -389.6993101
-112.9879085   -1729.0809155   -398.2352316
-113.8640968   -1726.2666225   -369.4601953
-114.7364704   -1730.486393   -299.9768555
-115.9971682   -1726.6921997   -314.7631884
-114.0025584   -1727.0436287   -393.843472
-114.3926708   -1726.2889147   -353.6631167
-113.9988033   -1726.4273167   -374.0816414
-114.2170755   -1726.4746428   -378.467083
-115.9879891   -1729.6048403   -305.172056
-113.918039   -1728.2540798   -401.7773569
-115.9009663   -1725.9298563   -317.6757097
-114.5478217   -1728.4789085   -405.9412479
-115.1292054   -1729.1247845   -410.0482166
-115.4569117   -1733.3339453   -291.9769287
-114.8440567   -1726.2398005   -398.4981775
-116.7483655   -1732.4458361   -296.9591916
-116.9627038   -1728.8533449   -308.7468743
-118.01711   -1725.7479429   -320.9418356
-118.0887548   -1728.0592918   -312.338531
-116.9418422   -1725.7974148   -408.5493386
-118.5390083   -1731.0087681   -304.3188453
-118.8950864   -1732.6509953   -299.9337912
-119.1949574   -1734.2914343   -295.8599031
-119.3289486   -1727.0938158   -316.5017366
-120.0704304   -1729.7126055   -309.5808029
-121.8154756   -1726.1462212   -323.3514726
-122.1861569   -1727.014184   -319.5974231
-121.6878621   -1728.8378477   -313.4121895
-121.8317477   -1725.5994081   -327.0032704
-120.9102003   -1732.8153849   -302.4959862
-122.569534   -1732.0991755   -306.2823117
-122.8919951   -1734.921813   -299.8871207
-123.0994789   -1728.1637192   -316.473335
-124.7347323   -1725.8660793   -328.3773363
-122.851762   -1730.2787304   -310.8723462
-124.0393845   -1733.9886427   -303.5911918
-128.7398068   -1725.4407406   -332.5114548
-126.2603132   -1730.0388813   -314.3231571
-126.0738698   -1726.727128   -325.114876
-124.9637333   -1727.2063494   -321.6931224
-125.822219   -1728.3064127   -318.6065555
-125.6436435   -1733.0225706   -307.3728383
-126.2361137   -1731.565237   -310.8563721
-128.3290712   -1726.3922691   -328.5143375
-129.0423004   -1733.7971926   -308.8198006
-128.8785068   -1728.2094955   -321.7874467
-129.4877259   -1729.7569513   -317.6251352
-131.2105981   -1727.5745869   -325.8695006
-130.1767556   -1731.8559885   -313.3823872
-132.1863858   -1726.554513   -329.6889365
-133.1594316   -1729.9814224   -319.7335899
-132.6301423   -1728.4891605   -323.5181272
-132.4484078   -1734.6448898   -309.7710013
-133.4137646   -1731.3269377   -316.7451024
-134.126517   -1733.083725   -313.696593
-134.291741   -1727.673173   -326.8256783
-135.5269281   -1735.044837   -311.0233843
-136.321756   -1726.190567   -330.915302
-136.7744533   -1729.6806574   -322.2186863
-136.2607209   -1732.463479   -315.9171939
-137.7495853   -1734.018445   -313.7464821
-139.5850507   -1726.6052961   -329.7861814
-137.8335682   -1728.1527519   -326.1428475
-137.2985569   -1731.1679125   -319.1369176
-139.3034784   -1732.7520847   -316.5663779
-139.950904   -1729.6465635   -323.0962753
-141.5917603   -1732.2099209   -318.1203008
-140.9885613   -1734.5074415   -313.9417171
-140.8384768   -1728.361845   -325.8497715
-143.9326731   -1729.3227911   -323.7706125
-142.1652166   -1730.7860851   -320.9040165
-146.0153786   -1727.1125317   -327.3209929
-144.986066   -1732.2084904   -318.3495402
-144.5264546   -1734.5314026   -314.5650625
-145.6756917   -1730.4648161   -321.4383423
-148.9935247   -1729.1207314   -323.1699765
-149.2060748   -1734.1654301   -315.0826693
-148.3350126   -1731.5403223   -319.2623854
-150.4268972   -1726.4393568   -326.8230557
-154.4115869   -1730.1329374   -319.8820949
-151.8558589   -1732.0005894   -317.8766966
-152.4674622   -1734.9052429   -313.4888709
-154.4181434   -1726.7110348   -324.8062432
-157.3998062   -1732.4317694   -315.4761791
-156.7852823   -1735.0605726   -312.1286333
-158.2357017   -1727.1184921   -322.2302496
-159.5381824   -1729.1666269   -318.815887
-160.8344046   -1733.0358028   -313.0149543
-161.3023011   -1730.537653   -315.9939349
-162.4836651   -1734.8693609   -309.7214997
-161.4444581   -1726.5917063   -320.8213151
-163.849446   -1727.6226282   -317.8913295
-164.6586386   -1732.7898741   -311.0221922
-164.971861   -1730.4097414   -313.7421608
-167.3435894   -1734.1576815   -307.3232174
-167.2455398   -1727.3503542   -315.4967725
-168.7316028   -1730.6402922   -310.4148805
-168.8965885   -1728.4621   -312.8668666
-171.1083976   -1734.2221737   -304.1416109
-170.7620946   -1725.4277468   -314.5942092
-171.1452333   -1731.1178446   -307.8490794
-172.7194516   -1728.1548977   -309.8270595
-174.2609469   -1730.5903435   -305.6945801
-176.0151116   -1732.2320938   -302.4351597
-175.8402912   -1726.0516882   -309.6150756
-176.3584939   -1728.3329964   -306.5496087
-176.9795743   -1734.8036766   -298.9023626
-178.3837406   -1729.5218706   -303.6995232
-178.9937345   -1726.3875008   -306.746453
-179.4275371   -1732.3633432   -299.9109626
-182.9301444   -1726.8331051   -303.8081527
-181.7678539   -1729.9489975   -301.1009693
-183.5905043   -1732.2435379   -297.8626788
-184.5827428   -1729.1924953   -300.563395
-187.0942441   -1727.2580862   -301.6389012
-187.9687039   -1733.4566116   -294.9620783
-187.5769226   -1730.009079   -298.5931635
-190.6470386   -1727.8143167   -300.0537157
-191.7301146   -1730.6010723   -296.8789339
-192.17405   -1733.4653139   -293.8851416
-193.7362281   -1726.0266542   -301.4998436
-194.3443147   -1729.0015221   -298.1573343
-195.1865879   -1732.1596146   -294.7638333
-197.1181957   -1727.5477648   -299.6433973
-197.8533594   -1730.5773497   -296.3038683
-199.7143356   -1732.9032421   -293.8092649
-201.0785667   -1725.3900766   -302.31148
-201.5083162   -1728.4142971   -298.8657951
-201.9493309   -1734.2129946   -292.5722599
-204.2748658   -1731.1201096   -296.2295711
-206.7315308   -1727.2744179   -301.2009263
-204.4899789   -1729.2165756   -298.4494567
-207.6554028   -1732.9969406   -294.7298884
-208.6676089   -1731.0734987   -297.1903384
-210.5323998   -1728.5512686   -300.5244136
-211.4098994   -1726.2773514   -303.5390377
-213.5328976   -1730.9012413   -298.4205782
-215.6251398   -1733.4035635   -295.9836125
-213.248047   -1728.2537222   -301.550597
-217.1832649   -1725.6141901   -305.6530356
-216.9069973   -1728.21486   -302.2740483
-219.0498439   -1732.4076891   -297.6714969
-218.524131   -1729.3953896   -301.1170626
-222.4984495   -1726.6447544   -305.0451279
-222.5292651   -1729.7413349   -301.1797369
-221.8218771   -1733.99508   -296.2705493
-224.0110961   -1732.7919006   -297.8162169
-225.4346339   -1735.247016   -295.3179181
-226.3704864   -1727.3974419   -304.3482304
-227.6736823   -1732.3994637   -298.4945476
-228.5707323   -1729.6589613   -301.6488552
-230.6257216   -1733.5309982   -297.4212468
-229.7602025   -1726.7938852   -305.2335978
-233.0203978   -1725.7500887   -306.6479564
-233.7479917   -1729.6936512   -301.7794192
-234.908971   -1734.5585823   -296.4675426
-237.5224558   -1732.732892   -298.415333
-236.2761823   -1726.53687   -305.6537211
-237.8687588   -1728.8980484   -302.7452528
-240.2332751   -1733.8346243   -297.2810864
-239.9130789   -1725.5009413   -306.9800735
-239.8473946   -1727.4348736   -304.5140505
-241.5443388   -1729.8263311   -301.6231954
-243.0430976   -1726.8211842   -305.2721322
-246.4509336   -1725.6792784   -306.687057
-243.516895   -1732.7154875   -298.453629
-246.4315621   -1729.9050093   -301.556319
-249.4606701   -1728.9828062   -302.651763
-246.5177504   -1732.4594259   -298.7438142
-249.4427887   -1734.3223095   -296.8760729
-250.3701774   -1731.4413786   -299.9596
-251.3364879   -1727.5506258   -304.4455349
-252.8785197   -1735.0952625   -296.3142693
-253.1006066   -1732.8250408   -298.6452281
-254.646155   -1730.708003   -301.0077775
-254.3564764   -1727.5004387   -304.6451807
-256.9289533   -1734.9004745   -296.9024479
-257.4298111   -1731.7636013   -300.1362383
-257.402989   -1728.1986475   -304.061681
-259.7225634   -1726.1559963   -306.6805303
-261.0054938   -1733.0862284   -299.2309332
-260.526332   -1730.2185297   -302.1515012
-263.4525029   -1729.0596962   -303.7667871
-263.3117167   -1726.4295816   -306.7261577
-263.7710301   -1731.5318584   -301.2126386
-264.9744479   -1733.5793972   -299.3464172
-266.6741339   -1726.6125679   -306.9024682
-268.7325207   -1731.9989204   -301.4189601
-268.2339875   -1725.6735563   -308.1971407
-270.7376806   -1726.8288136   -307.1179688
-271.7345683   -1730.2856445   -303.5283089
-272.5199191   -1732.5432301   -301.3792038
-273.5798685   -1734.8066568   -299.3879914
-274.035546   -1726.685524   -307.6085746
-274.9666301   -1731.4254045   -302.7357459
-276.3902871   -1729.0405035   -305.260241
-277.5066224   -1735.1505756   -299.5068729
-278.1910626   -1727.1099091   -307.4630797
-277.9838172   -1731.4970493   -302.9355705
-279.7621218   -1729.6748161   -304.8911691
-281.1340419   -1734.8058224   -300.1865447
-282.7300159   -1731.8592072   -303.0134737
-282.8939287   -1728.1153202   -306.7673743
-287.129852   -1734.7759008   -300.9743094
-286.226782   -1725.8690596   -309.5380664
-286.4220468   -1729.3498516   -305.8759868
-286.0669223   -1732.485652   -302.8613627
-289.5511118   -1732.2126627   -303.6725819
-289.3972722   -1728.9838791   -306.7245483
-290.8267704   -1725.7312536   -310.4220927
-292.5907103   -1735.0125313   -301.8522561
-292.0518247   -1730.5166721   -305.7938218
-293.7879292   -1732.5609922   -304.2755723
-293.3567492   -1728.2861471   -308.2591891
-295.6397859   -1726.4481783   -310.6867969
-295.6216661   -1729.4863462   -307.5912893
-297.4467007   -1730.5430174   -307.0677519
-299.7486321   -1732.0783138   -306.1903119
-299.5008556   -1727.6707888   -310.3479445
-303.4463254   -1733.5859537   -305.8110774
-302.5183407   -1729.5713425   -309.1909587
-305.873963   -1726.4071703   -312.9022121
-306.89207   -1733.1321239   -306.9559038
-307.9673377   -1728.4907103   -311.2464845
-308.9949814   -1731.8187952   -308.4849119
-309.6812097   -1725.70467   -314.1070604
-310.3935448   -1734.8264456   -306.3091934
-310.0784151   -1730.3960323   -309.907943
-313.3927909   -1728.0515432   -312.4051988
-313.2443158   -1731.9769859   -309.1037273
-317.8335754   -1730.1478386   -311.1484349
-316.0674898   -1733.2801819   -308.4596097
-316.6942326   -1727.3594141   -313.3571446
-321.3085858   -1733.7254286   -308.570087
-321.523997   -1725.9624004   -315.0855005
-320.5774156   -1728.1618118   -313.1061494
-323.3882514   -1730.2809954   -311.52457
-325.4349557   -1728.4663916   -313.0755126
-325.4954544   -1732.0621014   -310.0474477
-324.5179979   -1734.5563173   -307.8776002
-328.046414   -1729.5827866   -312.1288717
-328.8188306   -1726.7394066   -314.7388399
-329.4155923   -1732.3942184   -309.4801903
-330.5046884   -1734.9524498   -306.8896234
-333.1926791   -1729.5719385   -311.7497861
-331.9619028   -1725.5696058   -315.8331811
-332.7272264   -1732.9158783   -308.575511
-335.291001   -1727.6923656   -313.4977221
-335.8534304   -1734.3087196   -306.6264689
-336.4542452   -1731.7703962   -309.1268837
-338.266286   -1730.2546501   -310.4866445
-338.2606832   -1726.9234657   -314.0963018
-340.2963606   -1733.3327532   -306.9309592
-340.1537863   -1728.5627127   -312.1397495
-342.1529857   -1726.4217138   -314.5096898
-342.890176   -1730.2533388   -309.8381162
-344.7829811   -1727.6543379   -312.7876222
-344.6275321   -1734.023571   -305.1189482
-344.7558609   -1731.8862677   -307.669878
-347.6906744   -1729.4073105   -309.9643588
-348.2176987   -1732.1358919   -306.2621057
-348.3571736   -1734.675765   -302.7426898
-348.8369314   -1726.275444   -314.0268624
-351.5638439   -1732.4262857   -303.8701117
-352.0493237   -1729.7680378   -307.7124059
-351.9254652   -1727.4061441   -311.3524616
-351.342353   -1734.8967791   -300.001353
-352.2914974   -1725.6684303   -314.1853809
-354.3904749   -1733.1343889   -299.605608
-354.1518179   -1730.5065393   -304.7810495
-356.0422388   -1727.5596857   -308.4611595
-355.1046578   -1725.6581783   -313.0695522
-357.091817   -1729.8744917   -302.857846
-357.3768464   -1731.4292192   -299.4499505
-357.081565   -1735.1744175   -293.4215367
-357.4137417   -1733.0591679   -296.4432538
-361.1303893   -1726.9895077   -304.7928512
-359.6063582   -1733.6502075   -293.0770516
-360.0427834   -1729.2975187   -301.009804
-361.2035242   -1730.5541039   -297.3960638
-360.8175842   -1734.1583967   -290.9995914
-362.8836004   -1734.732151   -288.0574167
-363.4511558   -1730.7999134   -294.8677838
-363.5524241   -1727.9406786   -300.6989658
-365.9361926   -1725.7378101   -303.8733304
-365.7714454   -1728.8924456   -297.0332205
-363.4828059   -1732.6148748   -291.4355397
-366.1189405   -1730.7602167   -293.2565808
-365.7977311   -1733.3040237   -288.7596786
-368.5011593   -1726.973176   -299.5328009
-368.8408462   -1733.4222794   -287.1414423
-369.5088354   -1731.1295271   -290.9188271
-370.2739803   -1728.9743423   -294.8458493
-373.68426   -1726.9684076   -297.6337373
-373.1600968   -1734.2036963   -284.7788334
-372.8404967   -1731.8819761   -288.7195647
-373.155686   -1729.9987078   -292.0448184
-374.3527261   -1728.510499   -294.5952117
-376.0432331   -1729.957819   -291.7075753
-376.5850989   -1732.5354815   -287.3650789
-377.725753   -1734.6132994   -284.1363847
-377.1112887   -1725.4880667   -300.006479
-378.6597577   -1727.7417183   -295.6859469
-379.3035475   -1731.2096357   -289.7536457
-378.2285777   -1729.6746969   -292.212069
-380.5450527   -1733.2243919   -286.7215574
-381.0699908   -1725.4993916   -300.006479
-381.4198104   -1735.2517843   -283.829391
-381.1321584   -1729.7031879   -292.322129
-383.479747   -1727.1136045   -297.4167466
-382.7991215   -1728.5698652   -294.6076393
-384.5209805   -1731.4062119   -290.2445197
-384.9220601   -1734.4567776   -285.9195769
-384.982082   -1725.5550623   -300.6675243
-384.5508424   -1730.0608158   -292.5255597
-386.1608235   -1728.7046909   -295.3582108
-386.8896095   -1732.5804234   -289.381206
-388.4478537   -1726.9531488   -299.0588844
-388.1274191   -1730.8452129   -292.5392091
-389.2278401   -1734.7083092   -287.3148918
-389.1834942   -1725.7786989   -301.5528321
-390.7447187   -1728.9557457   -296.8668938
-389.9311749   -1732.9326868   -290.2254462
-392.6917044   -1732.1525812   -292.8918004
-392.6251856   -1734.6379757   -289.1764343
-392.0947043   -1727.2765636   -300.4548252
-394.8007552   -1726.4024019   -303.8913608
-394.7009174   -1728.6823988   -299.6441424
-395.0445978   -1730.7955027   -296.3506579
-395.9267465   -1734.5505953   -291.3100719
-397.0819441   -1732.4739695   -295.0870097
-398.5337941   -1728.6407948   -302.6039898
-397.7642981   -1730.4776907   -298.7906337
-398.8340823   -1727.2541523   -305.4665923
-397.6822821   -1727.7178764   -303.6347926
-399.6733157   -1734.6076965   -293.8460112
-400.7943002   -1726.58813   -308.8768423
-400.7131783   -1730.4506302   -301.337868
-400.4871575   -1732.514143   -297.7588177
-402.5860754   -1729.3796539   -305.249542
-403.2233087   -1734.8368168   -296.5169251
-403.4753767   -1726.2912989   -312.7366006
-403.4011094   -1732.0131063   -301.3063073
-404.0249316   -1728.2476425   -309.1811836
-406.1197964   -1732.5427532   -303.4898043
-407.0171443   -1730.8132648   -308.0054522
-406.1052529   -1726.3073921   -316.7130649
-406.340572   -1728.2621861   -312.5058413
-408.6134163   -1726.73738   -320.2036321
-409.8167149   -1729.0897369   -316.3821101
-408.6301652   -1733.0311537   -305.8185577
-410.1558653   -1731.2642336   -311.9831383
-410.8466832   -1733.5805893   -308.1032932
-411.09893   -1727.6411057   -323.0928779
-411.0961882   -1726.6696692   -326.2147307
-411.3115994   -1728.8837433   -320.035845
-412.336084   -1726.1633873   -332.1756423
-412.857267   -1727.4417877   -328.768909
-412.5390974   -1731.8373919   -315.0528669
-413.1717411   -1731.0190201   -318.4331656
-414.0501944   -1734.426856   -312.0401502
-413.4782282   -1728.8622856   -325.5948424
-413.6938778   -1730.1346064   -322.1417367
-414.560887   -1727.4446487   -335.6459439
-415.6444994   -1727.671504   -340.1873112
-415.0441615   -1728.8085222   -331.3833177
-415.8620564   -1725.9305716   -355.3316593
-415.2788845   -1733.673811   -316.5357113
-415.1648013   -1729.7142744   -328.1623423
-416.0663811   -1732.9200506   -320.5885291
-416.0681693   -1726.8623114   -349.0139246
-416.7854515   -1727.1882296   -352.2800505
-416.6214196   -1731.9880724   -325.248301
-416.6644541   -1728.0670404   -344.5574641
-418.6958996   -1726.437211   -370.5250323
-419.2493884   -1727.8984785   -365.9337163
-417.8617922   -1727.5383472   -358.9061797
-417.404863   -1730.6978703   -333.8084817
-417.3561064   -1729.9631834   -337.328434
-417.5537554   -1731.7590714   -329.7929168
-417.5628153   -1726.7415524   -362.7702892
-419.2000357   -1731.5790653   -340.6138122
-419.6957079   -1730.0127745   -354.8904061
-418.2074992   -1729.3756008   -347.4273086
-418.6374871   -1729.3304205   -351.1103988
-419.5911614   -1726.1371613   -403.2432139
-422.4530188   -1729.0472984   -406.1533511
-419.7818962   -1725.3834009   -398.3943164
-420.3711478   -1725.3190279   -393.4996426
-419.4519249   -1725.6896496   -377.279222
-420.1107947   -1732.1616411   -344.291389
-419.6278778   -1732.7111959   -336.4053369
-419.9264971   -1733.8365316   -332.3644996
-420.3488556   -1729.8454046   -361.2495959
-420.5435244   -1727.5469303   -373.4995723
-421.0401503   -1731.1294079   -358.0051064
-420.5534188   -1725.3947258   -385.9885037
-420.0678793   -1731.3481569   -349.3685126
-421.4132754   -1726.9359827   -380.122155
-422.1195904   -1726.9438505   -384.2220902
-421.3621346   -1732.2409153   -353.5490632
-423.2526747   -1727.7677059   -389.4963562
-421.2355343   -1729.6611071   -367.2827482
-421.2925164   -1734.429121   -339.2212689
-421.7214314   -1727.8521061   -376.9362569
-422.4557606   -1730.1542759   -370.5464602
-422.3600356   -1731.4763069   -364.4198775
-422.2948281   -1728.06108   -401.9794762
-423.1447903   -1727.8269529   -394.8180974
-425.0313965   -1729.9153805   -399.1365731
-422.3524062   -1734.0284586   -350.9739637
-423.5523669   -1733.4647179   -361.4017665
-423.2595889   -1729.9313545   -374.909848
-423.2309786   -1733.87146   -357.5640619
-423.8340584   -1732.437253   -367.2548532
-423.4251706   -1728.4646034   -382.435143
-423.6912457   -1729.4228077   -378.8636327
-424.4754044   -1730.0363779   -402.9239118
-425.5555598   -1735.0325584   -364.7249043
-428.0171124   -1733.2463264   -404.3594003
-424.7742621   -1731.9846153   -372.8295565
-425.1768319   -1729.8039198   -385.2080703
-426.8923727   -1731.1855555   -393.3166265
-427.6065556   -1731.9825888   -388.0744278
-426.2379137   -1732.4670553   -377.0164251
-425.9315459   -1731.10044   -381.5855086
-425.8706299   -1734.4287634   -368.3498204
-426.9624678   -1734.526515   -372.4745512
-429.8028675   -1734.1064215   -398.296237
-427.6635376   -1732.4204445   -384.3450248
-429.0276495   -1734.4870567   -381.1150491
-430.2950827   -1735.0490093   -385.7019544
213.2019373   -1735.2417707   -153.5835117
212.6092585   -1735.0043058   -156.5975696
209.340063   -1734.7310781   -158.8675976
209.4481858   -1734.988451   -154.1618854
206.7473801   -1734.7298861   -162.0095819
205.223349   -1734.970212   -165.4129475
