119.2721399   -1734.9466085   -474.7823775
118.0604967   -1735.2325916   -468.1929648
115.7102557   -1734.1024876   -471.6959
116.728005   -1733.9982986   -481.8910956
116.2288459   -1733.6527109   -477.1847129
117.1444627   -1734.7713709   -486.7482185
115.3162988   -1734.6457243   -467.4181044
114.6247061   -1733.587265   -485.7070148
113.3150729   -1733.9452505   -489.8756742
113.396016   -1734.9137068   -464.6317661
114.2338785   -1732.93221   -479.8523486
112.8946217   -1732.6040268   -482.5858474
113.1133708   -1732.6807976   -476.5486121
112.2986051   -1733.8097095   -468.051374
110.5844053   -1732.7326536   -471.7913866
110.2850708   -1731.9301367   -486.2841368
110.6332811   -1731.6845655   -479.1550934
110.7600602   -1733.8372469   -493.6304688
109.4722124   -1734.2181206   -464.7266865
110.5748387   -1731.9867611   -476.4640331
109.7168597   -1732.5596809   -490.4374778
108.9189919   -1731.1607599   -483.1337035
109.0702089   -1733.133316   -468.301326
107.7251705   -1733.569622   -496.5800345
107.2065207   -1735.0527048   -500.0982285
107.3270115   -1732.1412563   -493.0091798
107.5156602   -1731.7630053   -473.4917283
106.7793044   -1732.2394848   -470.3376293
106.8249615   -1731.1142683   -489.348948
106.4857813   -1730.5639982   -485.7937098
106.2817248   -1730.9387922   -476.83689
106.9515618   -1730.6349277   -481.4405143
106.091437   -1733.137846   -466.7702019
105.3697141   -1734.2499495   -463.0517066
104.8016223   -1731.7545414   -495.4665601
103.9407524   -1732.632041   -499.0209639
104.1948172   -1731.2196493   -472.9854465
103.8319143   -1730.507493   -492.3384488
104.3761941   -1730.0686836   -480.3856313
103.0257317   -1729.6192646   -488.0764484
103.0479344   -1732.1511507   -468.9288139
103.7008735   -1729.752779   -484.0236008
101.3963791   -1730.0258875   -476.8311083
102.7650508   -1733.1775427   -465.3774798
100.8293899   -1734.3406677   -461.8448317
101.0299595   -1730.2398682   -496.2693155
100.7541987   -1729.2582989   -481.8007946
101.6786965   -1733.2810163   -502.0792484
99.9855074   -1731.0525179   -471.7149436
98.664877   -1731.0465574   -500.7094145
99.6988686   -1728.9031744   -491.7162061
100.7739576   -1729.0563583   -485.3086174
98.4311076   -1732.6259613   -466.5611088
99.4621786   -1728.6417484   -487.8576994
98.0671319   -1732.0599556   -503.3096671
97.2871753   -1728.9755344   -479.4971943
96.6586443   -1729.9927473   -474.785924
97.188917   -1729.7114134   -499.0029633
96.9206067   -1728.6350727   -495.3656793
97.6043018   -1734.3227863   -506.2476993
95.9272059   -1734.1076136   -462.2448385
96.8833538   -1728.1930447   -484.7911596
94.9392291   -1731.3138247   -470.1258838
96.7975231   -1727.9911041   -489.3474877
95.2913734   -1727.6047468   -491.7390645
94.3654748   -1732.7586412   -466.083616
94.3618389   -1731.8376303   -505.9187412
94.4209369   -1729.7531366   -502.3763776
93.6574908   -1734.9615097   -508.6699128
92.2711762   -1728.0097008   -481.8860888
93.8887271   -1729.3412685   -476.4266908
93.2505103   -1727.913022   -498.4147847
93.8281687   -1727.4689674   -494.2358434
92.728314   -1727.0671129   -488.5132909
92.2463807   -1727.4287939   -485.20118
93.0928858   -1730.9076786   -471.399039
92.5801667   -1734.3107462   -462.2067511
90.39512   -1733.5720062   -465.2040303
91.6924449   -1732.7802181   -466.896534
91.8667289   -1728.9882898   -477.8290391
90.5232104   -1729.5590639   -505.7551265
89.4393595   -1727.7452946   -502.2629499
90.6627449   -1732.0352793   -508.097589
92.5553413   -1727.0364761   -490.4906452
92.3091444   -1731.9723368   -468.7027931
91.1206874   -1730.9010029   -472.1155167
90.6683477   -1726.7947197   -495.8812296
89.7953781   -1734.1742516   -509.8509192
88.8836058   -1728.1291485   -481.276691
90.5817422   -1729.7096252   -475.328356
89.2603072   -1726.9195318   -498.788029
91.1535891   -1732.4624062   -467.9495394
88.2547768   -1726.8639803   -486.7707789
89.147416   -1727.4706364   -483.9073122
87.1908935   -1730.5963039   -473.4042287
88.9991196   -1729.5072079   -476.2050509
89.3326076   -1734.6067429   -462.4845684
88.2968577   -1734.4045639   -463.4725153
88.1013545   -1726.4469862   -490.1452363
88.0234512   -1726.2818813   -494.1031039
87.0893272   -1731.9328785   -470.3605771
86.5332755   -1732.8404188   -468.2408273
86.6533192   -1726.026535   -496.6839254
87.0767506   -1729.7170162   -508.2712173
86.9248184   -1731.9072485   -509.9343657
86.5516337   -1727.4829149   -504.9495697
85.8754786   -1728.1118631   -507.3079467
87.698129   -1729.036808   -477.8929353
86.5195068   -1728.2409668   -480.6665778
85.036722   -1726.1179686   -500.1095533
85.1768526   -1734.3767881   -464.255929
85.1194533   -1727.68116   -482.7753603
86.0616239   -1730.9561968   -472.4676907
85.0682529   -1729.357481   -477.2110879
84.60435   -1725.8517742   -493.0125177
83.4527286   -1726.2078524   -490.0257885
84.4041976   -1733.2390547   -467.39465
83.575097   -1731.1776876   -511.2096667
83.6529406   -1727.0168066   -485.8017266
84.6352252   -1728.3930779   -480.2749753
82.1093591   -1735.1768017   -513.0170584
83.7961706   -1730.6498289   -473.3942449
82.677749   -1732.2194576   -469.9622989
82.0267471   -1727.3342609   -509.021163
81.8216475   -1725.5884409   -496.5217113
83.0506357   -1729.6156883   -476.5720367
81.7668708   -1725.9526253   -505.1978827
81.0213359   -1733.7399721   -466.4147794
83.300558   -1728.5599709   -479.9589515
80.700663   -1728.9471626   -479.4448316
81.2923583   -1725.7130146   -493.0816591
81.9827589   -1726.4370918   -488.6362553
80.5113586   -1731.202364   -472.4825919
81.3393267   -1727.7464867   -483.7510884
80.4131898   -1728.5209894   -481.4938009
79.0010961   -1727.2435427   -486.7389798
79.1243585   -1732.6881886   -513.3242011
81.6177996   -1729.6372652   -511.3170147
80.1817449   -1730.1110029   -475.576669
78.8831385   -1732.6061726   -469.3640471
79.6824368   -1725.8377075   -507.2728992
78.9938243   -1726.1962891   -490.3531373
79.0663632   -1734.6961498   -513.8489604
80.6095275   -1730.298996   -511.9605064
78.6033543   -1725.5089283   -494.4772124
78.2472762   -1725.3267765   -497.5606799
79.0086063   -1729.2954922   -478.5605967
77.1511468   -1725.4594564   -508.2271695
79.2714032   -1727.8060913   -484.7665131
77.6278647   -1726.429224   -510.4957223
77.7810486   -1728.4547091   -512.0089054
75.7008465   -1734.1014147   -466.3948119
78.6398324   -1726.046443   -509.275794
76.7174038   -1731.3894033   -513.6958361
76.160458   -1730.8505774   -474.4946957
75.8911642   -1729.8772335   -477.5191545
78.8514289   -1728.7496328   -481.3576937
78.4380706   -1728.9329767   -480.6245863
77.6244672   -1727.6440859   -511.5004778
77.5660547   -1728.1932831   -484.0194583
77.7364048   -1728.7101746   -481.9045961
74.1023096   -1725.2969742   -501.1969805
74.8939785   -1731.9228649   -471.9553292
75.9542259   -1734.744072   -514.7812963
76.4696869   -1729.2056084   -480.0097644
75.4416259   -1725.9696722   -492.7597046
74.2327245   -1726.9841433   -488.5891378
76.9501003   -1725.7410288   -509.5409155
75.6221088   -1725.489974   -496.2588549
74.2249759   -1729.9021482   -513.7771368
75.6352218   -1728.294611   -484.1246307
75.9583982   -1727.1455526   -511.8977427
75.5993398   -1725.4290581   -508.8273883
75.732139   -1725.8412838   -510.3318095
75.5355629   -1726.3869047   -511.2245083
73.7182768   -1725.5102396   -508.0948472
72.0952424   -1725.6726027   -504.5832992
72.5252899   -1728.0920744   -513.0474567
73.5940608   -1729.1090488   -480.9910059
72.3494562   -1731.1371565   -475.1384854
74.1571458   -1726.8699408   -511.8424892
72.455016   -1732.7833176   -515.3719187
72.9297074   -1725.6212234   -498.2593656
72.3613771   -1733.6221933   -468.5969949
74.457136   -1725.6364822   -510.227859
74.6523412   -1725.9361744   -511.1004114
72.9218992   -1728.2468081   -484.5764935
72.6800235   -1725.957036   -494.9387014
73.9184888   -1725.4935503   -509.4435811
71.5082558   -1726.7410755   -490.9836948
73.3312639   -1726.1904478   -510.9692216
72.7783712   -1726.7467976   -511.959374
71.7955502   -1729.9571037   -478.7874818
73.5163363   -1725.7012129   -510.17946
69.5054802   -1727.8097868   -487.5912666
70.2336105   -1730.1900387   -514.6785378
71.6730031   -1732.6036692   -471.4772999
72.043744   -1726.0617018   -510.0187063
70.3261765   -1728.8290262   -483.3454192
70.3903707   -1725.9052992   -500.6890297
71.3994177   -1726.7314196   -511.562705
69.7536739   -1726.2872458   -496.9796538
68.979648   -1734.0714931   -516.4290667
69.8376568   -1726.641655   -493.3528006
68.3355602   -1730.8033705   -478.099674
68.586615   -1732.1571112   -474.068284
66.9460567   -1728.423357   -512.7289891
68.1299838   -1726.6424894   -507.3148012
67.8113969   -1726.4473438   -503.4221411
66.3373741   -1734.2327833   -470.1827765
67.9680379   -1728.7769318   -485.2344692
67.391363   -1727.580905   -491.135329
66.5048631   -1726.8394232   -499.5624423
66.036311   -1731.0868502   -515.3031945
66.4717826   -1729.9878597   -481.9037914
66.2422451   -1727.1828651   -495.0311184
65.445629   -1727.586031   -510.9921098
64.3143924   -1732.5991392   -475.6201208
65.0940212   -1733.4963083   -517.043829
64.7312077   -1731.1663628   -479.33954
65.040675   -1728.800416   -488.2268012
64.1753348   -1729.3281555   -513.6616826
64.9269494   -1727.2105217   -505.5597425
64.6546754   -1729.6767235   -484.6816361
63.2452043   -1727.6825905   -503.9119124
64.4815239   -1728.1537056   -491.8889403
64.0015277   -1728.0955315   -511.5508437
62.5894936   -1728.0215025   -497.6819158
62.7548965   -1727.9565334   -500.5373955
63.0165609   -1730.7829857   -482.1310937
60.6920394   -1734.8792553   -472.5703299
62.1302994   -1728.5639048   -494.5905805
62.9202994   -1731.3586473   -515.5633092
64.6875771   -1728.0509472   -511.9411945
64.1683611   -1728.3936739   -512.157321
61.5492138   -1734.2208624   -516.2172318
60.8719262   -1730.579257   -485.9705567
61.7196234   -1729.4017076   -490.4438257
61.5487369   -1728.7982702   -506.8300366
61.6027387   -1732.1871519   -479.072988
60.1004633   -1733.5855961   -476.3000309
61.4287528   -1731.4791679   -514.1441226
59.929994   -1731.8762541   -481.9840789
59.8765882   -1729.1839123   -502.7903914
60.1236495   -1729.060173   -499.6169209
60.3019866   -1730.3084135   -511.6487145
57.7443513   -1730.469346   -493.2527244
58.5269602   -1729.9548388   -496.7319369
58.0784949   -1731.0725451   -488.3622825
57.6660308   -1733.5630655   -479.2324603
58.285323   -1733.7961197   -514.2219663
57.8722032   -1730.7217121   -505.8259964
56.6593083   -1732.7730656   -483.6849272
57.6233538   -1730.2248478   -499.8153448
56.3352378   -1731.1735153   -502.3896694
56.2115582   -1733.481884   -511.2994909
56.0174855   -1731.6573858   -490.6726182
55.9902462   -1732.5268984   -508.1674457
54.7777089   -1731.8428755   -494.7137833
54.299024   -1732.6093912   -504.0104985
54.5346411   -1734.7841263   -479.2217612
53.9966496   -1733.3264351   -487.1375859
54.4680627   -1734.5182896   -510.0517869
53.2679828   -1734.2534065   -483.8232696
53.6634596   -1732.4672937   -499.5333552
52.3073348   -1733.7770462   -491.1233187
53.1920465   -1734.5086336   -507.2126389
52.5017055   -1733.392477   -495.043546
52.197841   -1734.2870235   -504.314363
51.689771   -1734.0022326   -501.0897517
51.1237653   -1734.7875834   -487.9252911
50.3987344   -1734.8325253   -497.5613654
