156.4977642   402.536137   -370.4802463
155.3066085   404.2546827   -369.8529118
155.7662764   403.2739554   -368.9337425
154.8722694   404.1183014   -367.3162698
154.4354215   405.121237   -368.2609018
153.5840155   405.8387942   -366.696915
153.9192013   404.9931506   -365.8104708
152.750301   406.6182935   -365.2337194
153.1168544   405.7711974   -364.3492134
151.9332191   407.4081533   -363.7592459
152.2884287   406.5728417   -362.85424
151.4174783   407.405655   -361.3535388
151.1100452   408.1905855   -362.2792101
150.2245191   409.0810868   -360.7612469
233.0951649   454.1672149   -370.3760757
232.0914343   454.8324758   -368.6873576
230.0021013   456.5810934   -370.2607922
231.009796   455.6320633   -367.2157113
228.9925635   457.2877136   -368.7969058
227.8010047   458.0944667   -367.4163782
229.9887149   456.3021825   -365.7101001
226.7598429   458.8242173   -365.7415857
228.9308342   456.9944689   -364.1168979
227.8706833   457.7262508   -362.4523869
225.7537528   459.5537217   -364.1090198
226.8079418   458.5155557   -360.8316868
224.7253432   460.3177373   -362.559718
223.7074479   461.0703744   -361.0320593
154.1731526   406.4177944   -369.286477
181.4616901   440.5697468   -361.5539748
183.2064799   441.119216   -362.9230829
182.6792101   442.2227804   -361.4378787
223.2209544   461.349257   -366.0975709
222.7735116   461.7557492   -363.8347677
221.241862   462.8220155   -362.9502503
220.8745368   462.8745489   -366.2375705
220.813644   463.197592   -360.6586989
215.611291   466.3562841   -361.8795895
213.5863263   467.1565325   -362.3183805
214.7479975   466.3106881   -364.5646837
153.8772789   408.12129   -369.7567944
152.6115016   407.3680979   -366.0484968
151.6450432   408.5902202   -364.6386703
151.7958468   410.6030516   -366.2035505
152.9373336   408.9141275   -367.9703072
152.5070539   410.8867635   -367.5076005
224.7523394   460.2951021   -366.9850269
225.0698786   459.9671323   -369.4225278
152.1239333   408.8122654   -366.2036224
151.2244715   410.245335   -364.9094945
216.6385432   464.8910476   -367.9687679
218.5552535   463.8299698   -368.7719255
149.3606995   411.6713441   -361.3742679
196.2416534   461.8720498   -362.3913686
194.3890136   461.5664166   -360.6199426
194.6726906   460.0471485   -362.0745628
204.2810773   462.8530407   -370.050078
156.3610901   416.6198503   -369.1618939
156.2821101   414.8297256   -370.5406272
149.090773   415.6027143   -360.8653308
150.1181776   409.9576549   -361.7874321
222.820757   461.4300358   -369.3178457
205.0257173   466.7003945   -365.3580305
204.8678715   465.4312793   -367.2213367
206.7189107   466.5542183   -366.3660167
153.2453677   407.0664654   -367.418555
163.8954103   425.5264838   -363.8582268
165.0683113   426.553404   -363.273634
163.7717015   426.4773756   -362.5285586
149.4377428   413.3172232   -361.8392597
150.8309174   412.3534587   -364.3375827
150.4091096   414.9732335   -362.9999314
206.7422634   465.5131286   -368.3378152
208.7381788   466.3158278   -367.5200046
209.6743483   465.4662884   -369.6479064
211.6566606   465.3007613   -370.234682
211.2684981   466.2461275   -367.7958357
200.7014376   458.0256644   -370.3745485
169.0536492   423.7404301   -369.5257772
171.6306337   424.399131   -370.3674019
150.9830174   408.9659599   -363.1257968
218.8180215   464.1418528   -365.8623668
218.9937236   464.3141175   -362.9778132
210.4398873   467.9999591   -362.7349744
212.0179848   467.8689608   -361.6509307
151.309366   415.4342707   -364.1595269
151.4700733   414.1104435   -364.969637
150.3883334   410.7562343   -363.1441447
151.8929894   412.3200951   -366.2439781
153.6482448   410.4233908   -369.3681322
214.8770825   465.2314513   -369.1610258
213.2483501   465.7239054   -368.7368529
220.7556359   462.6356281   -369.0978498
217.0990014   465.4799577   -362.5271682
204.3416152   469.0687425   -360.7366896
197.6160179   465.1476083   -361.1099433
197.843993   463.8913377   -362.3924129
199.4576414   465.9552763   -361.9237652
205.4923637   468.6386238   -362.0076782
207.0411079   469.0318857   -361.1341168
159.5071851   424.5363603   -362.2188337
160.0272587   423.6499149   -363.7851161
161.7360439   425.3243191   -362.6974517
205.7933549   463.6554627   -370.5511163
205.3609701   464.3977184   -369.1445884
208.7568516   468.4972068   -361.922686
193.7153581   457.7246626   -362.6794881
196.0688462   459.6554161   -363.9151218
189.1499654   448.899687   -363.6029653
189.1081647   450.7379639   -362.2701002
187.3154032   448.6389669   -361.7153265
203.5901357   466.9146881   -364.1224419
201.8929564   466.9461555   -362.7447339
202.2769125   465.9636472   -364.4900773
168.2871396   428.4219087   -363.0086124
165.5002025   427.747405   -362.0176158
166.5013321   427.0652549   -363.5457323
203.8264281   468.0191045   -362.4262854
200.7908244   465.319787   -363.9267248
164.3105111   421.7112944   -369.1638792
167.1624019   429.2593961   -361.2036008
156.6252749   419.4365357   -366.5879636
156.4621883   418.1139622   -367.8834776
157.6547584   419.0948352   -367.8855269
155.3278284   419.8560844   -364.8568885
155.2342591   418.3242374   -366.4608034
149.9769028   416.9762437   -361.4572684
169.3614128   430.2652369   -361.4903027
150.9189161   418.4834579   -361.5913401
152.5347591   413.755472   -366.6763708
152.1575877   419.8834207   -361.6783324
153.5578403   419.50075   -363.4874287
154.0051553   421.3271834   -361.8254581
159.860355   425.8401136   -360.6556393
154.7313087   420.6054419   -363.403488
153.9380706   416.8217785   -366.4193569
152.8306316   417.6725256   -364.4519324
152.3295692   415.6910788   -365.3181993
216.8256962   465.2846372   -365.3286281
200.8730673   467.6091617   -361.0420752
208.5990452   467.5195759   -364.6649377
212.1956886   466.979635   -365.1163206
210.6362874   467.5113444   -364.4405249
170.3061036   425.0414174   -368.6272287
155.2985258   417.0713291   -367.7174709
152.7855486   412.1254845   -367.6944373
153.7847037   413.1695978   -368.6024667
158.7523297   421.3908232   -365.9200439
160.2763055   422.443359   -365.5796818
158.3605514   422.2331087   -364.4704102
182.1270806   434.5920822   -367.6156161
183.4645743   437.0113628   -366.7496123
180.6028977   434.7262597   -366.0358607
195.7353797   450.6830343   -369.8828687
202.7016235   461.3077724   -369.9600868
202.8177827   462.6339814   -368.8364502
201.2307464   461.4234273   -368.210063
156.1897041   421.663901   -363.3926265
152.0944685   418.5113653   -362.9188217
151.3383452   416.8507153   -363.2879587
161.4577919   420.621726   -368.7699935
160.6397823   419.3666757   -369.8350051
159.2920322   419.5844241   -368.5734555
157.9621448   417.9671679   -369.3398076
154.1181188   418.4656176   -365.1570906
206.9085769   468.2138874   -363.0877019
206.4701456   467.414362   -364.6983063
203.4324167   465.7715336   -365.6907495
203.1854336   464.6792653   -366.9205383
196.0817854   463.7713984   -360.7259679
199.2492554   460.63869   -366.6677159
198.3711574   462.1236232   -364.4676541
197.6425851   459.8516059   -365.5230185
202.1928073   463.377757   -367.4161894
201.7683391   464.578303   -365.6961374
213.2505567   466.3035612   -366.7737918
185.827349   438.8348919   -367.5878531
185.8755567   437.5449468   -368.755767
187.226792   439.2806969   -368.7139156
155.081106   413.5915059   -370.0644367
214.906134   465.7323614   -367.1922994
154.8125573   415.3258978   -368.5417565
153.40662   414.9815127   -367.1319398
181.1368336   436.5268159   -364.8538496
179.6519202   437.0839563   -362.9149541
179.2015839   435.1307224   -364.3159313
162.5096881   423.9672995   -365.0100624
162.2192132   422.258259   -367.0897458
164.8084042   423.6967331   -366.8550726
179.3210415   438.9849751   -360.8206921
173.4665544   429.2821966   -365.5950554
175.461776   429.3340765   -367.0494617
175.2800187   430.8301593   -365.275218
188.2161421   438.6589413   -370.3601992
188.8326596   440.7977542   -369.2740057
179.9010354   432.3411254   -367.7006584
177.2296783   431.1082442   -366.5720192
177.7586015   430.2882503   -367.8684385
175.0673985   434.713968   -360.975389
174.34495   433.3038404   -361.8522553
176.845088   434.5253073   -362.7736016
190.6763635   442.7223489   -369.8755046
189.0964436   442.6880428   -368.0981465
170.8825011   428.3292556   -364.8967793
172.8986387   430.3065628   -364.0168436
170.7142888   429.7587345   -363.0509527
182.0008122   431.7166895   -370.3154302
179.2049076   430.0687406   -369.378832
156.0203335   423.3409611   -361.0287973
157.1903913   420.8276573   -365.3787073
202.5476648   468.438327   -360.9025031
199.3092317   464.2819305   -363.5574516
200.1329096   463.8540132   -364.8283609
199.8233706   459.1704081   -368.4839484
197.9390483   458.4120187   -366.939668
198.4305967   456.4600401   -368.9159106
210.2679498   467.0027776   -365.9837014
196.5629523   458.2904166   -365.5019472
195.8990991   455.9268405   -366.4242859
211.7591918   467.6000835   -363.3289654
159.4907923   418.5521464   -369.9669201
192.9168557   459.2807292   -360.6521906
189.3762722   447.0744371   -365.1625359
191.3990819   447.8675517   -366.9013011
191.058792   449.47526   -365.3710425
192.6371203   449.9376074   -366.8407563
193.438637   449.0480212   -368.3920874
174.2659711   425.9629636   -370.1885956
186.2660066   436.1514428   -370.4220961
176.4446735   427.3585744   -370.0848707
178.2153208   428.5067802   -370.1935155
176.9673975   428.8029803   -368.8193333
184.2887186   433.988014   -370.3492633
182.4968352   433.585424   -368.928262
167.9549785   426.6611923   -365.0136768
176.9867886   436.4912893   -360.9423255
184.752026   441.076567   -364.6138121
185.4776518   443.24191   -363.6681744
191.9401059   455.0810342   -362.5028633
189.8485127   454.0712886   -360.8119409
189.6965704   445.1235583   -366.9551139
187.7596667   444.8285635   -364.9866569
187.0626409   442.4756663   -366.0108811
177.714452   432.9475963   -365.1340927
159.9886085   421.1059402   -367.1576109
165.7276674   425.9752412   -364.4571878
162.7337465   427.2417576   -360.8197808
192.0942752   446.5327051   -368.6651684
201.3866191   459.927622   -369.6736328
200.4849269   462.6973875   -366.2431026
195.2318608   457.4769891   -364.5930576
193.8596436   455.6388405   -364.3145839
192.3475534   453.447053   -364.0909459
198.2809399   454.4653898   -370.1636566
192.8514625   451.8496281   -365.7623341
193.9422595   454.0553714   -365.4918724
184.3791746   444.3022325   -361.6395375
185.5422537   446.6784963   -361.1444776
170.0903873   426.2850361   -366.894175
172.8112373   427.7819442   -366.8958374
174.7040885   427.5238362   -368.5650733
172.2923997   426.1361395   -368.5618305
157.9910882   423.3325681   -362.6971011
158.1134619   424.4765232   -361.2306478
174.8802924   432.2211168   -363.4769677
172.1621722   431.6068389   -361.9882784
182.6901337   438.8219605   -364.3683024
183.9588344   442.7104185   -362.4081992
206.8591979   464.5905837   -370.032776
196.4585365   453.5804054   -368.6924367
167.9459325   425.4679276   -366.5498202
166.3217455   425.1907962   -365.864958
166.8747949   424.4936221   -367.1309786
158.1990254   420.2593289   -366.935884
187.6165695   450.7075452   -360.6030843
187.029917   446.237874   -363.1327917
189.0915025   452.163838   -361.2618988
168.509453   424.7326437   -367.8716165
166.8102109   423.3966792   -368.5324232
184.1042633   435.4518357   -368.7835996
181.2833416   439.2948883   -362.4974133
187.2383025   440.6337954   -367.6325882
203.7645988   463.9508836   -368.3151762
208.0500156   465.3664829   -369.3513053
194.3062989   447.8191338   -370.2812828
205.1995452   467.7189364   -363.6805446
190.5372537   452.7868109   -362.4807495
194.3205824   451.4178608   -367.7400301
194.705502   453.3739254   -366.829973
190.8540413   451.2034127   -363.9335385
185.199341   439.7920409   -366.1484269
196.7241818   454.3297971   -368.4705858
190.8839669   444.399318   -368.8415444
164.6445511   424.8688475   -365.2055596
234.1079328   452.7131455   -367.1219189
234.6793884   452.7003407   -369.3314006
234.0281135   451.7333781   -363.9367681
232.7262833   453.8208582   -365.6519428
235.6947321   451.7818244   -370.159115
237.3549039   442.5966994   -363.83255
238.5952126   443.6212777   -365.8456606
238.3913565   441.8566284   -365.2591215
229.5701745   455.9568645   -361.2894948
230.960075   454.7961875   -362.4763189
232.6776733   453.1371622   -362.9941921
231.6051138   454.766792   -364.6960062
231.6403849   435.8776238   -362.158838
233.2939786   437.8240571   -361.746121
233.4048296   436.1730598   -363.1639847
225.5019668   431.8670534   -363.1487003
228.0382495   432.2161545   -364.065678
225.8914684   430.0892956   -365.4625781
158.1515508   401.3111171   -367.4343597
156.7546989   402.3804167   -366.2688239
158.0312125   401.6630237   -366.212478
155.2716384   403.5476537   -366.1959652
154.279668   404.4736739   -364.9349107
155.4879968   403.5159864   -364.817848
153.8649631   404.9801521   -363.3768138
152.6229865   406.094201   -361.9239278
159.7492836   402.0252012   -364.3298392
158.0647287   402.6467837   -363.7941985
159.3309515   402.8722291   -362.8856556
157.2422   401.6758524   -369.7312286
156.6349927   402.3338568   -367.8917668
161.698873   399.7639825   -368.4206563
162.4338282   399.0254661   -369.7491071
160.8297181   399.5659048   -369.5929426
239.6414478   439.6321295   -367.5078279
239.6889308   437.5040741   -368.2313939
238.310159   437.4204015   -366.832419
241.0934525   438.4085821   -369.6001685
240.2724294   436.4026699   -369.3384711
239.3358506   441.8773587   -366.7357355
240.5519038   442.0461028   -368.8565039
159.8259978   400.3977914   -368.0788213
158.7585334   400.6449992   -369.2534161
166.7313843   406.2265007   -360.8301395
169.2991406   406.929762   -361.6369836
168.0816108   405.3978319   -362.3771118
234.8463054   446.6184   -360.5879705
234.7737816   449.0427628   -361.9820065
235.9607774   446.5063614   -362.411987
235.4068074   450.4281706   -365.1230204
237.6116465   447.9035455   -367.2853221
236.5111648   449.6014872   -366.4450919
236.661928   450.1773093   -368.3937635
238.9571002   445.4979165   -367.7417713
238.1243237   445.5331327   -365.8558987
235.6751387   451.2397566   -367.6297434
237.9480003   448.478502   -369.6971242
240.1532867   444.725829   -369.6495853
237.6856627   444.4684615   -364.4670609
163.3529008   401.3685667   -365.3611192
165.1822086   400.1981565   -367.3622303
162.6399826   400.3246124   -367.1056779
159.0946604   401.5891334   -365.5133458
155.8142744   403.8103597   -363.0459002
157.1810933   402.500441   -364.9560177
233.5430852   451.2531868   -361.6310895
236.8277347   435.4063769   -366.7201472
236.5802948   437.2641595   -365.171258
237.1914476   446.1814879   -364.4460577
163.9995992   399.1551908   -369.1042399
212.0582192   422.061124   -368.9459703
212.369771   420.8389798   -370.5603713
209.8921621   420.5531404   -369.7738296
153.7696285   405.270225   -361.572843
229.5077085   435.4760156   -361.1645987
227.6321162   433.7336338   -362.0684553
236.2886823   440.7569646   -362.8783016
235.682562   442.4784559   -361.6624485
231.7991963   428.346953   -370.2834853
210.7730952   422.4945729   -367.8379826
213.0896077   423.6484157   -367.4820559
157.3306748   403.6664471   -361.9894718
155.206364   404.8024656   -360.7096635
236.3815655   448.2696973   -364.4904286
169.7399996   405.3473019   -363.3621136
166.4769075   404.4347817   -362.4397375
174.9379619   411.6720377   -360.8957159
169.687674   403.9328073   -364.5785686
171.8038074   404.9989984   -364.9040477
178.3992281   407.7445883   -366.5280232
176.1154621   406.6999636   -366.0687667
177.2770631   408.6984761   -364.9733881
185.0103627   410.4089453   -368.000017
182.36976   409.9145648   -366.9193769
184.7134248   412.4710982   -365.8572635
234.0197731   439.6610596   -361.044498
235.0663512   440.6891381   -361.506681
235.0856372   439.2145125   -362.3590507
240.9098919   440.2168504   -369.1057452
235.2172029   444.552781   -360.8074506
234.5964524   435.2896648   -364.9367398
232.2058324   434.5284697   -363.8755017
229.9504145   434.0813695   -362.9863283
219.6211462   425.570473   -368.0119144
217.854138   425.7567287   -367.0050605
219.7518811   426.8380558   -366.5267282
220.3905128   431.1510985   -361.5256519
239.6258933   443.5535023   -367.6645721
237.948719   439.0835505   -365.5427167
235.6783125   431.6204995   -368.9724743
237.3816127   433.6431943   -368.5021419
237.7865106   431.8567984   -370.2042626
234.9614186   433.1792851   -367.04486
236.4777883   439.0474969   -363.9121624
229.427007   429.4182206   -367.9490529
231.0899955   431.3531361   -366.6059581
231.9941821   430.1907967   -368.3336838
239.9028297   434.139414   -370.2376501
161.2263358   402.1813671   -363.9310292
164.9729939   402.2026052   -364.4555171
165.4107221   401.2276595   -365.8553131
162.9724422   402.6761567   -363.3648764
160.9025789   403.311408   -362.1483891
169.7948727   400.130224   -368.6834131
171.8115374   400.3327709   -369.4247726
170.7065476   399.2306162   -370.0630691
172.5114197   403.3131119   -366.9700072
174.5277032   403.5298564   -368.0160237
173.1843789   401.914012   -368.7306669
175.2378352   402.3492469   -369.5703906
159.1093796   401.0252627   -366.8356497
160.560798   400.6410849   -366.9117469
195.2481138   413.6465692   -370.546395
177.1961802   403.1742801   -369.9937984
176.0895694   403.7202359   -368.799034
177.5045119   404.6883172   -368.7809656
166.5088904   398.9687511   -369.3649483
174.8851734   410.0511478   -362.2955822
173.4094614   409.9192058   -361.4835038
168.8497633   398.7942739   -370.0268778
167.6304128   399.9832183   -368.1405107
222.92665   431.5164841   -362.2965015
180.3508226   408.2224081   -367.2833142
180.7643752   406.7100958   -368.9343926
179.2084462   406.9072688   -367.7949039
173.6130897   408.2079481   -363.1374384
171.3375554   408.669908   -361.2910188
164.5780665   404.8550551   -361.1110839
194.2441696   421.5555572   -361.2566585
194.0117607   419.7349507   -363.1681263
192.2020072   420.1774466   -361.8370983
175.9586122   409.4273763   -363.511158
175.3776899   407.9081035   -364.5125301
238.7897689   435.7357996   -368.2442902
171.0582715   401.5783784   -367.7563347
225.0992696   428.1057732   -367.3949461
227.2302076   429.2033763   -367.1135791
226.9423287   427.5372941   -368.9061998
238.6615147   440.6040046   -365.8212434
237.5952269   440.6408931   -364.4651076
233.0239266   431.8450541   -367.0563462
232.7893959   433.1404591   -365.6415496
218.1561985   429.2056553   -362.8782636
217.8693397   430.8261818   -360.717481
220.7649764   429.6156248   -363.5973122
218.6145328   427.5913849   -365.0894134
230.4819387   432.6904465   -364.8347954
229.3511521   427.852405   -369.6820586
230.6491072   428.9536118   -369.053117
234.9643187   437.4486261   -363.4836742
223.3400399   428.4221336   -366.2411389
168.1607232   404.075701   -363.6181556
166.5867361   403.0496581   -363.958926
215.5186586   424.6022256   -367.3930162
214.1824846   422.7450557   -369.0743594
179.2427274   404.522723   -370.016076
177.6721648   406.1052707   -367.582004
185.184357   408.5915034   -369.8621415
158.7895613   403.9286584   -361.1128314
178.0406285   410.5778307   -363.7535352
179.7951469   409.8672995   -365.4394158
189.3225531   419.3650499   -361.3812774
197.9104458   420.3380172   -364.3634344
199.9681877   422.1808226   -363.1588063
199.9660425   420.8883092   -364.6978198
182.0734823   416.361139   -360.8492582
233.7879208   428.9804229   -370.5732758
210.158094   427.8337217   -360.8640411
212.1461694   427.321531   -362.4393704
208.782611   421.3798773   -368.2606085
236.6204546   444.4507566   -362.841663
221.9399182   424.7781103   -369.9746552
219.8587222   424.1950165   -369.7853666
233.8565065   430.0319977   -369.5001733
206.8496127   421.2671053   -367.4908766
207.7212448   422.9351321   -365.8628662
209.2085257   422.8046968   -366.7174107
223.2715689   429.9592902   -364.370007
221.2011877   428.2408481   -365.4807662
161.0942756   401.2775404   -365.5216659
166.7438395   400.8568236   -366.708958
183.8704421   407.4441497   -370.1637414
182.6498381   406.510982   -370.2872578
162.6847505   403.9581441   -361.538046
166.7994888   401.8447697   -365.4601564
168.3812397   402.7698337   -365.0566963
181.1358311   405.2575726   -370.5183466
170.3542626   402.9052061   -366.0012787
187.5194943   412.7832443   -367.1173527
187.29997   410.5034721   -369.2554591
178.8738954   405.779587   -368.6266706
189.8874043   414.31504   -366.8761677
188.8727693   415.2058845   -365.4168873
190.9070189   415.972967   -365.6938376
190.1753612   412.4165147   -368.9846422
183.8442691   416.2777537   -361.8217715
176.5927804   411.1687875   -362.3560876
203.6083613   422.1647262   -364.8789013
205.5386957   423.5968718   -364.0278323
205.6086026   422.1851523   -365.7916068
198.8571649   419.2139209   -366.1359713
196.8339651   418.5941659   -365.8492383
216.0554538   427.2809698   -364.3021644
213.4544726   426.497382   -364.0890708
215.2200938   428.7314878   -362.0915419
233.9643915   431.3720969   -368.0977092
174.143519   404.975671   -366.4102083
164.712629   403.4492852   -362.8007482
168.6836222   401.3588287   -366.8122278
180.0957367   412.0150279   -363.6754088
176.004409   404.9421651   -367.6138646
185.4826629   414.3828833   -364.4520856
187.4249244   416.2456871   -363.6240022
186.7867275   414.2113056   -365.3108181
204.4099338   425.5199527   -361.1486914
202.1078883   423.8873458   -362.0908996
204.7607502   420.5697545   -367.356996
203.3351696   420.6379665   -366.5971209
190.8060624   417.7298181   -363.7793211
193.0045781   417.4058397   -365.234259
182.122859   412.001632   -364.8422676
182.0355587   414.1458845   -362.830878
193.5011681   414.3299061   -368.8223152
196.2256375   415.8859987   -368.5860535
179.6436361   414.3716404   -361.3224171
177.1991671   412.9851118   -361.1264696
180.0762461   413.2121882   -362.5972976
178.5942312   412.3738662   -362.4874781
204.6896568   419.2017053   -368.9595881
225.140656   433.6667485   -360.7911754
217.1251538   423.7660076   -369.1212376
223.1200817   427.1258093   -367.6652005
223.9691539   426.1975625   -369.1480943
209.47791   424.3092399   -364.9926934
211.6587458   424.4291377   -365.8557015
211.2607351   425.6909145   -364.0924793
206.9478024   425.6681261   -362.112867
204.0689487   423.8531897   -363.0358739
209.5765451   425.8231184   -363.1348159
181.6249582   408.2624456   -368.0201391
171.4067506   406.7650479   -363.0592448
173.9468093   406.5403167   -364.8470971
172.6841944   406.6006228   -363.9945091
184.7596087   415.3605314   -363.1405004
183.8075554   413.6629972   -364.2415493
201.8313261   422.2407272   -363.9549904
196.1288024   421.7803038   -361.851291
197.9702676   423.2625362   -360.9657373
192.0418818   415.2149312   -367.0839149
194.8708749   416.8555031   -366.7960211
228.6973041   430.8292367   -365.9991102
203.3482575   419.5315532   -367.933794
188.6921815   410.3376504   -370.2533845
186.0739727   417.4968926   -361.7507528
189.6416937   417.8135402   -363.1196941
196.3056035   420.5533786   -363.3438284
183.0566218   408.2516432   -368.8965133
197.1152524   417.6223096   -367.0990334
201.4242466   418.9015601   -367.7477427
202.5644924   418.3212918   -368.9892824
198.0389741   421.9775777   -362.5050196
199.9895226   423.7247211   -361.323813
201.2963221   420.4446192   -365.8568856
200.098062   419.0308846   -366.9600438
221.4582861   427.0140415   -367.0701876
216.487145   426.1482183   -365.9112435
207.4756484   424.0910243   -364.3198482
200.5208121   416.7735444   -369.7936265
197.8493228   415.3057125   -370.1007296
198.8571322   417.5388731   -368.070719
221.6702753   425.8280717   -368.589046
202.87544   417.1744339   -370.4881998
207.2067488   419.7607742   -369.4771283
195.4771007   418.9176882   -364.802746
214.3776929   425.4480885   -365.8283569
