431.3710006   -2126.560688   50.6571196
429.9370768   -2128.1397343   75.2634406
428.2321008   -2129.3849945   71.4938939
429.6375635   -2129.9278736   66.2930757
429.6954992   -2129.8167706   61.8187971
428.2962503   -2129.3194294   58.6564988
426.9654872   -2126.2865067   50.0082187
426.9215735   -2128.1399727   54.4032902
427.1631809   -2125.9160042   81.5151557
426.6185584   -2127.6166439   77.8539926
426.6310307   -2130.1054955   64.1636774
426.2536886   -2129.0607452   73.6576319
424.3830117   -2129.8789978   60.5997629
424.3656965   -2130.3143501   66.848278
424.439502   -2129.0280819   56.822367
423.2161167   -2128.1836033   53.9491214
423.674536   -2126.0085106   82.6933235
421.4207651   -2129.3652058   75.0235841
420.7797172   -2128.2048225   78.9017156
422.2726794   -2130.2382946   70.249401
422.1903803   -2126.7716885   50.3120311
421.4383038   -2130.2270889   60.9278306
419.1365065   -2129.8654079   57.8264855
417.1430739   -2126.2786388   84.90064
418.4375527   -2127.9344559   80.8051303
418.8913526   -2130.995512   66.3555115
417.5693663   -2130.5336952   73.0705336
419.4715592   -2127.5575161   51.3409935
417.6809462   -2125.7081032   47.0342971
416.4324971   -2129.6067238   55.5194803
417.5436171   -2130.8248043   61.2425692
416.4337339   -2129.9011707   76.5587017
416.1366197   -2127.3112297   49.7461297
414.2334732   -2128.6075115   51.8844649
414.6903875   -2130.9807301   59.5095307
415.1919457   -2129.2898655   79.2814568
415.2618172   -2128.172636   81.9990262
415.4356989   -2131.3304901   70.8188787
414.6154197   -2131.7667961   66.0792664
414.5268323   -2126.2021065   47.0411703
413.9667424   -2131.043911   74.3070468
413.5677191   -2131.7753792   62.9770607
412.6754078   -2127.6426315   84.5621973
411.6731407   -2125.4553795   44.9225381
412.6199605   -2130.2969456   55.5453338
411.7270681   -2126.5676022   87.1209875
410.575551   -2132.3857307   71.0597187
412.4661358   -2129.0812492   81.5664381
411.0902371   -2130.314827   79.3130547
411.449981   -2131.7875385   60.234718
410.3258821   -2132.7185631   65.4119849
410.3901806   -2127.1469593   47.3684222
409.0530994   -2130.4459572   53.8543724
408.8767441   -2128.6711693   49.7431792
407.9442295   -2132.4603558   74.5670274
409.5025929   -2125.6625652   89.8221433
408.5234525   -2128.5638809   85.1600096
406.8645807   -2131.8974495   77.9898167
407.9938056   -2130.0718784   82.2237805
408.0301943   -2132.6823235   60.6528595
407.085714   -2133.4428787   69.2984462
407.902834   -2133.2623959   65.1638731
406.7214402   -2127.5389194   46.8572043
406.1990353   -2126.0590553   44.358518
402.9931995   -2128.798008   88.3749947
405.1793637   -2130.2006245   51.2008294
406.0848924   -2131.7131519   55.2191176
403.6390903   -2128.3767223   47.1821614
404.9515697   -2130.2478313   84.0039924
405.0669792   -2133.7697506   62.4645166
403.7646624   -2133.3935261   58.6637296
405.7235839   -2131.2990189   80.7887912
403.7329676   -2134.2906952   70.6527978
404.2208912   -2132.9693794   77.0200789
404.8669758   -2134.1438293   66.6780323
401.395035   -2125.7793903   42.8087711
402.6772799   -2132.2534084   54.35884
402.9615196   -2132.3087215   80.4693028
398.8633575   -2128.4735203   91.8662027
400.0157239   -2130.5096149   49.4335517
402.1505239   -2134.9692345   65.6876117
401.6444357   -2134.6278191   61.4144281
401.430172   -2130.9797764   85.2200687
401.1190655   -2134.8159313   72.961092
398.7890156   -2135.0691319   75.8928359
396.3577571   -2129.1012764   46.0038371
397.2498747   -2134.5450878   80.0121054
399.6239128   -2134.3147755   57.4803166
398.9476683   -2132.7929497   53.197898
398.1723609   -2130.7964325   88.1898925
396.8541744   -2132.6160431   85.5396539
396.4277776   -2126.1789799   96.9032794
395.6394168   -2131.9704056   49.9318019
396.439326   -2134.832859   56.1776757
395.6096443   -2129.5433044   92.4959332
394.0198394   -2132.8210831   87.7489597
392.5548168   -2135.0290775   84.1917396
392.9482224   -2128.1707287   43.5082205
392.3248174   -2128.8607121   95.9211513
393.6736705   -2126.7192364   97.9789719
392.293674   -2130.8662891   46.8424782
390.8353718   -2133.0301762   49.2341034
390.1530179   -2132.5421333   91.7995423
389.8649039   -2127.7487278   99.1526395
390.2934017   -2134.6132755   87.5763446
389.7060277   -2126.8074512   40.4319689
389.5031186   -2129.9049854   44.1779308
389.1344341   -2130.5105686   95.8367214
386.5948292   -2133.6464882   47.7608629
386.7847743   -2132.6947212   94.2989811
386.0667767   -2128.6671162   100.4384384
386.1253681   -2127.1348   38.8932712
384.9364492   -2129.5297146   41.0539359
385.647324   -2130.72896   98.0478078
385.6145861   -2131.592989   44.2208201
385.0964578   -2126.9507408   103.1378731
381.9235834   -2133.6607933   96.6680199
383.3667459   -2125.8561611   35.5836786
381.5715583   -2129.3168068   38.2506438
381.6594454   -2129.2998791   102.5930718
382.3235603   -2126.2457371   105.6316197
382.2234543   -2132.1561337   42.5310805
378.6566826   -2134.0177059   98.7079963
381.2800916   -2125.5726814   33.6883068
379.2123022   -2128.1878948   105.4871753
378.9337399   -2134.3889236   42.7075066
378.613052   -2132.8492165   40.1891321
378.1818273   -2131.6678524   102.0987108
376.8388601   -2129.2667389   33.8200331
377.370161   -2131.8614483   37.7359912
376.0218593   -2127.5405884   108.282268
375.6935122   -2129.7354698   106.12268
375.7378431   -2134.3948841   100.405395
375.3342005   -2132.2743893   103.4020707
373.5432597   -2133.3034039   35.4424082
373.4101775   -2126.3382435   111.279048
372.1777024   -2129.8794746   108.4230095
373.0776282   -2130.8858395   31.5815434
372.0242354   -2134.5229149   103.118211
372.7415475   -2131.727457   105.9518605
369.9211153   -2127.9218197   112.0901406
370.4954805   -2133.4950924   31.8429694
369.2518296   -2133.4342957   106.5801755
367.0819225   -2126.5556812   115.5225188
366.5926876   -2131.7975521   110.4897484
365.1589724   -2129.6472549   113.8538867
362.5639798   -2135.0705624   110.1010665
363.0772652   -2130.2247047   114.8814932
360.7372465   -2127.4695396   119.460322
358.1304821   -2130.3334236   118.7774464
357.6514991   -2132.5426102   116.9476658
356.041071   -2126.645565   124.0908578
354.6186658   -2129.4419765   122.6257309
352.0114394   -2133.4736347   120.9968403
355.324206   -2134.4022751   117.0401424
353.3260646   -2126.0592937   126.8865168
351.9134047   -2128.7293434   125.6881058
348.6770066   -2132.0416927   125.5743802
350.01224   -2126.3525486   129.3974668
348.9441546   -2129.6124458   127.5150329
347.3406705   -2127.4249554   130.7959408
345.4772951   -2132.3096752   128.3294111
344.429222   -2129.0211678   132.054165
341.7576226   -2132.838726   131.3920766
340.4242965   -2129.2338371   135.2659613
339.1292962   -2126.6462803   137.8961504
338.8259979   -2132.6937675   134.1684312
336.7606672   -2130.4469109   137.435317
336.2287255   -2127.1750927   139.7545487
335.4785415   -2133.430481   136.5418136
333.5798951   -2132.0385933   138.9878988
333.6341354   -2126.5845299   141.9450641
332.0394429   -2129.709959   141.5184885
330.5833312   -2126.4181137   144.2036927
330.0250443   -2133.9006424   140.7364756
328.112063   -2127.2096634   145.648092
327.0349177   -2133.5363388   143.3403194
325.8187147   -2130.8455467   145.6721574
324.7226151   -2126.0814667   148.6618072
323.7960907   -2134.7777843   145.193547
322.7671655   -2128.4749508   149.0956843
321.5791556   -2134.360075   147.2002566
320.7313689   -2130.9223175   149.5831013
320.8931657   -2126.4243126   151.4600962
317.7944394   -2134.5398426   150.196299
317.6462921   -2126.9366741   153.9196372
316.6207346   -2130.6297779   153.1797349
315.4786202   -2125.9100437   156.4577818
314.4233497   -2130.0854683   155.4360986
312.1253821   -2127.7635098   159.1375768
311.6353723   -2134.0143681   156.0599506
310.3075   -2132.8620911   158.1464559
309.4283315   -2126.8498898   163.6242419
309.0411993   -2130.0420761   161.7775261
306.7545267   -2132.4284077   163.4187847
307.5178536   -2127.5448799   166.6199863
307.7172907   -2129.5452118   164.3217504
304.9981269   -2130.3272247   169.4344282
305.4685863   -2125.494957   175.0425696
303.8595291   -2134.7413063   166.6655242
304.391292   -2128.3640862   174.1997749
302.8012785   -2132.1744919   173.2184291
303.1494292   -2129.5278072   176.984787
300.8132251   -2133.5487366   178.4400493
466.1415937   -2128.2265186   363.9948964
465.338883   -2131.3040257   365.9638166
500.829001   -2132.30896   367.8953648
463.4246352   -2128.3402443   363.9145494
471.839157   -2134.5729828   368.7745333
462.4408307   -2134.6697807   368.1404293
460.1090672   -2132.3306561   366.2928939
460.4570391   -2128.4160614   363.7810349
469.4081815   -2127.8920174   -120.5021739
468.0772545   -2129.6801567   -122.1565157
471.5653854   -2127.8164387   -117.563203
468.1188511   -2125.5216599   -122.3332435
466.5380689   -2133.7456703   -123.8310784
466.013399   -2130.5813789   -124.6351525
469.2979204   -2134.5713139   -120.3040332
466.2405076   -2128.0624866   -124.5332882
465.7098176   -2127.8030872   -125.1570582
457.0841017   -2129.693985   364.3464446
466.1623361   -2129.2550564   -124.5422885
463.573468   -2133.7521076   -127.1945983
465.8497395   -2129.7175884   -124.8785853
465.7493355   -2129.4293404   -125.011906
465.4476764   -2129.5597553   -125.349313
464.0891524   -2128.9474964   -126.9481927
383.0465498   -2129.573822   334.7024024
460.571942   -2132.7877045   -130.3662658
459.8823311   -2129.8551559   -131.173715
458.2740786   -2126.3270378   -133.0420375
456.9637301   -2132.6782703   -133.6930543
456.3887539   -2129.8391819   -134.4564408
452.360672   -2131.916523   365.4566705
455.6973996   -2126.6086102   -135.4199946
453.60024   -2125.4279613   -137.47558
454.1100832   -2131.519556   -136.3317668
453.1004997   -2128.5185814   -137.53739
450.3785046   -2129.6265125   -139.8290098
448.8179358   -2133.2268715   -140.8351213
447.9197534   -2128.9002895   -141.9145018
446.4177313   -2125.6914139   -143.5178369
445.1789828   -2134.3684196   -143.6612755
445.1719197   -2128.9322376   -144.0669149
471.9344424   -2128.4692287   364.4524813
443.4143873   -2125.6790161   -145.6084549
440.9340891   -2134.3140602   -146.5011239
442.8772899   -2130.0199032   -145.5225646
452.8047862   -2134.339571   367.1168089
440.034804   -2126.6014576   -147.4995613
438.8550939   -2130.5761337   -147.7852017
438.1524744   -2134.3550682   -147.9312479
436.3617571   -2125.8850098   -149.2319256
436.1952069   -2129.3771267   -149.0448564
434.6494647   -2132.3769093   -149.468109
432.9242232   -2125.9086132   -150.3633112
432.0348623   -2129.1935444   -150.4009366
430.6310984   -2134.5005035   -150.5461186
429.2181405   -2130.4211617   -150.9157419
429.2262616   -2125.86689   -151.1863619
454.1112157   -2126.7843246   362.3735011
426.5296134   -2134.6228123   -151.3180286
425.2833696   -2126.0375977   -151.6599208
424.4849654   -2130.3675175   -151.5106708
419.3298193   -2129.338026   -151.6897529
420.4966398   -2132.3137283   -151.7058462
537.1164428   -2131.7346096   362.7908528
419.3088534   -2135.1180077   -151.7391056
416.5535691   -2130.8789253   -151.6438127
415.0532158   -2127.4218559   -151.6182125
414.2306717   -2132.8043938   -151.5842229
412.3773398   -2130.3188801   -151.4367014
453.2085779   -2129.3358803   363.8641834
410.8823063   -2127.3124218   -151.3120979
410.0379171   -2134.54175   -151.4529288
407.9356762   -2131.7670345   -151.0258913
408.0784442   -2125.4591942   -151.0268599
405.276415   -2128.058672   -150.52858
405.0575914   -2131.1359406   -150.5822837
401.3560238   -2132.9655647   -150.0195265
402.6035043   -2129.6949387   -150.0565261
399.7700336   -2127.4666786   -149.2816955
399.3679556   -2134.7186565   -149.7295499
450.4895183   -2127.5794506   362.5953197
397.2155275   -2131.6635609   -148.8523185
393.9902904   -2127.9463768   -147.5327909
393.9133706   -2135.2610588   -148.2885927
391.5570053   -2131.0360432   -146.9448805
389.787403   -2128.3166409   -145.9644586
387.0369615   -2126.3170242   -144.5239633
384.2256638   -2127.666235   -143.1773603
379.4890913   -2132.7178478   -141.1524564
381.4765634   -2127.1197796   -141.3854808
449.185771   -2129.8553944   363.8753295
378.2936307   -2125.6580353   -138.7141049
378.0181082   -2129.7152042   -139.3919438
375.7096501   -2132.4086189   -138.2244527
375.8042427   -2128.91078   -137.3333484
374.0649494   -2126.3902187   -134.9839568
373.4951439   -2132.5595379   -136.3093853
372.4155845   -2130.0532818   -134.4176829
371.5853217   -2126.049757   -132.1695745
368.5039254   -2127.4693012   -128.8650781
369.09799   -2131.9093704   -131.4649135
366.049436   -2130.7296753   -126.9404441
365.8077838   -2134.4447136   -128.4303963
471.5730669   -2131.9146156   366.7776287
366.3594844   -2125.9152889   -125.1088232
449.0269544   -2133.089304   365.984112
363.9582219   -2131.3757896   -124.0610406
363.4662005   -2129.1749477   -122.0025793
363.3263084   -2134.8593235   -125.0374913
362.5738444   -2127.7339458   -119.5389926
361.0153916   -2132.5044632   -119.6246147
649.6305401   -2134.5820427   280.2930772
649.6487009   -2134.4947815   276.6089439
647.3544622   -2133.4550381   283.4263146
647.2136127   -2131.882906   277.4350345
646.5338702   -2131.9591999   280.9343934
646.4105593   -2133.636713   272.2176015
646.1237567   -2131.9155693   274.1363943
644.879953   -2134.5047951   269.4851756
645.1727571   -2135.1666451   288.3209884
645.081521   -2133.4292889   286.4736915
642.5464498   -2135.0712776   290.4348671
644.3200866   -2130.8834553   284.0029597
644.033161   -2129.1182041   279.4808149
644.1630396   -2129.086256   275.3666043
643.3734084   -2130.98979   271.163255
642.2728124   -2130.7859421   286.2644792
642.0443254   -2133.9938641   267.0004964
641.7377154   -2127.9439926   283.094883
643.039071   -2127.8245449   275.400579
640.587234   -2125.305891   279.2329192
639.5315426   -2125.5626678   271.453619
640.3809572   -2130.3942204   268.0867314
639.4539075   -2130.4388046   288.4217799
637.7529027   -2132.2391033   291.4020121
639.40869   -2127.5861263   285.7693136
638.7141841   -2132.5325966   264.7802532
636.8005546   -2134.4146729   261.7661655
637.0103071   -2125.8177757   267.9899335
636.8376362   -2128.9794445   265.4412091
637.1197673   -2126.447916   286.8635356
635.4741166   -2130.8808327   262.8369629
636.2073841   -2135.1392269   294.7150171
633.8497224   -2132.6630116   294.3278551
633.1506567   -2130.0148964   292.8014398
635.1421411   -2125.9284019   265.7340765
633.7425309   -2127.0186901   263.424933
634.1656791   -2132.4675083   260.4578435
632.9459632   -2134.2153549   296.1112857
632.3407451   -2127.2871494   291.367501
631.7818361   -2129.0929317   260.1539195
631.597911   -2131.6626072   258.1197917
631.5711039   -2134.6457005   255.7693422
630.3347135   -2132.2410107   296.3004708
631.4618709   -2126.9602776   261.0938549
630.1738965   -2128.0670166   293.387413
629.0672804   -2131.9854259   254.5491457
628.8675154   -2128.5099983   256.9953501
629.3206634   -2125.8420944   259.4073415
626.8147538   -2134.3858242   300.0157177
628.0166516   -2127.4762154   294.4979966
625.0455687   -2130.4934025   298.3988225
626.8115649   -2133.452177   249.8029619
625.9776252   -2127.9232502   253.2555759
623.1164122   -2128.0069351   297.9610562
624.7526454   -2134.8407269   244.8222637
622.8310885   -2131.8862438   300.6196022
623.6253987   -2128.5843849   248.6624271
623.8628151   -2132.1177483   245.7415015
622.4060161   -2132.4930191   241.9663221
621.3352634   -2128.2556057   244.0707982
621.3897607   -2133.3551407   238.0238026
620.21768   -2128.316164   299.9289334
617.9333618   -2133.1932545   304.1734695
620.3317373   -2129.6961308   239.7689223
620.6817655   -2134.1171265   234.1180891
619.3663543   -2130.3298473   235.4795486
619.3667343   -2126.4395714   240.9368008
619.2158712   -2131.8809986   231.4035147
618.8364132   -2134.5613003   222.8749096
618.9878183   -2133.0020428   227.0609289
618.6073712   -2127.0017624   237.7719432
616.3023161   -2129.8360825   303.1204045
615.4638688   -2125.6575584   301.3085425
617.9503324   -2128.4880638   232.0407033
617.6448996   -2125.9987354   235.4796678
617.9624638   -2129.5797825   229.0042341
617.7658299   -2130.3999424   225.2816856
617.4333124   -2132.1079731   219.9375182
616.1999191   -2131.8252087   215.0978595
616.8242274   -2126.749754   228.4917682
616.555064   -2128.1456947   221.8683064
616.3146804   -2126.5981197   223.8297015
615.7283457   -2127.7577877   217.5724804
615.0757065   -2134.6127987   209.8699361
613.4980964   -2131.2031746   305.5496514
615.4750465   -2125.3070831   220.0869471
611.9498974   -2128.0357838   304.8053682
614.4377692   -2127.2437572   212.5881165
613.0991644   -2134.6845627   205.2348852
613.4302905   -2130.7787895   207.7366263
611.9207545   -2134.2506409   308.2942367
613.2856431   -2127.0756721   209.0385556
612.1072295   -2126.9788742   205.843091
611.6168006   -2130.5038929   203.5365999
609.621211   -2132.3127747   308.6936176
610.7253237   -2131.3018799   201.2230456
610.8808285   -2126.3935566   202.7622759
608.7449519   -2126.2044907   306.1276078
607.8942279   -2129.8186779   308.5889518
609.5781224   -2132.8780651   198.013261
609.8327367   -2126.6098022   199.9390274
607.4218704   -2134.3584061   311.4019334
609.0755118   -2128.8928986   197.6646781
606.3397788   -2131.4210892   310.621798
608.06775   -2131.3173771   194.8188245
607.9555797   -2127.4940968   194.8537529
607.2201422   -2134.4294548   192.2827363
606.2100297   -2126.5547276   308.2379699
606.6241647   -2126.7001629   191.4316863
606.5846244   -2132.2293282   191.210568
604.1307236   -2128.7732124   311.0474944
605.0632876   -2134.6902847   187.7820939
603.9474896   -2132.5523853   313.1351769
604.8796662   -2130.5651665   187.5978112
605.3751931   -2128.0887127   188.5683686
602.7863734   -2125.7827282   310.7598722
603.414706   -2126.6930103   184.5206171
603.8302966   -2134.0153217   185.6751591
602.8955691   -2130.8076382   184.062019
601.7280957   -2130.7287216   314.1478896
600.3523218   -2127.9888153   314.0331805
600.5130541   -2133.6557865   316.7603314
601.0087664   -2131.9663525   181.4730912
599.6324532   -2127.692461   179.1315228
598.3644096   -2130.3272247   317.081362
598.655717   -2135.2312565   178.793326
599.1466311   -2131.2699318   179.0730357
597.729899   -2133.5918903   319.3585277
597.045708   -2127.3245811   316.9256151
597.5486604   -2127.5343895   176.698193
595.571511   -2129.5881271   319.5001483
594.2159058   -2132.133007   322.1440911
594.3742767   -2125.9076595   318.9328015
591.7853112   -2127.9568672   322.6346374
365.2448776   -2128.6411285   321.3322163
362.4966713   -2125.6637573   318.1321025
361.5299734   -2128.9255619   319.0334141
361.4069643   -2130.9261322   319.9208081
363.9264973   -2133.3749294   322.8138685
370.0191351   -2128.7686825   324.5718777
367.2436597   -2130.5289268   323.5802352
359.4437363   -2127.8498173   317.1721697
360.7700589   -2134.0532303   321.0766912
356.6911789   -2132.7512264   317.7269101
355.2230271   -2128.1266212   314.5014644
353.8067611   -2125.5328655   312.3182952
351.3283255   -2131.5894127   313.5548234
352.4681749   -2134.7849369   315.916121
351.6568365   -2128.1445026   312.0964766
348.8768461   -2128.8986206   310.5796576
346.7380079   -2131.7212582   310.5221391
346.3183018   -2126.0893345   307.4366748
346.4379432   -2128.9510727   308.9294136
343.5072424   -2134.2515945   309.6149564
344.4138291   -2130.3720474   308.2214296
340.5351909   -2126.6798973   303.3834696
340.5142995   -2131.5331459   306.0103655
337.9414352   -2129.3365955   302.7353287
336.4095064   -2126.4138222   299.6296287
336.7474052   -2135.0529194   305.1571846
337.1872278   -2131.677866   303.4988344
333.9311751   -2130.671978   300.05005
332.3906334   -2133.784771   300.8004427
332.9113992   -2127.63834   297.0327139
331.268725   -2125.5152225   293.8085496
331.9708081   -2131.0572624   298.5231578
329.5892747   -2129.427433   294.9979007
330.1140936   -2134.0692043   299.0209758
329.1482302   -2131.6130161   296.2515354
327.5379213   -2128.6487579   292.2804058
325.927821   -2134.8392963   295.8697975
326.2866112   -2131.8461895   293.6756313
324.5968195   -2129.9808025   290.4560864
323.4171542   -2127.7329922   287.1678472
323.1500062   -2132.7667236   291.5534675
320.6085237   -2135.2119446   291.5113568
320.4438957   -2131.6931248   288.0470753
320.7135471   -2129.3337345   285.9596014
319.3659457   -2125.7452965   280.4631293
318.3446499   -2129.4438839   283.6265266
318.1641074   -2134.9902153   289.1844213
316.2138435   -2133.3537102   285.7265174
316.1272379   -2126.0855198   276.9118249
316.0397383   -2128.8802624   280.4270685
315.841374   -2130.5203438   282.1967006
312.132922   -2127.7205944   273.8446593
312.5902983   -2134.6180439   283.4135592
312.3558732   -2129.8983097   277.230233
313.2554265   -2131.7181587   280.6265652
311.8529888   -2125.7586479   270.4426348
309.4731542   -2133.8665485   278.8100541
308.2823428   -2131.1850548   273.2296884
309.5571967   -2132.2994232   276.7706811
308.4348711   -2128.5436153   269.4029212
309.0133043   -2125.6918907   266.0510838
305.7543906   -2126.3024807   261.5589201
307.3779019   -2133.6915493   275.4501104
305.8619174   -2130.181551   267.5789297
305.4025742   -2128.477335   264.142096
305.1448437   -2132.9200268   270.5338597
305.6511851   -2134.0522766   273.14803
304.5048686   -2125.6866455   178.5941869
303.4454557   -2132.7097416   266.9427097
301.5624853   -2128.6509037   257.0385933
302.2054704   -2130.3226948   260.8702779
302.2774728   -2131.8650246   263.3544207
302.1191331   -2129.1904449   182.1365207
302.3155304   -2126.0972023   254.7059953
302.1108481   -2125.3342628   191.8130666
301.2183281   -2127.9520988   189.6202862
300.4827472   -2134.626627   263.7533844
301.3306233   -2125.3118515   197.2379684
301.5975329   -2128.2718182   186.7075711
300.3126653   -2131.7899227   259.0712905
300.2612563   -2128.1442642   253.2305121
300.4395636   -2128.5881996   192.4566776
299.7395369   -2126.8656254   249.8448193
299.5876046   -2132.3487759   186.6365969
299.7666272   -2126.9996166   203.4165412
299.9088141   -2133.1722736   183.1626594
298.6275824   -2131.2377453   195.6082433
298.7813922   -2129.6205521   201.352492
298.2466193   -2132.8613758   255.9152842
297.9202243   -2127.3446083   244.7779924
299.2455634   -2131.5970421   190.5581653
297.5964817   -2130.7852268   250.787288
298.8114627   -2127.3579597   208.9086622
298.4135421   -2126.5730858   213.5143429
297.3649176   -2131.5383911   205.7272047
296.602902   -2130.8479309   247.5528717
297.6660105   -2135.2596283   188.4991229
297.1978458   -2125.7815361   234.691605
297.3723384   -2134.3615055   192.9582655
297.0684441   -2127.5892258   219.5905596
296.8317541   -2127.1958351   238.2286042
297.4893721   -2130.2492619   209.3186975
297.0959815   -2132.9610348   201.2055516
296.5774509   -2134.8009109   197.0181316
296.6408404   -2131.1075687   212.8561437
296.3643344   -2130.330801   216.861859
296.8060943   -2126.2512207   228.0811071
295.4610857   -2129.4298172   226.6519815
295.4651984   -2131.1843395   243.6251342
295.8593937   -2128.2405853   230.8600843
295.3656884   -2133.7194443   249.31252
295.9422144   -2133.2178116   210.778594
295.7816692   -2134.988308   203.8117796
295.3359457   -2129.4224262   234.2876345
295.2243956   -2132.3304176   218.6323106
294.5228191   -2132.3676109   223.2964635
294.7140905   -2131.1237812   238.7050688
294.7318526   -2134.6788406   214.6702558
294.8564561   -2130.3761005   230.3001583
294.4342466   -2131.762743   226.669848
293.2953509   -2134.5806122   242.5822914
293.7003645   -2132.5421333   234.6259356
292.929587   -2134.0918541   231.3677818
292.5664457   -2134.8676682   238.333106
428.5164001   -2133.7258816   363.2100821
427.9369237   -2127.086401   358.4443331
429.4436248   -2130.9366226   361.4583015
443.512884   -2132.8577995   365.3818667
425.0454279   -2129.9965382   359.5550954
467.934412   -2134.2847347   368.2852983
424.3958267   -2134.4776154   362.5730574
553.0429418   -2132.1704388   356.4277589
570.1902053   -2131.7434311   346.3730812
569.3908232   -2135.102272   348.9206731
511.5462365   -2126.2018681   364.2077446
444.7389963   -2127.666235   362.1148765
566.8201158   -2130.4967403   348.1096029
567.1573216   -2126.0166168   345.3452885
566.4718384   -2135.2097988   351.054579
542.1586829   -2128.1397343   358.7529659
510.398564   -2132.4195862   368.0448532
480.8274405   -2125.6475449   363.1991148
441.8476047   -2126.1065006   360.7801199
564.7896761   -2126.2121201   347.0463157
522.5389647   -2133.8303089   368.3329821
561.0498852   -2130.6397915   351.6618907
521.1533355   -2131.4780712   366.9713736
561.6426459   -2127.0005703   349.3531048
432.3371025   -2130.1887035   361.6912663
483.899002   -2132.5378418   367.7817583
563.1628214   -2135.0495815   353.0214429
468.823147   -2125.9465218   362.7230525
506.2715011   -2133.9864731   369.0930903
508.041014   -2125.3066063   363.7414575
519.9348005   -2127.5606155   364.638716
474.0265431   -2133.6565018   368.2267368
591.5571177   -2132.2512627   324.9949217
517.6960947   -2133.5101128   368.6032891
441.488755   -2130.4116249   363.5084033
588.7719035   -2132.8041553   328.3246756
589.8073122   -2129.5046806   325.4980743
588.7388511   -2126.6918182   325.2556026
586.0502785   -2132.1332455   330.9830725
518.1841972   -2130.4523945   366.5710092
587.2888812   -2128.796339   327.8552294
586.0834443   -2126.7006397   328.1092048
584.2882092   -2126.550436   329.97033
515.2532356   -2126.6124249   364.3624485
583.5899846   -2133.4164143   334.4175518
557.1615631   -2132.0776939   354.4661403
583.2696297   -2130.1221848   332.95241
582.7243934   -2126.6829967   331.6898644
517.3266875   -2128.5443306   365.4194772
484.9907654   -2127.0179749   364.2389774
580.2330748   -2130.787611   336.5655243
580.4143697   -2126.490593   334.0297341
577.7786049   -2132.9717636   340.3787017
508.5984739   -2128.9055347   365.7817841
513.9614912   -2129.9476624   366.4253056
576.8337781   -2125.8604527   337.2702599
576.4804809   -2129.2331219   339.4980133
549.7125024   -2134.8986626   359.4454527
436.7178502   -2129.2922497   361.9954884
513.5608511   -2133.7196827   368.9360917
439.5475956   -2133.3999634   365.2831912
572.1676713   -2126.3730526   341.7451084
557.6748336   -2125.7867813   350.7823646
574.1328104   -2129.8344135   342.0235515
573.139512   -2131.74963   343.9609408
572.6439329   -2134.0875626   345.7317054
512.5999945   -2128.2076836   365.3580844
553.7631335   -2126.4116764   352.9730737
569.964069   -2128.5095215   344.6997106
498.6058595   -2135.0076199   -19.3152223
497.7682131   -2134.5489025   -12.8896218
497.9081275   -2133.2743168   -29.9575906
497.0756146   -2131.449461   -25.5779419
497.7643835   -2134.7401142   -46.0591279
497.4397095   -2132.4572563   -22.2204402
497.2257438   -2132.3406696   -39.5685919
497.238067   -2132.8496933   -43.5174741
496.756603   -2134.9868774   -5.1742685
497.5512447   -2132.7712536   -35.0497924
496.1199509   -2130.9878826   -15.2473338
496.0142048   -2132.1105957   -10.0622978
496.6850998   -2133.4249973   -54.7445156
495.4754981   -2134.5145702   -0.8585991
496.061449   -2130.0415993   -19.3790384
496.7481317   -2130.6226254   -31.3646048
496.766639   -2130.6872368   -28.4697842
496.4144798   -2131.0560703   -49.021557
496.4265125   -2131.6385269   -51.9250371
495.9726753   -2128.7071705   -37.6126952
495.8681437   -2129.0462017   -23.1737811
496.1089315   -2129.6098232   -45.6662923
496.1128207   -2129.379034   -42.0099571
495.4874637   -2127.5141239   -28.1369071
495.4242008   -2131.633997   -62.3701513
494.4971772   -2130.5663586   -6.5062363
494.8834824   -2132.4493885   -3.3848013
495.6952678   -2127.8698444   -32.5637348
494.2570152   -2134.2318058   2.6642124
495.4461279   -2129.8673153   -58.4357046
495.3527199   -2133.8529587   -66.6321814
495.5470236   -2128.7255287   -53.5473228
495.1218265   -2126.2824535   -48.3509302
494.996843   -2125.6058216   -40.9173444
493.9049976   -2125.4863739   -18.9429466
493.9878108   -2128.3812523   -9.9839848
494.8190349   -2125.7755756   -54.6086691
494.9747296   -2133.9082718   -69.171384
492.8577589   -2125.6978512   -11.3250874
494.487268   -2134.3505383   -72.4901333
494.3581494   -2128.6768913   -67.1467111
494.240013   -2125.6976128   -63.4717792
494.1979619   -2131.0338974   -71.243979
494.567995   -2125.4868507   -58.1538826
493.6766001   -2131.6435337   -0.4420918
493.0607425   -2129.2681694   -3.173488
491.7972284   -2135.2746487   10.7334452
492.536922   -2133.3692074   6.0091321
492.6614734   -2127.2242069   -6.1615533
493.4992092   -2131.3900948   -75.9372562
493.6990263   -2127.8190613   -72.047241
491.6452291   -2129.6379566   2.398371
493.0235567   -2134.0317726   -79.018645
493.1029128   -2125.8294582   -74.6427923
491.2702861   -2126.7168522   -1.6150594
492.5539019   -2130.0644875   -79.5303881
491.6623878   -2126.3077259   -81.4423412
492.0820566   -2133.3341599   -82.2050944
491.3246828   -2129.6372414   -83.7513432
490.7317358   -2132.9729557   -86.1206502
489.9623739   -2130.1772594   7.6710097
489.4880997   -2134.6197128   14.5702632
488.573161   -2131.5202713   12.2347781
490.5029284   -2126.4221668   -85.3611901
489.6691339   -2125.3077984   1.1389761
489.4648986   -2126.9829273   4.3333895
489.8583489   -2128.8387775   -87.6954198
489.5322891   -2134.5069408   -89.2811343
488.9169457   -2130.9809685   -90.3149471
487.2613447   -2125.4115105   7.2730584
487.7034994   -2129.0223598   10.8849108
488.1164031   -2125.5326271   -91.1997035
487.9230159   -2133.7053776   -92.6809683
487.2363108   -2133.8329315   17.598832
486.2504201   -2131.1137676   16.001869
485.8295219   -2134.6533298   21.1060848
487.3650717   -2127.9492378   -93.2155102
386.762512   -2130.8138371   -144.9134052
485.4680421   -2128.5276413   14.2416228
485.9437989   -2126.229763   10.8164698
383.281407   -2134.1142654   -143.7080055
484.216583   -2131.3352585   19.4962397
389.8512395   -2133.9194775   -146.6594487
486.3860207   -2130.2499771   -95.357582
485.2274182   -2134.2322826   -97.5134149
482.4347692   -2132.5085163   23.6880854
483.0101328   -2127.2315979   16.7331249
483.7523597   -2127.5081635   -99.7550115
484.6013012   -2130.9964657   -98.4979272
481.9924804   -2130.2955151   21.6371175
483.0629649   -2131.8013668   -100.9269133
481.9727289   -2125.9109974   -102.5749817
481.831682   -2129.8294067   -102.7652845
480.2320125   -2126.2807846   19.7005272
481.049818   -2132.6556206   -103.8732976
479.2055758   -2128.6025047   -106.5963954
480.7486656   -2133.5804462   27.4425447
477.8815629   -2132.2159767   -108.3238199
476.2655916   -2128.8721561   -110.7267588
479.1479381   -2127.6838779   22.6273295
474.441831   -2126.1744499   -113.436006
473.6569571   -2132.3382854   -114.2445654
478.7157597   -2131.0443878   26.9791447
370.570031   -2127.1343231   23.2596584
372.6902726   -2126.9471645   26.121974
376.899031   -2125.5383492   29.4627901
370.1484623   -2131.5317154   28.6151543
374.5701882   -2127.7730465   29.5498278
368.117434   -2126.9693375   18.8490637
366.0299899   -2128.8683414   17.7386086
367.3243495   -2130.5890083   22.749722
365.3060617   -2131.5762997   20.5735955
365.4560121   -2134.9656582   26.3588671
364.6140369   -2134.1843605   23.4966446
363.2242801   -2126.7824173   9.198009
364.1934814   -2128.2227039   13.1038968
362.8548505   -2132.5843334   17.2046237
362.1126237   -2130.8059692   12.7217108
361.4187064   -2127.7618408   7.0041744
359.5573875   -2134.7711086   13.6911655
360.4365113   -2128.4210682   -115.620628
359.4625267   -2132.3924065   9.5812036
359.0253564   -2127.8274059   2.4280071
358.9443984   -2130.5873394   5.8008269
359.382269   -2132.8208447   -116.5292859
358.520058   -2125.8654594   -109.2918366
358.9150282   -2127.5758743   -111.5946844
358.51298   -2130.32794   -112.6993001
356.9937619   -2127.8305054   -1.5401653
356.6278937   -2134.6378326   6.8312152
357.3897602   -2133.346796   -112.452507
355.8433922   -2132.3008537   1.7170052
356.9886061   -2129.1773319   -107.9141274
356.136051   -2133.0783367   -109.0366989
355.9224876   -2126.499176   -5.1597878
354.3786528   -2127.0098686   -7.8188898
355.8258387   -2128.8905144   -104.3834388
354.6041074   -2129.2645931   -4.7461065
354.2775335   -2132.6434612   -1.2408824
355.0458076   -2133.1627369   -106.1040536
354.3707999   -2128.6354065   -99.3177593
353.4815731   -2133.9921951   -101.9907892
351.8505516   -2129.2648315   -11.1090448
352.7032109   -2132.4706078   -5.0281538
352.1921458   -2131.1986446   -7.9178158
353.5508486   -2129.9703121   -97.8044271
352.6529195   -2130.5084229   -95.1020643
352.307451   -2127.9702187   -90.8853188
352.2493067   -2133.6140633   -97.2092003
351.0193946   -2128.3431053   -14.3373404
350.6355705   -2135.0972652   -6.5214373
351.8468263   -2130.6948662   -92.2877416
350.8384349   -2135.055542   -93.4106633
350.7999005   -2129.5735836   -87.0909467
349.5014133   -2134.3619823   -10.7131591
348.9120873   -2133.5735321   -13.6723956
350.0266495   -2133.6627007   -88.7447
350.1821729   -2128.2191277   -83.3988413
349.3342223   -2130.5961609   -16.4765324
349.1028818   -2127.746582   -20.8852533
349.7670414   -2125.8714199   -79.1112259
348.8977375   -2131.752491   -82.9302445
349.3017229   -2133.1346035   -85.7452899
348.7029942   -2129.0149689   -79.0172815
348.1483134   -2127.3291111   -24.8660054
348.76394   -2125.7231236   -74.8829916
347.9616018   -2125.3216267   -28.4321103
347.4738719   -2131.9007874   -21.0311506
347.943035   -2133.4462166   -16.9936046
347.0714661   -2132.6198578   -77.6754394
347.2482982   -2126.9731522   -69.6605146
347.2516956   -2130.5642128   -75.5469501
346.9055118   -2127.1095276   -30.8626313
346.6320606   -2129.1646957   -28.7646782
346.1880507   -2125.576973   -38.5452211
346.6025712   -2131.632328   -24.9095839
346.0664573   -2127.938509   -64.4803941
345.9397825   -2134.1969967   -23.4695245
346.0992845   -2131.632328   -72.3456368
345.6175002   -2130.5103302   -67.6450431
345.2809574   -2126.4576912   -49.128186
345.2120098   -2128.6790371   -59.6146062
345.6144752   -2129.7216415   -33.3542414
345.1805981   -2132.4045658   -30.4559302
345.1627316   -2134.5398426   -26.4601186
345.3567746   -2135.1230145   -74.7682378
345.2409925   -2127.550602   -41.7565629
345.1608392   -2127.0978451   -45.3310795
345.5033573   -2125.9615421   -52.0963781
344.7746309   -2134.3882084   -71.0070133
344.564301   -2129.2538643   -54.5135513
344.4185974   -2132.1356297   -63.2118806
344.8143574   -2130.5027008   -37.0720737
344.2732217   -2134.0067387   -67.4069151
343.6610522   -2134.9291801   -34.2225023
344.3354192   -2129.4345856   -48.4397151
343.5919555   -2131.9799423   -45.0755842
343.6129811   -2133.2502365   -39.2083786
344.4188806   -2130.2456856   -56.8447374
343.2475748   -2133.8980198   -57.9901859
343.4969755   -2132.017374   -50.5740307
342.5025316   -2134.904623   -47.7416515
422.9519936   -2127.1653175   357.0386767
421.1037131   -2134.6404552   361.6728187
419.6769866   -2131.4778328   358.9520454
418.27513   -2127.6834011   355.9720218
417.5442281   -2134.6108913   360.5243266
416.0456034   -2126.4481544   354.4557393
415.3374555   -2133.2910061   358.8708043
415.9378084   -2128.5512447   355.8038771
414.7501411   -2130.4314137   356.7017317
413.0964401   -2128.4482479   354.8285067
409.3316319   -2133.1145763   356.78339
411.0166105   -2126.9693375   353.0508578
408.8508757   -2129.7516823   354.1632593
406.5657827   -2128.2453537   352.063477
405.8861556   -2132.1601868   354.7213674
402.5986018   -2125.6332397   347.71806
402.4829986   -2130.3071976   351.5415788
403.3751609   -2134.693861   355.5558026
399.8252275   -2132.2455406   351.5624106
400.1369449   -2128.8046837   348.6709893
399.4568112   -2125.6477833   345.4413116
396.7729779   -2134.781599   351.7876565
397.1347036   -2131.3474178   348.659724
397.6561549   -2128.6115646   346.5422094
397.0241966   -2126.1873245   343.8590467
394.1463353   -2130.2359104   344.9505866
394.0119269   -2133.7049007   348.3284116
392.6316025   -2128.7567616   342.245698
391.5840658   -2132.5747967   344.8270261
390.1254209   -2128.1831264   339.5095468
389.150885   -2132.2207451   342.0951366
389.340085   -2134.4509125   344.5236385
386.8438723   -2126.3074875   335.6324434
386.956689   -2132.1954727   339.9511576
385.0688758   -2130.3782463   336.8674815
383.0041113   -2126.2228489   332.6793909
382.1667107   -2133.6050034   336.7390931
474.8386788   -2127.0518303   27.0477831
380.1791491   -2129.0545464   332.1250379
380.0828876   -2133.0676079   334.5546424
378.6424818   -2127.3081303   329.9923241
377.1150234   -2125.4658699   327.9198408
378.1841817   -2131.916523   332.2791755
377.5034817   -2129.4562817   330.3019404
375.910339   -2134.0510845   331.8440616
375.1620772   -2131.9627762   329.9741447
374.6858659   -2129.5628548   328.276664
372.213346   -2125.7398129   324.6082664
373.0789693   -2128.6683083   326.6537786
373.385665   -2134.3481541   330.0299942
371.314955   -2132.8265667   327.6044726
368.9453425   -2132.4594021   325.7496655
472.680931   -2126.3098717   28.4981932
549.8050759   -2128.3240318   355.7264209
539.3307405   -2129.3663979   360.5448008
537.7745713   -2125.6473064   359.054029
500.7557618   -2129.8532486   366.3342893
496.8315335   -2131.8817139   367.5461709
553.0260737   -2128.2308102   354.2648256
495.8582418   -2128.5421848   365.5083776
482.374792   -2129.114151   365.4035628
536.1818904   -2128.2289028   361.1071706
533.9765037   -2125.5371571   360.3821099
503.7243637   -2130.6941509   366.8457568
494.9266361   -2133.1598759   368.3786392
482.6768237   -2135.0440979   369.6109951
474.4178923   -2130.218029   365.7634854
483.4130006   -2135.0767612   25.4713539
542.1946692   -2131.2630177   360.4872227
493.6018633   -2126.3554096   364.2331064
532.719248   -2130.4609776   363.6377156
433.6133721   -2126.4207363   359.4606817
547.3427372   -2130.8448315   358.137697
476.7217758   -2127.969265   364.4014597
490.7086762   -2130.4268837   366.5250242
550.0224056   -2131.9794655   357.6513529
529.5326459   -2129.0755272   363.8012111
434.8829063   -2132.7624321   364.0551567
488.9881434   -2126.465559   364.1298413
545.1230901   -2128.685236   357.8659892
448.1239738   -2125.7698536   361.3179028
480.265786   -2132.481575   367.6229119
526.9719856   -2131.865263   366.1714792
489.0498715   -2132.9448223   368.1426942
527.1827924   -2134.0484619   367.5075769
468.6157452   -2129.7600269   365.1309311
545.4829308   -2133.0718994   360.1734638
527.2284719   -2126.1899471   362.6593947
507.8591602   -2130.9514046   367.0713902
525.3134342   -2129.3203831   364.9917245
501.4487701   -2134.282589   369.2561686
485.9360503   -2130.5048466   366.4533198
522.500095   -2126.1172295   363.4842932
595.4136947   -2126.8632412   174.3813902
592.095496   -2127.9511452   171.5813875
593.7144303   -2132.4083805   173.7600714
590.139003   -2134.5396042   170.9714085
589.1509781   -2130.4917336   169.5076525
596.64601   -2131.0415268   176.3327271
595.6116082   -2135.1020336   175.7686734
587.1405132   -2134.465456   168.4258133
585.5526147   -2128.6473274   166.2160903
584.2386624   -2133.1222057   165.8311933
582.0043125   -2129.224062   163.2876992
580.7617512   -2133.6798668   162.8401577
579.6073256   -2125.467062   160.394758
578.5003724   -2129.3549538   160.1047814
577.1418559   -2134.9298954   159.5685631
577.3646692   -2132.0471764   159.4440937
574.7864535   -2130.330801   156.7498147
573.9511503   -2134.9298954   156.5563977
572.4026291   -2126.1341572   153.7757069
572.5604752   -2130.9232712   154.7286212
571.0194884   -2133.3732605   153.654635
568.8931244   -2126.0373592   150.8289576
569.6456274   -2128.8716793   151.8551707
567.8802254   -2131.7205429   150.773555
566.0170978   -2133.0933571   149.450168
566.5691877   -2128.8647652   149.444297
562.9341444   -2125.6225109   146.5502381
562.691453   -2129.8263073   146.8091756
562.3477353   -2133.9406967   146.827817
558.1256161   -2126.3432503   143.5873806
559.263506   -2129.7051907   144.5218474
555.2154491   -2132.2801113   141.8578327
554.9122775   -2128.0958652   141.6266561
551.4487895   -2128.9927959   139.3791586
549.8402948   -2133.4176064   137.9843354
547.747911   -2128.1692982   136.9632781
547.0393831   -2131.5686703   136.1814588
545.3097308   -2134.3462467   134.499073
544.695356   -2129.9834251   134.7182989
542.250135   -2132.609129   132.5322688
542.3106822   -2128.8449764   133.1933886
540.4162379   -2125.8778572   132.2339922
539.6865989   -2130.343914   131.0756654
538.2814678   -2134.2434883   129.1307062
537.226134   -2127.3322105   129.8209131
535.4247475   -2129.1639805   128.1886697
535.3737893   -2133.8918209   127.0011961
533.291583   -2133.0807209   125.6118566
532.6076197   -2127.9082298   126.379922
530.5224667   -2131.7520142   123.8584444
530.4015363   -2128.6058426   124.5994866
526.2894901   -2128.9420128   121.4827448
526.9391956   -2134.3619823   120.3925461
524.2305519   -2125.328064   120.9608689
524.1000252   -2131.2117577   119.2489043
522.2677635   -2132.9989433   117.3826233
520.2267515   -2128.2379627   117.3991635
516.5654915   -2131.4575672   113.8940454
516.3511308   -2126.3866425   115.3692901
514.1937482   -2133.3284378   111.6342768
512.321   -2128.8802624   112.0294482
509.8504695   -2134.9525452   108.0028415
509.7105177   -2131.4377785   109.4815955
509.7255679   -2126.844883   111.1956313
506.8842667   -2132.0312023   107.4193195
505.033006   -2134.0978146   105.206646
505.9576976   -2128.074646   108.595714
503.9236294   -2130.5429935   106.3245013
503.0429038   -2125.8330345   107.9615578
500.6309944   -2130.7053566   104.329437
499.9431493   -2134.5129013   101.6047075
501.0376843   -2127.7551651   106.0622856
497.3026934   -2128.2145977   103.8147807
497.2176599   -2131.4070225   101.8514261
494.5039498   -2129.0075779   101.7819941
492.5961243   -2131.613493   98.837249
492.1457516   -2133.7296963   96.8761444
490.7164323   -2128.1509399   100.1542509
489.2762425   -2133.2597733   95.2793658
488.067356   -2129.9917698   97.1666053
487.6284423   -2134.8531246   92.6729664
484.5799776   -2130.1796436   94.7513804
485.1194369   -2126.6157627   97.9277194
483.2811403   -2133.7227821   90.6251892
482.0254641   -2125.947237   96.5741351
480.102514   -2135.0462437   30.2302595
480.7790639   -2131.5844059   90.9386203
481.246044   -2129.0130615   93.599394
478.6388772   -2132.4384212   88.6459574
479.090509   -2126.096487   94.702132
477.3682403   -2128.8566589   91.2441909
476.5066104   -2130.3040981   28.7962817
476.4098721   -2133.5380077   32.846421
475.0664281   -2134.2160702   84.2820928
474.3600237   -2130.2096844   88.0163684
473.7926247   -2129.7955513   31.1644431
472.5861522   -2131.1776638   34.0922847
472.8818583   -2133.8264942   37.1481143
471.4316773   -2131.5612793   84.6441984
471.5207788   -2133.8016987   82.1473524
471.3028865   -2128.5755634   87.7277777
469.1787409   -2128.1473637   33.7443501
468.4236022   -2133.1105232   40.5894145
468.6761769   -2130.158186   36.5837328
468.8132154   -2125.9407997   88.8378844
467.7906903   -2134.53722   78.437984
467.8143831   -2127.635479   86.5238458
467.7672806   -2132.2512627   81.3270211
467.2604697   -2130.2363873   83.3427683
466.6983905   -2128.0031204   35.6223285
464.2263921   -2133.5642338   45.032952
465.1263329   -2130.5480003   40.0566682
462.263641   -2127.5846958   83.3128542
463.9650556   -2131.4702034   79.6680897
464.4866707   -2134.2413425   76.2426108
463.7483927   -2127.307415   37.105184
462.80126   -2131.3757896   43.0768393
461.2594219   -2129.1639805   41.2254818
460.5571004   -2132.912159   75.2016678
460.062963   -2134.4344616   50.4689664
459.0150835   -2131.3886642   46.152804
459.7827169   -2128.6065578   80.66006
458.9919718   -2130.5603981   77.6203275
460.7869359   -2126.1339188   37.7584323
457.3692652   -2126.9674301   41.0715975
458.1844183   -2133.8474751   71.5559646
457.1543308   -2129.0893555   44.1461913
455.7484957   -2132.5392723   72.152555
457.5998309   -2134.3159676   53.0595444
456.1935189   -2134.8950863   56.9726638
456.2893631   -2126.6052723   81.4512968
455.0565007   -2128.4432411   78.463003
453.9223733   -2130.17416   75.1907378
453.1121375   -2133.8453293   65.0173426
454.8443975   -2133.6786747   68.5075969
452.8418454   -2133.9540482   61.3691509
455.0200673   -2129.9979687   47.0747836
453.5652521   -2132.547617   53.3368737
452.8546157   -2126.9254684   43.7942371
453.1743648   -2125.3683567   81.9123834
451.8575492   -2133.2075596   57.9355285
452.0565691   -2131.1135292   72.4043697
448.7628462   -2126.1937618   79.4448331
450.0954273   -2128.5238266   76.238364
451.2318643   -2130.2762032   50.4087061
453.0162039   -2129.1637421   47.1575707
451.1873993   -2132.6332092   67.4216673
448.4240385   -2130.5091381   53.1202964
449.3211033   -2132.620573   63.9989898
449.3373754   -2128.1356812   47.7244705
449.1643133   -2125.8952618   44.3329476
447.6119848   -2132.0693493   60.3424013
449.2107751   -2130.3627491   72.3049864
447.8986236   -2131.0455799   69.6393102
447.515768   -2131.4697266   56.9086894
446.7546912   -2128.2143593   49.4057201
447.0652314   -2131.8595409   65.1861578
446.3468464   -2129.5909882   72.599031
444.9752989   -2127.4390221   76.5568614
443.8079419   -2125.6701946   79.4634372
443.7938454   -2130.5887699   68.0639595
442.0803609   -2129.2748451   54.3578267
444.3834247   -2131.2420368   61.0694475
443.3052363   -2130.307436   56.9605194
441.3860115   -2126.8389225   49.1751321
442.6706108   -2130.913496   63.4368062
442.6098587   -2128.6511421   73.6112222
441.366029   -2127.2761822   76.3290599
437.1496262   -2129.4350624   57.6013364
439.7724392   -2125.3509521   79.900153
438.7441697   -2130.011797   67.5825626
438.4699436   -2129.319191   70.7623884
438.003135   -2127.7661324   52.1072559
437.7114745   -2130.2137375   64.2986149
437.5895532   -2128.2975674   73.7995282
436.1385527   -2126.6405582   77.6731893
434.9356713   -2125.939846   49.0477011
435.3699657   -2129.7504902   68.1883991
434.3210729   -2128.7875175   72.3077953
434.0668889   -2127.3701191   52.1507077
433.1556531   -2129.8458576   61.8446469
434.5193478   -2127.8588772   75.2177835
431.6796633   -2126.283884   79.4187933
431.4805093   -2129.2750835   58.3240278
430.3853037   -2128.0536652   54.2504191
432.3342862   -2129.7225952   67.9464638
