425.3032627   -1631.6828728   -627.7171373
427.560282   -1634.6516609   -626.1025071
430.6473406   -1636.8902922   -628.0122995
424.3867966   -1632.717371   -623.4387755
422.3668995   -1629.6633482   -625.8221865
422.6084771   -1628.8135052   -628.6363602
422.0109703   -1631.2820911   -621.5590835
423.7292828   -1634.2523098   -619.7542548
426.5326532   -1635.8866692   -622.1814156
419.1151234   -1626.3831854   -627.2080541
419.0774383   -1627.8873682   -623.2287884
419.3914356   -1629.6358109   -620.0739145
415.2241322   -1624.4934797   -623.6152649
415.6950983   -1623.8540411   -626.6444921
415.4154035   -1625.6781816   -621.045053
414.0400263   -1622.4974394   -627.2444129
413.466868   -1624.3115664   -620.8267212
414.250386   -1625.2126694   -620.0892925
413.4960594   -1622.8320599   -625.0213385
412.6946452   -1623.2779026   -622.0521927
412.4371233   -1622.4938631   -623.7694025
411.2787368   -1621.42241   -625.0526905
411.2006249   -1622.7300167   -620.9104061
411.4239188   -1622.2660542   -622.4930286
409.5817032   -1619.7938919   -627.1930933
410.1067754   -1621.7218637   -621.917367
408.6878868   -1621.2604046   -621.1038232
407.3985191   -1619.0179586   -625.8238554
405.165759   -1618.5922623   -623.8462329
404.8075052   -1619.9908257   -619.9364662
404.0798368   -1616.9394255   -627.2214651
402.6264521   -1618.398428   -621.7588186
401.5448513   -1617.0079708   -624.4550347
400.6866785   -1615.1795387   -628.6131144
399.1909   -1617.1211004   -622.2113967
398.9113989   -1615.4415607   -626.3959408
396.7433693   -1614.1579151   -628.4689307
394.2896398   -1615.1406765   -625.0183582
395.3831168   -1616.9854403   -621.2027669
393.6775001   -1614.0755415   -627.5510192
390.1247504   -1615.7310009   -623.4869957
390.7873752   -1614.3450737   -626.6852617
387.496409   -1613.6277914   -628.8097501
387.5842365   -1614.8127317   -626.1591911
386.3055678   -1616.5697575   -622.6991415
383.3744498   -1615.3841019   -626.5630126
382.4135485   -1617.6563501   -621.9031811
383.9939954   -1613.9903069   -629.4355989
379.0572258   -1617.3442602   -624.7884035
378.7343176   -1619.5859909   -620.1189756
375.1617642   -1617.4036264   -627.8038621
375.2954575   -1619.4036007   -623.1101751
372.6349147   -1621.6111183   -620.8770275
370.771003   -1620.2267408   -625.5572438
367.7730831   -1624.92311   -619.5794344
368.6725023   -1622.9951382   -622.2541332
366.3312467   -1620.5596924   -629.3700933
366.7289885   -1622.4768162   -625.0513196
364.920971   -1624.3622303   -623.1022477
363.5523888   -1623.2293844   -626.4595985
362.1824207   -1627.1528006   -620.7293272
361.8947389   -1625.1653433   -624.2730618
360.2737161   -1624.4684458   -626.8568039
358.5952493   -1626.6387701   -624.4412065
357.5709435   -1629.0978193   -621.3924289
356.2546941   -1625.2034903   -629.0692091
354.5286181   -1632.0009232   -619.8706031
353.6037179   -1629.1797161   -624.600172
349.3988635   -1633.5277557   -622.0772266
348.6741009   -1630.8580637   -626.3335943
344.5038619   -1633.8057518   -625.6920099
344.5106121   -1637.2387409   -621.4681864
437.4955418   -2075.209856   -627.4018288
436.5057471   -2080.1401138   -624.0967512
435.3165152   -2085.1171017   -621.5240955
435.2650913   -2080.7905197   -628.5963058
434.9065842   -2083.8003159   -625.1649261
142.1709927   -2083.0123425   -624.5200634
433.6953881   -2087.6822472   -623.9634156
433.7677183   -2085.2704048   -627.6406646
432.858822   -2091.4962292   -621.2003231
96.4936586   -2349.2984772   -626.4292002
432.5473728   -2088.2093906   -627.9101372
431.9570186   -2091.0570621   -625.3329515
430.1964166   -2096.0011482   -623.5655546
141.9560286   -2083.8031769   -628.1759739
429.1159334   -2095.7238674   -628.9265156
428.6426278   -2100.5985737   -621.5344667
427.8928908   -2100.1548767   -625.2682209
96.4045497   -2350.2295017   -628.3165216
426.5330853   -2101.457119   -629.1123033
103.7161323   -2351.7742157   -619.7450757
426.9697043   -2103.0404568   -623.4712005
141.1772939   -2126.1513233   -624.8371005
136.9535895   -2138.9687061   -622.353971
424.2957803   -2108.8168621   -623.4140396
421.4506718   -2115.7615185   -621.3572621
135.661331   -2142.5659657   -621.0424304
420.7017692   -2114.9010658   -628.5924315
419.8150011   -2119.2007065   -621.0743189
418.696967   -2119.8368073   -626.3638139
141.864297   -2080.3933144   -622.7551699
418.3295938   -2122.0285892   -621.6243505
417.0699837   -2123.2786179   -626.0539889
142.5253423   -2119.9088097   -627.9795766
415.3621318   -2127.0823479   -624.6916056
413.9071973   -2130.1636696   -623.6715317
412.9834446   -2131.1347485   -629.4185519
141.2379714   -2078.8593292   -626.3952255
413.5648432   -2131.7455769   -619.8658943
119.1490563   -2364.2566204   -622.2041845
441.4396556   -2062.6511574   -628.421545
411.888537   -2134.5236301   -620.9195256
52.461234   -2302.3591042   -622.0068336
120.4967173   -2368.1101799   -628.8952827
411.0246422   -2135.1382732   -628.2137632
95.4413982   -2346.6932774   -622.9123473
409.9997552   -2138.0822659   -619.8963523
409.2165949   -2138.6804581   -628.4096241
141.337988   -2076.2255192   -622.4663854
93.6593088   -2348.0014801   -627.9619336
466.5026041   -1774.1570473   -620.0518012
465.4120626   -1770.1232433   -621.2100983
465.4887738   -1773.0774879   -623.7567663
466.5883677   -1776.8279314   -623.0909228
464.6295878   -1766.097784   -620.9695935
464.3107029   -1768.4053183   -625.1273751
465.5289771   -1776.1375904   -627.2911429
463.5302248   -1764.9196386   -625.1171231
463.4039523   -1762.8210783   -623.0626702
462.3194905   -1759.7278357   -623.8648891
462.1012332   -1757.4356794   -621.2317944
462.6017483   -1762.367487   -626.1600256
461.1548754   -1759.4966888   -628.4432411
461.0406133   -1753.8282871   -619.9148297
460.5578157   -1755.1887035   -625.0420809
459.5457437   -1751.319766   -623.1039762
458.8081362   -1748.2674122   -620.3308105
458.2053097   -1750.2403259   -627.2021532
458.1769826   -1747.9449511   -623.208344
456.7001881   -1743.9829111   -621.8994856
456.5930786   -1745.7581758   -626.3011694
455.0382914   -1742.0284748   -625.9211898
453.7948044   -1738.0409241   -622.8339672
452.9920789   -1739.1400337   -628.7374496
451.0855349   -1731.8487167   -621.2002635
450.352815   -1733.3989143   -628.0447245
448.3943703   -1727.9707193   -625.0309944
449.0094157   -1727.5499105   -620.8167672
447.2322585   -1724.6649265   -622.5072145
445.3672143   -1723.0072021   -626.7082691
445.3530433   -1720.7016945   -621.8819618
443.1224736   -1717.9570198   -625.5581379
442.735401   -1719.086051   -628.6532283
442.6211836   -1714.8058414   -621.8939424
440.9458759   -1715.4126167   -628.5736561
440.6523081   -1708.9172602   -621.6212511
439.5722868   -1710.4587555   -627.6183128
439.9088743   -1657.222867   -628.7798882
439.7609057   -1665.3802395   -626.8194914
439.0035244   -1660.6503725   -626.1772513
440.1526722   -1670.3058481   -627.805531
438.644317   -1650.0529051   -629.3298602
439.5580562   -1702.7254105   -621.0976839
439.3175366   -1705.3182125   -625.4339218
439.507437   -1679.4513464   -625.5682111
439.9396154   -1684.2095852   -628.1660199
438.9598342   -1673.3703613   -624.3249178
437.8852072   -1653.4422636   -626.1608601
438.3197101   -1668.1277752   -623.3041286
439.764333   -1688.8452768   -627.0393729
439.6743598   -1687.7578497   -625.2688766
437.6878115   -1656.2585831   -624.8437762
439.4695433   -1691.3400888   -623.8607168
439.2889263   -1694.2594051   -625.5798936
438.8182881   -1695.3796148   -628.9861798
437.611145   -1663.2599831   -622.8849888
437.4670657   -1680.6542873   -619.7645664
439.1002031   -1689.6622181   -623.0325699
439.0320601   -1700.5759478   -625.5874634
439.2891201   -1697.8366375   -622.9266524
437.5922652   -1675.8850813   -620.7535267
439.0949728   -1693.6657429   -621.2205887
438.6118474   -1703.0540705   -628.0000806
438.7017759   -1699.0751028   -628.0444264
437.0558383   -1659.3979597   -622.8508949
436.5974488   -1671.0432768   -619.5405722
436.3038661   -1646.6882229   -627.3530722
436.5403774   -1650.5942345   -625.3320575
435.7385161   -1643.3916092   -628.7331581
435.9412911   -1653.2973051   -622.8992343
435.5775239   -1656.4840078   -621.2468743
434.3636902   -1647.2005844   -623.7872243
434.3127879   -1650.2041817   -621.9049096
433.6348893   -1643.4823275   -625.2405047
433.4970983   -1640.391469   -628.1312704
433.6284819   -1653.0854702   -619.5144653
432.5313243   -1646.1913586   -621.5575933
431.1532351   -1639.8510933   -624.8170137
430.9594753   -1642.3307657   -622.1013069
430.6911501   -1644.7548866   -619.8987365
428.515804   -1639.2302513   -621.4112639
428.9601269   -1637.239933   -624.4509816
339.3399986   -1641.7014599   -620.0324893
340.1706191   -1637.4684572   -624.6986985
337.3233052   -1639.9348974   -624.15272
336.678979   -1638.2982731   -626.6309619
334.1567489   -1644.2739964   -621.0570335
333.6561593   -1641.9399977   -624.7122288
328.4701081   -1646.3333368   -623.4036684
327.937481   -1642.8072453   -628.6363006
325.3527852   -1650.1961946   -620.3587651
324.1272541   -1646.6811895   -626.7964244
324.0266415   -1648.9073038   -623.701632
320.8998116   -1651.7142057   -622.1167445
321.2260874   -1649.2425203   -625.5329847
319.8686215   -1647.5600004   -628.917098
317.0558485   -1651.0478258   -625.9115338
317.052451   -1653.6334753   -622.1324205
313.7915405   -1654.0598869   -623.4813333
312.3748871   -1652.1019936   -626.9412637
309.9169108   -1656.1832428   -621.8041778
306.9310757   -1652.1638632   -628.8611293
310.0877079   -1654.4450521   -624.3311763
308.034298   -1658.1231356   -619.7106242
306.2949749   -1655.4249525   -624.3089437
305.9274229   -1657.6093435   -621.5103269
302.2866818   -1655.6922197   -625.9223819
303.1817349   -1657.8286886   -622.6849556
301.1378022   -1661.3527536   -620.3657985
298.4954985   -1659.0381861   -624.2558956
297.1835407   -1655.300498   -628.7888288
295.252529   -1663.8052464   -622.0663786
293.9855429   -1659.6333981   -626.2529492
293.0313619   -1656.4548016   -629.1601062
293.0819961   -1668.0947542   -619.5138693
289.8074361   -1662.8441811   -625.1862645
291.0551997   -1666.3246155   -622.0347285
290.4097708   -1659.2040062   -627.7860999
289.085445   -1669.6479321   -620.0856566
287.5263663   -1666.9932604   -622.864902
285.8195277   -1658.6432457   -628.8069487
284.0105268   -1664.7720337   -625.3218055
283.4927114   -1671.0590124   -621.1878061
282.019225   -1661.7449522   -627.25842
278.8482281   -1658.9976549   -628.5301447
279.7989818   -1667.7130461   -624.2161989
279.3034884   -1663.6781693   -626.3746023
276.8020602   -1671.7443466   -622.2881079
275.1894864   -1666.9188738   -624.9798536
275.9015235   -1661.7239714   -627.1781325
271.3104757   -1659.0390205   -627.7225614
272.7589878   -1676.3284206   -620.2091575
270.7510563   -1671.2921858   -622.9961514
268.4670361   -1664.74998   -625.4232526
265.81153   -1655.2975178   -628.9355159
267.4326273   -1675.9451628   -620.9350228
265.9684094   -1659.9420309   -626.7673373
263.7109133   -1671.4975834   -622.8274703
263.21992   -1662.5657082   -625.5761385
261.9701298   -1666.1970615   -624.2419481
261.40022   -1678.9777279   -619.7103858
260.7943686   -1658.6756706   -626.729846
260.171053   -1654.3985605   -628.8104057
257.4988874   -1668.2966948   -623.2265234
258.0304416   -1673.9857197   -621.558845
258.8367435   -1663.2355452   -624.8280406
254.9273344   -1677.8372526   -619.9547052
255.3898665   -1655.6823254   -627.5924444
256.0436102   -1660.0847244   -625.6828308
253.3805939   -1663.8959646   -623.9895821
252.6136311   -1672.9422808   -621.2268472
252.2870275   -1668.3419943   -622.5453019
251.7728778   -1659.1206789   -625.7324219
250.5372437   -1655.3932428   -627.4128556
249.3309947   -1666.3371325   -622.7879524
247.7481636   -1662.2617245   -624.2668629
248.4555515   -1670.1916456   -621.481359
247.0720681   -1673.984766   -620.139122
247.4271031   -1657.7421427   -626.2343526
246.6391297   -1653.346777   -628.3304691
244.7245093   -1667.1857834   -622.2094297
244.4176944   -1672.3686457   -620.3806996
245.1034459   -1659.7011089   -625.3066659
242.4726757   -1662.1367931   -624.3172884
242.7423271   -1656.8161249   -626.7604828
240.6804832   -1670.866251   -620.7597256
239.9008247   -1666.5393114   -622.587502
238.6481734   -1659.6856117   -625.8562207
237.9539879   -1655.5219889   -627.9110312
238.3514019   -1663.3747816   -624.2365241
236.860958   -1673.9909649   -619.6297407
237.2711571   -1669.7537899   -621.42241
235.9192642   -1666.359663   -623.2042313
234.8654243   -1662.2962952   -625.5246401
235.5980548   -1658.511281   -627.1314621
233.997372   -1656.1962366   -628.8201809
233.1226739   -1671.2088585   -621.5316653
232.1059378   -1666.2261486   -624.4885921
232.117978   -1659.8821878   -627.9284954
231.4607771   -1662.766099   -626.6735792
229.3730649   -1674.5904684   -620.7487583
228.4780415   -1670.445919   -623.8470674
229.2794558   -1661.0571146   -628.9304495
228.987542   -1665.3828621   -626.7204285
225.3313931   -1675.9346724   -621.7983365
226.6265126   -1664.0468836   -629.1754842
225.5657586   -1667.96875   -627.5663972
222.8212329   -1673.4505892   -625.4698634
222.0306965   -1669.7791815   -628.8414001
222.7678569   -1675.6316423   -623.5507131
220.4375239   -1678.676486   -622.4189997
220.3707965   -1673.246026   -627.3980141
219.0073105   -1682.2172403   -619.9800968
220.0972708   -1675.9152412   -625.2745986
216.9462713   -1678.0071259   -625.5364418
215.4362174   -1682.0472479   -622.3907471
217.7970084   -1674.4160652   -628.1878352
214.7285613   -1675.6951809   -628.9873719
212.3820456   -1679.7463894   -626.794517
212.2210535   -1685.5082512   -620.9307909
209.2377814   -1684.0261221   -624.4333386
207.8535231   -1688.1825924   -620.8744049
207.5378569   -1681.019187   -628.5846829
204.022077   -1687.2014999   -624.4335771
204.8486444   -1684.1365099   -627.1853447
203.1188878   -1690.8317804   -621.1618781
200.1291784   -1685.9997511   -628.1870008
199.2759379   -1690.0609732   -624.5997548
199.1102966   -1692.9552555   -621.6170788
194.25675   -1689.966917   -627.7468204
195.0021061   -1693.363905   -623.8387823
191.1755475   -1697.6408958   -621.8652129
191.1686035   -1693.9140558   -625.7203817
188.4118887   -1692.7442551   -628.2855272
188.7458833   -1695.7458258   -625.2903938
185.9979602   -1698.851943   -623.6631274
185.7719096   -1695.9986687   -626.5966296
183.4499808   -1694.4482327   -629.0368438
180.5848452   -1702.2252083   -622.8625774
182.0632192   -1697.9687214   -626.4864802
179.1278394   -1696.2231398   -629.3160915
177.1416339   -1699.6479034   -627.0012259
177.510676   -1705.7214975   -620.859623
175.4200133   -1702.5314569   -625.0742078
173.8420697   -1706.8454027   -621.5903759
171.6618212   -1700.1492977   -628.8368702
170.9385785   -1704.9242258   -624.9229908
170.3558239   -1709.3919516   -621.4994788
166.2533554   -1703.3617496   -628.7838221
164.7849949   -1709.556222   -625.0605583
167.8388985   -1711.6177082   -621.4356422
166.1753329   -1714.6738768   -620.6424236
162.2077795   -1705.6775093   -629.2059422
161.7089184   -1716.3561583   -623.3651638
159.0014967   -1709.1544867   -628.9032102
159.4333025   -1712.8793001   -626.6625524
159.2307361   -1721.4430571   -622.2221851
160.937843   -1723.5018015   -619.7804213
157.6041552   -1717.0667648   -625.5812645
159.709272   -1724.738121   -619.9679375
158.3245071   -1725.3806591   -620.5514669
155.5455597   -1713.4473324   -628.6917329
156.1032506   -1723.351717   -623.0878234
155.9435996   -1720.2652693   -624.9065995
156.5422686   -1726.2539864   -621.0854053
154.9549075   -1729.1090488   -620.1188564
153.8230451   -1717.5216675   -627.5347471
153.7651392   -1725.7083654   -622.9385734
152.7289125   -1721.72153   -625.8093715
150.728819   -1729.2349339   -622.1293807
149.5142552   -1718.2495594   -629.232049
150.5417498   -1725.0525951   -624.9263883
148.6545774   -1734.1097593   -619.5936799
148.4340998   -1722.1907377   -627.5541782
146.8867632   -1726.1911631   -625.84728
144.7423669   -1730.6400537   -623.8731146
144.0719637   -1736.3317013   -620.2319264
144.5676657   -1723.4587669   -628.5746694
142.1562108   -1728.2303572   -626.739502
139.1112777   -1731.8150997   -625.8198619
139.5790251   -1737.8777266   -621.5116382
138.8903233   -1727.637291   -628.6098957
136.9498345   -1741.7242527   -620.5350161
136.7973658   -1736.8907928   -623.6303449
134.9821361   -1729.9029827   -628.9078593
133.9363726   -1733.5389853   -627.1202564
133.3136531   -1746.2278605   -620.434165
132.940528   -1741.3556576   -622.8679419
132.3121461   -1736.1835241   -626.249373
128.9982172   -1734.988451   -628.6286116
128.8388046   -1754.3318272   -620.4586625
129.7304305   -1758.0684423   -619.5663214
129.1263076   -1744.5704937   -623.5785484
128.7510367   -1749.6755123   -621.845901
128.9897534   -1764.7348642   -619.6591854
129.231927   -1739.7007942   -625.8270144
127.2155019   -1760.0995302   -620.6356287
126.210657   -1769.1800594   -620.6784844
126.4148327   -1774.5677233   -620.2119589
126.2041303   -1742.9107428   -626.1098385
125.5250248   -1739.1412258   -628.4203529
124.4917782   -1747.9100227   -625.1780391
124.0274283   -1762.9880905   -621.8731999
124.7086795   -1754.38869   -622.8603125
123.1169077   -1759.331584   -622.834444
122.2210797   -1773.4588385   -621.9441891
123.7314316   -1777.4931192   -621.052444
126.8354031   -1778.9434195   -619.6571589
121.1134764   -1767.7932978   -622.8079796
122.656581   -1743.635416   -628.205061
119.9527653   -1752.6965141   -626.4257431
120.7607957   -1757.1139336   -624.6280074
120.2690872   -1747.8551865   -627.9990673
119.0522882   -1762.1451616   -624.6739626
118.634847   -1771.3671923   -623.7034798
118.011293   -1775.1687765   -623.717308
119.8019954   -1779.4544697   -622.5114465
117.030588   -1767.8780556   -625.0228882
117.2762486   -1757.1675777   -626.8876195
116.4677414   -1754.1832924   -628.2786131
115.0767478   -1760.5301142   -627.5513768
114.6596345   -1764.7283077   -626.9839406
115.1269945   -1772.6424932   -625.628829
113.9251562   -1768.7084675   -626.8604398
111.8139001   -1771.3799477   -628.0274987
112.3544844   -1775.1053572   -627.3831129
114.7589358   -1779.0181637   -625.6192327
112.0006415   -1762.2539997   -629.3305755
111.2606796   -1767.0161724   -628.9917231
111.2633022   -1777.9196501   -628.2068491
133.9886161   -2145.655632   -622.7433085
132.6710852   -2148.8208771   -621.2993264
132.0672008   -2147.3958492   -629.1779876
132.1251067   -2148.8554478   -624.9130964
102.0895811   -2202.6290894   -621.1394072
102.0607921   -2202.5456429   -625.9260774
91.6242572   -2345.1781273   -625.5554557
94.5233973   -2344.6609974   -619.9784875
130.8938237   -2152.0831585   -622.3165989
87.6867446   -2343.7349796   -627.8290153
133.5653039   -2145.3726292   -625.9676814
129.6152147   -2152.9898643   -627.6953816
129.0777   -2155.3654671   -623.2141256
127.8586956   -2157.9937935   -621.3933229
127.3777755   -2157.9971313   -625.6395578
89.2095836   -2342.4420357   -623.657465
92.5721797   -2343.8124657   -621.3161349
126.0428103   -2161.2863541   -622.2223639
124.9477538   -2162.1835232   -627.7005076
123.8609227   -2165.2212143   -623.0076551
122.4886747   -2166.9099331   -627.5620461
119.255093   -2366.1019802   -626.2763143
121.606377   -2169.3694592   -622.85465
120.1408478   -2171.3504791   -627.3460984
119.0550002   -2174.0636826   -622.4989891
117.6699968   -2176.0077477   -627.2086501
144.5776495   -2111.5458012   -624.7214079
115.5752214   -2180.2954674   -622.1100092
115.2725192   -2180.1304817   -628.3593774
112.5623258   -2185.1363182   -627.3374557
112.0040687   -2186.5651608   -621.4466095
110.2423938   -2189.4364357   -624.6020198
109.3463572   -2190.4466152   -629.060328
109.2069419   -2191.3022995   -620.5706
107.6549562   -2193.7766075   -624.7701645
105.8650585   -2196.7184544   -619.4792986
104.5678528   -2198.7552643   -625.0937581
116.7608174   -2362.2033596   -621.299088
52.0448955   -2307.4643612   -626.3367534
144.6312042   -2095.4351425   -619.5402145
116.9986399   -2365.8430576   -628.9550066
385.4406299   -2207.2088718   -625.8566976
383.4064426   -2209.5611095   -621.3316917
384.7231688   -2210.3283405   -627.5307536
382.5184377   -2215.9497738   -628.1785369
381.6111209   -2215.5647278   -623.8519549
380.2448037   -2219.2318439   -625.4020929
379.9361708   -2217.3728943   -620.5754876
378.0771466   -2223.013401   -624.3012547
376.788986   -2223.1760025   -619.5189953
376.9686493   -2226.0401249   -626.7790198
375.5450966   -2229.175806   -628.7736893
375.3472241   -2227.7629375   -623.9572763
372.3559352   -2233.4740162   -625.8543134
370.0032952   -2235.6054783   -620.931983
369.2763122   -2238.0576134   -625.0309348
367.228848   -2240.3774261   -622.3688722
365.7190623   -2244.2018986   -627.7291775
364.3272492   -2244.6634769   -622.0827103
363.2728281   -2247.9131222   -628.1824708
363.4787919   -2246.8373775   -625.3583431
361.1379536   -2249.3131161   -622.0534444
358.3010706   -2254.0504932   -624.499619
144.7599205   -2097.222805   -621.7919588
356.1980548   -2256.4778328   -622.8228807
355.8663698   -2258.9671612   -629.0679574
353.0956628   -2261.8067265   -625.6117225
351.4543744   -2262.1166706   -620.0868487
350.0165763   -2267.1706676   -627.5072098
348.3777764   -2268.3866024   -624.617517
347.8655788   -2267.2731876   -620.2742457
345.5263498   -2273.9520073   -626.8389821
344.9989083   -2271.3065147   -620.0662851
342.9987254   -2274.9283314   -621.1337447
341.8387296   -2278.5162926   -624.119103
339.4623371   -2281.4548016   -622.4350929
339.4884738   -2283.4029198   -625.8391738
336.0342058   -2286.0109806   -620.8209395
336.6290005   -2287.8451347   -625.1154542
337.0142253   -2289.7644043   -629.2983294
334.81541   -2291.6841507   -626.2842417
333.3487483   -2289.9260521   -619.8790073
332.8829678   -2293.6475277   -624.0105033
332.9541358   -2296.0438728   -628.0725002
330.3951892   -2296.4396477   -621.8876839
329.527733   -2301.2764454   -626.953721
325.8889886   -2307.0952892   -626.3698936
324.7523876   -2305.1700592   -620.5363274
323.1000277   -2309.1669083   -622.4848032
323.8006803   -2312.006712   -628.9533377
319.9147256   -2315.5786991   -624.6483326
318.7478753   -2314.7096634   -620.4500794
319.6493956   -2318.1202412   -628.2778978
317.5698789   -2318.3338642   -623.3171821
314.4992562   -2324.1276741   -625.5844831
310.1761314   -2330.3873539   -626.0756254
308.7306591   -2329.4696808   -620.8962202
308.4634217   -2333.8208199   -628.3337474
305.5422577   -2335.0582123   -623.5466599
304.0499362   -2338.8185501   -627.1769404
302.1795126   -2337.8975391   -620.6764579
299.7496995   -2343.4414864   -625.9928346
100.3230485   -2204.9279213   -629.0085912
100.0778648   -2205.606699   -624.730289
98.3705493   -2208.1017494   -620.8449006
97.3384651   -2209.526062   -626.8489957
95.723209   -2211.9972706   -622.8095293
94.2461165   -2214.0965462   -626.4736652
93.1952568   -2215.6805992   -621.5461493
92.1744379   -2217.2651291   -625.6203055
91.0677584   -2218.9941406   -622.9175925
90.2620228   -2220.3176022   -626.5579462
88.9725956   -2222.2781181   -622.0326424
87.4536904   -2224.88451   -626.7257929
86.5761312   -2226.108551   -620.9968925
84.3655141   -2229.8591137   -623.3298182
87.1748003   -2340.0588036   -621.8127012
83.8252576   -2338.9344215   -624.1390109
86.3923701   -2341.3319588   -625.2061725
89.6399292   -2340.8753872   -619.8206544
81.0597213   -2335.5042934   -621.3366389
81.8626555   -2234.1384888   -625.8323193
80.341843   -2337.1422291   -625.1176596
80.8623108   -2339.1139507   -627.7468801
84.1309699   -2341.4087296   -627.8918982
79.9472006   -2237.47015   -627.6338696
79.1021856   -2238.6033535   -623.3811378
77.3180398   -2334.9373341   -624.6774197
76.8361958   -2332.8597546   -621.4661598
78.1199607   -2337.1427059   -627.4426579
77.4168643   -2241.710186   -626.8502474
72.9661854   -2329.8025131   -619.9597716
76.1589678   -2243.4666157   -621.4172244
74.0510496   -2335.1466656   -628.3353567
74.7407349   -2246.3583946   -628.0958652
75.424579   -2244.9464798   -624.8415112
73.278931   -2332.1805   -624.1619587
73.4397443   -2248.1615543   -623.1049299
72.3892125   -2250.2446175   -626.5977621
69.3415674   -2331.5963745   -627.1195412
71.1233886   -2251.7971992   -620.2340126
71.1201104   -2252.1073818   -623.8037944
68.4348019   -2328.5908699   -622.7074265
70.3113946   -2253.8526058   -627.0163059
68.4525045   -2256.2952042   -621.9075918
68.132964   -2257.591486   -626.9760132
63.2481249   -2328.9239407   -629.0133595
65.1267441   -2328.2518387   -625.6659031
66.605297   -2260.8098984   -629.3546557
66.1138567   -2260.7679367   -624.6938705
65.6751665   -2261.0821724   -620.5870509
65.014747   -2326.5082836   -622.6132512
64.6409067   -2263.9775276   -626.926899
63.6797818   -2265.1267052   -622.3681569
62.0084079   -2326.2488842   -626.0257959
59.9265965   -2322.221756   -622.1843362
62.7229484   -2267.8084373   -626.6176105
61.2377199   -2270.3139782   -622.3366857
60.5901154   -2272.2952366   -626.4331341
59.0670975   -2323.7257004   -626.3167858
59.2665347   -2274.7220993   -622.1200824
58.6925419   -2276.4050961   -626.0975003
56.8101081   -2321.4547634   -626.9837618
56.3147935   -2318.2916641   -623.1837869
57.5486692   -2278.9273262   -622.6472855
57.1153434   -2280.2500725   -626.0201335
56.0052069   -2283.0862999   -623.9023805
54.9264821   -2313.9023781   -620.5870509
55.9343966   -2283.4296227   -627.6062131
53.7285479   -2316.4517879   -627.9209852
54.8211011   -2287.2226238   -621.1254001
54.7802123   -2286.7286205   -626.4654994
52.9790195   -2310.6689453   -624.2514253
53.79608   -2290.3363705   -624.9960065
53.5934838   -2292.290926   -621.3905811
52.7730259   -2294.6794033   -626.1656284
51.9389781   -2310.7092381   -629.2130947
52.6095303   -2306.1597347   -622.5046515
52.9274019   -2295.9673405   -621.8232512
494.8757412   -1886.4591122   -619.938314
494.4273727   -1892.4160004   -621.5730906
494.2684295   -1897.1072435   -620.1313138
494.1315251   -1867.5944805   -619.6169853
493.8911321   -1878.3107996   -625.4961491
494.293754   -1887.0919943   -623.3918071
493.8645633   -1873.9112616   -624.5565414
493.8430312   -1892.5353289   -626.1274815
493.7435063   -1895.7227468   -624.938786
493.8321161   -1868.0496216   -623.3793497
493.7881725   -1883.8968277   -628.1422377
493.2382228   -1900.9076357   -623.6847043
493.9080747   -1863.4005785   -621.1155653
492.6639395   -1905.8225155   -619.9097037
493.3434474   -1857.7151299   -622.6350665
493.6114522   -1862.4680042   -629.0060878
493.6926188   -1863.2744551   -624.0902543
493.4584769   -1860.144496   -625.445962
492.6843541   -1854.5603752   -626.2431741
492.8432303   -1853.2050848   -621.3155985
492.2836991   -1903.3110142   -629.0355325
492.1547445   -1905.9642553   -624.7634292
491.4848926   -1848.775506   -624.4114041
490.6435209   -1844.7692394   -621.8677163
491.379154   -1850.053072   -629.2570233
491.0589056   -1910.8096361   -622.3231554
491.0512539   -1908.8436365   -628.8628578
489.8789348   -1844.2083597   -625.6485581
489.814152   -1913.7225151   -626.3756156
489.1902851   -1916.6880846   -622.1530437
489.1632023   -1841.2638903   -623.3564019
488.3910315   -1837.2876644   -619.5123792
488.4307655   -1841.1375284   -627.8240681
488.1779077   -1918.4681177   -627.6100278
487.1293726   -1837.3398781   -626.4501214
486.2227338   -1831.7102194   -619.5155978
485.5759265   -1832.9660892   -624.8422861
485.0793528   -1828.3984661   -619.6260452
484.5165285   -1829.2431831   -623.1836081
483.5103723   -1829.087615   -628.3608079
483.8932278   -1826.2640238   -621.8280792
483.3217459   -1826.7787695   -625.0271201
483.2086834   -1823.0992556   -620.2235222
482.5948449   -1823.9403963   -624.2037416
482.2947802   -1825.2538443   -627.6105642
481.8217652   -1820.4489946   -622.6988435
481.5452965   -1817.4148798   -619.7232604
480.7329597   -1820.8510876   -628.5217404
480.4894301   -1817.1412945   -624.1084337
479.2691591   -1811.8849993   -622.656703
478.8802611   -1814.9518967   -628.6388636
477.6044311   -1808.5759878   -625.6924868
476.6302454   -1801.6147614   -621.555686
476.0024073   -1803.7124872   -626.5078783
475.5185964   -1800.8488417   -625.2957582
475.0564592   -1798.0470657   -623.1799722
473.1792631   -1793.1797504   -623.1416464
473.7184393   -1796.9436646   -627.0266771
471.0286381   -1788.2379293   -623.0287552
470.8647775   -1789.7064686   -626.5742183
470.9446701   -1786.1948013   -619.5901036
469.3999263   -1784.3160629   -622.5782037
469.4350185   -1786.2380743   -626.0938644
467.8793447   -1780.3798914   -622.376442
467.7642035   -1782.749176   -627.074182
466.7293998   -1779.1025639   -625.8573532
157.3437425   -1894.7274685   -619.7463274
156.0876938   -1890.3675079   -622.1427917
156.0083004   -1881.7492723   -621.0233569
155.2163037   -1884.9534988   -622.8752732
155.174491   -1877.4690628   -621.3930249
155.9632393   -1908.7362289   -622.0138669
155.7460996   -1902.0111561   -623.4551072
155.8763953   -1896.0324526   -623.1516004
153.0080708   -1872.1791506   -622.6751208
154.9394401   -1913.9281511   -623.8503456
155.0040516   -1918.52808   -621.7454672
153.5153063   -1892.0229673   -626.8830895
153.8139256   -1887.2920275   -625.5019903
153.9793881   -1880.7440996   -623.7629652
154.4305655   -1906.0111046   -626.4998913
154.3047997   -1910.4306698   -626.4042854
154.0437909   -1897.6883888   -626.8565655
153.8209888   -1901.9057751   -627.5731325
152.3727449   -1861.1321449   -619.6506023
152.4394127   -1867.7611351   -621.8096614
153.0844244   -1883.7491274   -625.6540418
152.2085043   -1875.8329153   -624.5617867
153.4529003   -1914.465785   -627.885282
154.0540727   -1917.3489809   -625.4895329
153.2786163   -1909.766078   -628.9677024
152.1491679   -1895.1125145   -629.4219494
151.6584726   -1880.5439472   -626.4730692
150.3087851   -1885.2643967   -629.2780042
152.7089747   -1919.1800356   -628.6137104
148.7250897   -1863.3676767   -623.1818795
149.3440839   -1870.4022169   -625.3398061
148.6764225   -1856.4605713   -620.6597686
148.216215   -1876.9528866   -628.5071969
144.8022696   -1865.9183979   -626.4314055
145.9589573   -1871.358037   -627.9105544
144.1300186   -1858.5916758   -623.8561273
145.2834281   -1854.0912867   -621.4905977
142.7022787   -1845.3044891   -619.568944
141.6098448   -1851.5094519   -622.1773028
142.8129347   -1869.8620796   -629.216969
141.2582966   -1861.900568   -626.5227199
140.5557664   -1865.6651974   -628.5011768
137.9986676   -1856.8036556   -625.9811521
139.4810649   -1842.3173428   -619.8810935
139.215407   -1846.6080427   -621.4344501
136.3120648   -1849.6081829   -623.9804029
138.3867832   -1862.1037006   -628.0556917
136.5613016   -1839.7551775   -620.4245687
136.2660202   -1844.1807032   -622.045815
135.3306147   -1860.5824709   -629.1575432
133.7496015   -1852.9697657   -626.7822981
133.8108154   -1856.764555   -628.3777356
134.0414258   -1836.7401361   -620.8145022
133.2622739   -1841.0102129   -622.6278543
133.0141696   -1845.6269503   -624.3934631
132.7960166   -1849.2766619   -625.8568764
131.9819065   -1833.1757784   -620.942533
130.5926117   -1837.2892141   -623.0527163
131.7272755   -1826.6700506   -619.4877625
130.2578124   -1829.3318748   -620.9250093
128.9964291   -1824.9485493   -620.640099
131.0191127   -1854.3548584   -629.211545
129.773167   -1849.9975204   -628.226161
129.4158372   -1842.312336   -625.5375743
130.296764   -1847.2173214   -626.7485619
128.4111413   -1833.0726624   -623.1669784
126.1080476   -1782.6962471   -619.5273399
126.7602118   -1837.2670412   -625.7090569
127.2406551   -1845.9858894   -628.5678148
126.7840537   -1828.8034201   -623.0066419
126.2157234   -1817.1340227   -620.7236052
125.9414824   -1821.4495182   -621.7911243
125.3368827   -1841.5349722   -628.4299493
126.1608275   -1809.3472719   -619.5622087
126.1749538   -1813.1759167   -620.0910807
125.5275282   -1825.2146244   -622.9299307
124.4436177   -1832.4091434   -625.872016
124.5497438   -1797.3611355   -619.5554137
124.0968677   -1793.8789129   -619.7241545
123.6408027   -1800.65763   -620.2034354
124.0013512   -1790.5896902   -619.8447347
122.5200566   -1785.9486341   -620.7904816
123.2084902   -1781.2162638   -620.9122539
123.5456439   -1827.6444674   -625.0529885
122.8581043   -1836.7692232   -628.7710667
123.7179311   -1807.436347   -620.7949519
122.5178214   -1803.7159443   -621.1512089
123.8127621   -1814.8232698   -621.8215823
123.1200667   -1818.3672428   -623.0143905
123.4229776   -1811.1828566   -621.4962602
122.6344379   -1823.1282234   -624.522388
120.8813461   -1797.2434759   -621.6807961
121.1642595   -1829.9124241   -627.8580427
122.0870885   -1833.1805468   -628.1557083
119.9950846   -1791.6191816   -622.0424771
120.4763027   -1814.1274452   -624.1354942
120.5250295   -1808.1036806   -623.0327487
120.2475699   -1826.4914751   -627.5202632
120.5426725   -1783.0609083   -621.927917
120.1381954   -1819.3588257   -625.6277561
120.8478185   -1800.8869886   -621.9451427
119.5498379   -1823.4393597   -627.218008
117.5903948   -1785.4777575   -623.6026883
119.3869682   -1803.4040928   -623.2051253
118.0296215   -1800.7558584   -623.8626838
116.7007061   -1796.640873   -624.5282888
118.0594834   -1810.5859756   -625.4321933
116.8177994   -1806.0718775   -625.7959008
118.1007596   -1816.6866302   -626.804769
117.4152764   -1813.6632442   -626.6650558
117.3767718   -1820.2617168   -628.4980178
116.4452108   -1791.1684513   -624.4446635
115.3987917   -1815.9297705   -629.3835044
115.5102821   -1810.8305931   -627.946496
113.9401766   -1788.9750004   -626.177609
113.5213348   -1784.5538855   -626.4788508
114.5876618   -1801.4729023   -627.0367503
114.2519089   -1793.0999994   -626.2033582
112.5452789   -1796.7000008   -628.2041669
111.0678288   -1781.8323374   -628.3755302
112.0487424   -1791.9512987   -628.1476617
110.5977567   -1787.4495983   -629.0521622
404.7566327   -2147.7885246   -623.5933304
402.3211124   -2153.0425549   -620.0812459
140.8495279   -2128.8130283   -621.7331886
403.0412557   -2151.9589424   -625.0929236
400.5028876   -2158.3662033   -623.925209
440.4227259   -2071.2990761   -620.1669574
400.9819003   -2159.1722965   -629.4084787
52.3117455   -2299.134016   -624.3269444
399.228436   -2162.0438099   -623.9421368
142.9504725   -2121.7980385   -622.448802
95.9510478   -2350.4290581   -629.2379498
398.445678   -2165.4441357   -625.8499026
140.7074901   -2069.2973137   -623.71099
397.6093801   -2170.1540947   -629.2172074
165.4110821   -2392.5740719   -620.0094223
397.4227282   -2166.446209   -622.208178
439.280239   -2071.3675022   -625.0886321
396.8973728   -2169.3651676   -624.4835258
51.7973574   -2303.4658432   -626.4551878
135.2208527   -2142.1835423   -624.5963573
395.163429   -2175.2028465   -625.1952052
407.0792916   -2143.1155205   -622.2717166
393.1351724   -2179.885149   -622.7555275
140.5580612   -2074.082613   -627.2227764
392.853749   -2183.4163666   -626.0793209
391.8904337   -2183.2535267   -621.9742894
440.8726665   -2066.3127899   -625.1998544
438.4304705   -2075.7348537   -622.4038005
142.6192793   -2084.0380192   -620.9868193
390.8447894   -2187.2780323   -622.6550937
390.1883187   -2193.3271885   -627.3334622
406.5867039   -2144.0834999   -628.3057332
389.1212317   -2192.9254532   -622.5768924
296.9613942   -2346.944809   -626.5092492
295.7816692   -2345.7489014   -620.9339499
293.9273687   -2351.2620926   -628.4198165
289.8527654   -2352.8110981   -621.6406822
287.7883884   -2356.1439514   -624.3188977
283.0085727   -2359.7376347   -620.3845739
283.2821878   -2361.0053062   -624.7135401
278.9480361   -2365.8015728   -626.2391806
281.1886045   -2362.2777462   -622.287631
274.3506702   -2368.0779934   -619.548142
275.5710753   -2369.2007065   -626.8963814
272.4771472   -2371.260643   -624.6102452
269.1586586   -2375.2691746   -628.4855008
264.7133442   -2377.3627281   -623.85571
264.0032145   -2379.5161247   -628.5437942
139.6616968   -2131.2580109   -623.5897541
261.5050944   -2380.0051212   -624.2820024
261.6537782   -2378.9458275   -621.1203933
256.0912343   -2383.9945793   -623.9542961
250.9566518   -2389.6789551   -628.2881498
250.8168789   -2386.8515491   -621.024847
247.204599   -2390.7170296   -624.2509484
388.3124711   -2199.0187168   -626.6206503
243.2972761   -2395.8952427   -629.042387
247.0067116   -2389.4200325   -620.7930446
243.5534271   -2392.0955658   -621.5660572
240.419087   -2395.9534168   -625.289917
239.4643398   -2394.1290379   -620.1000214
237.8711375   -2397.9451656   -625.7914305
237.8231855   -2396.310091   -622.516036
232.6850268   -2400.4318714   -624.3544221
233.1080409   -2398.2272148   -620.634675
230.3233119   -2404.0043354   -628.1251311
229.4279607   -2401.5541077   -622.8854656
225.7106277   -2404.1116238   -623.9251494
224.8924347   -2406.5945148   -627.6172996
221.4968475   -2406.5744877   -624.7026324
220.905778   -2404.910326   -621.2642193
220.4467627   -2409.0147018   -628.5244823
215.97254   -2407.6428413   -622.7714419
214.8307534   -2411.1480713   -629.0276647
210.2892073   -2410.4566574   -625.3204346
209.3877467   -2408.2565308   -620.5573678
205.9827717   -2412.1124744   -627.3719668
205.5032524   -2410.0987911   -623.067379
200.6858858   -2411.9794369   -626.2025237
200.7720741   -2408.7524414   -619.5776463
387.8190192   -2195.4624653   -620.239675
195.3330608   -2410.3300571   -622.7571964
194.9899467   -2412.8570557   -628.0533671
191.498396   -2411.460638   -625.5803704
189.1400786   -2408.9109898   -621.0830212
187.8336938   -2411.1762047   -626.1170506
183.9011284   -2411.8926525   -629.2091608
184.9647733   -2409.6841812   -624.4582534
144.7561654   -2114.5806313   -620.0848818
184.0981217   -2407.7923298   -621.5131283
179.8684271   -2408.0717564   -625.1365542
177.8130504   -2404.8223495   -621.9396591
175.7448884   -2404.910326   -624.8240471
175.0377985   -2402.29702   -621.5519309
172.1156212   -2402.1465778   -625.8440018
172.3720404   -2400.0051022   -621.796906
168.1743833   -2399.5919228   -627.7580261
168.8088449   -2397.1419334   -623.2606173
168.2947847   -2395.7550526   -621.5125322
166.1971482   -2396.3387012   -625.9330511
167.4010428   -2396.1317539   -623.8577962
167.4563559   -2395.172596   -621.9838858
166.9551703   -2395.1292038   -622.8325367
166.1411496   -2395.0045109   -623.9391565
166.9042381   -2394.0351009   -620.449841
386.2658861   -2201.7128468   -621.8589544
166.7624386   -2394.4945335   -621.8819618
165.0281819   -2393.7308788   -623.4639883
161.6629335   -2394.1414356   -628.7907362
163.7978526   -2392.3225403   -622.6266026
162.822512   -2392.2827244   -624.1685152
162.6257273   -2392.9438591   -625.6833076
161.9583937   -2392.847538   -626.475811
163.98519   -2391.2587166   -619.5326447
164.4580337   -2392.1971321   -621.1001277
163.3140119   -2391.3502693   -621.2489009
161.6080674   -2391.1991119   -623.9452362
161.1020239   -2392.5333023   -627.1156073
159.7006889   -2391.9150829   -627.9525161
160.2919968   -2388.9138699   -620.6533909
158.957717   -2389.3485069   -624.0638494
156.2099131   -2389.0454769   -627.4103522
157.0838364   -2386.8927956   -621.2249398
155.3037139   -2387.2470856   -625.0350475
154.8902365   -2385.0548267   -620.0211048
154.2925509   -2385.4534626   -622.3316789
152.081755   -2386.6634369   -628.1862855
151.9888016   -2384.8252296   -624.4325638
152.1108123   -2383.5821152   -620.7866073
148.9275666   -2383.8729858   -626.6274452
386.937839   -2204.8823833   -628.3877492
149.1093906   -2382.5888634   -623.1892705
148.8138708   -2381.3951015   -619.9826002
146.7857035   -2380.8307648   -622.0412254
145.8371254   -2381.373167   -625.0535846
145.6961902   -2382.9464912   -628.8657784
143.7026831   -2379.5583248   -623.4815121
142.6504227   -2380.6743622   -627.7876496
142.9231139   -2378.569603   -621.740818
140.616742   -2376.6989708   -619.6827888
139.9448188   -2377.2895336   -622.7955818
139.6824094   -2378.5550594   -626.698494
136.6986605   -2376.5051365   -625.67693
136.2421783   -2374.8469353   -621.6292381
136.5451785   -2377.8362274   -629.2335987
133.8113221   -2374.686718   -625.2191663
133.607802   -2373.0378151   -620.8175421
133.2811984   -2373.5730648   -622.9827404
132.8408393   -2375.1368523   -627.8383732
131.6975626   -2372.3442554   -622.1193075
130.9282454   -2372.9231358   -624.994278
129.3233605   -2373.259306   -628.2229424
128.9110454   -2370.8047867   -622.523725
98.056254   -2352.0116806   -629.0813684
126.9803616   -2370.6002235   -625.1307726
145.1155814   -2106.290102   -622.6857305
126.6897591   -2371.9186783   -628.7611127
125.0930103   -2368.4995174   -622.8321195
124.6222528   -2369.8120117   -626.8000603
122.0939132   -2367.4638271   -625.0802279
122.7914067   -2366.5294647   -621.6516495
120.4103204   -2365.6494617   -623.4376431
113.7808534   -2359.5650196   -620.1933622
113.6917444   -2361.1266613   -623.821497
112.3993071   -2361.5221977   -626.6167164
111.6088303   -2362.2648716   -629.2106509
110.7847663   -2358.6449623   -623.020649
110.3179427   -2356.9970131   -620.185256
108.9382144   -2359.405756   -627.3980737
107.1457835   -2356.4658165   -624.1406202
106.6949936   -2354.3982506   -620.1608181
106.5862747   -2358.0873013   -628.1478405
104.0356728   -2353.6427021   -623.2513785
139.1731771   -2130.0878525   -628.0474663
103.5747202   -2355.2587032   -627.1414161
101.1814447   -2351.115942   -622.6134896
101.6285988   -2352.7801037   -625.3448129
99.6268066   -2348.5443592   -619.6837425
100.0706824   -2353.0004025   -628.0414462
99.1798314   -2350.943327   -625.4917979
145.1320919   -2101.5176773   -622.1125722
98.0207594   -2348.7575054   -623.0232716
97.8212031   -2351.0007858   -627.6978254
487.4047013   -1921.9475985   -622.6242185
486.4035519   -1923.8511324   -627.4461746
485.705738   -1926.9697666   -622.9269505
484.6970933   -1928.814888   -628.1807423
484.0613278   -1931.8219423   -623.4779358
483.3832803   -1934.9122047   -619.7373271
482.9846295   -1933.840394   -628.6202669
482.5360896   -1936.2357855   -624.3159771
481.9514128   -1938.726902   -621.098876
481.6632765   -1937.863946   -628.1567812
480.2183183   -1944.0225363   -620.4377413
481.0629087   -1940.3957129   -624.9499321
479.634163   -1944.2440271   -626.2753606
478.2063635   -1948.6835003   -625.2066493
478.0598628   -1950.4363537   -620.0894117
476.7467576   -1953.3307552   -623.7357855
476.4732542   -1955.6527138   -619.5402741
474.9915945   -1958.5651159   -624.5367527
473.6968028   -1963.531971   -622.1802235
472.7656292   -1964.2543793   -628.0995011
472.2220125   -1968.2545662   -622.5878
470.7568409   -1970.5578089   -628.1028986
470.3698354   -1974.5075703   -622.5500107
469.1272425   -1975.5048752   -628.3533573
467.8925695   -1980.5443287   -625.8778572
467.5304415   -1984.113574   -622.040689
466.5188836   -1988.1397486   -621.0039854
465.9713628   -1986.4205122   -625.8273125
464.5381691   -1991.6557074   -624.5726347
463.1966772   -1997.6193905   -622.2903728
462.1529105   -1995.2635765   -629.2555332
461.1720117   -2003.4987926   -622.5844026
460.5360898   -2000.0994205   -629.2290688
459.7931775   -2009.0119839   -621.1648583
458.9871886   -2006.3579082   -627.4167299
457.7432992   -2014.5423412   -621.9076514
457.3704722   -2011.893034   -626.4888048
456.5238329   -2020.0703144   -619.977355
455.7472887   -2017.4353123   -625.5670786
454.4209661   -2025.8603096   -620.254755
454.2633864   -2022.6047039   -624.4519353
452.7863535   -2030.8332443   -620.1614738
452.6723298   -2027.7001858   -623.9413023
452.6306214   -2025.077343   -628.1608343
451.0845812   -2035.943985   -620.3351617
451.1457356   -2032.4194431   -623.9207387
451.3993832   -2029.6108723   -626.8596649
449.939874   -2033.5390568   -628.287375
449.6219727   -2036.93223   -624.5061755
449.7062387   -2038.7866497   -621.9540238
448.3270767   -2041.8331623   -623.735249
447.7964612   -2040.4758453   -629.3618083
446.9067129   -2047.5201607   -622.7953434
446.0205855   -2052.2990227   -620.7352877
445.4762312   -2050.3025055   -626.085341
444.3371119   -2055.7608604   -623.749733
442.8498568   -2061.8414879   -622.325182
442.4259337   -2059.0786934   -629.1172504
153.9753648   -1923.6419201   -622.518003
153.7361117   -1920.6796885   -625.1401305
152.9554697   -1927.7789593   -623.7987876
152.4735662   -1924.6424437   -627.1752119
152.4534198   -1930.9159517   -623.5279441
151.760337   -1929.6450615   -626.8321276
151.7308327   -1935.2862835   -622.4246025
151.6059908   -1933.0589771   -625.1746416
151.2739631   -1939.0579462   -620.0289726
150.5444022   -1933.2239628   -628.5532713
150.2545746   -1938.2671118   -626.0104179
149.7302922   -1943.8447952   -622.3315001
148.5556038   -1950.0687122   -619.7078824
148.2470604   -1944.8605776   -627.6028752
148.3897241   -1947.603941   -624.0903139
146.7105421   -1951.583147   -626.6877055
145.8972963   -1957.4840069   -622.9125261
144.5091637   -1957.3532343   -628.6177635
144.3374427   -1964.1436338   -621.5609312
143.1201073   -1962.891221   -627.7371049
143.268344   -1968.0956602   -621.4512587
141.79751   -1974.5310545   -621.3750243
141.2991556   -1970.6912041   -626.7516017
141.9469687   -2044.5179939   -620.0252771
141.6883143   -2037.8360748   -622.2507358
141.949025   -2032.122612   -620.8751202
142.0122655   -2028.10812   -619.8721528
141.4330872   -2050.8303642   -621.5651631
141.6777941   -2024.75214   -621.0713387
141.5436538   -2020.2591419   -620.1800108
141.2129673   -2061.8638992   -620.8278537
140.536693   -1978.3146381   -623.285234
141.3579854   -2056.1096668   -620.8401322
141.2788602   -2027.9343128   -623.811543
141.1907645   -2032.497406   -624.6544719
141.2447067   -2041.9518948   -624.008894
140.628961   -2045.4285145   -626.0828376
140.3009566   -1975.4239321   -626.5111566
140.3883966   -2040.099144   -627.677083
140.2794989   -2034.7831249   -628.3167601
140.8579322   -2022.6554871   -624.4600415
140.1933404   -2015.6497955   -624.8729229
139.947054   -1983.7799072   -622.1425533
140.5937942   -2056.5285683   -624.2774129
140.1690813   -2049.4139194   -627.2954345
140.3228911   -2029.8841   -627.8808713
140.3116258   -2025.7337093   -627.320528
139.4894692   -1991.1038876   -621.1705804
139.523414   -2021.6948986   -629.106462
139.384863   -2007.5445175   -625.1578927
139.5670148   -2055.9465885   -628.972888
139.7508653   -2061.9120598   -627.9429197
139.4046517   -2001.611948   -622.4635243
139.5596536   -1997.9889393   -620.431602
138.4044262   -1986.4842892   -627.2275448
138.2414671   -1996.9900846   -626.6469955
138.045636   -1992.5963879   -627.292335
137.8530534   -2003.1812191   -629.3854117
138.9255496   -2134.6032619   -620.8767295
116.0856756   -2363.6207581   -625.5597472
144.8719772   -2102.5044918   -625.1957417
114.0185865   -2363.8732433   -629.0602684
144.60018   -2106.2297821   -627.6530027
144.4725367   -2098.0684757   -626.3823509
144.1019448   -2093.9478874   -624.1543889
94.7586568   -2349.6091366   -629.355669
96.9205173   -2350.913763   -628.8055182
144.0194818   -2115.8304214   -624.5761514
137.1177705   -2136.5742683   -626.4432669
144.0387937   -2118.2744503   -620.8767891
143.9535888   -2091.7418003   -621.0164428
143.5738476   -2118.3433533   -624.1013408
134.3203159   -2142.5230503   -628.5663247
143.0564793   -2088.5515213   -624.8348951
