22.5760393   558.9881883   -1005.6257236
27.8387891   559.5544314   -1038.3839705
62.1326925   558.6536459   -1007.5618053
22.3626221   557.4297624   -1004.6787313
39.4869734   555.6349003   -1079.1751105
27.7998044   555.7628489   -1037.0717692
27.9273612   552.5565532   -1034.8583499
27.9187746   560.0474405   -1040.0870886
62.1459643   557.301735   -1007.7746172
38.772394   553.8741573   -1079.2747666
27.8048745   557.9976184   -1039.1480397
27.8527197   553.3966235   -1036.4697009
21.9930683   554.6960141   -1003.1364891
27.7727757   556.3776842   -1038.5375625
62.1011205   558.8837106   -1009.0419565
28.9196403   557.3431936   -1065.2794125
37.9924737   552.3231329   -1079.2480655
27.8418041   558.5197356   -1040.6361155
22.7181973   559.7790292   -1006.8567398
37.2419279   550.9659177   -1079.1371413
30.5411928   560.4552696   -1067.9960268
39.1089413   552.5134545   -1079.6574972
27.9359097   559.4047953   -1042.1202562
27.7234955   556.3034694   -1040.1097298
21.8673165   552.8484131   -1002.8129288
62.0482922   560.0535648   -1010.5869693
27.781076   557.5840284   -1040.3357443
28.0929282   560.487384   -1043.7048932
22.1260217   555.9041593   -1004.1184494
27.9721927   559.3212727   -1043.6832214
27.778373   557.5597594   -1041.526594
22.4650843   557.9561455   -1005.9636211
27.8441894   558.1429386   -1043.2801663
32.9283861   557.2873673   -1073.8794025
22.364058   557.2050405   -1006.0819924
28.167366   560.3403235   -1045.6560037
28.0438753   559.7379474   -1044.4712684
22.5629359   558.1980526   -1007.4585874
27.6771084   556.4244291   -1042.8446151
28.3662954   557.016809   -1062.5965501
27.9440759   558.711385   -1044.8656493
22.8455228   560.1100775   -1008.2254987
61.9883339   560.2019962   -1012.7410201
27.7690824   557.1785671   -1044.6124534
21.9944429   554.7775354   -1004.8123439
30.5921812   555.6445336   -1071.3156619
22.175579   556.1121282   -1005.4162723
32.3737768   559.5610308   -1072.1863298
28.2086436   559.8960339   -1047.7693542
27.9583749   558.339957   -1046.6748515
21.8687446   553.1020792   -1004.4428009
27.8507187   557.6909336   -1045.6337165
23.3922116   555.5441297   -996.3872241
22.2789   556.3784554   -1006.874446
27.307059   553.4860014   -1044.6487502
27.7162517   556.455711   -1046.2596309
34.7266831   558.2034532   -1075.5442592
28.3954102   560.5847734   -1049.2019636
23.0379687   560.6236718   -1009.6521505
29.771405   560.7776613   -1064.7488176
27.7936062   556.8722487   -1048.0716366
38.6057303   558.8792366   -1078.2955311
29.367224   557.3415055   -1067.0324014
28.0043789   558.3081642   -1048.3769915
33.5663762   559.099107   -1073.9064107
28.1725153   559.120033   -1049.5250704
22.0938441   555.1821792   -1006.1590131
27.5210256   555.0593664   -1047.8984449
21.9995759   553.722719   -1006.1759652
39.8958623   560.0959674   -1078.5510894
23.6662023   554.4172029   -996.1250469
27.2719988   553.6072361   -1047.2087195
28.4462561   560.2331902   -1050.8722118
22.4006389   556.6268011   -1008.2874558
28.6090714   560.4470054   -1052.4519013
21.9039085   551.2371516   -1005.4421151
30.0722716   558.8657326   -1067.8683408
29.2881386   559.5414988   -1063.821813
28.1287685   558.436141   -1051.1649998
61.9027974   560.2656977   -1014.9822453
28.3671206   559.3538766   -1052.187521
22.8453296   559.1685706   -1009.5645369
27.5205688   555.4999074   -1050.6447251
23.1743103   560.1905259   -1011.2434166
27.7875788   556.7149767   -1051.6356209
28.5334465   559.7024721   -1053.5273343
22.6566031   559.0513857   -999.4151351
28.1205202   557.9985063   -1053.0140525
22.2139444   555.0659955   -1007.7575059
28.7166387   560.1724446   -1054.6413384
37.6928412   560.2595236   -1077.522524
22.620323   557.5210856   -1009.5154767
28.9315321   560.6778609   -1056.0931877
38.7937226   560.2827888   -1078.1500332
22.0352453   552.0745338   -1006.8841484
27.5962969   555.8883998   -1053.2399824
32.451298   558.0773906   -1072.9117431
22.8992281   558.3124427   -1011.2076958
28.4091102   558.8089014   -1054.9757932
61.8192814   560.6067364   -1016.5718746
22.4394514   555.855176   -1009.6504065
28.8483088   558.0435476   -1063.737631
28.5261757   558.8561116   -1057.0630467
22.8631703   556.1457344   -997.7568525
22.1814386   553.2680243   -1008.094976
29.0502066   560.5691136   -1058.4756365
22.3128453   554.3852811   -1009.157598
27.5972387   555.8167507   -1054.8176027
23.4847801   560.3372919   -1012.9923581
61.8378837   558.9400473   -1016.5652888
61.9405193   560.2690478   -993.219172
28.5698864   558.6430845   -1058.9274976
22.6517153   556.8907059   -1010.8069232
31.0118306   558.3156794   -1070.5554647
26.1824967   560.4286184   -990.2996396
26.7990497   558.3844271   -990.0126885
23.1979054   559.2238208   -1012.3710284
25.2822715   560.7597211   -991.4621349
25.5986277   559.4372201   -991.2996126
24.5457078   560.3433397   -992.6947886
25.6844767   558.0512279   -991.5411793
62.0301896   559.5512053   -995.1065439
27.2661313   556.3126006   -990.0781702
22.4869691   554.4869483   -1010.6414596
26.275428   556.8087884   -991.1980002
24.9358395   558.9151089   -992.3843821
29.3001607   560.7956012   -1061.1117464
27.6091128   554.6132305   -990.2416197
23.7454344   560.516093   -994.1534374
28.1903246   557.2956027   -1059.2706712
22.6372339   555.7659905   -1011.419528
24.7919706   557.7665136   -992.9482976
26.6415485   555.2612851   -991.2859893
62.0361365   560.7704908   -996.7066648
61.7148997   560.0210716   -1018.3880275
23.4598202   559.0552612   -1013.6815401
25.4589764   557.0022035   -992.1863528
27.7323759   555.9937559   -1058.7179239
24.0634189   558.9308721   -993.9179223
27.9303478   552.6595306   -990.5820828
25.7182953   555.8105928   -992.2941704
62.075723   559.248572   -996.9195254
24.8346492   556.3909478   -993.3375538
23.2646431   559.6822099   -995.6257483
37.189827   558.6477637   -1077.5347979
23.0258963   560.8085606   -996.0474985
62.0855725   559.9690357   -998.7705636
24.0437579   557.1835056   -994.4647136
25.9882   554.1452472   -992.5900178
31.5281131   559.5998335   -1070.8349493
25.1231489   555.1119317   -993.3681957
26.7333104   552.6288373   -992.2147506
22.8718724   560.3501949   -996.8968935
62.1015138   560.334971   -1001.0402473
28.9485777   559.467443   -1061.0916677
23.8577778   560.3662591   -1014.533162
22.9326975   559.3577392   -996.9085702
22.8755024   557.0248549   -1012.1684155
23.4227224   556.7428167   -996.0002951
22.9652222   558.1421453   -997.2070478
22.7479046   559.7330848   -997.9648224
62.1285992   559.2569214   -1001.8540769
62.1202638   559.9650649   -1002.5985769
23.115701   558.1884056   -1012.6665558
49.2788773   557.0409033   -966.0783785
48.834248   555.0614273   -966.5512504
47.8106097   556.5611014   -966.1672103
47.7305917   558.1716952   -965.7475984
50.747094   556.7849505   -966.4659823
50.3740922   555.5148824   -966.6667297
50.4214154   558.1267967   -966.060332
51.8277163   556.1304162   -967.082233
51.5644836   557.7327144   -966.5846321
47.134322   555.2292776   -966.6349613
46.3386702   557.308815   -966.2733447
45.5854275   555.7020727   -966.9934774
51.3616321   554.5312585   -967.2338209
50.1778999   554.0112535   -966.9874975
52.707368   554.809883   -967.8895259
47.720607   553.2723664   -967.0693653
53.2772493   556.1765339   -968.0179772
49.0767238   553.3466287   -967.0023287
46.0675701   553.7968176   -967.3162181
44.8178707   554.6503995   -967.635357
44.7563375   553.3911432   -967.9946155
51.1970769   553.3335906   -967.4513939
52.1672494   553.7572413   -967.7932096
50.3271209   552.3665022   -967.45503
43.3490134   554.5271662   -968.605129
44.1574488   555.9626311   -967.6710202
46.6590429   552.376276   -967.4985111
45.461563   552.1758542   -967.9649812
54.2396083   554.9579812   -969.1368093
54.2715288   556.3848639   -968.878316
48.910795   551.522683   -967.4932427
53.5075973   553.6135754   -968.7502427
47.5636895   551.2856485   -967.6100956
52.1476755   552.4661204   -968.1194063
43.7865504   552.1960941   -968.8880732
42.4410764   553.2415398   -969.6137867
50.0840741   551.0090996   -967.7506721
53.3922639   552.570213   -968.8504602
55.2223618   553.5670153   -970.4796382
54.2036925   552.5636898   -969.5411008
55.3624587   555.0354037   -970.3672705
55.0415497   556.2688595   -969.7901078
42.5883142   552.1897553   -969.735794
53.2790528   551.3688086   -969.0855345
56.1726379   555.071908   -971.4826043
55.8702318   556.4638077   -970.8826927
42.6893867   551.2852937   -969.9027154
41.6176193   552.1262863   -970.6496872
41.2564483   554.0652023   -970.5492155
54.864263   551.4414872   -970.4668083
56.1776556   552.2624837   -971.9054806
56.7676553   553.8740427   -972.5371685
40.4906553   553.0260886   -971.6626227
55.7053886   551.33854   -971.4293781
40.4730181   551.7077556   -972.0391819
56.6927184   551.7884026   -972.679963
57.2167442   552.0072979   -973.4876505
39.5182655   551.5781756   -973.3324599
58.0628288   552.4228313   -974.8612091
57.8526024   553.882799   -974.3291138
38.7028209   551.2276109   -974.6123025
57.995829   550.9108699   -974.9543503
58.4862557   553.5973672   -975.5297606
58.6916544   552.156357   -976.1007307
59.0858536   551.394796   -977.0031964
60.2057104   551.3927329   -979.9208691
47.899152   560.6419836   -965.0901529
49.6306927   560.5430233   -965.2662737
44.8989625   560.6906789   -965.9566599
46.4381992   559.4767647   -965.6528382
47.6832771   559.3519014   -965.4166082
48.9610378   558.9618323   -965.553072
50.3398293   559.5030877   -965.7075871
51.6759818   559.4194753   -966.3233859
52.9621244   560.0040722   -967.0958678
44.8440335   558.5405471   -966.5836105
41.5773576   560.833333   -968.5396109
43.8124156   559.7418338   -966.8756368
42.7726328   559.9543537   -967.6327478
43.3689995   558.6364993   -967.5145497
52.8053953   558.0594035   -967.3087425
53.9220189   559.6704444   -968.0815241
42.1002056   559.0956087   -968.4798079
44.9241586   557.0068328   -966.9495331
40.6669853   560.7713923   -969.5321541
43.7794437   557.3256047   -967.5560201
39.8973453   560.7949867   -970.4583492
40.8047311   559.510094   -969.7332536
54.9478497   559.8326933   -969.3277454
54.150431   557.8538148   -968.5739969
42.5788556   557.5577346   -968.4207664
56.1051773   560.216848   -971.0260157
41.5466419   557.9619962   -969.3076902
38.8038391   560.769203   -971.9007357
43.0289391   556.3073538   -968.3628504
55.3429711   558.0633672   -970.014142
41.8313921   556.0003849   -969.5168397
40.4206874   557.6140315   -970.6712616
54.7158783   557.1993828   -969.2546364
39.5525125   559.3377728   -971.3052683
37.7771405   560.7816627   -973.3186158
56.269198   558.0784422   -971.3515528
57.0676536   560.7598576   -972.6926748
39.2231   557.9967099   -972.0847062
38.3327834   559.1106236   -973.0279282
40.5718922   555.7475237   -970.9305512
42.1851982   554.4187695   -969.5375616
57.0334894   558.7957655   -972.57957
39.5494106   556.4525374   -972.04125
57.6822804   559.8592334   -973.7908947
36.9718825   559.5892733   -974.8567667
56.7844939   556.7169656   -972.2552569
57.7553036   558.5308659   -973.8677547
37.6354403   558.0838561   -974.3143029
58.277354   560.5493831   -975.1097902
38.4376235   557.1021787   -973.419849
39.9895213   554.6107633   -971.9179177
57.4929697   557.4578224   -973.4021545
56.9774108   555.3187043   -972.6706928
37.5845543   556.9386555   -974.7038268
58.3100726   559.1344385   -975.0281542
38.9157812   555.2117113   -973.2403817
39.4493546   553.2366509   -972.994437
35.8583619   559.9706777   -976.4088952
58.9384476   559.7201474   -976.5439721
36.8828646   557.6289682   -975.5661904
57.5496503   556.1334211   -973.5730643
58.253965   557.2476114   -974.8800762
37.938633   555.7162054   -974.5151499
59.2473767   560.4841824   -977.4838097
36.0391028   558.4810811   -976.5937878
57.488388   554.8743516   -973.561505
58.8538052   558.4137798   -976.1937183
37.0735222   556.1056072   -975.6973917
34.9915685   559.1986651   -977.9671068
34.4561197   560.5267988   -978.358799
58.0153435   555.4572647   -974.4650118
38.2528282   553.9667977   -974.5296206
38.7606762   552.5319259   -974.1565519
58.6303093   555.3876201   -975.7097435
59.0878768   557.1403309   -976.6941988
35.9941865   556.5765454   -977.2287364
37.4464369   554.8572872   -975.4857381
33.7946834   559.8949335   -979.5770645
59.5014905   559.47599   -977.9817852
59.3986332   558.4001871   -977.5424411
59.7589254   560.1910112   -978.9195404
35.5018924   557.9103066   -977.5866557
38.0165392   552.4563424   -975.2986296
34.2522616   558.2759659   -979.4048528
36.6787338   554.8385277   -976.6683307
34.9771955   557.3848775   -978.5627927
59.8898884   558.3804486   -978.944159
59.3460407   555.8400087   -977.2712097
37.3433432   553.5966398   -976.0077215
59.6854045   557.0495471   -978.1896439
32.7993636   559.7246985   -981.1495544
59.113639   554.1397834   -976.799859
35.8633855   554.7268819   -977.9865709
37.8399492   551.0112149   -975.996381
33.3175131   558.079921   -980.8934545
34.1402075   556.8338916   -980.032329
34.9602712   555.518793   -979.1700028
32.0833805   560.3984634   -982.008652
60.4031924   558.6799841   -980.7210637
37.290346   552.2783752   -976.4756705
59.6048868   554.956178   -977.9067113
59.8164672   555.8538453   -978.4754485
60.6333739   560.2094317   -981.9883341
36.4426452   553.1102952   -977.5733771
59.3568272   552.5827336   -977.4941668
59.6426263   553.9221961   -978.0612914
60.2204163   556.5870765   -979.7854247
31.1767472   560.2938628   -983.3738599
32.0331646   558.6666516   -982.6392931
60.09083   554.6655038   -979.3043435
36.8749208   551.1639643   -977.4786206
60.7590344   558.9196869   -982.0991565
35.287729   553.5841052   -979.2634998
60.7345766   556.6458486   -981.6354653
59.940768   552.8417811   -978.9811816
32.6858523   556.5377691   -982.3505805
34.6281661   554.4150142   -980.0443718
33.4936743   556.6399725   -981.088105
33.8277007   555.1119658   -981.0732458
31.2504281   559.0555978   -983.6711894
60.9263572   560.5926081   -983.4365008
29.9467445   560.8963802   -984.9357229
61.0543584   559.1321029   -983.5937058
60.8757562   557.8910778   -982.3749053
35.7890647   551.5710704   -979.1172346
60.6787662   554.848475   -981.3178583
30.6014101   559.1865204   -984.5633897
61.1907659   560.6537565   -984.9910492
34.4373243   553.4468201   -980.6691173
31.1843617   558.0905707   -984.0770095
34.9579895   552.3133793   -980.2180334
60.4881976   553.1503946   -980.6510706
29.6981447   559.161092   -985.8510416
31.7507286   557.1787985   -983.5403409
61.0564823   556.7109498   -983.0024104
61.1642864   557.6086212   -983.7144096
32.6449606   554.323167   -983.1688062
61.0962628   555.2770382   -983.1366183
31.7288101   555.771424   -984.041143
33.6351624   553.2011443   -982.0295485
61.2941265   559.395443   -985.0032682
28.94131   560.4231744   -986.5129114
61.3831717   558.2669583   -985.2810409
34.3207723   552.0696511   -981.3386235
35.0073099   550.906602   -980.6420896
60.9143515   553.2444576   -982.2451014
61.0043707   554.2171712   -982.5989538
61.4193808   560.813213   -986.8265144
31.118827   556.8355656   -984.5819993
30.3441966   557.6416219   -985.4312961
60.745135   551.3401066   -981.7655824
61.3299463   556.4960748   -984.5251208
61.4087403   559.638026   -985.9500218
28.8612774   558.8893082   -987.1114326
28.2238792   559.9663425   -987.6613721
31.5868267   554.2563601   -984.7868201
33.6298932   551.6457428   -982.6075311
32.9568183   552.6135708   -983.3078798
29.4908552   557.9359962   -986.5405375
34.2782464   550.9070747   -981.8379527
32.1097657   552.7893261   -984.5439268
30.584475   555.5036733   -985.8094146
61.6070265   560.8517406   -988.648034
61.5901784   559.1068816   -987.3613806
61.2042416   553.6675867   -983.6013132
61.1117889   552.3295693   -983.2008792
29.7290099   556.7877864   -986.5823154
61.6155916   556.8768819   -986.7165715
32.7878926   551.1085822   -984.153511
61.4933869   554.6793443   -985.4174332
61.1251955   551.0619638   -983.4368808
28.8135874   557.2425402   -987.7009048
27.9817882   558.6644482   -988.3773668
61.7974714   557.9055922   -988.9306731
30.8807111   552.9100971   -986.3348234
29.411926   555.6280765   -987.4194668
61.7255891   555.4419002   -987.2502003
61.366236   552.5766416   -984.5732302
61.7398777   559.4586024   -989.0557548
61.7640077   560.2999101   -989.9652275
29.8798542   554.220601   -987.2742522
61.7247413   554.2315433   -987.1169101
31.8159971   551.5253634   -985.4887662
61.4194008   550.9197752   -985.1500175
28.3628449   555.6325302   -988.8585202
61.6098643   552.8833803   -986.1980965
61.8046028   556.3376283   -988.3304785
61.8536071   559.1421774   -990.3384557
61.8552481   554.8467933   -988.7543402
61.8470109   560.39275   -991.3814285
29.110313   554.4222684   -988.2741724
29.4237532   552.6585942   -988.5201131
31.2207212   550.9974449   -986.612456
61.9212096   557.9425028   -990.6454785
61.661787   551.6531619   -986.7730426
61.921597   556.47322   -990.1498838
27.2884749   560.3713384   -988.8263451
61.7914164   552.955204   -987.9334702
27.8519739   557.2320821   -988.9944898
30.4450962   551.3353726   -987.6145142
61.9553605   558.8527291   -992.0098697
61.9043898   553.3478558   -989.6866914
61.7567026   551.2166246   -987.9471335
61.9914535   557.3230351   -991.8019488
61.9616618   554.7307228   -990.9509792
28.4839595   553.9918699   -989.2946007
61.8532897   552.0928539   -989.0437762
62.0003439   556.0919196   -991.7303611
62.0134958   558.9167334   -993.5611974
61.9456444   553.1562495   -991.1553358
62.0234716   557.9310526   -993.0085345
62.0376676   556.5930259   -993.2219882
28.8753989   551.0335938   -989.9889617
61.8922967   551.9656197   -990.3596122
62.0143359   555.2581973   -992.5271811
26.9793892   553.8597674   -991.3792008
61.9812131   553.7107382   -992.7256327
23.4927739   558.0897703   -995.4085725
61.9070307   551.8143583   -992.101896
24.1757643   555.3085288   -994.8729209
62.0529394   557.9112084   -994.3527393
25.0054297   553.7914495   -994.0681108
28.0377791   551.0359053   -991.1452553
27.3405167   551.4939611   -991.8879174
62.0344854   555.086516   -993.9978339
62.0666245   556.4731302   -995.060162
62.0782824   557.9276031   -996.0558803
62.0015484   553.5041074   -994.661038
61.9476152   552.3161073   -993.6891957
62.0522431   554.916973   -995.7564146
26.4728766   551.1081318   -993.2570336
62.0844077   556.3458868   -996.9096383
62.0971647   557.9689971   -997.9184094
61.9349781   551.5919567   -995.3675146
62.0172447   553.3483313   -996.4105548
25.7299249   552.5436543   -993.6247521
62.0659408   554.7080145   -997.4649681
62.1128311   558.2361721   -999.666034
62.1101911   559.3387632   -1000.1037982
62.1034813   556.0461935   -999.1677042
24.2364516   553.4333005   -995.4205442
62.0392002   553.3952484   -997.789376
62.0725488   554.182092   -998.7402786
61.9830989   551.9565364   -997.4076482
24.2584406   551.9322929   -996.0585823
62.1247189   558.798426   -1000.9411326
62.1332858   557.273127   -1001.0963125
62.1001532   553.9799119   -1000.3594218
62.1392702   558.3253912   -1001.8951325
62.1374594   555.6579538   -1001.1804798
62.1494014   556.3954996   -1002.038354
62.039742   552.7777608   -998.9138626
62.1389547   558.8378263   -1002.8044081
62.1521872   555.6484107   -1002.1287865
62.1401818   554.568289   -1002.3046071
62.1554288   557.4410365   -1002.7891791
62.1605805   555.947622   -1003.0016475
62.0454233   551.8627456   -1000.368675
61.9907639   551.2904974   -998.8142828
62.1425999   558.4694397   -1004.1040347
62.1021782   552.7525333   -1001.8326279
22.2684167   553.5350863   -1000.0529298
22.4044794   551.5105415   -1000.0002455
62.0663534   551.591255   -1001.6099698
62.1580267   554.8166875   -1004.1452017
62.1614341   556.7418337   -1004.6240838
62.1355039   553.1384371   -1003.4884879
62.0866029   551.3670511   -1002.8502841
22.0329586   554.0821822   -1001.5636616
21.9810764   552.4153241   -1001.4768546
22.005086   551.3026831   -1001.4089461
62.12914   552.0255609   -1004.2885167
62.1434956   558.4865404   -1006.060364
62.1557828   553.245198   -1005.4852193
62.1068027   560.6619345   -1003.729832
62.102844   550.9279274   -1004.1842799
62.1629473   555.1991985   -1005.9633172
62.1558417   556.7319571   -1006.3191969
62.1714029   554.0545228   -1006.7164438
62.1351367   551.3973273   -1005.4003437
62.1634523   555.9241309   -1007.1717024
62.1718056   553.2569218   -1006.8193334
62.1711895   554.8690443   -1007.278277
62.1634538   552.0249174   -1007.0379926
21.818738   551.5827344   -1003.840255
62.1698789   553.6235699   -1008.0008931
62.1566242   555.4449951   -1008.5006506
62.119355   556.8549434   -1009.7495412
21.9048566   552.5591708   -1005.6350673
62.1685863   552.047304   -1008.6783041
62.1596897   554.215396   -1009.4228409
62.163024   552.9784582   -1009.5132563
62.1386209   555.2440655   -1010.0819223
62.0610248   558.2667195   -1011.3591702
62.0900293   555.9322652   -1011.7322712
62.0360724   557.3790248   -1012.8425836
24.8817767   552.5061959   -994.7971865
62.1320098   553.6891254   -1010.9879132
62.1456361   551.225583   -1010.4490003
62.0175358   558.5126184   -1012.8316151
62.0715801   554.0356526   -1013.2093998
22.2659973   551.3385135   -1008.8075281
62.1029657   552.1020952   -1012.4989593
22.3762064   553.0735244   -1009.8261398
62.0202303   555.9758078   -1013.9062621
61.9578187   558.1641696   -1014.4036046
22.4746347   551.7726467   -1010.5362065
61.9512426   556.5726405   -1015.2889844
62.0240756   554.635489   -1014.4013343
62.0129014   553.4441494   -1015.0142008
62.064455   552.4431731   -1013.9647505
61.966403   555.0864013   -1015.501494
61.894101   557.4535808   -1016.0846207
62.0759158   551.2125391   -1013.7567655
61.8914928   556.1858529   -1016.5737896
61.8917619   554.9649502   -1016.8935923
62.0168544   551.4223648   -1015.383277
61.9316011   553.8407488   -1016.4766607
61.8089618   557.4140363   -1017.6100092
22.643231   552.9684327   -1011.6551627
22.9556329   555.8106893   -1013.0291882
25.3409701   551.1579095   -994.8360743
61.9689806   552.6599681   -1016.2134084
23.3179448   557.3802669   -1013.8771742
61.8506334   554.0782027   -1017.8382845
61.8923061   552.8178345   -1017.4072304
61.8110082   555.6415751   -1018.0861448
61.9472912   551.8045301   -1016.8350232
22.7447705   554.5201758   -1012.2957809
61.729473   556.7957433   -1018.9633663
23.6049888   551.17379   -1015.0591949
61.5539118   560.3726849   -1020.5415936
61.5558556   558.5789323   -1020.8335169
61.6897284   558.2599863   -1019.1054987
61.7644495   554.4647953   -1019.0426589
61.7731782   552.7860551   -1019.1581418
61.6910322   555.6442759   -1019.7157054
61.877246   551.7423497   -1017.9261786
23.720681   557.0624615   -1015.4011146
61.6304993   559.306635   -1019.7173751
61.6576122   554.2265782   -1020.4394059
61.5491509   555.7082983   -1021.4574242
61.4606885   558.3012055   -1022.0376741
61.4992368   557.3168243   -1021.7775019
61.8206093   550.9041285   -1018.9551725
24.5710802   559.6777166   -1017.2842694
22.6217707   560.7746172   -1000.8563966
61.6195827   552.7518141   -1021.1364009
61.694505   551.3117712   -1020.5266024
61.5087704   554.0632396   -1022.1362556
61.417799   556.4592915   -1022.804339
25.049961   560.8876599   -1018.2174713
22.6720935   551.3192128   -1011.6708971
61.2482384   556.1920951   -1024.5648347
61.4123687   555.2588554   -1023.0043334
61.5823317   551.5979331   -1021.8369094
61.2208043   557.9434955   -1024.7154942
23.4041844   555.8175345   -1014.6440629
61.1064746   558.9362222   -1025.764544
61.481471   552.5526514   -1022.726867
60.9696193   560.0460382   -1027.0582252
61.1066374   557.4827471   -1025.8665721
23.1192357   554.4798768   -1013.8488547
61.4968286   551.2483771   -1022.8812908
61.3292514   553.8866499   -1024.0520052
60.781916   559.6759486   -1028.8164618
26.5636439   557.4940946   -1025.574073
24.1112273   557.423733   -1016.5578519
60.9368852   558.1388072   -1027.4574054
61.3346191   551.7944061   -1024.3182765
61.1090362   554.4646304   -1026.0406806
22.597068   557.1504018   -999.2427091
22.9372302   553.3739048   -1013.1463324
61.0146911   556.2149595   -1026.8170426
62.1295385   559.5437252   -1003.5962889
61.1837798   552.9278412   -1025.5535047
26.7190672   556.2952806   -1026.4444938
24.5021862   558.3926158   -1017.4971002
27.0401898   556.6837228   -1028.3634893
61.4231007   559.4614686   -1022.3382849
60.8103679   556.5851078   -1028.6337187
60.8536441   554.4764238   -1028.2860866
23.0242515   551.6826777   -1013.2121722
60.7430808   558.0831389   -1029.1826127
61.6202828   557.0490569   -1020.3090264
61.0198028   553.0995109   -1026.9637414
60.561918   558.9841827   -1030.7300083
23.62721   554.3379439   -1015.4281317
61.1105816   551.4228904   -1026.3794388
26.6151763   560.6347532   -1024.4465983
27.0997422   554.1704327   -1028.1189274
60.6156247   557.049075   -1030.2550101
23.3433463   552.9698406   -1014.491914
60.676834   555.595506   -1029.7503901
26.3664616   560.4253501   -1023.2110706
60.8326579   552.225442   -1028.5477777
23.0941042   554.631186   -997.3107852
23.9805631   555.8835228   -1016.4088298
60.3511024   558.788249   -1032.4492507
61.3110795   560.8307157   -1023.5143627
23.97056   558.7915355   -1015.6324839
60.7309548   553.4019286   -1029.3312633
24.5247005   556.9263083   -1017.9581001
60.4197557   557.4300803   -1031.8390079
27.0768645   552.8859511   -1027.4372937
27.3682756   551.7247931   -1028.3661203
27.3575339   553.2402777   -1029.224628
25.0116712   559.4037282   -1018.7633442
60.6212462   554.256855   -1030.1753396
60.4718409   555.637279   -1031.3725441
60.2563527   557.8421288   -1033.1551774
60.1185903   559.2992875   -1034.2157857
25.6931802   560.8785392   -1020.2768148
27.6318149   555.113948   -1032.5177303
60.6064317   552.6774348   -1030.29466
61.7679407   558.6559184   -1017.9151043
60.2567134   556.2888841   -1033.0626785
24.1965143   554.1669855   -1017.0943455
60.6835648   551.7328032   -1029.7275488
60.323433   555.0870987   -1032.5036887
60.3803234   553.7737614   -1031.9999763
22.5848175   559.2400273   -1001.3467519
23.890776   552.69621   -1016.1188968
59.7512152   560.8647411   -1036.8424898
59.9170659   559.9004321   -1035.7051461
27.872546   550.9738211   -1031.961007
27.8338327   553.3731741   -1033.4798066
24.4785585   555.4000199   -1017.9302685
60.5616659   551.2788445   -1030.6241581
59.7567797   559.1723362   -1036.6938329
59.9295205   559.0434178   -1035.5698478
60.1124088   557.4373675   -1034.1801475
24.8959076   558.091924   -1018.8306764
60.1728394   554.6781154   -1033.5520234
59.8989096   557.8180354   -1035.6619834
60.4228369   552.1134744   -1031.6331352
60.0084584   555.9690994   -1034.7809264
27.777707   556.1639474   -1035.6847623
59.4472362   559.8725654   -1038.5732547
60.196879   553.5380381   -1033.2959575
27.8722255   553.8693597   -1035.003871
27.8312692   554.9448831   -1035.7550529
27.7865617   557.1827363   -1037.725626
25.4367169   558.4906865   -1020.5088528
61.2620578   559.2884932   -1024.1470103
60.208754   552.2621542   -1033.1278249
23.5423439   553.12105   -996.8213501
27.9451084   551.6155733   -1033.6902711
25.9982216   559.6870153   -1022.0850072
61.140174   560.7226167   -1025.3361238
60.0095102   554.6717571   -1034.6979656
60.0229395   553.4473536   -1034.4967802
59.775969   556.2858095   -1036.3609034
25.0048566   557.2444965   -1019.4236591
61.3631484   557.8494291   -1023.1998539
59.8217693   554.6215308   -1035.9358027
59.5564289   557.5451561   -1037.8134747
59.1159153   560.778174   -1040.3912393
24.8977731   555.9178596   -1019.2504159
59.1168953   559.1518209   -1040.3909055
59.959207   551.6476576   -1034.7413095
59.7739734   552.7730769   -1036.0791032
59.311175   558.2332361   -1039.3092931
24.4455157   552.562274   -1017.7677025
26.7988898   560.1408971   -1026.0896412
59.5746923   555.495438   -1037.5908925
27.9157577   551.3622067   -1035.2041685
59.3255471   557.3064272   -1039.19955
24.2029662   550.9372133   -1016.8789673
27.7592175   551.2934924   -1036.7375464
27.7371611   554.5709662   -1038.5474132
27.709912   552.5675753   -1037.9253779
59.3355379   556.176518   -1039.1043451
24.8030622   554.0984958   -1018.951271
62.1227542   559.7608039   -1004.752506
59.7071113   551.036371   -1036.3111461
59.5679004   553.7475737   -1037.5049975
59.3732007   554.6140332   -1038.8006108
25.3557245   556.7075552   -1020.6704053
59.5524866   552.1830257   -1037.4503129
59.0894843   557.2575037   -1040.5589982
58.8710966   560.0229841   -1041.6252568
58.8359371   558.6783015   -1041.876355
24.6138437   551.3161343   -1018.1823581
58.4768008   560.0311357   -1043.5160176
27.635121   554.5304388   -1040.0983183
59.0802279   554.8342552   -1040.6375834
27.5421001   552.5923592   -1039.4903205
24.9899946   552.1372005   -1019.4018304
58.8181638   557.4066258   -1042.089482
27.6899906   556.4300908   -1041.4536886
27.6185457   555.3522874   -1041.4131206
59.2989899   552.8258525   -1039.1459916
25.7024255   557.4314741   -1021.7939198
27.5008253   553.6352631   -1041.2364634
58.6312639   558.1366524   -1043.0449945
22.603411   554.6459654   -998.6712957
58.8795792   556.2260885   -1041.8286792
25.9046537   558.3839588   -1022.3442565
26.3825702   558.7933066   -1024.2705085
59.0037458   552.8142297   -1041.1035371
58.6555636   556.7184634   -1043.1197343
27.2826558   551.6932627   -1041.288057
25.3396532   555.0124648   -1020.7165819
58.8991947   553.856484   -1041.819492
59.0996645   551.0506236   -1040.3190126
58.7561431   554.9003328   -1042.7118908
58.3707295   557.831899   -1044.605576
25.3041264   553.4636681   -1020.536879
58.1160856   559.5224193   -1045.4337977
27.5018058   554.5604031   -1042.9127348
27.3221235   552.8126427   -1042.7306203
27.5752476   555.4561985   -1044.592839
26.0244108   557.46416   -1023.0506996
58.7565124   552.8784093   -1042.8244489
58.4849354   555.788582   -1044.3897018
57.722895   560.4415192   -1046.9975827
27.1803272   551.7353257   -1042.6692834
25.8229181   556.0448518   -1022.4222302
58.8821624   551.4551731   -1041.8781842
57.4178655   560.644983   -1048.5997317
22.652094   560.8128264   -1002.5846691
57.9979488   558.2241908   -1046.7381376
25.8622607   553.8248938   -1022.4809506
27.0071286   559.7821217   -1027.8878946
58.2370296   556.3796806   -1045.9732744
58.5394003   554.0049511   -1044.3352213
27.0627549   551.8336947   -1044.0391767
25.5608281   552.1887185   -1021.1953324
27.204526   560.6191969   -1029.4431163
58.6837366   550.960888   -1043.3203269
57.6572248   559.1398666   -1048.427347
57.3467587   559.8905168   -1049.8975229
26.3114302   556.6641272   -1024.4244102
58.524145   552.1863812   -1044.6195128
58.3579663   554.8937916   -1045.5516248
27.4594127   554.5593563   -1046.0970787
57.852962   557.583518   -1048.2880741
26.1731659   555.1767134   -1023.8238444
58.0393807   556.622046   -1047.4078528
26.8158099   558.224837   -1026.9078948
58.1755259   554.905066   -1047.126543
27.2564493   553.3837031   -1046.0126424
25.9962603   552.0899217   -1022.6142487
58.3557527   553.4040602   -1045.910852
26.9345776   552.0672244   -1046.2661287
22.525982   557.9052381   -1000.5290803
57.9371674   556.0009346   -1048.8906818
26.4790821   555.3074456   -1025.1713149
57.6375136   557.9041716   -1049.9431368
27.8689136   557.2517484   -1049.8197103
57.2892881   559.1345856   -1051.4663558
58.3151821   551.3847067   -1046.4745474
26.3336786   552.5169131   -1023.9685863
27.6156524   555.7843769   -1049.2530018
27.3038621   553.9139886   -1048.3950061
57.808305   556.1965871   -1050.5739552
26.9915463   552.7440508   -1048.5103296
26.3936945   553.9930148   -1024.6029757
56.9235554   559.9728578   -1053.1768571
58.2157574   553.084802   -1047.3743733
26.5898931   551.2630336   -1047.928082
27.2911708   554.2212184   -1049.5836052
26.3592219   550.954897   -1023.5530555
58.0835416   553.9491098   -1048.7544853
57.2801161   558.6195628   -1052.5220439
57.963809   554.8277087   -1050.1130342
57.5591358   557.2922709   -1051.9281387
26.7906006   554.3773776   -1026.5027333
58.1367491   551.7979557   -1048.6399726
27.1499247   558.5158829   -1029.252035
22.3525802   555.3858675   -1000.0013963
56.4937021   560.510517   -1055.2178088
26.6764095   551.3552577   -1024.8972461
26.8698105   552.7686321   -1050.2200051
58.0459235   553.0548183   -1050.4140488
26.4666812   551.28652   -1049.6372217
57.3019303   557.9853397   -1053.5181595
26.7219628   552.6990496   -1025.6369378
56.9605719   558.7618911   -1054.9839956
27.0676441   553.8034075   -1051.4064621
58.0693001   551.3694614   -1050.1320069
27.4347524   555.2418171   -1051.9339167
27.0566036   551.1647813   -1026.4356911
57.88451   554.8644841   -1051.9518727
57.6245646   556.2155438   -1053.4882389
26.4619202   551.7938349   -1051.5546112
58.0145256   552.8883395   -1052.0578912
27.1738328   554.3613436   -1052.7207248
27.9533109   557.1054191   -1054.4136932
56.5232461   559.2158931   -1056.8075303
57.3554639   556.8524065   -1055.0696629
26.7456238   552.9830903   -1052.835162
58.0404384   551.5822289   -1051.3845651
57.8485024   554.808316   -1053.6833302
27.9729216   557.0117532   -1056.0701611
22.8180824   553.1395972   -998.3997381
57.6859352   555.3815357   -1054.7968696
27.0369072   554.0452838   -1054.2747302
56.999804   557.6960916   -1056.2860799
57.9672696   553.4324683   -1053.4210628
26.6030309   552.7007237   -1053.78679
57.9804472   551.4133263   -1053.1869352
55.9067604   560.1576309   -1058.3657824
57.8764814   554.0299635   -1054.7623961
27.3615875   560.6209112   -1031.0171327
26.2391739   551.5629797   -1053.3870205
28.1307288   557.3162835   -1057.8621923
27.3594429   555.0457493   -1056.2161881
57.5123897   555.7175351   -1055.6796097
27.304951   559.5075806   -1030.5573464
57.2504217   556.0521752   -1056.7633301
26.4443953   552.3922276   -1054.8082352
56.2858387   558.7111929   -1058.3306689
56.6981131   557.4127176   -1057.8767247
26.740525   553.3112046   -1056.0840068
27.7296437   556.0933333   -1057.277619
55.477969   560.0443592   -1059.964824
28.9451751   559.7550017   -1060.0609007
27.3961982   555.0996676   -1057.6889073
27.2940813   556.7507802   -1030.1968181
22.4551489   557.8948711   -1001.972807
57.9275715   552.4699826   -1054.8793397
57.6437137   554.527536   -1056.0544538
55.851075   558.8848764   -1059.5432924
26.9860948   555.3104938   -1027.8008013
57.9279415   551.1691618   -1054.5687251
26.1629003   551.8604364   -1056.341475
56.2270508   557.8191167   -1059.1504812
54.9483978   560.6288345   -1061.6435883
27.4419445   559.6127238   -1031.9221978
57.8499817   553.4488231   -1055.6261104
55.333703   558.9760948   -1060.9767641
26.9447477   553.9037192   -1057.5051226
57.2480858   554.2603749   -1057.8933591
57.6725279   552.7235446   -1056.6524115
26.3972824   552.5236678   -1057.427329
27.1641364   554.4501669   -1058.881275
57.7706655   550.9947626   -1055.7678233
28.5169148   558.0233384   -1060.8911645
56.8796698   555.8032925   -1058.359543
55.7157603   557.5838829   -1060.5761206
56.3556995   556.547231   -1059.4429214
27.9760049   556.5275078   -1060.0693024
27.5045412   555.2157115   -1060.1854461
26.5394453   552.9334218   -1058.8136392
22.6646844   560.3028241   -1004.3625323
29.0142024   559.2634592   -1062.2790875
29.5082637   560.858081   -1062.8904618
62.1090186   560.2162531   -1005.9855032
56.5301063   554.8041858   -1059.6871243
25.9964263   551.5720563   -1057.3601286
55.2181606   558.0419656   -1061.6250391
54.7981209   558.6755174   -1062.6181299
57.3309005   552.5917235   -1058.2645836
27.3697114   558.201271   -1031.1298761
25.940291   551.5531041   -1058.3563427
27.9322214   556.1520826   -1061.3781467
26.8392996   553.5574501   -1060.4897001
54.5296856   559.7911097   -1063.5668173
27.3875771   554.6576876   -1061.6767878
56.9521368   553.3529413   -1059.2151064
55.8365577   555.9611459   -1060.9393415
56.4149196   553.2456136   -1060.5207479
25.9342754   551.6287387   -1060.2135067
60.3757068   560.4179036   -1032.2778703
55.05772   556.9111288   -1062.4064407
56.9112905   551.8894043   -1059.5390188
26.9296286   553.5344262   -1061.9666897
54.4282506   557.6518287   -1063.7878378
27.2662554   555.0155903   -1029.4568883
22.5617373   559.1624061   -1002.9309777
55.8935877   554.4992254   -1061.3539594
54.2632085   558.6430411   -1064.4479064
26.4340978   552.5097146   -1061.7318789
27.574468   559.9394277   -1033.467168
55.4026272   555.4469431   -1062.1407344
54.1821153   559.9021814   -1065.1808853
54.8694143   555.322913   -1063.372855
27.852485   555.5009356   -1062.8838104
28.3709561   556.3002774   -1064.2962973
27.2841728   554.004493   -1063.1780231
28.6863927   558.0875321   -1062.3791378
56.2224251   551.8510299   -1061.0221163
54.3413901   556.4210644   -1064.2930775
27.5469069   558.1642555   -1032.9682843
53.9691464   557.3534699   -1065.3079323
26.7441968   552.9665126   -1062.7693105
55.3558096   554.409281   -1062.5779628
55.6997844   553.0387197   -1062.1048627
53.846525   558.4461758   -1066.1717758
53.7765306   559.8797728   -1066.9315421
26.2968158   551.9842984   -1063.0454846
25.8894978   551.4003105   -1061.9026203
27.8159388   554.8987551   -1064.1530562
29.6634424   558.6899354   -1066.7343901
23.3574109   551.3880403   -997.8899213
54.2761239   554.9113613   -1064.9522435
54.8916395   553.5369045   -1063.8194818
28.693786   556.2807919   -1065.8416451
26.8468033   552.828274   -1063.9039146
55.7341642   551.6123297   -1062.0988493
28.1628731   555.04077   -1065.4881529
27.4397984   553.6588279   -1064.8849406
53.3482134   559.8023994   -1068.4593025
55.2577668   551.9077961   -1063.161627
53.8286246   555.9551141   -1065.9101108
28.7036239   555.4027096   -1067.0207149
53.4781508   556.8155653   -1067.1555189
53.4295421   558.3505038   -1067.810767
26.4426525   551.7179659   -1064.6535586
27.4848272   556.6875678   -1031.8546806
54.0933307   553.1556728   -1065.8902314
53.7938124   554.6767508   -1066.3507372
53.0371442   558.5364443   -1069.150519
30.7778234   559.3125483   -1069.4172525
30.2188657   557.5562562   -1069.2637603
26.9490251   552.6693394   -1064.8354174
52.9699242   559.7541483   -1069.7397688
53.4724786   555.3413788   -1067.1823863
27.9509163   553.7031118   -1066.7325078
22.3630392   556.6647541   -1001.0256066
27.4575209   555.4127333   -1031.0614933
54.6570795   551.6907871   -1064.604708
62.1125826   559.8766536   -1007.3716591
53.0028882   557.0928778   -1068.8507294
27.697465   560.388685   -1035.182378
53.3780319   553.9016602   -1067.7250215
52.7149055   558.6671853   -1070.1477227
27.1352011   552.5113176   -1065.8216878
52.4745773   559.5454695   -1071.0510455
29.4223937   555.8702001   -1068.6304899
28.6913865   554.1918114   -1068.3090235
52.6956003   557.6525648   -1069.8918512
53.0392004   555.4858486   -1068.5424486
26.6529989   551.3266072   -1066.1934126
54.0366368   551.0551477   -1066.2341025
53.516866   552.0702096   -1067.576584
30.0943559   556.1399078   -1070.0388959
29.5666158   554.5272967   -1070.0771098
27.4570587   552.0506482   -1067.5035085
28.1325676   553.112257   -1067.9867268
52.0821392   559.8086822   -1072.1757366
52.3825812   556.1307969   -1070.3850629
31.6547601   558.1381227   -1071.7609828
30.8561866   557.0315251   -1070.969204
22.4351306   557.9629812   -1003.2976006
27.625466   553.4612   -1031.2914462
52.3095658   557.901378   -1070.9240043
51.7869369   558.5121946   -1072.1358535
52.6277284   553.955756   -1069.7208449
27.6332005   551.7659597   -1030.130158
53.0361571   552.7089005   -1068.7845326
51.743842   560.4152466   -1072.7332688
50.992675   559.3399309   -1073.4680529
51.7106387   556.938813   -1071.9736647
28.435914   552.5104337   -1069.3840995
29.4221667   553.0197146   -1070.9751685
52.9245914   551.2113679   -1069.167415
49.6956821   560.1765337   -1074.7602552
27.4736511   551.0874523   -1068.798914
30.500447   554.1437466   -1072.094228
51.6866426   555.5667072   -1071.9095598
51.9883423   554.5160682   -1071.251125
31.1064326   555.3636622   -1072.3370325
52.5981672   552.4066992   -1069.9020202
27.6485583   558.9087981   -1034.4355736
50.9833792   557.5470088   -1073.362039
49.8428208   559.1215467   -1074.7763536
29.8492461   552.5997992   -1072.0901487
51.0780148   555.9962191   -1073.1573161
22.5232182   558.773262   -1004.1715682
49.7602627   558.0197946   -1074.992312
28.8589721   551.1928353   -1071.4090159
29.3706351   558.7791918   -1065.4260312
52.3774522   551.4969453   -1070.5114051
48.2993621   560.4411086   -1076.0017192
48.7936063   559.1165322   -1075.7995471
31.6920113   554.9766497   -1073.4146164
51.9391801   552.6669295   -1071.4834316
30.5568348   552.8998766   -1073.0555184
32.8862604   555.6240697   -1074.6133807
33.9306735   557.0484714   -1075.1530613
51.3261813   554.2939169   -1072.756858
50.2206237   556.5549381   -1074.6036073
36.4059129   559.5556492   -1076.7171013
46.7399063   560.5529816   -1077.1550372
51.9918698   551.0044999   -1071.5078089
47.4565538   559.0551099   -1076.9073744
35.8749576   558.3542759   -1076.5887008
31.3970115   553.6106663   -1073.8315534
32.3110335   554.1923731   -1074.7013452
30.0632363   551.5034282   -1073.2167512
50.5528663   555.0667372   -1074.2500234
48.2007765   557.8483402   -1076.5764419
49.0723298   556.7540753   -1076.0215858
27.6220756   556.5080464   -1033.2659429
44.089291   560.4817836   -1078.4523072
34.2168393   555.229371   -1076.1408538
29.9352925   559.841678   -1066.537868
51.2158685   552.6982511   -1073.2271224
27.7904967   559.9725605   -1036.9542228
50.7825603   553.6333105   -1074.0756419
45.4581065   560.1006515   -1077.9571527
35.4853815   556.572557   -1076.7492167
49.7786801   555.6795615   -1075.4242963
27.6935171   557.3021019   -1034.7079809
31.0497801   552.2530702   -1074.2114603
46.0394376   558.6588957   -1077.8616405
49.9539922   554.1566956   -1075.42616
41.4616508   560.4299643   -1078.7704813
51.3592783   551.0212385   -1073.0276368
44.7755457   559.0934248   -1078.4138947
33.2096721   553.6856894   -1075.8884032
47.0366316   557.7427852   -1077.4635584
32.0717392   552.770119   -1075.1823572
36.7080731   557.4701125   -1077.4628852
37.788812   557.6436629   -1078.1055791
48.8760317   555.3921539   -1076.5091711
42.5511949   559.6267053   -1078.8984417
50.4882621   552.000428   -1074.8429115
41.0388758   559.0046614   -1078.9594501
30.7163539   551.2828893   -1074.3559782
43.5596275   558.7136939   -1078.8817521
47.6802423   556.447965   -1077.300096
39.7731913   558.471327   -1078.8097702
49.6371731   552.8478524   -1076.0790217
44.6862441   557.482749   -1078.6885271
35.8957615   554.5789913   -1077.5733289
36.9784184   556.2779602   -1077.8812294
36.0956817   555.7219513   -1077.4488838
46.2125218   556.9626412   -1078.0949285
31.4985203   551.0567466   -1075.4177771
38.7376165   557.0226974   -1078.6765473
42.0705602   558.0385874   -1079.1669729
40.3727497   557.3524284   -1079.1207607
34.3529307   553.7110604   -1076.791383
33.8793617   552.4966083   -1076.8593935
46.6715029   555.7179707   -1078.1046561
48.8805768   553.8376576   -1076.7627892
43.1202547   557.0098237   -1079.2124906
47.6732939   554.6540733   -1077.646953
32.8634483   551.767134   -1076.3694887
37.7967686   555.1794833   -1078.5776225
45.4172645   555.9399839   -1078.6729454
41.4253993   556.1403497   -1079.4081765
22.1524303   555.4631299   -1001.7164291
27.7306966   558.7281149   -1035.852325
44.1552466   556.0622951   -1079.1131474
48.9863334   552.6342441   -1076.8355425
47.9991236   552.5534511   -1077.6798047
49.3263894   551.1774984   -1076.5591845
46.2188856   554.6839782   -1078.518401
44.7807936   554.8233458   -1079.0930618
46.9421347   553.5949582   -1078.2883034
43.1303099   555.2610442   -1079.4293152
35.0140066   552.638431   -1077.5316134
27.7623886   555.3104858   -1034.334336
37.3478569   553.6762205   -1078.6597271
41.9410411   554.9666845   -1079.5848718
45.5688235   553.3289108   -1079.0050053
36.4761327   552.5973505   -1078.3909805
27.7864999   558.458069   -1037.4126445
46.5826303   552.3998098   -1078.6467035
44.119439   553.606397   -1079.4247979
42.6219103   553.8892958   -1079.6318443
35.1384262   559.9377026   -1075.3698548
35.6896195   551.5608771   -1078.1972366
47.329339   551.3845243   -1078.325095
40.7179204   554.2158579   -1079.6070534
39.6426208   553.3175562   -1079.6469596
22.2593476   556.5651178   -1002.8364162
27.764045   557.2843309   -1036.4185638
44.378749   551.8546131   -1079.5587495
45.5625454   551.8620015   -1079.2063831
46.3939379   551.0234322   -1078.922543
43.0085123   552.504237   -1079.7337117
27.8602708   552.3235411   -1032.61208
41.7252759   552.9185792   -1079.8016511
42.7878033   550.9835602   -1079.957024
41.463071   551.5746077   -1079.9859163
40.3033224   552.5051672   -1079.8469202
39.4866085   550.9373884   -1079.936422
31.7594571   556.5133197   -1072.6686548
22.7335353   560.4497576   -1005.8854544
