1181.654838   -2875.7340908   -1047.3144054
1180.2466782   -2875.3368855   -1049.2390394
1178.3038052   -2876.0635853   -1046.5877056
1178.5699996   -2875.2975464   -1050.1958132
1175.0784787   -2875.8950233   -1042.9444313
1173.6595901   -2876.7051697   -1045.4910994
1173.9077839   -2876.5542507   -1048.0450392
1171.3769706   -2876.1498928   -1042.173028
1171.0083159   -2876.7168522   -1048.6094952
1169.3652543   -2875.5846024   -1049.7568846
1170.3592213   -2877.0256042   -1046.7419624
1169.5696982   -2877.191782   -1044.8621511
1167.3249277   -2876.9631386   -1047.6950407
1166.3236292   -2877.1607876   -1042.0833826
1166.6275533   -2877.6407242   -1045.65382
1163.5254892   -2876.6925335   -1048.2568741
1161.8526252   -2876.4877319   -1040.0718451
1162.8980907   -2878.3791065   -1044.442296
1159.3706282   -2878.6673546   -1043.4234142
1160.2263721   -2875.5147457   -1039.1706228
1157.7462824   -2877.1350384   -1047.6094484
1159.422067   -2878.54743   -1045.0494289
1158.8099273   -2877.2032261   -1040.5092239
1157.3332819   -2876.0070801   -1039.2007828
1156.6322716   -2879.0986538   -1043.8423157
1156.587747   -2879.0185452   -1042.1949625
1155.5088433   -2878.7343502   -1045.1642275
1154.4713648   -2877.5856495   -1040.0714874
1153.878239   -2877.8831959   -1046.5512276
1152.174321   -2876.6751289   -1047.7179289
1154.8826965   -2879.5681   -1043.1678295
1153.6541852   -2879.4887066   -1042.6845551
1153.756884   -2879.3962002   -1043.9018011
1153.4846696   -2879.7340393   -1043.22505
1151.0289582   -2876.229763   -1039.0270948
1151.8214019   -2879.1885376   -1041.6841507
1148.6603292   -2879.468441   -1043.8659191
1151.4008912   -2879.5590401   -1043.1777239
1149.4137319   -2876.9829273   -1047.5497246
1148.2640775   -2879.5714378   -1042.4101353
1150.0154408   -2878.1113625   -1040.2226448
1148.1231125   -2877.2935867   -1039.4955873
1147.0067175   -2879.4910908   -1041.6171551
1146.4100154   -2878.7858486   -1045.4924107
1145.0714143   -2879.6823025   -1043.0210829
1145.4987796   -2879.2448044   -1044.3210602
1146.5826305   -2878.3736229   -1040.2522087
1145.0221213   -2877.0143986   -1039.4796133
1144.2677649   -2875.6227493   -1038.7704372
1144.9901136   -2877.8467178   -1046.4473963
1144.704667   -2879.3158531   -1041.0686731
1141.7802843   -2878.641367   -1045.3554392
1142.174569   -2879.6596527   -1042.3943996
1143.0865797   -2878.2482147   -1040.3838158
1140.4304775   -2877.1884441   -1047.008872
1140.370694   -2876.3244152   -1039.4384861
1138.9348777   -2878.5007   -1040.9561396
1139.9405869   -2879.5626163   -1041.8614149
1141.0675915   -2879.4016838   -1043.6652899
1137.1168765   -2878.1688213   -1045.8791256
1139.2317089   -2879.6107769   -1042.2177315
1136.9079026   -2879.0524006   -1044.6164608
1135.7072862   -2877.3281574   -1040.2446985
1136.3333138   -2879.6653748   -1042.2650576
1134.0017589   -2876.8920898   -1046.8156338
1133.8273557   -2879.483223   -1042.7781343
1132.578996   -2878.0155182   -1045.5832481
1133.3049806   -2878.4635067   -1041.3131714
1132.0945891   -2879.3206215   -1042.2393084
1130.6675347   -2876.947403   -1046.9077826
1132.2891983   -2879.1611195   -1043.9786911
1130.1698359   -2875.7040501   -1040.2405262
1131.004599   -2879.0552616   -1043.0505276
1129.9926909   -2878.1445026   -1041.7909622
1129.4231089   -2876.8546581   -1046.9642878
1128.112522   -2877.9606819   -1045.1061726
1128.620592   -2876.9860268   -1046.7846394
1129.5399936   -2878.8352013   -1042.6241159
1128.1693848   -2876.529932   -1041.1137342
1127.5171908   -2878.0658245   -1042.5632
1127.2746595   -2878.4587383   -1043.6306
1126.0971101   -2877.6853085   -1042.5583124
1124.1970333   -2877.5210381   -1044.9560881
1122.0871481   -2875.8759499   -1042.0373678
1122.292188   -2877.2203922   -1045.1062918
1122.1605214   -2876.3363361   -1042.5230265
1118.9688715   -2876.3942719   -1045.9221601
1119.1148432   -2876.0793209   -1043.2664156
1118.111101   -2876.3124943   -1044.7902679
1117.1855601   -2876.005888   -1045.5652475
1115.6333955   -2875.6883144   -1044.5941687
1115.7226237   -2875.446558   -1046.3397503
1114.3827113   -2875.2808571   -1045.9333658
