-530.0012556   -1883.0453157   -964.0234113
-530.9445588   -1884.1165304   -930.1415086
-531.5977065   -1879.1552782   -968.088448
-530.7477442   -1876.7997026   -935.7205629
-532.2957961   -1879.6117306   -932.3800802
-534.2042176   -1881.5678358   -962.7445936
-535.2904526   -1875.4808903   -933.3543181
-534.7434012   -1880.6451559   -930.6858778
-535.9213082   -1876.1540651   -967.6731825
-535.6744257   -1878.7434101   -964.7286534
-536.7489783   -1882.5440407   -958.2629204
-538.0335776   -1879.4057369   -960.7588053
-537.5554291   -1881.7768097   -929.9412966
-537.5381438   -1885.226965   -928.663969
-539.4141404   -1878.2972097   -931.4624667
-538.615915   -1876.8987656   -963.4723663
-539.0053717   -1884.5919371   -951.8684149
-538.6870829   -1882.8687668   -954.8527002
-540.1849476   -1880.1636696   -956.4638734
-540.2781693   -1882.3901415   -930.9707284
-542.0245854   -1876.0732412   -958.7962627
-541.1120383   -1881.4767599   -952.4566531
-541.2757126   -1883.1601143   -949.2605925
-542.5345627   -1881.9646835   -933.1105947
-542.4371687   -1883.1549883   -945.0750947
-543.5956446   -1877.8620958   -953.2146454
-542.4353806   -1877.8605461   -932.9973459
-542.887303   -1883.5794926   -937.0079041
-543.1256024   -1879.3057203   -933.5520864
-543.5393778   -1879.9258471   -948.9614964
-544.2944495   -1880.3583384   -940.2401447
-543.6683623   -1880.0754547   -935.8856082
-543.1922404   -1877.6211739   -933.3600998
-545.5939499   -1877.951026   -944.8034167
-543.8768593   -1876.5869141   -933.9982271
-544.3509547   -1876.9659996   -935.2937341
-546.0614888   -1875.6394386   -949.2831826
-545.5795256   -1876.1866093   -937.8160238
-546.683046   -1875.6169081   -941.3664341
-515.6815974   -1875.8866787   -968.4903026
-515.7384602   -1878.3919811   -965.2736783
-516.0782067   -1875.7529259   -962.7688527
-515.7832829   -1880.1345825   -963.4589553
-516.3993565   -1879.5183897   -959.2764378
-517.1514479   -1882.9610348   -962.7705812
-516.2095753   -1884.8507404   -959.9531293
-516.4576498   -1883.4172487   -955.503881
-517.4153773   -1878.9746761   -955.2969933
-517.5522295   -1882.4715614   -951.8039823
-519.4896189   -1878.950119   -969.3312049
-518.7225071   -1880.7929754   -966.7321444
-518.7040297   -1876.3544559   -971.5018272
-520.7748143   -1875.8070469   -973.9996195
-518.5318915   -1883.4717274   -964.0696645
-520.5374686   -1876.5881062   -951.2810111
-520.6790892   -1880.1199198   -947.8205442
-520.7254616   -1883.3446503   -944.3820119
-521.2250677   -1883.5706711   -965.3223753
-523.6520497   -1881.6533089   -967.8023458
-525.6291357   -1884.6615553   -964.0898705
-524.3110386   -1885.0358725   -936.5086555
-524.0376917   -1881.6944361   -940.449059
-524.1319863   -1878.1619072   -943.7896609
-524.0831105   -1878.7314892   -971.224308
-524.5711533   -1875.6651878   -975.1736522
-527.0786015   -1880.8979988   -968.0755138
-527.6801316   -1876.7551184   -939.6916628
-527.1346299   -1880.2578449   -937.0923638
-527.8879134   -1877.350688   -972.1568227
-529.1218487   -1881.4212084   -933.5964918
