531.4630466   -1875.3823042   -202.9880732
530.5560204   -1877.9996634   -198.4617263
530.3142788   -1877.0489693   -193.4109628
529.7881524   -1875.6734133   -189.0002638
530.4026353   -1878.6420822   -203.5977095
530.228124   -1876.2522936   -212.1391594
529.7276946   -1879.822731   -208.8092268
529.0947603   -1878.1614304   -217.0139551
529.2960527   -1880.0524473   -194.5532113
529.3045724   -1882.0554018   -201.1731863
529.0053348   -1883.062005   -205.5526376
528.9466205   -1878.7081242   -190.6689256
529.434898   -1878.6839247   -213.8334513
528.4273597   -1875.3385544   -185.3936315
527.3247408   -1878.6885738   -186.4955723
528.8893292   -1881.6227913   -212.5400007
528.9285006   -1882.7906847   -208.8171989
528.6411094   -1876.9929409   -221.3292271
529.1266414   -1878.4636259   -263.0945444
528.2983231   -1884.9555254   -200.8182555
527.5132778   -1884.4366074   -194.3089217
527.0673903   -1882.3591471   -189.9284571
528.1334492   -1875.7834435   -225.7674336
528.7226038   -1876.0691881   -259.010613
528.6077233   -1881.3694715   -260.3833377
527.921361   -1883.156538   -218.010664
527.8387564   -1880.4501295   -222.5058824
527.9248702   -1881.9993734   -256.7527592
527.694163   -1878.3025742   -253.564626
526.3479026   -1876.1110306   -182.6143116
527.362329   -1876.2294054   -230.5158675
527.5759446   -1879.3457747   -225.7027477
527.5200727   -1885.1826191   -255.9507489
527.0028832   -1884.483695   -252.6779175
527.3384946   -1883.8629723   -221.662581
527.0613479   -1877.8834343   -249.4540662
526.7978954   -1881.2657595   -249.6723682
526.9211801   -1882.2238445   -227.2178531
526.8773931   -1880.3039789   -229.8634499
526.6639041   -1885.0575686   -225.3666967
526.5671732   -1879.3939352   -233.9329123
524.8639482   -1882.5981617   -185.601458
524.6811407   -1879.7904253   -183.0863953
526.7088758   -1876.9931793   -245.2734262
526.3743969   -1880.333066   -245.1055497
526.4260741   -1878.0181408   -239.052251
526.1528241   -1885.0380182   -247.1471429
526.2779342   -1884.5635653   -229.847312
526.1374759   -1881.7005157   -236.4139855
525.9535062   -1882.6838732   -240.8912927
525.9746882   -1883.8669062   -244.0219522
523.939115   -1877.702713   -180.7515472
525.7282826   -1885.0312233   -238.109231
522.9174244   -1883.8961124   -183.735922
522.0643925   -1880.6608915   -180.5879772
521.8594717   -1877.219677   -178.3136874
520.1572674   -1884.8570585   -181.2378764
518.7565731   -1877.2665262   -175.8572012
519.2455771   -1881.3037872   -178.3564985
515.6663331   -1882.1077347   -176.0356128
515.747604   -1877.6094913   -173.945874
511.6534578   -1879.5353174   -171.8112379
507.6577636   -1879.8462152   -168.1789309
507.4957284   -1883.4744692   -169.9630469
507.190709   -1875.3999472   -165.1319116
505.1365691   -1879.2549372   -164.6930724
504.6326714   -1883.7543726   -166.6978002
505.0283196   -1875.9319782   -162.5825316
503.299092   -1878.6799908   -161.6390944
503.3270764   -1882.0673227   -163.676098
501.6511353   -1878.2317638   -158.0865979
501.5668767   -1882.9052448   -160.846144
500.0645416   -1881.9738626   -156.5189958
500.2965602   -1877.8870106   -154.6198577
499.1478818   -1880.3727627   -152.4657309
498.0075481   -1878.9204359   -147.0259279
497.970541   -1884.2792511   -148.7726122
497.4564733   -1883.0193281   -145.6940621
496.750203   -1882.8001022   -141.5221095
495.9639358   -1878.4571886   -136.5201324
495.6947389   -1883.2132816   -136.0524446
495.1640787   -1875.7112026   -131.7524612
494.9423122   -1881.0178041   -132.0340484
494.2228394   -1878.3503771   -127.4648607
493.8881668   -1884.2515945   -127.6454628
493.5285049   -1876.0681152   -122.9391843
493.2863759   -1880.5621862   -123.7625927
492.4219894   -1885.2385283   -121.8566447
492.5465705   -1878.8486719   -119.0409362
491.1261769   -1883.107543   -116.1283106
433.4488335   -1875.4851818   -263.7089789
433.0444457   -1877.9395819   -261.6760135
432.6740029   -1877.8635263   -257.2625577
432.4088069   -1882.3338747   -263.086766
432.4369552   -1880.8656931   -259.4508529
432.1544143   -1877.9511452   -252.7841628
431.9151314   -1881.870985   -255.7801604
431.7575666   -1884.2328787   -259.4543993
431.3589754   -1883.1402063   -252.731204
431.4415129   -1879.1681528   -248.7665862
431.2403622   -1875.9323359   -246.1684495
430.6418421   -1883.4190369   -247.4304736
430.7046356   -1879.6360493   -244.8532283
430.2582117   -1876.6041994   -242.1834767
430.2363964   -1882.4371099   -243.8858002
429.6435537   -1880.1105022   -240.5127883
429.4245216   -1875.9280443   -239.2177135
429.40591   -1884.6899271   -240.725711
428.3898892   -1877.6885271   -236.2275273
428.4159961   -1882.4688196   -236.3711596
427.0399185   -1880.4330826   -232.6761782
426.8550249   -1884.8972321   -231.8041027
426.0222735   -1876.1826754   -230.786562
425.4683676   -1881.1182976   -228.8646996
425.1424047   -1885.0303888   -227.1800637
424.1155805   -1878.7543774   -225.8388102
424.263415   -1882.4285269   -225.2609432
423.7266453   -1884.6337795   -222.9954004
422.8054556   -1881.0561895   -221.1342156
422.9476871   -1877.28405   -223.1187075
422.4800589   -1883.931756   -218.6851799
421.0642698   -1879.2704344   -214.9641812
421.3829907   -1883.1216097   -213.572979
420.4002442   -1875.5710125   -214.4761533
420.6016632   -1881.2847137   -210.2508396
420.2389541   -1882.519722   -206.0612589
420.1126965   -1877.6664734   -210.6020153
419.8984476   -1879.196167   -207.075581
419.5815148   -1883.2144737   -201.7249763
419.4362881   -1879.5303106   -202.8807104
419.090611   -1875.7352829   -204.1801661
418.7768372   -1884.3489885   -198.1246918
418.7273356   -1880.0193071   -198.4975934
418.8933643   -1877.0079613   -200.8399963
418.4056493   -1877.0011663   -197.5812465
417.8238782   -1881.6174269   -194.653973
417.9955544   -1878.847599   -195.2352524
417.0659157   -1877.910614   -192.0254827
416.5829244   -1884.2984438   -192.1600997
416.0381826   -1881.2673092   -190.0086254
415.9336212   -1876.9189119   -188.8264716
414.5236584   -1879.5605898   -186.2877011
414.3655869   -1882.6295137   -186.9961619
414.6240922   -1876.5039444   -185.7464164
412.7159389   -1877.5917292   -182.5691909
412.6456054   -1882.3449612   -183.9260906
410.403234   -1881.7317486   -180.4807931
410.6252017   -1877.0524263   -179.3351173
409.150404   -1878.0425787   -177.7139455
407.8699025   -1882.9315901   -177.5069982
408.1823351   -1878.053546   -119.91027
411.9452062   -1877.037406   -117.0663536
407.609609   -1878.158927   -175.7013202
405.740765   -1881.4864159   -174.216494
405.5159064   -1876.9680262   -172.3711491
404.0570381   -1876.2822151   -127.810359
404.428673   -1880.9956312   -122.7375194
404.3192389   -1884.4498396   -172.9651988
403.604907   -1880.7268143   -170.5565602
403.935683   -1876.734972   -169.4598794
401.7797085   -1876.1178255   -136.2010837
402.5430056   -1880.3942204   -127.0841062
400.8902582   -1884.8977089   -126.4317334
407.1061584   -1881.652236   -118.6700463
402.2875699   -1878.4992695   -130.2012652
402.6055159   -1878.123045   -167.0430303
401.7939391   -1882.1983337   -167.1241522
402.29207   -1875.967741   -164.2710418
401.7238142   -1875.652194   -160.4908854
401.193765   -1879.7792196   -163.4908915
401.2789997   -1881.286025   -129.7274977
400.2130898   -1881.4065456   -134.0308785
400.1609655   -1878.9877892   -143.8170671
399.746758   -1880.4739714   -141.3191706
400.6308886   -1877.6656389   -152.9669166
400.402573   -1878.0792952   -147.1246332
400.9309085   -1877.4085045   -157.3848575
400.6472351   -1883.4385872   -164.518103
399.5337459   -1881.71947   -138.0823255
400.6050202   -1879.5700073   -159.8711908
399.7300389   -1880.161047   -149.634406
399.8033526   -1884.2538595   -130.8804601
399.6513458   -1884.010911   -160.8401835
399.8295935   -1881.2949657   -157.09351
399.2907824   -1882.0664883   -153.6195725
398.6854377   -1883.077383   -145.7249224
398.5553356   -1883.6659193   -141.9438124
398.3795466   -1884.1428757   -149.4799703
491.4558651   -1877.286911   -113.387756
489.9568828   -1877.0099878   -108.6042672
489.7365319   -1881.7706108   -111.4410236
488.5217818   -1876.8523932   -105.4471582
487.8115626   -1880.974412   -107.1302071
486.5145507   -1878.4166574   -103.8334891
485.3061112   -1875.9489059   -101.21236
485.0078719   -1882.4089766   -104.6419665
483.7447303   -1879.9589872   -102.2716388
482.4141311   -1877.3169518   -100.2418324
481.5976294   -1884.1333389   -103.0046716
480.9976342   -1881.1508417   -101.3821438
479.3693694   -1878.5803318   -99.5583609
477.6539402   -1875.3154278   -97.9852751
477.9180931   -1882.7197552   -100.9177715
475.7299992   -1879.6201944   -99.405475
474.0935387   -1884.1631413   -100.7665098
473.9543545   -1876.3638735   -98.2483476
471.4007276   -1880.371809   -99.486433
469.7564291   -1885.0696087   -100.8369476
469.841634   -1875.8181334   -98.4573066
467.8312214   -1878.0912161   -99.2406234
466.8514999   -1882.065177   -100.1933888
464.2029079   -1879.3071508   -100.0385433
462.2301432   -1882.8042746   -100.8543
459.3695524   -1878.5136938   -100.939855
457.396281   -1883.1809759   -101.5612185
453.37334   -1876.3282299   -102.362819
454.6789648   -1880.453825   -101.9295081
452.3106637   -1883.9483261   -102.2800803
450.8591416   -1880.2704811   -102.6963815
447.1791806   -1878.0659437   -103.7594527
446.7185261   -1882.5378418   -103.3281982
444.3723085   -1880.3282976   -104.0936857
442.0208307   -1878.6149025   -104.9596742
441.6088583   -1882.0801973   -104.3994725
439.0220018   -1875.7457733   -106.4788029
437.9717233   -1884.7719431   -104.5951471
435.9896304   -1880.5626631   -106.0245335
433.7174418   -1876.2483597   -107.9577133
433.170897   -1884.8971128   -105.4641381
430.7894083   -1879.4196844   -107.7459157
429.9394312   -1882.6727867   -106.8331227
428.352532   -1876.7888546   -109.4566509
426.2419613   -1880.7364702   -108.5654423
425.196183   -1884.3396902   -107.4509174
422.1543493   -1878.2664537   -110.9135374
421.4730533   -1882.7728033   -109.1409028
417.454985   -1881.8075657   -111.1936718
417.3499765   -1878.477931   -112.9083335
418.4533926   -1884.7302198   -109.3873903
415.5376824   -1876.5360117   -114.9104461
414.545578   -1879.6848059   -113.7796789
413.8875874   -1882.8969002   -112.4661118
411.4492508   -1881.6690445   -114.7179976
409.389806   -1880.3703785   -117.1835065
408.552778   -1883.6405277   -115.8664897
529.4713909   -1877.7827024   -269.2981064
529.3932641   -1877.0829439   -273.1308043
529.40444   -1875.554204   -265.7780945
529.3952236   -1881.6796541   -270.7844079
529.3598334   -1879.7172308   -266.9328153
529.2502763   -1880.1496029   -275.6046355
529.2476016   -1883.3496571   -267.6889598
528.7467139   -1885.1653337   -280.3142369
528.8066315   -1880.7011843   -280.156821
528.8935164   -1884.7517967   -264.4518316
528.5060602   -1877.6023388   -282.0518613
528.0087637   -1882.4706078   -284.9670053
528.2249051   -1878.9906502   -283.6540043
527.475548   -1878.3679008   -286.9227529
527.1612229   -1884.9614859   -288.5256708
527.0900103   -1881.5889359   -288.4851396
526.6004177   -1875.5522966   -289.3351912
526.3844179   -1878.9970875   -290.4036343
526.1431979   -1883.1549883   -291.5282547
525.307809   -1876.0825396   -292.7540839
524.9063345   -1880.9547424   -294.3368852
524.12003   -1876.8206835   -295.4937816
522.5391584   -1884.6372366   -299.6826768
522.4698754   -1878.8580894   -299.1248965
521.059257   -1877.1345615   -301.6569018
520.5853777   -1882.0672035   -303.2878637
518.4781747   -1877.6129484   -306.9059253
518.5099068   -1882.6240301   -307.5968027
516.5156173   -1881.2124729   -311.3212585
515.752812   -1875.8575916   -311.6425574
516.0646933   -1885.2580786   -312.6760423
514.7257196   -1883.431673   -314.7043288
514.6740796   -1879.8491955   -314.0898645
513.4199383   -1877.3803711   -315.4925704
512.7710821   -1881.3863993   -317.1885014
511.2069296   -1878.0831099   -318.4248209
511.4358711   -1884.1753006   -319.4484711
510.0582736   -1881.518364   -320.4606175
509.1761472   -1884.6930265   -322.0506608
509.086092   -1877.9414892   -320.6222951
507.4325772   -1880.687356   -322.8018284
506.7262398   -1876.1466742   -322.3530352
505.7814615   -1883.8913441   -325.0177801
504.759078   -1880.4867268   -324.9873221
503.4859674   -1877.2506714   -325.1402378
502.489497   -1881.736517   -327.0462155
500.8091526   -1884.5636845   -329.0302455
499.3620115   -1876.0112524   -327.6007473
498.5567453   -1879.037261   -328.8876414
496.6264042   -1881.7818165   -330.929935
495.2401417   -1876.7855167   -330.1505148
493.8985901   -1884.3882084   -333.425343
492.3030334   -1877.6904345   -332.0469856
491.8426918   -1880.9959888   -333.424896
489.8818927   -1884.3176365   -335.6107175
489.4453036   -1879.5677423   -334.1830969
486.5105199   -1881.3247681   -336.1604512
485.6989952   -1885.0777149   -337.7785683
487.1262508   -1878.1996965   -334.7735703
483.8475036   -1878.8731098   -336.3812566
482.7955636   -1882.3224306   -337.9746079
481.6270071   -1876.8597841   -336.4169002
480.2776324   -1879.6254396   -337.8374577
478.5093414   -1883.2181692   -339.5490944
478.0004742   -1876.5211105   -337.2866511
476.7439636   -1879.9917698   -338.8137817
473.1362882   -1882.8719854   -340.4092789
473.8267186   -1877.8474331   -338.5546803
468.7389927   -1879.0251017   -339.5141065
467.8154411   -1884.0725422   -341.3727283
463.8047787   -1882.0118904   -340.8401906
464.536977   -1877.8312206   -339.2395675
461.5375968   -1878.9377213   -339.6518826
459.4854983   -1881.857872   -340.737313
458.1800076   -1878.2998323   -339.1247094
457.2685184   -1884.3823671   -341.6025341
455.8581235   -1881.7424774   -340.4064775
454.010305   -1878.5381317   -338.670373
454.3812992   -1884.9956989   -341.6045904
451.7265084   -1875.520587   -336.6431594
451.9261839   -1882.5806379   -340.1995003
450.062153   -1879.2631626   -338.1721377
449.4606825   -1885.2096796   -340.9209251
448.2400539   -1882.6413155   -339.382261
448.0687948   -1876.7501116   -336.1389041
446.5866508   -1880.0057173   -337.4257684
444.903669   -1883.2107782   -338.5449946
444.7385343   -1877.7660131   -335.2802992
443.6292323   -1880.8410168   -336.5822732
441.1751302   -1883.8459253   -337.1136189
440.8908161   -1879.5936108   -334.2247009
438.6680397   -1876.8889904   -330.5510581
437.8498318   -1883.0879927   -334.5713615
437.43853   -1880.4659843   -332.2599828
435.7702407   -1876.9315481   -327.4052441
435.3081109   -1879.9388409   -329.6186328
434.8825189   -1883.0744028   -331.9025338
433.8680329   -1876.879096   -324.3747652
433.1848147   -1879.7668219   -326.4744282
432.4377301   -1882.9120398   -328.6718726
432.1343722   -1877.2637844   -321.3130236
431.8293604   -1879.4026375   -323.6625195
433.2440915   -1877.270937   -274.7399807
433.3509775   -1877.4775267   -270.3720033
431.2374862   -1875.6761551   -315.3237998
430.8385225   -1875.3160238   -311.6218746
433.0740245   -1875.5879402   -281.2927365
432.7844205   -1880.9982538   -272.0885277
432.9706999   -1880.2232742   -268.4848309
433.3459558   -1877.5576353   -267.3968673
432.729465   -1877.0589828   -284.2468619
432.868463   -1878.3050776   -278.8579762
432.4043068   -1882.0562363   -276.5657008
430.3860637   -1876.0498762   -306.7584932
429.9102994   -1878.5870075   -301.9236624
430.3344461   -1882.6334476   -324.7957826
432.5239184   -1875.5117655   -290.6673551
432.3109361   -1877.5004148   -288.2178426
432.0585253   -1881.7708492   -282.5224698
432.3217841   -1883.5394382   -269.1800892
432.8534725   -1880.7309866   -265.8872306
431.9800409   -1883.1940889   -280.1032662
431.8829449   -1885.1493597   -273.0837166
430.3832772   -1878.3541918   -317.9911971
431.9855245   -1880.2657127   -286.0711813
432.0414039   -1884.6459389   -266.1339045
431.0118677   -1881.8736076   -290.9165919
431.2148812   -1877.6533604   -296.820581
431.603414   -1882.9113245   -284.538269
430.0120594   -1880.7458878   -321.2147951
430.8581623   -1884.7436905   -286.7293358
429.1355582   -1879.2899847   -313.8783574
429.2864921   -1882.0958138   -298.8776863
428.880957   -1879.5295954   -308.9641631
429.2028072   -1879.104495   -305.6287169
427.6716235   -1883.2461834   -317.5958991
428.3565553   -1883.9412928   -321.7140138
427.7964952   -1882.8474283   -304.5730591
426.4160814   -1884.7826719   -311.3304377
