-127.5318095   490.1102927   -300.5623316
-128.2975209   491.425185   -298.7350626
-124.7156455   494.8472913   -299.2187721
-125.5147972   493.3544145   -299.7825858
-125.9299291   496.0294655   -296.9889723
-129.2998476   492.6459156   -296.8173711
-127.8839938   493.9463945   -296.9987817
-130.7391579   493.5936851   -294.8193366
-127.8471803   496.448596   -294.8896296
-128.034068   495.1482149   -295.8759274
-131.9522794   494.8183907   -292.8792145
-127.8026263   498.1413108   -293.5514747
-127.8842485   497.2816458   -294.1831549
-128.1426977   499.9004965   -291.9213992
-132.3144376   496.715581   -291.1826533
-129.5053445   498.3265767   -292.095068
-130.3889762   498.7162534   -291.1355031
-130.1543341   497.3140125   -292.3797697
-130.7958388   494.3712849   -294.1604686
-128.4349535   494.323804   -296.2102857
-128.6821929   492.5660112   -297.4489616
-127.6123981   490.6993015   -299.9982692
-147.161179   491.8479126   -291.1643034
-146.5988614   490.6302456   -292.9560524
-145.8358971   488.995826   -291.8085448
-146.1047034   489.4406801   -294.7867788
-145.2850866   487.7859558   -293.7104391
-145.6944355   488.3136733   -296.6470573
-145.3487386   487.2862388   -298.7626052
-144.8250436   486.5877783   -295.6764393
-144.4943975   485.3290201   -297.6969473
-144.2320825   483.9525016   -299.6849473
-140.8022226   481.5805327   -296.0705117
-138.6042926   481.5355482   -296.8522276
-139.5261271   479.9035555   -297.5556965
-139.2699889   478.2549004   -299.1580125
-140.9074988   478.0636119   -300.4695601
-141.00673   479.8045041   -298.3470454
-136.3090602   490.6588251   -292.6688346
-137.1075425   490.8282847   -291.9570454
-137.6786057   491.0290344   -291.39002
-134.4578712   494.5722747   -291.1833494
-134.1399486   492.3026906   -293.1107859
-132.5076078   493.417264   -293.5400789
-143.477893   485.0980944   -294.5558916
-141.6448114   484.9998944   -293.0138219
-142.2071597   483.1816016   -295.0553137
-135.1142372   482.879177   -298.7594146
-133.9307967   482.0203285   -300.2325064
-130.9750875   486.518701   -300.0319852
-134.0570196   493.3536296   -292.3813076
-135.2532749   492.4317503   -292.1633106
-130.9961865   488.5546076   -298.5527998
-132.9990224   489.0587759   -296.4646194
-130.9913852   488.80619   -298.3704092
-142.6712906   482.0054781   -298.2087823
-143.1563168   486.5030903   -291.9036213
-144.6747343   487.774596   -290.9757414
-144.3152219   486.5737946   -293.1733302
-143.4498013   483.7777016   -296.9063288
-140.9360382   487.674476   -291.4912149
-139.0178761   486.9057783   -293.2161481
-139.3933886   487.7715197   -292.4374578
-128.8829155   491.7382908   -297.9473168
-133.188834   490.8717944   -294.9549913
-132.5946103   490.1098719   -296.0110379
-137.4174802   477.1078738   -300.4597328
-137.2242929   479.4813118   -299.0763861
-136.6761093   481.6076594   -298.2869775
-139.6451749   483.1416899   -295.0576553
-141.1145025   483.1886468   -294.141784
-140.1848573   484.5390885   -293.7473102
-135.9970666   478.6681296   -300.3554133
-132.1081545   484.6252509   -300.2541276
-134.4601352   485.9606539   -297.4104034
-137.4435575   485.8401277   -295.0793311
-135.0385782   487.3861922   -295.9632503
-137.4288927   483.6869992   -296.4268656
-131.511419   487.4415986   -298.9046778
-132.8643541   485.3672627   -299.1358543
-133.112754   484.8129863   -299.2672121
-139.2359161   488.7744363   -291.9213311
-138.5917138   490.0472435   -291.4397954
-136.0139442   488.5897881   -294.3805513
-129.5243426   488.3693875   -300.0134011
-132.3644667   488.26207   -297.5799785
-135.9653546   488.1125317   -294.7377822
-132.8469852   492.1591031   -294.2503004
-134.6112986   481.1722241   -300.1631683
-135.88373   481.584574   -298.907632
-135.7867095   483.8726402   -297.6213816
-146.5828978   491.5236849   -296.2121617
-146.2669801   493.4492467   -298.4523773
-146.941011   493.6395146   -295.8638912
-122.6174173   506.2016652   -291.8652264
-119.3163429   508.3233713   -293.8682577
-119.8865677   505.7354211   -294.5944261
-119.8677619   506.5986956   -294.1950086
-119.9208046   511.7645012   -290.9515972
-124.1336161   503.2286727   -292.5949748
-127.661038   501.4253859   -291.2009065
-123.8166357   501.2281052   -294.2946735
-126.6521767   499.9492357   -293.0557041
-120.5196422   498.8795923   -299.9173446
-123.6314198   496.6651209   -298.7295654
-124.4005069   496.4111678   -298.1827816
-123.3454406   499.3970787   -296.365579
-126.3466262   497.415574   -295.3955086
-125.9720314   498.0115639   -295.2321306
-122.2203891   496.497896   -300.3794219
-117.0530943   505.8414842   -299.9570803
-118.208437   504.5533324   -297.4097946
-117.8295826   507.1806708   -296.7929557
-145.8415814   489.4391831   -299.4265529
-146.1911136   489.9877946   -297.3801708
-147.542489   493.7953443   -292.7184324
-122.3626895   504.6044223   -293.1991351
-118.0708605   509.6013874   -296.0815833
-118.2177437   509.3197671   -298.6533491
-117.3588285   507.9729833   -298.7547404
-147.0578784   492.2461168   -293.8824959
-120.6662318   503.6566403   -295.0544251
-125.590773   501.8918658   -292.4426274
-138.6344159   508.2463196   -295.8787893
-135.626103   509.9122867   -296.1181279
-137.9474717   510.3625176   -294.6195951
-135.5428933   512.508468   -294.0248703
-139.4077112   511.7795038   -292.8243716
-142.7459957   510.5898741   -291.7366989
-144.039576   507.6083284   -292.5898363
-140.7007525   509.2333861   -293.8731703
-141.9428713   508.8312159   -293.2795251
-141.7415954   513.1966549   -290.7640012
-120.3753694   502.3849144   -296.3590261
-118.9186388   501.9569504   -298.5721618
-120.3806622   501.5115357   -297.3751175
-124.1074985   500.3846592   -294.7986968
-119.6251791   510.5038431   -298.1653066
-122.1490244   509.4025752   -299.9877186
-119.5580961   509.1385991   -299.9051391
-126.2937236   513.240755   -296.0362294
-127.5958495   511.3074916   -297.6514088
-124.7706151   512.0745022   -297.3329287
-146.5339238   502.5288689   -292.9002278
-146.7740613   499.9090119   -293.8724708
-144.5037837   501.8297858   -295.9022554
-145.5729576   498.9584566   -296.5382391
-139.7062084   505.7695703   -297.1918592
-137.9814099   504.3609338   -299.5902377
-136.4338986   507.363033   -297.8636027
-138.3514257   506.0610763   -297.8047432
-127.3662074   502.4069771   -290.7162598
-119.570352   513.188959   -291.8305066
-119.9137072   513.5988032   -293.6917642
-118.8039052   511.8037217   -294.5893671
-121.4674154   509.2850097   -290.8483241
-144.8778642   497.3703078   -298.8460807
-145.4319264   495.1825381   -299.6529979
-143.4029791   500.1991659   -298.473065
-121.4112098   499.4153683   -298.4256723
-120.0856266   500.2502114   -299.0183487
-122.6880023   498.5795127   -297.8946695
-124.5196627   497.8250291   -296.6911669
-146.2992665   495.3508167   -297.6546138
-147.0754177   497.5489126   -294.5614761
-147.9050027   495.9284197   -292.4068503
-147.1338812   495.5255759   -295.1760293
-146.0970398   491.5036578   -299.1963693
-148.1484124   498.0977811   -291.6347452
-148.3337116   500.5661155   -290.8288885
-141.5313152   506.7103685   -295.1364148
-122.9957944   505.9066366   -291.7571197
-116.9986316   503.5940689   -300.3679628
-124.2697004   494.566836   -299.9556877
-124.1620005   513.5465724   -295.8741764
-122.6477127   512.8167653   -296.5140838
-122.8781517   514.3971662   -294.7023871
-123.4708274   507.0363044   -290.641385
-120.7623136   507.6337876   -292.8154672
-122.9046858   517.0967995   -291.1839218
-127.6875271   518.2466832   -290.8109853
-120.4961523   515.1982085   -291.3798705
-121.055779   513.4063072   -295.2492797
-125.772374   509.8297237   -299.3698168
-131.4299958   514.1431791   -294.0612156
-129.2209162   512.6659044   -296.0056569
-127.8506309   514.5975264   -294.4596543
-119.0802289   510.8235956   -293.0358483
-123.1019121   511.2503326   -298.1860792
-123.3818305   503.0347998   -293.3354857
-123.613699   500.4760486   -295.1537574
-141.6501555   503.1013292   -297.8557518
-138.8720796   504.9578325   -298.4550025
-142.8055766   498.7557539   -300.423802
-146.5583536   505.185659   -291.6137412
-125.1093108   514.7927432   -294.5039746
-133.8314782   506.5063629   -300.0231812
-129.8472558   508.8993933   -299.33281
-121.486884   516.5369672   -290.9453545
-121.5777133   515.2753548   -292.9006307
-130.3374819   510.7863545   -297.4456136
-133.0230813   509.2169258   -297.8758279
-132.8501718   507.9068584   -299.1214283
-134.5567227   507.5998503   -298.6120958
-132.1094427   507.0879807   -300.205609
-135.1698002   505.9600564   -299.7587076
-131.9521005   516.5412397   -291.8866785
-129.1166205   517.2218769   -291.7924299
-121.1346758   511.6759105   -297.4068372
-119.5885712   512.0702295   -296.0126337
-140.6054085   501.207462   -300.4642444
-144.0760604   504.594987   -294.4965159
-144.5782049   503.4733156   -294.6599366
-143.1013062   503.5678094   -296.2558169
-145.1433537   506.1945348   -292.3892128
-146.3019469   496.9449126   -296.723037
-118.5964106   508.3559242   -300.5228843
-117.6943758   508.075625   -300.1251325
-118.5736737   510.7763246   -296.7347988
-142.0310761   504.7530179   -296.2931362
-137.8396625   504.3852401   -299.6586998
-132.4568975   511.5823523   -295.9920746
-126.6903477   516.4354104   -292.7156128
-129.2686104   515.8585014   -293.0453913
-139.7968498   503.2693572   -299.1715111
-146.1053419   503.9593208   -292.6706716
-123.8596103   516.0382525   -292.8975447
-132.6655648   512.6699928   -294.9353593
-137.9653273   514.6329994   -291.4969591
-135.2628423   516.4311879   -291.1217206
-136.8230506   515.5498455   -291.2306209
-144.3763024   509.1251212   -291.4825632
-134.3560133   514.8962876   -292.5823539
-134.1448019   513.2103932   -293.926334
-140.0240745   514.3585206   -290.8031819
-138.1479149   515.5605166   -290.7949976
-125.1468766   517.721485   -291.1154559
-136.6634175   514.2629504   -292.2520686
-138.2113298   514.4147296   -291.5361683
-137.8318249   513.3317908   -292.4506667
-141.7690681   508.378607   -293.7126134
-133.9939724   511.41828   -295.5242911
-143.1078754   507.1380197   -293.6236197
-127.7817983   509.6952897   -299.0601421
-142.273492   501.056508   -298.9071745
-142.897365   502.1644915   -297.3284503
