1697.3456415   -2339.9753571   -966.4056301
1697.6647647   -2332.208395   -933.9143634
1697.6247104   -2317.6887035   -959.9364996
1698.0284723   -2317.6984787   -956.3265443
1697.7510723   -2324.0890503   -965.4768705
1697.0451149   -2328.6397457   -966.4410949
1697.2095045   -2319.8833466   -963.7067914
1695.3038248   -2334.4693184   -966.9258595
1696.6899904   -2321.160078   -949.4586587
1696.2349685   -2318.5458183   -952.9339671
1696.8577179   -2323.690176   -945.8203912
1697.2745927   -2329.4317722   -936.8517399
1696.0975202   -2336.4310265   -929.5682311
1695.8365711   -2325.8588314   -941.2496686
1697.0247301   -2341.7859077   -927.9184341
1695.3583034   -2315.854311   -957.7464461
1694.3146261   -2316.2276745   -954.9925923
1693.3846744   -2321.8462467   -965.8198953
1693.5645612   -2325.8357048   -966.60465
1693.5721906   -2327.7704716   -935.3774786
1691.88073   -2330.9307098   -930.0304651
1693.2833465   -2315.6526089   -961.6944194
1689.8805173   -2340.6624794   -967.0239091
1693.8599619   -2344.3570137   -966.3425088
1692.5770315   -2318.48979   -964.3836617
1691.29577   -2329.877615   -967.2111869
1692.18829   -2321.0606575   -945.4648495
1693.6093839   -2319.1285133   -949.9887228
1692.9502758   -2317.3048496   -952.2035718
1692.1457323   -2335.2892399   -927.1097183
1694.136885   -2340.7301903   -926.2790084
1689.678696   -2323.1215477   -938.7488365
1691.9315132   -2313.5502338   -957.2460651
1690.7525333   -2315.08708   -953.4190297
1689.7086176   -2315.5424595   -963.8465047
1689.9738582   -2312.8941059   -960.8610868
1689.1454729   -2337.3298645   -923.9160419
1692.3475536   -2342.3523903   -924.6265888
1690.0368007   -2317.1503544   -949.390173
1688.6930736   -2327.4395466   -930.3565025
1690.5734809   -2325.8118629   -935.0529313
1688.7556585   -2318.7699318   -966.2592411
1689.0841993   -2331.6471577   -926.8118739
1688.9919313   -2342.9405689   -921.9220877
1695.7371505   -2463.152647   -270.5147266
1696.0805925   -2462.3572826   -276.1828601
1694.8306831   -2460.2611065   -272.9723155
1698.3298334   -2325.7904053   -791.6954756
1698.0756792   -2321.2327957   -787.8564
1698.2114585   -2315.281868   -782.300055
1697.9528936   -2303.7445545   -769.8959112
1697.0666917   -2306.4477444   -775.0372291
1697.2668441   -2300.3203869   -766.3509846
1696.6071399   -2329.4181824   -797.1250415
1698.1952461   -2292.3657894   -737.5757098
1697.472361   -2293.1230068   -743.8047528
1697.6416381   -2289.3240452   -730.9219837
1697.2061666   -2290.0011539   -735.6362343
1697.1047195   -2296.3652611   -757.7934861
1696.1807283   -2316.9229031   -786.3891125
1697.3556551   -2287.958622   -728.0592322
1697.3327669   -2284.9869728   -718.5508013
1698.2758316   -2284.3778133   -710.6702924
1697.7904113   -2284.6875191   -714.8130536
1696.9595226   -2297.98913   -762.7598047
1696.5692314   -2332.5862885   -800.4046679
1696.1151632   -2335.7293606   -804.5004606
1697.0515522   -2294.1112518   -749.7991323
1695.9752115   -2308.4826469   -778.8133025
1694.6698698   -2311.4485741   -783.462882
1693.8913139   -2320.1112747   -791.8558121
1694.6323188   -2324.8515129   -795.2629924
1696.0780891   -2281.1844349   -713.5674953
1695.7055601   -2278.8999081   -708.103478
1697.7303299   -2282.253027   -706.7773938
1695.8529028   -2288.672924   -739.0791774
1694.6947845   -2301.2638092   -773.1603384
1695.9154876   -2300.4462719   -769.7501779
1694.328812   -2282.9270363   -729.6141982
1694.0654787   -2284.6531868   -736.4249825
1695.5486806   -2290.9967899   -747.7381229
1695.4229148   -2289.5708084   -743.9907193
1694.5586475   -2304.6553135   -777.1769762
1694.6890625   -2281.3954353   -722.6579785
1694.2892345   -2281.8346024   -726.4087796
1695.2237161   -2296.544075   -765.4974461
1694.1058906   -2289.6769047   -751.8270016
1695.1658996   -2295.0119972   -762.750566
1693.3197054   -2291.4116383   -761.3908052
1693.1088241   -2289.4170284   -756.6733956
1694.1113742   -2330.3985596   -801.6862869
1693.0132183   -2326.3385296   -799.0478873
1692.0534643   -2314.1419888   -789.0437841
1695.290831   -2339.1423225   -810.1390004
1692.468551   -2334.8734379   -810.2498055
1691.8893131   -2330.9292793   -806.2701225
1693.2251724   -2276.651144   -715.9999609
1693.995026   -2276.7601013   -711.4945054
1692.5331625   -2306.2968254   -781.647563
1693.6068805   -2296.5524197   -769.5229053
1694.0318616   -2286.6704464   -742.6852584
1692.7026781   -2283.7951183   -741.2390709
1694.1792043   -2288.2108688   -746.4394569
1692.8305896   -2338.6805058   -815.1492476
1696.8860897   -2344.117403   -813.6979938
1692.9348978   -2292.9987907   -765.8894658
1692.2550472   -2300.9662628   -776.9432068
1690.7727989   -2296.6959476   -775.1318812
1690.3542551   -2273.9348412   -724.8310447
1691.6326555   -2274.8000622   -719.8242545
1689.2153295   -2307.62887   -787.440002
1691.7387518   -2322.3142624   -796.8856692
1691.6358741   -2302.7822971   -779.7551155
1690.5617984   -2276.5483856   -731.6761613
1691.5869983   -2280.6289196   -738.0326986
1690.4354366   -2275.5746841   -729.4560075
1691.9206651   -2284.0156555   -745.8947897
1691.0490068   -2327.0013332   -803.0924201
1690.6459602   -2284.24716   -753.6925077
1691.413072   -2272.5095749   -713.631928
1691.1330494   -2269.9882984   -706.9465518
1694.3893703   -2276.0968208   -706.7965269
1690.5268701   -2316.2443638   -792.9522991
1690.5073198   -2318.8676834   -795.4180837
1691.759375   -2292.8698063   -768.6300874
1689.8497614   -2291.7759418   -771.4146376
1690.0286945   -2285.6464386   -760.7192993
1691.1969455   -2289.2725468   -764.4141316
1690.4126676   -2323.723793   -800.5433083
1690.571216   -2290.1918888   -767.698884
1690.5204328   -2334.3179226   -814.1717315
1691.4625438   -2338.98139   -819.8633194
1690.0263103   -2335.5734348   -817.9503083
1693.8256296   -2343.1689739   -820.2304244
1689.4387277   -2278.6662579   -743.8022494
1689.0230449   -2302.5608063   -783.4041715
1688.9460357   -2329.9353123   -811.5701079
1689.6249326   -2299.3664742   -779.5518637
1688.3865865   -2312.1619225   -792.5822735
1689.0502246   -2280.0338268   -749.4940162
1689.3297704   -2327.1963596   -806.8659306
1688.5420354   -2319.6461201   -799.5203137
1689.735082   -2271.2256908   -720.0248241
1689.6647485   -2275.9935856   -735.0168228
1688.8190778   -2275.8309841   -739.2230034
1689.5026239   -2336.4834785   -822.2571015
1691.439298   -2340.5644894   -823.8819838
1689.8464235   -2268.3308125   -709.716022
1688.7797388   -2286.3214016   -766.2624121
1688.5570558   -2288.2077694   -769.7174549
1688.7209686   -2332.2603703   -816.0865307
1689.4114288   -2337.5201225   -826.2085915
1690.5142339   -2340.7104015   -829.1059732
1690.2214559   -2345.3962803   -842.1466947
1689.7378238   -2341.2592411   -835.4331851
1688.6655363   -2345.8619118   -850.3537774
1698.0414661   -2295.9713936   -575.4697919
1696.3829073   -2335.793972   -565.5722618
1696.6463598   -2300.4589081   -572.306335
1697.1924575   -2275.2585411   -685.6033802
1697.8123458   -2268.7416077   -650.2004266
1697.3674568   -2275.8657932   -591.2413001
1696.2809833   -2330.8298588   -566.2750602
1696.2368759   -2264.9128437   -634.2551112
1696.4991363   -2265.1021481   -628.4671426
1697.9313167   -2267.459631   -624.1515279
1697.9773315   -2280.0133228   -697.2995996
1697.4398168   -2273.9942074   -679.3569922
1698.1785568   -2270.0409889   -656.1815143
1697.0312866   -2307.9271317   -570.7349777
1697.7814706   -2316.1270618   -569.5801973
1695.1285871   -2312.4463558   -568.5040951
1696.0554393   -2265.1488781   -641.8865919
1695.5493959   -2264.0199661   -637.9633546
1697.8389295   -2269.5286274   -610.3518605
1697.9483636   -2278.9273262   -588.1011486
1697.3920139   -2266.8688297   -619.3779707
1697.2660097   -2283.479929   -581.5280676
1697.0067295   -2291.2461758   -576.2264132
1697.0089944   -2267.1387196   -647.3486423
1695.9041628   -2269.1557407   -600.8831859
1695.7768472   -2267.1151161   -606.2471867
1696.8821558   -2279.7896862   -584.1923356
1696.1567672   -2323.5666752   -567.391336
1696.1716684   -2317.4741268   -568.3212876
1695.4012188   -2320.5866814   -567.3923492
1696.3528665   -2275.2170563   -690.9493208
1695.522693   -2326.5910149   -566.5808916
1696.2791952   -2278.3153057   -702.3072839
1696.9151767   -2266.8223381   -614.5548224
1696.9561847   -2269.1030502   -663.1230712
1695.7383426   -2268.0363655   -668.1408882
1695.4897913   -2266.0775185   -659.937501
1694.7852644   -2269.2160606   -595.1211452
1695.467976   -2269.0124512   -674.2615104
1694.2699226   -2286.8599892   -574.3504763
1695.0565847   -2264.3125057   -651.711762
1694.7627338   -2292.2968864   -572.8657842
1693.3268579   -2297.3310947   -569.9210763
1695.5207857   -2275.4797935   -697.2672939
1695.7968744   -2276.4015198   -585.1589441
1695.6452402   -2263.7588978   -621.961832
1695.409921   -2265.0427818   -611.3388538
1695.004371   -2271.1055279   -685.1447821
1693.7896284   -2267.4884796   -680.1863313
1694.6262392   -2262.645483   -616.7599559
1693.4359344   -2269.9270248   -587.4435902
1694.269565   -2278.6302567   -579.2174339
1695.1257261   -2272.6242542   -689.7988319
1692.6127943   -2305.2821159   -567.8776503
1691.205171   -2308.0608845   -566.5920377
1695.4009803   -2264.4114494   -646.0974813
1692.5940784   -2261.6767883   -663.4640098
1691.9967207   -2300.7557392   -568.0687428
1693.3622631   -2260.0939274   -630.5705309
1694.5334943   -2261.8324757   -625.5207062
1690.4139789   -2332.4658871   -563.3707643
1692.1812566   -2336.7316723   -563.5541081
1693.3453354   -2270.8861828   -695.3787804
1690.7156976   -2327.4273872   -564.1272664
1693.5889991   -2273.1041908   -701.6279697
1693.1782039   -2317.5971508   -566.5749907
1692.0895847   -2323.7261772   -565.2833581
1692.6665577   -2259.7305775   -643.953681
1693.2333978   -2263.6640072   -603.2108665
1693.4310468   -2265.6269073   -598.3259082
1692.8203376   -2272.8741169   -581.2855363
1694.1321167   -2264.1518116   -606.7149639
1693.7347921   -2265.0809288   -670.7709432
1692.1150955   -2258.0857277   -622.2697496
1691.4716037   -2257.1494579   -633.3055496
1690.8369335   -2256.4063072   -638.7220621
1692.412165   -2260.5347633   -657.4884653
1693.5725483   -2266.0675049   -676.1699319
1692.9238113   -2260.8082294   -611.9450927
1693.6557563   -2261.6052628   -646.9937563
1691.513327   -2313.4200573   -566.1941767
1693.5066255   -2268.5735226   -685.9727502
1690.7568248   -2264.6386623   -690.5319691
1692.5517591   -2260.2393627   -652.4909735
1691.6326555   -2264.0008926   -593.565762
1692.7445205   -2265.1991844   -596.036911
1690.6398805   -2290.5776501   -568.7309504
1691.9949325   -2258.4753036   -616.5674329
1692.2122511   -2278.9957523   -575.1613379
1689.544824   -2284.4161987   -569.11695
1691.4248737   -2274.3763924   -576.7797232
1691.6233572   -2259.8164082   -607.1676612
1691.1369833   -2262.4030113   -679.3391705
1691.1053928   -2263.4217739   -683.5554838
1690.169123   -2259.3040466   -673.5889912
1690.661815   -2259.210825   -668.6285138
1690.2070316   -2255.7783127   -645.8258033
1692.1968731   -2269.6452141   -698.6960769
1691.2113699   -2268.8510418   -702.450633
1690.8239397   -2267.929554   -581.8353295
1690.0533708   -2261.9321346   -591.0551548
1689.9569305   -2264.1634941   -584.8979354
1691.2055286   -2260.9038353   -600.7272005
1691.1541494   -2261.942625   -597.1394181
1690.0906833   -2254.8356056   -629.1105151
1690.6827959   -2266.3013935   -697.0950961
1688.7318166   -2295.1595783   -566.1140084
1691.1419901   -2260.0557804   -603.1312943
1688.6637481   -2319.9367523   -563.9777184
1691.2510666   -2259.0193748   -661.026001
1689.5618709   -2255.2862167   -612.2499108
1690.2345689   -2270.3688145   -577.6264668
1688.9698776   -2300.2905846   -565.8039451
1689.4536289   -2254.9500465   -651.9682407
1689.8297342   -2277.993679   -571.9230175
1692.3958334   -2343.477726   -562.7333522
1690.4531988   -2255.7177544   -619.6029782
1689.7712024   -2256.1058998   -658.0535173
1688.7074979   -2255.6066513   -604.3864489
1689.4989284   -2254.1525364   -636.7716789
1689.4145282   -2272.731781   -574.0994215
1689.2817291   -2255.756855   -662.1429324
1688.6951002   -2263.4654045   -700.6698251
1689.4746097   -2258.2178116   -599.6695757
1688.9730962   -2258.0127716   -677.8405309
1688.5208162   -2265.812397   -577.9242516
1689.4262107   -2265.0542259   -581.5020204
1697.0582279   -2394.7441578   -964.3512964
1697.7525028   -2406.3177109   -964.3127322
1697.5281509   -2461.979866   -967.5855637
1696.4729103   -2467.9505825   -968.0476189
1697.9859146   -2435.2321625   -965.5759931
1697.3688873   -2473.5639095   -968.2932496
1693.8071521   -2379.2550564   -965.0005102
1695.6353458   -2366.0991192   -965.2484655
1694.5414814   -2372.325182   -965.1346803
1696.5854438   -2400.8665085   -964.384079
1698.292044   -2388.1146908   -917.899549
1695.8195242   -2417.2809124   -964.7958279
1695.2626976   -2422.4979877   -965.0799632
1695.5787214   -2411.7963314   -964.6449089
1698.0202468   -2375.1142025   -921.3319421
1693.3926614   -2349.2319584   -966.2166834
1696.9325813   -2349.7037888   -926.0590672
1697.6210149   -2354.8996449   -925.6607294
1694.392589   -2427.7186394   -965.4378891
1692.1066316   -2450.9375095   -967.3724771
1692.6323446   -2457.3187828   -967.7321315
1694.0456899   -2385.7808113   -964.7918344
1694.2534717   -2390.2773857   -964.6793008
1694.3705352   -2360.6240749   -965.6174183
1698.1351646   -2379.5177937   -863.9434576
1698.2031139   -2407.4807167   -899.0959525
1697.6042064   -2401.9258022   -910.3356004
1694.2295107   -2445.1510906   -966.7094946
1693.0473121   -2438.8916492   -966.3566351
1696.7056068   -2369.743824   -921.5285778
1696.849254   -2382.7459812   -917.8435206
1692.4346956   -2355.3864956   -966.0695791
1698.1801065   -2406.6913128   -907.5824618
1696.6080936   -2384.9396706   -876.4372468
1696.8647512   -2391.3516998   -882.8083873
1696.161178   -2387.7694607   -881.1426759
1697.0302137   -2381.0405731   -870.0810075
1693.5619386   -2432.8024387   -965.8352137
1696.2858709   -2365.5030727   -922.2325087
1695.3887018   -2344.8297977   -926.0637164
1697.5254091   -2401.6904831   -892.7734494
1696.9357999   -2401.7605782   -896.0324526
1697.896746   -2396.3406086   -884.6544623
1696.4522871   -2398.0462551   -892.7200437
1697.5015672   -2405.6477547   -903.6841393
1692.6622661   -2476.5295982   -968.9359665
1693.728474   -2481.5850258   -969.1002965
1695.845631   -2390.6726837   -912.9427671
1695.7396539   -2357.9666615   -923.7338901
1695.5832513   -2377.768755   -917.9593921
1696.2805065   -2374.7386932   -865.1132584
1695.1881918   -2370.4760075   -863.7564182
1697.8116306   -2372.5368977   -856.2654257
1696.0764202   -2395.8032131   -910.0832939
1694.2996057   -2361.5782261   -921.5855598
1695.5465349   -2385.3549957   -914.9670005
1696.2065967   -2400.8882046   -901.5905857
1696.939257   -2402.733326   -905.9131742
1695.7420381   -2376.396656   -869.3817854
1694.2451271   -2372.3232746   -918.2465672
1695.8115371   -2390.8917904   -886.0740066
1695.6351074   -2393.0895329   -889.5289898
1690.7917532   -2404.8376083   -965.0964141
1693.1402954   -2408.4353447   -964.8277164
1693.2962211   -2352.7984619   -922.9937196
1695.8965334   -2398.3433247   -906.2849879
1692.8557428   -2464.3542767   -968.1358337
1691.6049989   -2461.3060951   -968.0709243
1690.6312975   -2471.2798595   -968.8560367
1690.6620535   -2398.8251686   -965.0917053
1690.0486024   -2393.5518265   -965.1871324
1695.6864866   -2381.0915947   -875.349164
1694.4365772   -2376.3787746   -874.3770719
1695.1202425   -2395.9197998   -897.2531557
1692.5560506   -2346.8663692   -923.6860275
1694.0932544   -2380.7728291   -914.557457
1692.9408582   -2366.1353588   -918.9121127
1695.2131065   -2384.2921257   -880.6685209
1690.7288107   -2466.8962955   -968.536377
1694.3930658   -2391.0076618   -892.4191594
1693.4145959   -2369.5101738   -869.6682453
1694.4405111   -2394.2592144   -902.7690291
1694.508818   -2386.5199089   -886.2679005
1693.997291   -2383.2695484   -884.2912912
1694.9607404   -2394.4387436   -906.8136215
1694.8349746   -2392.2200203   -908.7613225
1693.4801611   -2384.5257759   -910.9967947
1693.6352523   -2388.4563446   -907.879591
1691.1790641   -2415.1070118   -965.215683
1690.2392181   -2419.4941521   -965.4883742
1693.2667764   -2386.3184452   -891.4634585
1693.8233646   -2373.2581139   -872.9611635
1692.6090988   -2357.3045731   -921.2456942
1694.221166   -2381.0119629   -880.7718158
1693.6508688   -2377.4716854   -878.7529469
1688.5581287   -2369.7032928   -965.9900665
1689.060119   -2364.2477989   -966.118753
1692.6387819   -2375.4098415   -914.4631028
1689.3205913   -2424.5634079   -965.8351541
1695.1961788   -2368.0336475   -860.2905869
1692.3102411   -2365.0927544   -868.0078983
1692.935613   -2362.2720242   -860.8984947
1694.4242986   -2362.9491329   -855.7947278
1695.7193884   -2365.9777641   -855.24261
1693.2382854   -2389.4701004   -897.9363441
1694.0866979   -2391.6242123   -905.9688449
1692.3749717   -2382.5492859   -890.6964064
1693.0567297   -2388.8244629   -903.4008384
1691.7037042   -2370.7480431   -878.4223795
1688.6292966   -2429.6848774   -966.2048221
1689.2053159   -2360.0049019   -966.2502408
1690.3771432   -2359.8470688   -918.1474447
1689.8743185   -2389.1670704   -965.2473927
1690.7935413   -2369.4376945   -914.239943
1691.8702396   -2376.6679764   -885.1707578
1691.6686567   -2378.713131   -910.2789164
1691.3314136   -2377.6972294   -889.2112374
1691.3049492   -2366.6675091   -874.686718
1688.4473833   -2483.877182   -969.9259996
1694.7413953   -2487.3819351   -969.2623019
1691.1098035   -2372.4672794   -883.1833601
1691.6376623   -2382.9538822   -904.692471
1688.4641918   -2434.264183   -966.5282369
1689.6981271   -2354.2201519   -919.3740487
1688.724068   -2348.3715057   -920.2330709
1691.6314634   -2383.4369183   -897.4259496
1692.3245462   -2386.1882687   -900.8644819
1688.754824   -2410.7813835   -965.4378295
1689.5143064   -2364.0043736   -914.8924351
1692.4746307   -2359.126091   -857.73772
1691.4356025   -2358.7360382   -861.5712523
1691.3550171   -2361.1309528   -866.0341501
1690.3990778   -2373.3930588   -910.7968211
1690.886763   -2356.0774326   -859.4205976
1692.3935684   -2355.4389477   -851.606369
1694.7278055   -2360.0823879   -849.8532176
1690.4511722   -2378.1869411   -894.942224
1690.387276   -2361.2203598   -870.6570268
1690.3701099   -2363.730669   -874.6560216
1688.8562711   -2369.0252304   -889.7439241
1689.9743351   -2367.7151203   -882.1898103
1689.5355257   -2374.7591972   -905.4834843
1690.2704509   -2378.6289692   -900.3397226
1689.1768249   -2355.1597595   -865.7947779
1689.365414   -2357.9347134   -869.8742986
1689.373401   -2372.9803562   -892.8619027
1688.7520822   -2361.525774   -879.0000677
1689.144996   -2366.8630123   -885.1258159
1689.0323433   -2351.890564   -860.409081
1688.6353763   -2349.6403694   -857.9257727
1688.3806261   -2368.3598042   -909.0722799
1688.9010938   -2366.1141396   -912.3165011
1688.9539035   -2373.6248016   -899.0184665
1688.4684833   -2358.2799435   -875.1046658
1698.2090744   -2364.1951084   -842.8636193
1696.8479427   -2347.5732803   -819.3314672
1697.1336874   -2352.6482582   -827.4357319
1697.0427307   -2350.3375053   -823.626101
1695.542601   -2352.8439999   -833.5889578
1696.915892   -2364.3805981   -848.0867743
1696.0478099   -2364.4824028   -851.6248465
1696.5475353   -2360.1515293   -842.7186608
1695.9708007   -2356.2290668   -838.1986618
1694.7697672   -2348.7737179   -828.5951614
1695.065287   -2347.0597267   -823.7398267
1693.715361   -2352.7770042   -840.9920931
1693.8228878   -2356.3365936   -847.0999599
1693.7032016   -2348.6003876   -832.6864839
1692.4462589   -2347.594738   -836.2143636
1692.9688724   -2344.3920612   -826.2777925
1692.2757896   -2345.1793194   -831.5404058
1691.8082508   -2351.1722088   -846.2525606
1697.6043256   -2361.0854149   -562.0459318
1698.0852159   -2356.9536209   -563.090682
1696.6426643   -2347.1570015   -564.0185475
1695.9903511   -2351.3052464   -563.1169677
1695.1129707   -2358.4697247   -561.5522265
1692.3194202   -2350.3336906   -561.8057847
1690.7246383   -2355.894804   -560.3011847
1690.225509   -2349.9443531   -561.0195398
1697.8965076   -2398.0455399   -530.9427381
1697.6412805   -2401.0488987   -523.853302
1697.5518736   -2399.324894   -527.9989243
1697.9437145   -2379.20928   -554.6426177
1696.2763342   -2383.3496571   -549.9040484
1697.4284919   -2394.2694664   -536.8467569
1697.3547014   -2391.1499977   -541.2656665
1698.3561786   -2411.2102985   -491.4307892
1696.3838609   -2405.630827   -508.505702
1697.0335516   -2404.2794704   -513.3709908
1697.0867189   -2412.6472473   -477.114737
1695.4684528   -2386.9643211   -545.2411771
1698.1005939   -2415.8506393   -464.9013281
1695.8551677   -2362.4639511   -560.9683394
1696.009663   -2407.2256088   -503.2607913
1697.6199421   -2418.1218147   -457.0013583
1696.6580423   -2409.2755318   -496.6512322
1695.2787908   -2408.3139896   -498.3147085
1695.2582868   -2371.1702824   -557.8699112
1697.7232965   -2421.5738773   -451.9463778
1697.5117   -2412.6117229   -480.9059799
1698.2438835   -2462.6026154   -419.6102321
1697.9161771   -2462.1348381   -415.2473211
1697.0076831   -2410.1810455   -493.2133555
1697.7983984   -2460.4823589   -423.592478
1697.0778974   -2411.7586613   -484.6458435
1696.6424259   -2410.8185768   -489.0253842
1698.2057365   -2454.1862011   -433.4703386
1693.7762769   -2367.1810627   -558.6923957
1697.747496   -2458.0914974   -428.0596972
1697.2111734   -2448.0171204   -431.0964644
1697.7631124   -2441.3304329   -435.9127879
1694.2812475   -2401.2620449   -519.9705362
1694.6022781   -2402.6610851   -515.9263611
1697.7744373   -2433.2695007   -440.6686425
1698.0016502   -2430.3719997   -444.1951811
1694.5187124   -2410.3901386   -467.6859379
1695.9756883   -2411.8344784   -474.1782546
1697.2151073   -2435.9519482   -436.3726676
1697.565225   -2438.9023781   -436.2518191
1696.2173256   -2423.8500595   -440.6090379
1696.2248357   -2420.0701714   -444.9719191
1696.6270479   -2458.108902   -418.3668196
1697.2788843   -2452.8565407   -429.6295643
1695.3946622   -2412.103653   -461.6421759
1692.9456266   -2377.2001266   -553.2816052
1696.4799436   -2458.6675167   -413.015604
1697.7308067   -2461.8074894   -411.4648104
1695.0612339   -2397.5963593   -529.5676589
1693.7603029   -2395.0481415   -533.2322121
1696.5649398   -2430.1593304   -437.2445345
1696.1005005   -2426.8553257   -437.4998808
1696.6657909   -2455.3682804   -423.835367
1697.0329555   -2433.0952168   -437.2592866
1696.6690096   -2442.2547817   -430.6133091
1695.9189447   -2416.7032242   -449.0386546
1693.1057247   -2399.6679783   -523.5491395
1694.8658498   -2413.0227566   -451.7917931
1694.5795091   -2411.5128517   -456.7382336
1696.4270147   -2434.6671104   -433.4377646
1696.0679563   -2436.7918968   -430.5348694
1694.4276365   -2410.4862213   -477.2906303
1694.7820457   -2410.4986191   -483.3818078
1693.9695152   -2392.4348354   -537.0856524
1692.6936182   -2388.5438442   -541.4934158
1696.7103752   -2446.4657307   -429.443717
1695.8687576   -2449.8720169   -424.1692126
1693.9268383   -2409.7168446   -488.3328378
1693.7401565   -2403.7089348   -511.882782
1695.7705291   -2428.9753437   -434.1550767
1693.3651241   -2408.0939293   -496.8494475
1691.6870149   -2408.4408283   -492.4869835
1695.2932151   -2444.5188046   -423.7862527
1695.0474056   -2435.0290298   -426.6560078
1694.477466   -2438.2805824   -422.1003056
1695.4906257   -2452.6462555   -419.0787077
1695.4841884   -2454.9255371   -414.9095118
1695.085791   -2430.4318428   -429.6978414
1693.6955722   -2406.0027599   -504.8785806
1692.8612264   -2404.7307968   -507.8851581
1692.4670013   -2382.8468323   -548.1102467
1691.01837   -2378.613472   -551.1340499
1695.6547769   -2421.6732979   -439.7698641
1695.4266103   -2416.7907238   -445.2552497
1694.8790821   -2417.0470238   -441.2433207
1695.4403194   -2422.7876663   -437.5530481
1694.9024471   -2422.8901863   -434.4735444
1691.5838989   -2407.3166847   -498.390615
1691.7003664   -2408.4384441   -475.5687714
1694.3247589   -2413.4781361   -445.8072484
1694.7342428   -2447.4029541   -418.9483523
1690.5972036   -2361.2585068   -559.1130257
1695.0372728   -2426.1445999   -432.6663017
1694.9416669   -2419.8081493   -437.5129342
1694.4468292   -2450.2096176   -414.0034914
1691.4309534   -2385.6475353   -544.359684
1692.1651634   -2407.9828262   -460.288167
1693.7898668   -2409.7483158   -463.4127021
1694.0589222   -2442.1479702   -418.0269837
1690.8946308   -2368.7105179   -556.9893718
1691.3565668   -2373.0564117   -555.0947189
1689.3151077   -2357.6376438   -559.4069958
1694.0675052   -2429.520607   -425.0954986
1694.3303617   -2427.0679951   -428.3430576
1691.362408   -2395.6356049   -530.9280157
1694.0371069   -2434.6232414   -421.6400385
1694.2886385   -2432.7657223   -424.0812063
1693.9424547   -2422.8863716   -429.3069541
1693.6769756   -2416.0218239   -434.9920452
1692.8932937   -2411.4172459   -440.2076006
1691.4044889   -2407.3586464   -453.1246424
1692.9655346   -2409.9693298   -448.5234022
1691.5666135   -2408.7502956   -480.6420207
1691.7743953   -2409.0096951   -484.3283296
1693.8259872   -2444.9346066   -414.5462513
1692.8495439   -2418.6415672   -426.8500209
1692.3709186   -2401.958704   -516.2853003
1692.8613456   -2408.7231159   -464.0988708
1690.5341419   -2406.845808   -465.3898776
1689.1128095   -2406.2364101   -471.6686308
1693.1642564   -2436.4130497   -414.8003757
1693.4541734   -2425.606966   -424.782455
1692.458299   -2409.5695019   -444.5177317
1693.5172351   -2431.5321445   -420.7334518
1689.1653808   -2400.3925323   -518.7491179
1691.1675008   -2392.4689293   -535.5741382
1693.4390339   -2441.0898685   -413.9234424
1692.9408582   -2432.8534603   -415.9742296
1690.2774843   -2408.3511829   -488.4730577
1692.8104433   -2420.9103584   -424.6346653
1690.5924352   -2390.0113106   -538.5465026
1693.1710514   -2427.9801846   -421.1855829
1689.6988424   -2393.9306736   -532.9518318
1690.1616129   -2403.3410549   -510.1255178
1690.2913126   -2404.5703411   -506.5011382
1689.3252405   -2405.9574604   -501.5915632
1691.8363842   -2410.1641178   -434.3098998
1692.2068866   -2413.6991501   -429.0185869
1692.7243742   -2428.7359715   -417.7806377
1692.5314935   -2424.5793819   -420.1431274
1689.5963224   -2407.440424   -495.4673648
1688.9744075   -2381.9146156   -547.0656157
1690.5042204   -2406.3789845   -446.9400644
1692.1856674   -2428.4744263   -413.8115942
1692.715195   -2433.9492321   -413.0420089
1692.123917   -2430.2451611   -411.3514721
1691.9919523   -2409.0783596   -442.0700371
1691.4294036   -2408.2503319   -440.6782389
1691.2371191   -2408.2200527   -438.1566644
1692.1556266   -2418.7097549   -422.7409065
1691.5414604   -2413.0802155   -425.0477552
1691.8490203   -2420.0513363   -419.6135402
1691.9219764   -2423.7275124   -416.6815281
1690.9367117   -2407.2072506   -442.8979158
1690.9599575   -2409.6889496   -428.1715453
1688.6379989   -2404.7958851   -457.2092295
1691.2077936   -2417.1764851   -417.6026583
1691.3067373   -2414.3867493   -421.2408662
1691.2884983   -2420.8180904   -414.6416783
1691.5055784   -2425.2090454   -411.5225375
1689.8447546   -2406.0695171   -435.4175925
1690.1079687   -2406.9466591   -431.663841
1688.8292106   -2407.6342583   -482.1659327
1689.3347772   -2407.4435234   -478.8481891
1690.0160583   -2409.0979099   -421.375066
1689.6862062   -2405.5175781   -439.776659
1690.6382116   -2415.6262875   -414.6710932
1689.8235353   -2410.7918739   -415.3665304
1689.1525062   -2405.5225849   -428.5869002
1689.0648874   -2405.7843685   -424.7836769
1689.1489299   -2404.7119617   -443.28174
1688.9127763   -2407.3550701   -414.9921238
1690.1521953   -2413.9928818   -412.0248258
1689.4551786   -2410.7062817   -410.8540714
1697.9323896   -2460.2515697   -333.9121044
1698.273209   -2460.1683617   -326.0176778
1695.6339153   -2458.5187435   -348.6895561
1698.2870372   -2460.6630802   -313.8278127
1698.0626854   -2460.855484   -308.7617755
1697.5837024   -2460.2108002   -339.7431076
1698.0104717   -2460.1998329   -387.8070712
1697.9714902   -2460.5441093   -391.4481103
1696.6337236   -2458.6286545   -323.09407
1696.3242563   -2457.7901363   -369.6435094
1695.5597671   -2457.423687   -363.4870052
1697.2184452   -2459.6188068   -353.4596562
1697.0957788   -2458.7910175   -383.7393522
1698.2695135   -2462.1403217   -301.0087311
1697.5682052   -2458.8401318   -373.1415868
1697.2108158   -2458.5242271   -377.3240447
1697.2931894   -2460.2634907   -395.7727253
1697.1382173   -2460.5021477   -402.8536677
1696.5565952   -2459.2370987   -398.6643553
1695.3504356   -2457.8223228   -355.9276164
1695.3522237   -2457.5381279   -359.7565293
1696.1285146   -2458.5609436   -329.444319
1697.6257833   -2461.827755   -296.384424
1697.9204687   -2479.6004295   -280.8892131
1695.8469423   -2457.3123455   -382.1085095
1697.4286111   -2460.4697227   -305.1404953
1697.7432045   -2483.6540222   -285.0031257
1698.3241113   -2465.6691551   -283.9941978
1697.3213228   -2459.4409466   -315.8921599
1695.6528696   -2457.6587677   -318.6611235
1697.5838216   -2462.1369839   -292.9064333
1697.8935274   -2473.2472897   -275.0075758
1697.4237236   -2477.4777889   -276.2311697
1697.6219686   -2463.1242752   -287.2304022
1696.8592676   -2460.0071907   -408.1534445
1695.9730657   -2458.9440823   -344.0445065
1696.7853578   -2461.1582756   -289.9727523
1697.71221   -2468.8272476   -274.777323
1697.5833448   -2466.0134315   -277.5022686
1695.4189809   -2458.1530094   -332.9554498
1697.2060474   -2463.8736248   -280.5506289
1696.9219717   -2462.2693062   -284.1970325
1695.5964836   -2458.7664604   -297.6581752
1696.0932287   -2458.9676857   -303.9041162
1695.2435049   -2458.2090378   -300.6337881
1695.8260807   -2458.1654072   -310.9663427
1694.9099573   -2457.4768543   -307.2533607
1696.1624893   -2458.0447674   -390.1880085
1695.7807811   -2457.2656155   -386.3427937
1696.651605   -2475.1851559   -271.5592682
1696.2260278   -2481.1980724   -276.5324414
1696.0401805   -2483.7882519   -280.1118791
1697.044638   -2470.8435535   -270.9440589
1696.9388994   -2465.4979706   -273.9683688
1696.7065605   -2467.0948982   -270.8818316
1695.5126794   -2458.9047432   -292.7374244
1696.1272033   -2460.3316784   -286.6570354
1695.1579126   -2458.1971169   -339.828968
1695.6090005   -2456.8986893   -374.2656708
1695.1462301   -2457.310915   -314.7322237
1694.5377859   -2457.501173   -336.7397487
1695.8570751   -2479.351759   -272.7111876
1695.0363191   -2457.429409   -326.8275857
1694.6227821   -2455.3887844   -394.8124051
1694.4334777   -2457.1976662   -351.7200053
1695.0528892   -2456.3536644   -378.4933686
1695.5714496   -2460.4084492   -280.0380588
1695.5051693   -2456.8817616   -405.5301547
1694.8845657   -2455.6508064   -401.1897743
1696.0723671   -2468.1894779   -266.4635181
1695.8980831   -2472.4597931   -266.7847574
1693.9664157   -2456.8474293   -283.6826444
1695.0490745   -2454.8442364   -409.9710882
1695.1574358   -2458.5704803   -289.3821001
1695.7874569   -2465.1842117   -267.5453424
1694.6573528   -2457.647562   -346.6871381
1695.3143152   -2478.3143997   -269.3456113
1695.2101263   -2476.3195515   -266.6273415
1692.206529   -2454.6010494   -322.1837282
1693.5920986   -2456.0070038   -325.3901005
1693.9333948   -2455.3060532   -371.3424504
1693.8009533   -2455.4138184   -366.9971526
1694.4527896   -2482.6023579   -273.188144
1694.6207555   -2483.8914871   -276.3983011
1693.8032182   -2454.2076588   -387.9660666
1692.1925815   -2455.039978   -330.8585286
1694.2640813   -2457.1311474   -287.7039909
1694.1466602   -2456.7081928   -304.1609228
1694.7369846   -2459.4683647   -275.7993639
1693.213013   -2456.3043118   -343.941927
1694.1143545   -2480.9737206   -269.6887553
1694.0977844   -2454.89645   -382.0244372
1693.1519779   -2455.4274082   -311.29089
1695.0165304   -2461.4140987   -269.1051662
1693.1360038   -2455.3425312   -317.8595901
1693.5147318   -2454.3881416   -376.1900961
1693.5739788   -2456.0904503   -298.1726825
1693.7147649   -2456.704855   -279.9195051
1693.3933767   -2455.363512   -362.8611565
1693.6655315   -2456.1932087   -291.8891311
1694.3257125   -2453.1350136   -405.4429531
1693.0790218   -2456.0501575   -334.1727555
1692.8644451   -2455.9984207   -339.4795358
1692.2546896   -2454.4708729   -358.966887
1691.6353973   -2454.0708065   -354.5463383
1693.9817937   -2479.3672562   -266.3792968
1692.1750578   -2454.4415474   -301.5964627
1692.2823461   -2454.5493126   -314.9977922
1693.8320669   -2449.534893   -408.5898399
1693.9119371   -2458.5709572   -270.5827057
1694.1557201   -2459.7859383   -266.7597234
1694.8744329   -2463.0019665   -264.1284168
1691.9895681   -2454.200983   -306.904614
1693.7599453   -2452.3835182   -398.5278606
1693.461922   -2450.2096176   -402.7965069
1693.5836347   -2457.4012756   -273.5854983
1692.9681572   -2455.696106   -276.2489915
1691.9484409   -2454.8351765   -348.3955264
1692.303327   -2449.8298168   -389.8390532
1692.8969892   -2449.77355   -395.4209387
1691.4772066   -2454.4930458   -335.1243436
1693.4606107   -2446.3329315   -410.3654921
1691.3839849   -2453.9682865   -351.4965475
1693.5882839   -2449.944973   -405.0090611
1692.1454939   -2453.8738728   -286.9140804
1692.481664   -2482.1519852   -266.536206
1692.4307617   -2483.9501381   -270.0303793
1691.3543018   -2448.9982128   -382.9478621
1691.5444406   -2450.810194   -378.0365884
1690.6854185   -2451.2856007   -281.5084755
1692.1093734   -2453.1486034   -369.0017462
1691.4873394   -2451.6842365   -372.8398383
1691.9690641   -2454.3685913   -271.0518837
1692.9095062   -2456.5999508   -268.3828175
1692.956117   -2445.8565712   -404.9310684
1693.2652267   -2443.2401657   -411.415875
1691.421655   -2452.6669979   -365.1008606
1692.9966482   -2448.8322735   -400.1730978
1691.672829   -2453.6948204   -297.9262471
1690.0046142   -2450.7396221   -289.1429067
1690.2578148   -2451.5213966   -293.1356132
1691.2316354   -2453.8114071   -325.7755339
1692.7396329   -2438.1940365   -409.4088972
1692.9105791   -2442.4080849   -408.480823
1690.7109293   -2453.6187649   -342.0219123
1690.9208568   -2453.7258148   -345.9812105
1690.1169094   -2452.2192478   -313.2228255
1689.5367178   -2451.3976574   -308.0930114
1690.3660568   -2452.6252747   -317.3439503
1690.6572851   -2452.6093006   -356.6120267
1692.691234   -2443.7186718   -403.745085
1692.4482854   -2446.3784695   -397.4716365
1692.3613819   -2443.1262016   -400.4903138
1690.8223899   -2452.0163536   -273.1339931
1690.2329   -2450.5267143   -277.6098251
1692.5479444   -2439.7804737   -405.8439136
1691.3819584   -2453.5758495   -267.816335
1692.6144632   -2456.5503597   -264.3938363
1692.2468217   -2433.463335   -409.0096653
1691.7410167   -2444.8702335   -392.2161758
1690.4450925   -2453.3669949   -338.4125829
1692.1607526   -2438.8842583   -401.8621147
1692.1896013   -2436.3355637   -405.2840471
1691.9583353   -2442.078352   -396.4811862
1691.7745145   -2437.6659393   -397.9587853
1690.8732923   -2443.8271523   -386.1759901
1691.6924986   -2431.1349392   -405.5895209
1688.643721   -2450.7689476   -324.7814178
1688.636926   -2450.555563   -320.4086423
1689.1526254   -2451.7865181   -332.1237564
1689.5255121   -2452.1000385   -328.7768662
1691.6649612   -2434.1967106   -401.4815092
1689.5302805   -2451.225996   -304.0292859
1689.4157203   -2450.8979321   -300.3335297
1690.2705701   -2450.0892162   -368.6524928
1689.67357   -2450.0274658   -269.4991827
1690.8219131   -2434.2501163   -390.514344
1691.2576231   -2425.6765842   -408.2267582
1690.0126012   -2450.8776665   -361.9973063
1689.4243034   -2450.4320621   -358.6295247
1691.2064823   -2432.6617718   -397.3925412
1691.1292347   -2434.2694283   -394.0048516
1690.7362016   -2437.2153282   -387.8165781
1691.166428   -2429.8856258   -400.4659653
1691.1012205   -2427.0539284   -403.7815332
1688.8940605   -2449.9480724   -297.2477973
1690.0918754   -2447.6826191   -375.0630021
1690.257934   -2446.5124607   -378.9948821
1690.7657655   -2420.9303856   -409.4979465
1689.9779113   -2448.4391212   -371.6257513
1688.8326677   -2451.3857365   -335.5515599
1689.3823417   -2449.1043091   -364.771843
1689.4057067   -2451.561451   -348.7733305
1689.0166076   -2450.4704475   -353.9544344
1689.9180683   -2450.8600235   -266.0969794
1690.8837827   -2452.9442787   -264.1320229
1689.9712356   -2442.6646233   -381.0839057
1690.4948028   -2417.3820019   -410.7565284
1690.6423839   -2422.7788448   -405.1178992
1690.9230026   -2429.5134544   -398.1083035
1690.755752   -2430.1965237   -394.6149349
1690.7642158   -2426.258564   -400.7630348
1690.4412778   -2422.9280949   -401.5640616
1690.3467449   -2433.9072704   -386.5987659
1690.4052766   -2424.9260426   -397.6834416
1688.6388334   -2450.8337975   -344.3612456
1690.2286085   -2437.3357296   -384.5199943
1689.151791   -2448.6074448   -273.67571
1690.2400526   -2417.7670479   -407.2016776
1690.3763088   -2429.0759563   -391.4278448
1689.903644   -2424.8166084   -391.051352
1688.6248859   -2451.0164261   -339.9590254
1688.3859905   -2447.4978447   -284.0740681
1690.08365   -2427.9947281   -389.2044425
1690.0750669   -2430.3996563   -386.5861893
1689.9346384   -2418.4451103   -402.6085138
1689.6691593   -2414.2482281   -406.0297012
1690.0851997   -2422.772646   -396.3940144
1689.6965774   -2417.6855087   -399.8194933
1689.5714077   -2435.6122017   -380.7615042
1689.7458109   -2431.6716194   -383.345902
1689.0664371   -2447.0119476   -368.6297238
1689.4066604   -2444.0598488   -376.5358329
1688.9181408   -2445.0509548   -371.6993034
1689.5717653   -2421.2658405   -391.8152452
1689.6175417   -2419.1708565   -396.1868286
1689.7241148   -2427.5093079   -385.9244883
1689.4183429   -2423.9273071   -386.472851
1688.5036501   -2447.9100704   -361.343056
1689.2493042   -2440.6352043   -377.6856065
1689.2991336   -2413.9809608   -401.9596279
1689.1373666   -2420.3038216   -388.0917132
1689.1051801   -2427.5591373   -381.1275065
1688.8882192   -2430.7222366   -378.2819808
1689.1625198   -2424.9186516   -383.4935427
1689.3517049   -2416.7380333   -397.0036507
1689.0943321   -2413.8731956   -399.3755281
1688.6540922   -2448.1873512   -266.9279575
1688.7825998   -2409.9853039   -405.2670598
1688.8646158   -2438.0111694   -376.0290742
1688.4982856   -2435.1549149   -374.7192919
1689.2234357   -2417.8743362   -392.8853869
1688.8480457   -2421.7743874   -383.8138282
1688.5201009   -2440.0017262   -373.627454
1688.8041767   -2414.2866135   -394.1700459
1688.5853084   -2416.0058498   -388.692677
1688.4576353   -2422.6899147   -380.1083565
1688.4451183   -2418.5316563   -383.9859366
1695.7599195   -2469.7561264   -264.8658454
1694.9953111   -2471.5480804   -262.5297606
1694.6687969   -2474.4644165   -263.481766
1695.3108581   -2465.3832912   -264.0514672
1695.1517137   -2468.0900574   -262.2816563
1694.665459   -2466.149807   -260.1968348
1693.5299905   -2477.5979519   -262.6015544
1694.2384513   -2469.9761868   -259.0706348
1693.397549   -2474.2953777   -258.9669228
1694.1343816   -2460.6833458   -262.684077
1694.0359148   -2462.0375633   -259.7486675
1693.944362   -2464.3697739   -257.8836977
1693.6786445   -2467.6382542   -256.2151253
1693.2450803   -2471.0788727   -255.2974224
1692.9117712   -2457.9389095   -259.9666715
1692.4504312   -2480.4325104   -263.7512088
1693.156031   -2461.6777897   -255.3513646
1693.1344541   -2464.8756981   -253.7931204
1692.8634914   -2459.0909481   -256.7437589
1692.5902637   -2468.4028625   -252.083391
1692.5010952   -2477.5419235   -259.3281865
1691.3578781   -2480.1943302   -260.0997686
1691.9689449   -2474.0610123   -253.8586855
1691.0364898   -2477.7374268   -255.8987439
1692.1600374   -2471.4963436   -252.1754205
1692.39333   -2461.9476795   -251.6373396
1691.8973001   -2457.457304   -253.2648742
1692.1868595   -2465.0883675   -249.8260587
1691.818622   -2455.9681416   -256.2913001
1691.3552555   -2454.2632103   -260.8455122
1691.5729316   -2467.8680897   -248.3216673
1691.3290294   -2471.8949795   -249.8881817
1690.7583746   -2482.7694893   -263.1904781
1691.7151483   -2459.52034   -250.1048744
1691.4009126   -2461.7352486   -247.5414574
1691.1582025   -2456.5985203   -250.3056228
1691.0980018   -2465.5051231   -245.8729148
1690.0208267   -2476.279974   -250.4867017
1690.5533346   -2453.6707401   -252.8646886
1690.1327642   -2452.0382881   -257.1462691
1690.8464702   -2458.8882923   -246.3966608
1690.1515993   -2469.5494175   -244.7997034
1690.2500661   -2462.294817   -242.6792532
1690.0933059   -2473.1218815   -247.414723
1689.1830238   -2481.4381599   -256.4982772
1689.1954216   -2483.2911491   -259.7616613
1688.962129   -2449.2573738   -262.4118924
1690.1133331   -2455.8513165   -246.0107952
1690.0048526   -2453.659296   -249.0415871
1689.9546655   -2466.1817551   -242.4490601
1689.223555   -2450.5403042   -253.9326549
1688.9679702   -2450.6020546   -250.1538098
1689.3911632   -2457.4959278   -241.3014472
1689.083484   -2464.7495747   -239.1144633
1688.8283762   -2460.8559608   -237.9356474
1688.5068687   -2473.720789   -243.2130277
1688.8506683   -2471.1220264   -241.8460846
1688.3894476   -2448.5037327   -256.7258477
1688.8393434   -2451.6210556   -245.9509522
1689.0511783   -2453.9165497   -242.8288162
1688.4982856   -2475.8634567   -245.9867299
1688.7139352   -2468.7013626   -239.9351001
1698.1400522   -2529.5538902   -970.2842236
1698.2018026   -2565.9711361   -976.1158824
1698.3164819   -2542.8557396   -971.3173509
1697.2227367   -2547.2874641   -972.2905159
1698.2180151   -2505.0418377   -969.3316817
1697.8856596   -2500.8916855   -969.2555666
1697.9996236   -2496.489048   -969.1269994
1697.0308097   -2586.6639614   -983.217299
1695.8439621   -2523.5743523   -970.5181122
1697.9587349   -2607.3310375   -989.998281
1696.9429525   -2612.1628284   -991.8953776
1695.8600553   -2602.2994518   -988.8946414
1695.9754499   -2617.774725   -993.9856529
1695.2206167   -2513.8378143   -970.2218175
1694.6354183   -2507.7803135   -970.0396061
1696.6700824   -2560.4603291   -975.2113223
1696.2579759   -2534.6770287   -971.1229801
1695.8552869   -2579.7083378   -981.2837839
1696.6027292   -2574.5463371   -979.3431759
1695.2061924   -2555.2601814   -974.5253921
1694.0596374   -2569.55266   -978.7049294
1694.8783668   -2592.0124054   -985.7265353
1692.7911314   -2596.8461037   -987.9537225
1693.2542595   -2492.8920269   -969.6791172
1693.5744556   -2550.1074791   -974.0656018
1693.369058   -2518.8815594   -970.8336592
1694.3095001   -2538.9025211   -972.1241593
1691.5779384   -2544.0299511   -973.7109542
1693.4032711   -2502.9013157   -970.0310826
1692.149547   -2563.5864735   -977.6903391
1693.1829723   -2531.3220024   -971.6970325
1691.9484409   -2527.0776749   -971.6935754
1692.7805217   -2498.0061054   -969.9447751
1691.8031248   -2606.623888   -991.4032221
1692.4096616   -2582.9582214   -983.5036993
1691.1611827   -2587.126255   -985.2429032
1690.9973892   -2613.0540371   -993.6736822
1692.0068534   -2558.3434105   -976.3977528
1692.0231851   -2574.3668079   -980.8907509
1691.1884817   -2534.8165035   -972.6038575
1694.5704492   -2622.099638   -995.7028031
1690.4669078   -2618.4916496   -995.5044389
1690.6172308   -2600.8729935   -989.8670912
1689.9622949   -2578.6449909   -982.9071164
1689.8577484   -2521.9612122   -971.8468189
1689.2683776   -2509.6626282   -971.1805582
1689.3877061   -2553.5964966   -976.2403369
1688.9474662   -2591.7258263   -987.3660803
1689.8805173   -2505.2549839   -970.7815647
1689.8868354   -2624.2258549   -997.3251224
1695.6995996   -2626.3008118   -996.7051744
1689.5832094   -2538.6154652   -973.5582471
1690.4977831   -2566.9722557   -979.205668
1688.7738975   -2569.776535   -980.6008339
1688.9502081   -2548.6447811   -975.390017
1688.4529861   -2530.4989815   -972.9527831
1696.7418464   -2619.743824   -434.6464872
1697.0839771   -2619.1773415   -427.952379
1697.8510889   -2625.0009537   -469.8086977
1697.0967325   -2620.7568645   -446.8426406
1697.760609   -2619.3284988   -439.5428002
1696.7801126   -2618.7064648   -423.7546027
1696.5232166   -2623.6639023   -458.9756727
1696.672705   -2617.9597378   -420.1851189
1696.5288194   -2624.7484684   -464.4875228
1694.8168548   -2623.239994   -452.1030486
1697.1389326   -2616.4901257   -416.1157906
1695.8669695   -2620.9514141   -442.7518547
1695.6788572   -2620.7065582   -439.0523136
1693.8929828   -2618.3078289   -417.4187779
1694.696215   -2616.7051792   -414.0351713
1696.4270147   -2615.0801182   -411.9140804
1692.0105489   -2624.1619587   -447.2617805
1692.8758892   -2621.7558384   -430.9299886
1693.1081089   -2620.8593845   -425.9714484
1693.218139   -2622.187376   -436.4034832
1692.7639516   -2620.018959   -421.4526117
1693.6809095   -2622.2922802   -441.177398
1690.7755407   -2619.7917461   -418.2381928
1691.3066181   -2618.2181835   -414.8365855
1690.3286251   -2623.9001751   -438.3209348
1689.0114816   -2625.1316071   -442.5611198
1689.3521818   -2623.8200665   -433.9149296
1690.1800903   -2622.7357388   -428.9150834
1689.6699937   -2621.876955   -424.2433906
1688.513306   -2621.5281487   -421.1734533
1698.237923   -2582.9803944   -385.7476115
1697.3789009   -2595.5734253   -395.1048851
1698.3168396   -2523.4186649   -345.5353975
1697.5734504   -2585.6113434   -388.7121379
1696.7757019   -2605.0522327   -401.1425376
1697.0274719   -2600.410223   -398.0423808
1696.4652809   -2536.6296768   -354.8538089
1697.9350122   -2499.3414879   -312.2326136
1697.4466117   -2571.7699528   -374.3328452
1696.1776289   -2609.6787453   -404.4913948
1697.5682052   -2527.2619724   -348.6365974
1695.8987983   -2579.2324543   -381.5835118
1695.6013712   -2577.0077705   -379.0898323
1698.2229026   -2510.0495815   -328.8727999
1697.9078325   -2492.0735359   -300.0750542
1696.1251768   -2508.0986023   -324.5994151
1697.0535787   -2494.8539734   -304.1273654
1697.8757652   -2501.3949871   -315.4739439
1696.4448961   -2566.6353703   -369.8808551
1696.7565092   -2563.5135174   -367.8549528
1697.2816261   -2610.5840206   -405.7251513
1694.9664625   -2522.2170353   -342.1419263
1695.7149776   -2503.7102699   -317.4794614
1697.4677118   -2488.0895615   -292.2622859
1695.8184513   -2570.2869892   -372.6111352
1696.4249881   -2497.5244999   -308.2245588
1696.0892948   -2589.0655518   -392.1555877
1695.5439123   -2560.2042675   -365.9366667
1696.1003812   -2556.2033653   -364.400804
1696.3293823   -2551.9063473   -362.8307581
1695.8942684   -2491.2822247   -295.3811586
1696.5259584   -2542.7863598   -358.4716618
1694.7434219   -2540.5831337   -356.5693498
1695.9150108   -2545.740366   -359.8350286
1695.6775459   -2533.0257416   -352.0627916
1697.2027095   -2592.5226212   -393.7144876
1696.0476907   -2612.7300262   -408.0888629
1697.4895271   -2513.7488842   -333.5814774
1696.3043483   -2511.9822025   -330.5261135
1693.9674886   -2515.8481598   -334.2360258
1695.1829465   -2506.1171055   -320.8952844
1698.0427774   -2484.7824574   -287.7492607
1696.8192133   -2486.6716862   -287.7277136
1694.7847875   -2574.072361   -376.0319352
1694.7649988   -2548.8681793   -361.0500395
1695.3641447   -2529.7348499   -349.4125605
1692.8332122   -2519.266367   -337.4710381
1694.8539289   -2525.1972675   -345.0872898
1694.8308023   -2510.1706982   -327.1574974
1695.2505382   -2501.6372204   -313.9787018
1693.6462196   -2499.9880791   -310.4131818
1695.5621513   -2493.7801361   -301.4703691
1693.4128078   -2492.9082394   -299.0513146
1696.1524757   -2485.6290817   -283.9612663
1694.7024139   -2608.4041595   -403.5757184
1694.1694292   -2585.0803852   -389.2011642
1695.1260837   -2514.061451   -332.6776624
1695.4735788   -2489.8061752   -291.1065221
1693.397549   -2593.5745239   -395.4003453
1693.2128938   -2598.0024338   -397.5309134
1695.2138218   -2611.385107   -406.1688185
1695.4965862   -2494.5006371   -302.6221991
1695.5451044   -2494.9150085   -303.2929897
1694.5132288   -2590.937376   -393.7700689
1692.4678358   -2602.7741432   -400.2212882
1694.8111328   -2582.1471214   -385.5195045
1693.0982145   -2527.6405811   -346.262753
1693.4383186   -2488.6386395   -284.7765982
1694.6338686   -2589.0312195   -392.6002979
1692.516354   -2606.4398289   -402.5914073
1692.7441629   -2564.4962788   -367.6838577
1693.3547529   -2543.9779758   -357.9770327
1692.5324472   -2535.800457   -352.4031043
1692.686704   -2538.6815071   -354.4218242
1692.7228244   -2569.375515   -371.2439537
1692.4355301   -2497.5910187   -306.0933053
1693.1808265   -2554.390192   -363.1798327
1693.2711872   -2551.3794422   -361.8317544
1693.9792904   -2513.0372047   -330.6763172
1693.7898668   -2486.9890213   -280.7100713
1692.0964988   -2507.4660778   -321.6274381
1692.7387985   -2509.5255375   -325.2089918
1693.2398351   -2557.9116344   -364.6032214
1692.9519447   -2614.5482063   -409.8312259
1694.0200599   -2611.2008095   -405.8524072
1693.5624155   -2485.9972   -278.1677246
1693.0518421   -2546.8020439   -359.4438732
1692.4010786   -2581.6357136   -385.7840002
1692.8912672   -2577.334404   -379.2459667
1690.5771764   -2577.3181915   -379.2477846
1690.2876171   -2580.3413391   -384.2487037
1693.4353384   -2491.0569191   -292.1433747
1691.8683323   -2492.149353   -295.1523066
1693.6337026   -2495.0835705   -302.5532067
1693.8320669   -2502.9153824   -315.1553869
1692.6641735   -2505.5186749   -318.7529445
1691.9430765   -2503.9656162   -315.9618378
1692.2569545   -2532.6986313   -349.9735594
1692.9278644   -2575.2522945   -376.8582046
1691.441563   -2560.397625   -365.3308153
1692.8794654   -2616.3375378   -412.2204483
1692.0235427   -2529.9565792   -347.6079702
1693.0885585   -2587.9671574   -392.4201429
1692.3685344   -2502.1929741   -313.2990599
1693.284777   -2571.6812611   -373.4004796
1691.8409141   -2490.8967018   -288.6449099
1691.1517652   -2525.1004696   -342.4100876
1692.3139366   -2512.2895241   -328.943342
1691.5780576   -2549.3648052   -360.2584302
1690.345076   -2541.9912338   -355.3545773
1691.7190822   -2610.6045246   -405.646503
1690.1501688   -2519.0019608   -335.5697989
1689.7673877   -2516.9739723   -333.2847357
1692.3450502   -2485.5620861   -274.1381824
1692.2854456   -2591.4163589   -394.8075175
1692.7830251   -2576.4026642   -378.1198859
1691.7224201   -2585.7954025   -390.8908069
1689.9417909   -2583.9436054   -389.5493746
1691.3237842   -2514.2366886   -330.9724927
1691.3112672   -2572.5758076   -373.9495873
1692.2041448   -2574.025631   -375.4890561
1689.8640665   -2522.7005482   -339.1544223
1690.2599605   -2499.5164871   -308.5535765
1690.5314001   -2501.1565685   -311.0896051
1689.9092468   -2494.2805767   -300.622195
1690.024403   -2496.0308075   -303.3600748
1690.9444603   -2488.3568287   -277.6942551
1690.2548345   -2586.5440369   -392.2311068
1689.678696   -2490.4766083   -281.929791
1689.8180517   -2491.0104275   -285.1334512
1690.1550563   -2491.9672012   -291.9258773
1689.57105   -2493.0677414   -297.5835204
1689.6337541   -2595.5843925   -397.5786865
1689.7909912   -2593.4774876   -396.6879249
1689.7093328   -2546.536684   -357.8314483
1690.4365095   -2552.6764393   -361.543566
1690.0630268   -2613.681078   -408.8142812
1689.7776397   -2556.5657616   -363.2618487
1689.2441782   -2599.6088982   -399.6041715
1689.9454864   -2616.5456772   -411.9006693
1690.6734975   -2574.7592449   -376.0895729
1688.6315616   -2567.2307014   -368.7643707
1689.9898323   -2510.9760761   -326.3017833
1689.4971403   -2538.6097431   -352.6676297
1690.9538778   -2590.0285244   -394.4616616
1691.0026344   -2588.5157585   -393.5355246
1688.861874   -2535.4611874   -350.0154614
1689.278272   -2604.446888   -402.1277726
1688.8937029   -2607.4352264   -404.288739
1689.743069   -2486.7918491   -270.5076039
1690.2373108   -2484.852314   -266.4985061
1688.7611421   -2502.9840469   -313.5221899
1690.0655302   -2487.6945019   -273.9521563
1689.3157037   -2532.4335098   -347.9205966
1689.5581754   -2529.6771526   -345.7036316
1688.6040243   -2527.5008678   -343.031317
1688.5268959   -2492.6519394   -294.8338091
1688.9958652   -2610.9511852   -406.6830277
1688.4144815   -2489.5942211   -275.7333815
1688.4316476   -2488.5706902   -272.6311982
1697.4556717   -2688.9317036   -1007.0103407
1697.4637779   -2694.7672367   -1007.4566603
1697.0807584   -2675.8966446   -1006.3214302
1698.1410059   -2682.1703911   -1006.3186884
1698.3561786   -2709.2478275   -1006.5444708
1698.0996402   -2666.1293507   -1004.9009323
1696.0367235   -2671.143055   -1006.216526
1696.4229616   -2699.4929314   -1007.8992844
1696.5106996   -2713.3984566   -1006.921649
1697.0202001   -2717.3576355   -1006.0802698
1695.8022388   -2706.4144611   -1008.004427
1695.4546245   -2703.1486034   -1008.5009336
1693.9252885   -2710.6354237   -1008.6436272
1692.03451   -2685.0605011   -1008.5783005
1693.5185464   -2678.9913177   -1007.6441765
1692.0695575   -2667.9236889   -1006.7095757
1692.0349868   -2661.2288952   -1005.633235
1693.5144933   -2692.0347214   -1008.7672472
1694.3402561   -2696.5825558   -1008.8312626
1692.0798095   -2673.7318039   -1007.4346066
1696.9636949   -2721.9223976   -1004.5781136
1694.0843137   -2720.7996845   -1007.0968866
1693.7543424   -2716.0570621   -1008.0159903
1694.1894563   -2725.0578403   -1006.0253143
1695.9649595   -2727.6806831   -1003.0924082
1692.529467   -2700.3624439   -1009.4593763
1692.6424774   -2705.4386139   -1009.4498396
1690.6018528   -2695.8975792   -1009.7696781
1691.3080486   -2724.6303558   -1008.2695484
1691.8595108   -2730.0338745   -1006.5374374
1690.5960115   -2719.5587158   -1009.0949535
1690.0086673   -2714.4858837   -1009.8860264
1688.9400753   -2708.937645   -1010.4417801
1689.3161806   -2698.9598274   -1010.3293657
1694.0835985   -2655.0533772   -1004.2431355
1689.7942098   -2736.6166115   -1006.4258575
1693.337706   -2734.3699932   -1003.1673908
1689.0374693   -2741.6961193   -1005.1114559
1691.816953   -2738.8522625   -1003.4476519
1688.6918815   -2745.6355095   -1003.6969185
1690.8538612   -2742.6877022   -1002.7837753
1690.4765638   -2650.5792141   -1004.0781498
1697.6419958   -2667.7949429   -888.8233304
1696.8621286   -2665.5328274   -881.8907142
1697.5026401   -2657.8109264   -856.1967015
1696.8049081   -2660.8214378   -867.8013086
1696.9983848   -2678.11203   -910.810709
1698.2078823   -2710.5412483   -958.1941366
1698.3160051   -2726.3395786   -978.2806635
1697.6930173   -2641.1442757   -1000.3670454
1696.7246803   -2645.652771   -1001.6921759
1697.3096403   -2696.9897747   -940.7346249
1697.3392042   -2684.1025352   -922.2508669
1697.3679336   -2674.91889   -904.8566818
1698.293713   -2729.919672   -996.060729
1696.2265047   -2663.9328003   -876.5724897
1696.9117197   -2659.6138477   -863.3452654
1696.8335184   -2701.0765076   -944.9526072
1696.0625919   -2707.9589367   -951.5634775
1694.9891122   -2674.0019321   -899.2515206
1695.8278688   -2694.2961216   -934.6753955
1698.3064684   -2727.5209427   -999.6623993
1696.8297037   -2681.5028191   -916.8381691
1693.1250366   -2631.0617924   -998.6265302
1697.5239786   -2721.820116   -969.5629478
1697.5150379   -2724.6174812   -973.1354713
1696.8380483   -2719.4406986   -965.6296372
1696.7830928   -2690.6268597   -931.2392473
1694.9538263   -2659.7809792   -859.4639301
1695.3673633   -2650.0222683   -1002.9729605
1693.4820684   -2689.27598   -923.7543344
1691.1827596   -2672.7433205   -891.4108276
1696.1336406   -2734.2607975   -986.1351848
1696.2764534   -2732.0139408   -981.2968373
1694.3004402   -2705.1699162   -945.5153942
1695.5653699   -2716.7882919   -960.4495764
1694.9218782   -2662.6298428   -870.5400825
1693.3189901   -2664.3185616   -873.0524778
1693.3142217   -2637.6881599   -1000.4618168
1697.380093   -2733.2348824   -993.9491153
1695.7774433   -2736.6418839   -991.5993214
1695.0984272   -2727.9150486   -972.3061919
1693.8112053   -2732.7620983   -975.7293463
1696.2213787   -2731.9273949   -999.8708963
1693.1461366   -2713.3202553   -952.7395368
1693.7353881   -2642.2817707   -1001.6005039
1692.9521831   -2669.2023277   -885.7505322
1695.6678899   -2724.9298096   -969.6397185
1694.8098215   -2722.4304676   -965.2676582
1695.8743604   -2735.5790138   -996.5648651
1693.0015358   -2677.7579784   -903.8589001
1693.1792768   -2685.3437424   -917.3194766
1693.1923898   -2701.9884586   -940.0119781
1692.4042972   -2698.4732151   -934.4301224
1693.4527429   -2682.3825836   -912.8775597
1691.0100254   -2681.5810204   -907.8182578
1692.8080591   -2661.8816853   -863.3993864
1691.8113502   -2666.6755676   -877.4249554
1691.1548647   -2668.6604023   -881.7606568
1691.2741932   -2664.090395   -868.2584763
1692.1391758   -2694.4787502   -928.8961291
1692.2649416   -2646.033287   -1002.8083324
1692.8369077   -2737.5056744   -980.8320403
1694.4839033   -2736.1869812   -1000.0511408
1693.1809457   -2739.7210598   -986.6518974
1691.1070617   -2710.1242542   -946.0713863
1693.6975988   -2740.8187389   -994.7983623
1693.4752735   -2739.8145199   -998.5710979
1692.9164203   -2741.6040897   -990.7155037
1692.6119598   -2727.145195   -966.6915536
1691.3341554   -2721.7752934   -958.8592649
1689.7422346   -2718.8544273   -953.3861876
1691.0351785   -2731.3473225   -968.7536955
1689.3091472   -2677.4244308   -898.0439305
1690.4922994   -2662.1718407   -858.6471677
1692.9828199   -2659.9218845   -854.4005156
1689.9678978   -2725.8822918   -961.065948
1689.6826299   -2706.7427635   -940.1223063
1690.2543577   -2737.814188   -975.2125144
1688.5991367   -2735.8789444   -969.9431658
1688.385156   -2640.9361362   -1002.1543503
1691.4469274   -2744.7082996   -997.5946546
1690.6471523   -2745.9380627   -992.5729036
1688.7139352   -2689.4028187   -916.5865183
1689.9985345   -2693.8266754   -924.6729612
1689.3877061   -2685.4915619   -911.7465615
1688.4424957   -2703.3755779   -934.3480468
1690.7668384   -2744.7035313   -987.7641201
1689.961222   -2743.3319092   -982.7437401
1688.5025772   -2680.6476116   -902.6843905
1688.4014877   -2730.1166058   -963.2110596
1690.0345358   -2745.5673218   -1000.9307861
1689.2295154   -2748.6963272   -995.6722856
1688.8569864   -2748.9614487   -998.8276958
1688.7684139   -2662.4045372   -854.2883992
1697.9729208   -2650.1123905   -782.8050256
1697.8456052   -2649.3229866   -768.9375281
1697.2795995   -2653.9666653   -816.1805868
1697.1900734   -2651.2331963   -791.7154431
1697.9724439   -2652.5087357   -807.6252341
1698.2114585   -2655.4322243   -837.1975422
1697.7143558   -2651.7941952   -800.3178239
1698.1652053   -2646.6038227   -729.8669815
1697.7460655   -2656.1360359   -844.6083665
1698.1087001   -2656.3913822   -848.726809
1698.358086   -2654.1185379   -823.7620592
1698.0023655   -2654.7045708   -827.814579
1697.9017528   -2655.0576687   -831.1570883
1696.988252   -2653.4590721   -810.8116388
1697.1359523   -2654.4473171   -819.668889
1694.6034702   -2657.6156616   -840.464592
1696.5785297   -2651.9713402   -796.2988615
1696.4329752   -2647.1483707   -724.6771455
1697.8305849   -2649.7285366   -775.1113176
1696.2132724   -2650.775671   -777.7481675
1696.7433961   -2650.5758762   -779.4002295
1698.368338   -2644.5581913   -713.2624388
1697.6999315   -2645.4904079   -716.8319821
1696.2956461   -2649.1913795   -754.4441819
1696.3937553   -2657.6673985   -851.7165184
1698.0647119   -2647.4528313   -743.9872622
1697.4739107   -2647.2771168   -734.1296077
1697.4526914   -2647.4854946   -737.5747561
1697.4401744   -2647.4330425   -736.4344597
1697.7050575   -2644.4816589   -710.2605104
1696.651605   -2646.5263367   -720.1510072
1696.592954   -2649.7421265   -765.2112842
1695.7216533   -2649.9202251   -760.3627443
1695.9224018   -2645.3163624   -709.4146013
1695.6533464   -2649.7294903   -756.8157315
1696.3221105   -2646.7671394   -720.6820846
1694.8395046   -2652.0092487   -785.9864235
1695.7098516   -2650.5327225   -769.3167925
1696.6220411   -2648.2908726   -743.1004047
1695.186642   -2648.9949226   -739.7746444
1694.1870721   -2648.649931   -727.5773287
1695.1561245   -2648.2813358   -729.5085788
1696.4592012   -2648.6582756   -747.7194071
1694.431928   -2650.1905918   -752.9411912
1694.7099241   -2653.7475586   -803.6493063
1697.7166208   -2647.6614475   -744.0245152
1696.2425979   -2645.9195614   -714.1795754
1694.531587   -2656.1744213   -822.3649263
1694.3984302   -2657.1938992   -832.9935074
1693.4886249   -2657.9968929   -836.0993266
1694.9814828   -2657.8879356   -847.2860456
1694.0744194   -2651.648283   -773.1003165
1694.4406303   -2656.7935944   -828.4288645
1696.110514   -2650.080204   -765.9255266
1693.7790187   -2653.6705494   -798.7415791
1694.991258   -2647.0739841   -717.4828649
1695.504454   -2648.6580372   -737.5365496
1694.4556507   -2649.1622925   -735.6281281
1693.8796314   -2655.3351879   -812.2038841
1691.8974193   -2656.96311   -816.509366
1693.3540376   -2653.4240246   -794.157505
1692.4495967   -2653.4852982   -789.2945409
1694.3011554   -2651.9789696   -780.9838057
1694.4053444   -2654.620409   -809.0960979
1694.1148313   -2646.807909   -712.1613026
1694.284943   -2646.989584   -713.8032913
1694.5613893   -2647.5801468   -719.3599939
1694.5259842   -2649.7917175   -747.0715642
1692.28628   -2650.9428024   -742.8603768
1693.5195001   -2650.3441334   -745.536685
1693.3818134   -2652.2388458   -776.7215371
1694.205192   -2650.988102   -763.4944916
1693.5888799   -2649.3375301   -731.8149209
1692.9105791   -2650.9437561   -750.2297163
1695.7754167   -2647.4547386   -724.1805196
1693.1846412   -2659.1169834   -849.6972322
1693.4092315   -2648.6110687   -722.7777839
1692.1328577   -2651.7665386   -756.7730546
1692.8868564   -2651.9732475   -767.2702074
1693.3143409   -2651.9880295   -771.6159225
1691.7543682   -2652.2774696   -761.8106008
1694.0145763   -2649.6903896   -739.0816212
1694.6767839   -2647.2058296   -716.9665694
1694.3427595   -2647.2578049   -716.0341144
1693.5789856   -2647.5596428   -715.03824
1693.2075294   -2649.387598   -729.868114
1692.9694685   -2648.3445168   -718.4084058
1691.941646   -2659.3885422   -845.2313542
1692.3719915   -2647.1252441   -707.8098655
1695.9896358   -2645.0493336   -707.7127695
1691.5406259   -2653.7458897   -785.9626412
1692.2641071   -2649.6138573   -726.8635631
1691.4596828   -2655.6613445   -805.003047
1690.8905777   -2655.4133892   -800.7612228
1692.0842203   -2648.6012936   -716.2142396
1691.5684017   -2659.1515541   -838.3035064
1691.5023597   -2658.2090855   -825.8636594
1690.1036771   -2658.564806   -821.9496608
1691.779879   -2651.5240669   -748.4208345
1691.6591199   -2650.9096622   -737.745285
1691.557196   -2650.4523754   -731.8866849
1691.2687095   -2650.8791447   -735.032022
1690.2344497   -2659.3077183   -830.3775787
1691.7664083   -2651.6299248   -750.2416968
1688.9969381   -2653.3687115   -752.3980141
1690.8681663   -2656.4347744   -808.5840344
1692.4960884   -2652.7953148   -778.1259418
1692.2090324   -2652.9893875   -778.8177729
1689.8242506   -2654.4833183   -782.7175856
1690.6656297   -2648.7724781   -711.6221189
1689.840463   -2654.0176868   -773.6392617
1690.5949386   -2657.1087837   -812.5140071
1689.9469169   -2655.402422   -796.250701
1689.6344694   -2650.3171921   -719.7048068
1690.6900676   -2650.0563622   -722.916007
1689.3832954   -2652.6458263   -744.1163063
1688.3793148   -2660.7797146   -834.8018527
1689.2280849   -2655.3759575   -791.3796306
1691.6159662   -2652.8706551   -770.7080245
1690.340546   -2660.8450413   -850.3638506
1688.9425787   -2654.0932655   -765.7598257
1690.1803287   -2653.5778046   -768.8257694
1689.373401   -2653.9108753   -766.7093873
1690.1161941   -2650.9003639   -728.5397053
1691.2956508   -2650.0191689   -725.7794738
1690.1437315   -2654.0110111   -776.935935
1690.923241   -2653.4786224   -775.0181556
1690.3580698   -2651.9715786   -742.3951626
1690.6241449   -2652.9238224   -761.8464231
1688.7375387   -2653.7077427   -755.7638884
1688.3933815   -2661.6914272   -847.4781513
1690.1296648   -2651.1106491   -730.830729
1690.0257143   -2651.0498524   -729.8257947
1688.6627945   -2658.9727402   -819.2740679
1688.9658245   -2652.1856785   -736.6030812
1689.7849115   -2653.9216042   -771.3189125
1688.5487112   -2655.4253101   -787.0517969
1688.4544166   -2656.9209099   -802.4876118
1689.4148859   -2656.7883492   -805.4446578
1689.3787654   -2650.5410671   -720.7897305
1688.3739503   -2651.1292458   -721.5179205
1688.754228   -2649.4381428   -709.1138959
1688.4185346   -2653.8681984   -755.3537488
1698.2538971   -2631.5805912   -587.3741508
1697.9961666   -2634.3061924   -608.5711718
1697.6212534   -2633.6271763   -601.8449664
1698.3164819   -2639.9452686   -681.4318299
1697.6038488   -2640.904665   -686.4303946
1698.3346017   -2638.7739182   -669.4372296
1697.4200281   -2641.6046619   -691.4048791
1695.1673301   -2633.9886189   -579.5721412
1694.8578628   -2634.9580288   -569.7561502
1694.1944631   -2635.0154877   -574.40871
1698.291448   -2633.9614391   -640.9516931
1695.1324018   -2635.491848   -614.7202849
1696.5824636   -2634.3250275   -561.8059039
1698.1529268   -2638.5765076   -666.4172411
1698.1084617   -2633.5983276   -631.1910748
1697.1354755   -2634.1278553   -627.4133921
1697.5751194   -2639.6377087   -673.9429832
1697.5342306   -2636.9478703   -653.5959244
1697.8612217   -2637.178421   -656.0669541
1696.8761953   -2635.0297928   -643.3268189
1696.6150077   -2632.802248   -583.5033655
1697.5412639   -2638.0288601   -660.1961851
1697.3073753   -2643.5928345   -703.8267851
1695.5675157   -2635.0131035   -623.0617166
1696.9303163   -2634.3095303   -636.8427277
1696.2664398   -2637.3543739   -651.6751647
1696.2834867   -2642.3616409   -691.9794679
1696.640757   -2642.7755356   -696.4675188
1695.920256   -2643.0258751   -695.4461932
1695.6055435   -2639.6362782   -663.2091999
1697.1630128   -2638.3037567   -660.535872
1696.6740163   -2640.5467987   -677.8378487
1696.8605789   -2632.80797   -592.4069881
1694.2396434   -2634.1369152   -589.4877315
1694.5675882   -2635.2329254   -565.3490424
1695.8841356   -2640.3672695   -670.4744697
1695.5145868   -2636.3325119   -645.4806924
1694.5102485   -2634.6902847   -597.9322195
1693.8829692   -2635.9124184   -620.2791333
1696.060923   -2634.6197128   -634.0833306
1696.3058981   -2643.989563   -702.753067
1695.8538564   -2643.6910629   -699.3237734
1695.8875927   -2640.0537491   -667.5179005
1696.5751918   -2641.4988041   -686.1844659
1695.6520351   -2641.5319443   -681.2853217
1693.8784393   -2634.4561577   -584.7530961
1696.8176635   -2639.3694878   -666.5688753
1695.0173648   -2635.0791454   -630.9610009
1694.2504915   -2635.6091499   -605.0539613
1691.9501098   -2636.8598938   -609.4277501
1693.8590082   -2636.1966133   -638.7148499
1695.0420412   -2639.0988827   -657.5631499
1694.491175   -2639.2230988   -656.3599706
1693.397549   -2635.787487   -601.9332409
1694.9878009   -2642.6563263   -688.3507371
1696.6622146   -2640.3295994   -675.4495502
1695.6864866   -2640.8481598   -674.6772528
1694.7490247   -2641.3302422   -673.586607
1695.9203752   -2639.0628815   -660.6019735
1696.4695724   -2642.9674625   -697.0950961
1695.6491741   -2642.6799297   -691.4678216
1693.3483156   -2635.9577179   -627.4146438
1693.8935789   -2635.8716488   -635.5451345
1692.4418481   -2635.437727   -593.6340094
1695.1750787   -2637.5794411   -649.6097445
1695.0633796   -2638.0338669   -651.5706778
1694.3662437   -2640.4891014   -664.0570164
1695.1248916   -2640.3353214   -666.2474275
1694.1814693   -2641.8848038   -675.6693721
1695.27891   -2642.1868801   -685.6561303
1695.3857215   -2641.5441036   -679.6879768
1695.1971325   -2642.2891617   -686.1209273
1693.9403089   -2644.8757648   -699.8645663
1694.8313984   -2644.7417736   -702.141881
1694.3537267   -2644.110918   -696.2271929
1694.0739425   -2636.5594864   -642.2489285
1694.5458921   -2645.4172134   -705.1709294
1694.672254   -2639.6503448   -659.5362425
1694.3856748   -2640.1464939   -661.9979143
1694.5281299   -2641.1566734   -670.0809002
1693.9924034   -2641.1662102   -667.6312685
1694.1865953   -2641.3180828   -669.5934534
1693.7301429   -2637.6850605   -646.1012363
1694.2481073   -2639.0571594   -654.4979215
1693.8176426   -2639.3830776   -654.7658443
1693.4545311   -2643.5112953   -687.4056458
1690.3028759   -2646.2268829   -694.8509812
1689.9316581   -2645.8673477   -689.8598671
1692.5468715   -2636.4405155   -623.4869957
1692.673591   -2643.194437   -679.8496842
1694.2401203   -2640.7752037   -665.4292345
1693.0175098   -2637.6461983   -643.9679861
1693.918732   -2641.9620514   -674.3870378
1692.781833   -2643.4936523   -683.7297082
1693.6859163   -2638.7639046   -651.0756612
1690.379289   -2636.7740631   -577.7554512
1690.1819976   -2636.6238594   -583.2530856
1690.4650005   -2637.6368999   -616.6273355
1693.3006319   -2640.2256489   -657.992065
1691.4398941   -2637.0637417   -630.4064393
1691.5816339   -2636.5408897   -566.9326782
1689.0865835   -2637.5467777   -571.7516541
1691.8242248   -2646.617651   -702.97122
1690.6981739   -2643.7051296   -672.3473668
1690.8679279   -2642.2104836   -661.0959768
1691.470054   -2636.5711689   -561.6200566
1689.0868219   -2637.7511024   -600.2979279
1691.9596466   -2636.8558407   -619.9049354
1690.3604539   -2637.4139786   -604.139626
1693.2878765   -2641.289711   -665.1672721
1690.3878721   -2636.4562511   -589.3078446
1690.6688484   -2643.1319714   -667.4724817
1691.010383   -2638.4320259   -641.4475441
1690.6985315   -2640.5346394   -651.1762738
1690.740374   -2641.4499283   -656.0486555
1690.3256448   -2645.2162266   -685.8600378
1692.4574646   -2636.5725994   -621.67418
1690.4372247   -2637.6457214   -625.9822845
1691.0383972   -2637.771368   -637.144208
1689.6057399   -2638.3943558   -633.6482763
1690.7553943   -2644.3071365   -678.65628
1688.6393102   -2645.2171803   -676.043272
1689.1012462   -2640.7251358   -646.9560266
1689.2434629   -2647.5231647   -699.3334293
1690.3002533   -2644.8383331   -681.8984151
1691.9080289   -2636.8322372   -621.7575669
1690.705088   -2637.5284195   -621.9660044
1689.0167268   -2637.3310089   -593.7553644
1689.9775537   -2648.1206417   -705.3448558
1688.8441118   -2648.2651234   -702.4297118
1688.4622844   -2639.5835876   -637.9602551
1698.1084617   -2631.7887306   -533.6675644
1697.1595558   -2628.3102036   -490.8334315
1698.1680664   -2631.0639381   -527.1528959
1698.2392343   -2633.2957745   -552.0902872
1698.0008157   -2632.686615   -542.2698259
1697.1751722   -2633.3374977   -545.5708504
1697.6474794   -2629.5101643   -507.3961616
1696.6474327   -2629.6672821   -502.9470325
1697.617081   -2629.8723221   -512.9723549
1696.0158619   -2634.3080997   -552.8033972
1694.9587139   -2635.0009441   -556.6913486
1695.5052885   -2629.7192574   -497.1880317
1694.9699195   -2631.7722797   -521.4650035
1696.1660656   -2627.7682781   -481.6403985
1694.2533525   -2629.1196346   -485.5623245
1695.7229646   -2627.4871826   -477.7279496
1694.2651542   -2634.827137   -548.7855673
1694.8498758   -2627.2711754   -473.2262492
1694.7547468   -2633.0287457   -531.5477252
1691.7333873   -2633.9404583   -528.4928679
1694.9289116   -2633.7342262   -538.9499664
1695.1924833   -2633.9766979   -542.8919196
1693.4464248   -2627.1767616   -468.2103693
1689.5967992   -2632.5397491   -508.2547069
1692.3901113   -2631.3569546   -503.4328103
1689.9594339   -2633.2027912   -517.7562833
1692.9284605   -2635.1251602   -545.0242162
1691.8270858   -2630.6569576   -491.2277162
1693.6792406   -2630.6760311   -500.3157854
1692.621735   -2626.7027855   -462.9070759
1691.6177543   -2625.9715557   -455.983609
1692.5016912   -2626.1618137   -459.4478011
1692.757872   -2629.1952133   -480.3918302
1691.0523447   -2636.4560127   -553.3971786
1692.6942142   -2628.7009716   -476.2116969
1690.0788816   -2631.7048073   -497.7150857
1691.0385164   -2635.4830265   -540.7448411
1688.5237964   -2634.4001293   -523.6031413
1691.0515102   -2635.1695061   -537.2251272
1690.722731   -2628.9122105   -472.4432826
1691.1515268   -2625.4913807   -451.852113
1691.3723024   -2634.6771717   -533.8843465
1691.0614046   -2635.9713078   -546.3463664
1689.9626525   -2636.2178326   -544.2131162
1689.3248829   -2630.106926   -477.3621857
1689.1192468   -2627.6841164   -460.0949883
1689.0107664   -2635.4708672   -533.3682895
