2.3656162   -1694.8120594   -268.3175206
5.4387721   -1693.067193   -264.0092373
7.8292163   -1693.9377785   -264.7954822
-1.2107221   -1694.801569   -268.825233
0.1003417   -1693.1529045   -265.4741406
-4.568967   -1694.7566271   -269.002676
-2.9687015   -1693.6286688   -266.700685
-8.3513585   -1694.41998   -267.621249
-6.0509769   -1693.459034   -265.9271657
-10.8785359   -1694.5766211   -266.9825554
-13.4605495   -1695.0218678   -266.813457
-16.1074726   -1694.9679852   -264.7694051
23.7906846   -1694.2793131   -239.1480505
23.5493454   -1694.280982   -243.2886213
24.1747769   -1694.5209503   -235.1021916
23.1036814   -1694.948554   -249.7897446
21.3157209   -1693.9606667   -227.6208252
21.1845311   -1693.3989525   -245.2671528
21.4383277   -1693.4235096   -232.4636877
21.3777097   -1694.8863268   -253.2330751
21.3061842   -1695.1314211   -220.2825546
20.9640535   -1692.9969788   -236.610353
20.1711925   -1692.7012205   -241.0430461
19.5600065   -1695.0132847   -256.7763329
19.4484266   -1693.3826208   -249.819845
19.266394   -1693.8271523   -223.1206596
17.4382599   -1691.9679642   -245.2830374
18.5954245   -1692.4436092   -230.5391878
18.2839306   -1692.011714   -234.0814769
17.6173123   -1693.4306622   -253.6922991
16.2272724   -1692.111969   -226.9317806
18.5713442   -1694.1927671   -219.6254581
17.7080306   -1691.6511059   -237.8356755
16.5604623   -1694.2765713   -216.3144052
16.7632373   -1691.3683414   -241.0755455
15.4933008   -1693.9165592   -258.6047649
15.3143676   -1691.9262409   -250.3301203
14.9434479   -1692.6999092   -221.2727815
15.5582102   -1691.2581921   -231.6611409
14.0484842   -1690.3321743   -236.0029221
14.5261558   -1695.0179338   -262.5679672
14.6218213   -1690.5354261   -238.7951612
13.8470801   -1692.2624111   -254.4982135
13.743666   -1690.433383   -242.4038649
11.3705071   -1690.1880503   -246.9506115
13.0607756   -1693.882823   -213.7539983
12.2394236   -1692.7813292   -217.3418105
12.2852596   -1690.5671358   -229.5377851
10.3225978   -1690.8516884   -224.0196913
12.5519904   -1694.8509216   -210.1915777
11.7544802   -1692.8371191   -258.9908242
12.5422748   -1690.1574135   -233.523652
11.9559439   -1691.0456419   -251.6231537
10.1774009   -1691.5338039   -220.8274901
11.2958821   -1689.6057129   -239.4397855
10.9438571   -1694.1959858   -263.4548545
9.6592578   -1691.3455725   -255.9550107
9.7024711   -1689.2718077   -242.0637459
10.4123028   -1693.2984591   -213.5175765
10.0415023   -1689.426899   -235.8591408
8.8299187   -1694.2965984   -209.6628249
9.1833743   -1689.5740032   -232.1313322
8.6989077   -1689.9780035   -228.1445563
7.9487237   -1691.6036606   -218.6069191
8.8001164   -1690.1893616   -251.4000833
7.0601972   -1692.4879551   -261.8317306
7.5226697   -1691.71381   -259.0459287
7.701424   -1690.461278   -223.4140635
7.6142224   -1688.9207363   -243.7287271
7.5204643   -1689.2806292   -247.2216189
6.0798796   -1695.2552795   -206.0304582
8.3556446   -1688.9237165   -238.2897735
7.5817975   -1693.000555   -213.2789195
6.3410672   -1690.4643774   -255.2823722
6.0178312   -1688.8154745   -235.2030128
4.711059   -1689.0085936   -231.7889482
5.0260099   -1693.1682825   -211.7967904
5.276409   -1689.4317865   -251.1093915
5.9120329   -1689.7293329   -226.9224375
5.7192715   -1688.6291504   -239.6766245
5.0924095   -1692.1675205   -215.4899985
4.6627792   -1691.1513805   -219.6775675
4.9470337   -1690.2073622   -223.9340395
3.9790543   -1688.7372732   -246.8878329
3.8414868   -1691.0692453   -259.1257393
2.9263767   -1689.7286177   -254.7368109
2.6570233   -1688.356638   -242.2377765
2.6598843   -1694.5011616   -207.8305781
2.4019154   -1688.4498596   -237.6846373
2.3819479   -1688.634634   -234.1900915
1.2552413   -1689.7063255   -226.547122
3.4676465   -1691.9555664   -261.9604468
1.5999349   -1688.9867783   -231.6967249
1.47554   -1689.129591   -252.4377406
2.9722723   -1692.7415133   -213.3023441
1.9339594   -1691.852808   -216.4209634
1.1992129   -1690.4076338   -223.0779529
1.0915669   -1693.5760975   -210.5863541
0.7910403   -1691.2606955   -219.4138467
1.808432   -1692.2117472   -263.1177902
0.4905137   -1688.3550882   -245.7448691
0.5768212   -1691.5893555   -261.6486251
-0.3187982   -1690.5996799   -258.5954666
-0.3220765   -1692.7714348   -213.801235
-0.6307093   -1694.7972775   -207.4864656
-1.3494817   -1688.3355379   -240.2484566
-0.6966916   -1688.3066893   -244.5833683
-1.4723269   -1689.6268129   -228.5780162
-0.062379   -1689.6709204   -255.4104328
-1.1858074   -1688.552022   -237.2687459
-1.5470711   -1692.045331   -217.1341777
-1.9112555   -1689.0619993   -252.5240779
-2.7592508   -1689.1334057   -233.2514822
-2.2576777   -1691.2844181   -220.8680063
-2.207729   -1690.4380322   -224.7639745
-2.9870001   -1693.9846277   -210.9239101
-3.0919639   -1692.4870014   -264.0364766
-4.2350022   -1688.7034178   -247.1288145
-2.7225939   -1689.4382238   -254.1129887
-3.4548966   -1690.9381151   -259.7258091
-4.5815436   -1693.2297945   -213.9821351
-6.5289465   -1688.871026   -245.2736497
-4.6257702   -1688.963294   -237.349838
-4.961702   -1690.4289722   -227.1577418
-4.4157235   -1689.7685528   -230.2058786
-6.0170618   -1692.6811934   -217.8383917
-3.9380518   -1689.2846823   -252.5036335
-5.431923   -1689.1297102   -249.8623729
-5.6818453   -1691.4680004   -223.1149971
-6.376001   -1688.9554262   -242.0405447
-6.2480894   -1689.6600723   -233.0660224
-7.0193736   -1690.8445358   -258.0989599
-6.7826239   -1689.9405718   -253.6649108
-5.8418838   -1691.5997267   -261.2896264
-7.3972074   -1690.4575825   -230.1731706
-8.0311028   -1689.5983219   -238.2053584
-8.4948865   -1691.3845539   -226.2176871
-7.7634183   -1689.3320084   -247.3903596
-10.3695718   -1690.2561188   -250.4858673
-10.0933043   -1692.8594112   -221.9042927
-8.955392   -1694.3737268   -214.2453641
-7.9344241   -1691.8262243   -261.0671818
-9.0897409   -1692.9661036   -263.6266351
-8.8227121   -1689.5848513   -241.5861785
-10.264608   -1693.8433647   -217.6881284
-10.4872314   -1691.2622452   -256.7028701
-8.8377324   -1689.524889   -244.6772456
-10.8535615   -1690.7863617   -253.57306
-10.8679263   -1691.0245419   -232.5646728
-10.130736   -1690.4121637   -236.0255122
-10.492715   -1691.4693117   -228.968665
-11.2189976   -1690.3073788   -247.2846508
-12.1772615   -1692.5976276   -260.4039311
-11.5480749   -1690.5905008   -239.293471
-12.1145574   -1692.6604509   -226.1840254
-11.6582242   -1690.4613972   -243.2589233
-12.8291575   -1693.6734915   -263.3445263
-13.4231178   -1694.6935654   -219.2750126
-14.3894879   -1694.1910982   -223.2141346
-13.0784837   -1691.3756132   -235.8832359
-13.454291   -1692.3691034   -229.7923118
-13.680729   -1691.5704012   -253.4195185
-14.5258037   -1692.6478148   -258.3820224
-14.264795   -1692.2004223   -233.0156416
-15.1931969   -1691.6267872   -245.2562451
-14.1710965   -1691.403389   -249.3867427
-14.4952861   -1691.595912   -240.0536984
-15.6532256   -1693.9746141   -227.0698547
-15.6909553   -1693.805337   -261.5531981
-16.7195527   -1692.9811239   -235.8049005
-15.9694878   -1692.1317577   -252.1716356
-17.0055357   -1693.8778162   -231.1074883
-17.2545043   -1693.0639744   -255.4608881
-17.4842206   -1692.5735474   -248.9423603
-17.950329   -1693.0493116   -240.8407032
-18.2243911   -1694.0914392   -259.0986788
-19.2668167   -1693.3950186   -245.5621958
-18.474671   -1695.2254772   -227.9461473
-18.7626807   -1695.1379776   -262.6269758
-19.2816583   -1693.5203075   -252.2405088
-19.9572174   -1694.8896646   -233.8892221
-19.7937814   -1694.2778826   -237.3062223
-21.3124482   -1694.7826147   -255.984664
-20.81314   -1693.9663887   -248.9803135
-21.633896   -1694.6077347   -243.0619299
-21.7003552   -1695.0486898   -239.6589071
-22.919747   -1695.0401068   -247.6011664
-22.7033821   -1694.9762106   -251.842469
