-817.5610033   -2704.8974037   28.9817676
-821.132156   -2705.2457333   28.5471771
-824.9246804   -2705.1591873   30.2111227
-571.3854758   -2695.3468323   118.8739389
-573.8410679   -2696.138382   125.5098432
-574.1532771   -2696.3596344   122.0948547
-573.5958544   -2695.8255768   116.8620884
-574.5154349   -2695.6796646   130.8340728
-575.590345   -2696.0349083   114.5424023
-577.0915476   -2697.1328259   118.5066551
-577.6290623   -2697.514534   123.0431944
-578.6109892   -2697.5893974   127.7089566
-578.8547722   -2696.7682838   133.3856136
-579.3107478   -2695.4033375   108.5569486
-579.367849   -2696.9394684   113.4889871
-580.0608126   -2698.2483864   121.0813597
-581.7291466   -2698.4453201   117.8583726
-581.6361634   -2696.6247559   138.0603611
-580.5160729   -2698.441267   124.0222901
-582.7188221   -2695.9974766   141.3497478
-582.1882216   -2698.4598637   130.4037571
-582.690808   -2699.0725994   126.2380481
-583.5827319   -2695.8296299   106.5982878
-581.8338124   -2697.6356506   134.265855
-582.8667609   -2697.1182823   110.672228
-583.7957589   -2698.3659267   114.2688468
-583.4574429   -2699.3243694   121.9981983
-585.4826895   -2696.0117817   143.7661946
-585.2465359   -2698.1568336   136.9528025
-586.2033097   -2699.706316   117.8928912
-585.4905573   -2699.243784   132.3983818
-585.756394   -2699.8679638   128.3662915
-585.6613842   -2700.0164986   124.868907
-585.6179921   -2697.4749565   109.4634831
-586.3748518   -2698.7431049   112.9049137
-587.4063698   -2700.4666328   122.0450029
-587.0840279   -2697.1898079   107.7172086
-587.0878426   -2696.2726116   105.5569425
-587.4248473   -2697.6134777   141.1251426
-588.3631436   -2699.7563839   134.3988329
-589.5204274   -2699.1961002   138.2124126
-589.9582831   -2697.019577   144.6357369
-589.5250765   -2700.7193565   130.5334717
-589.1755549   -2698.741436   110.6427014
-589.0745846   -2700.9909153   125.6899834
-589.3182484   -2695.6465244   103.3570543
-590.6274048   -2700.3948689   115.6294793
-589.9572102   -2701.0729313   120.9055409
-590.1527134   -2697.2985268   106.4905599
-591.2320343   -2696.3796616   146.7902958
-591.9226138   -2700.8221149   134.4481707
-592.0872418   -2698.8494396   141.7129189
-592.2416178   -2701.7378807   127.5651306
-592.723581   -2701.9460201   124.1576076
-594.3146674   -2698.9338398   108.186774
-593.3092562   -2700.0946999   112.2058854
-593.9992396   -2696.6898441   103.6218852
-594.1810337   -2700.6008625   138.1640732
-594.0210549   -2701.9393444   130.7853907
-593.2260481   -2701.7214298   119.955048
-594.2325322   -2697.9448795   145.3891695
-596.0607258   -2701.5707493   115.3412834
-596.3648287   -2697.0660686   148.3456343
-597.469422   -2702.3355961   134.4262064
-596.1744515   -2700.0045776   141.9180781
-596.9127146   -2695.687294   101.3955623
-595.9518877   -2702.7347088   126.6376972
-595.6028429   -2702.5344372   122.8595003
-597.8090493   -2702.7668953   119.9840382
-596.4277712   -2700.5414963   111.3166437
-598.6052481   -2698.1356144   104.6934053
-598.4933106   -2703.0642033   130.9876591
-599.4726149   -2702.0688057   138.0677968
-597.0414606   -2698.9564896   144.9569017
-598.85523   -2700.1683712   108.750768
-598.3665911   -2703.2327652   123.5813573
-599.4871584   -2696.6359615   150.8913785
-600.3895728   -2703.7606239   126.5476197
-599.6880261   -2701.5562057   112.2383922
-601.5518633   -2702.9685974   116.3394749
-600.2642838   -2700.7348537   143.0594623
-600.0506607   -2698.5530853   147.7560401
-600.5887715   -2695.8477497   101.1205465
-602.181646   -2703.8965225   121.9446734
-601.2636153   -2703.3698559   133.888945
-603.0738083   -2704.1671276   130.1793158
-602.3968188   -2699.9299526   106.7721322
-604.1762558   -2698.0953217   103.3856198
-601.922485   -2701.1790276   109.7073257
-601.6800133   -2701.90382   140.7417357
-603.6593644   -2703.4711838   136.3128871
-604.622933   -2702.8028965   140.2181238
-602.628204   -2696.9130039   152.1036327
-603.4509865   -2702.3363113   112.1740937
-603.9252011   -2700.5183697   145.990476
-603.0269591   -2699.4652748   147.7623433
-603.6083428   -2701.8988132   142.3179954
-604.4665305   -2704.6022415   125.998497
-604.068133   -2696.0594654   100.9832993
-604.2322842   -2704.0903568   133.3543956
-605.9032408   -2696.2499619   155.1092565
-606.0306755   -2704.2164803   118.5193583
-605.893108   -2703.4337521   114.5079136
-605.341169   -2701.5039921   108.8335291
-606.831762   -2704.8602104   122.7280498
-605.7682959   -2699.9535561   105.823569
-605.9776274   -2698.9018917   150.5500823
-606.0484377   -2704.6530247   131.6699833
-606.7795483   -2704.9701214   128.8012713
-606.4763991   -2703.6552429   138.3378953
-606.4377753   -2702.7528286   111.6032824
-606.6611735   -2702.1894455   143.563062
-607.1804491   -2704.4866085   134.6798688
-608.1124274   -2701.2426853   146.8814611
-607.5736014   -2696.2330341   100.7576361
-608.1400839   -2698.946476   103.6614254
-607.7223746   -2705.2025795   125.8733571
-608.9353291   -2695.3904629   158.4363729
-608.833882   -2701.0364532   106.619738
-609.0273587   -2702.6200294   109.9155471
-609.016153   -2703.476429   141.03809
-609.4109742   -2704.3383121   115.7740429
-608.5939137   -2703.5028934   112.7964482
-608.8998047   -2698.0683804   153.7221372
-610.6898514   -2700.381279   150.26021
-611.0499827   -2699.6901035   151.8519223
-610.4625193   -2705.2283287   120.0037152
-609.0504853   -2705.2152157   131.3291341
-609.8497836   -2704.4641972   137.4893188
-609.6913544   -2702.6138306   144.2187726
-611.0845534   -2705.206871   134.2072338
-613.0418507   -2696.8772411   100.5493551
-611.7222039   -2695.9757805   159.1730714
-611.8756262   -2702.1439075   146.6981024
-613.3640734   -2700.4234791   104.2668298
-612.306091   -2703.9854527   112.3694181
-612.8561226   -2702.3684978   107.686311
-612.1277539   -2697.9014874   155.8915079
-612.7483574   -2703.5901546   142.8894252
-613.3831469   -2704.5207024   139.8391873
-613.2901637   -2705.1444054   116.6003272
-614.4638983   -2695.7983971   161.0051095
-613.4688584   -2705.1205635   136.9233876
-614.3243042   -2701.3685703   149.8881131
-614.4277779   -2700.0415325   152.960211
-615.7730547   -2703.1190395   145.8649635
-615.2435271   -2698.3127594   156.846121
-615.771505   -2699.9356747   103.0427292
-616.520497   -2703.8843632   110.0421995
-616.5923802   -2705.0805092   114.0556484
-616.2010161   -2704.1826248   142.563194
-617.1216694   -2702.395916   106.1285213
-616.0236327   -2697.4401474   100.4032716
-617.2240702   -2705.1739693   138.9120668
-617.5083844   -2697.3118782   159.8684788
-618.901941   -2696.5782642   99.0237147
-616.7075364   -2700.861454   152.2489339
-619.6738211   -2702.5182247   149.1640359
-619.9030606   -2696.1591244   163.0817801
-619.2587344   -2699.4626522   156.4168185
-618.2598797   -2699.0330219   101.3923213
-619.4556681   -2701.1210918   103.4262478
-619.6785895   -2704.1802406   143.8772678
-620.6142632   -2705.0585747   111.8433103
-619.7496382   -2703.8400173   108.4478796
-620.4502312   -2701.0893822   153.2525569
-621.3214127   -2703.0365467   105.8394834
-622.0297543   -2698.3265877   159.8917544
-621.2818352   -2699.6877193   101.2092009
-623.4975783   -2698.1117725   99.0381986
-623.7188307   -2700.3555298   156.1464369
-623.1567589   -2701.9796371   103.339389
-622.8768555   -2703.774929   146.3164985
-623.0478016   -2701.8647194   152.1067023
-624.6427027   -2702.9531002   149.4270414
-623.8354174   -2704.7364712   142.9283172
-623.2228009   -2704.4064999   108.6168289
-623.2709614   -2696.7794895   163.2902622
-624.5839325   -2700.4840374   101.0215804
-625.3293482   -2703.5460472   105.5899486
-625.7918803   -2698.2004642   161.462009
-625.0105826   -2699.4128227   158.6441845
-626.3602702   -2696.2785721   165.1275307
-625.8926121   -2696.6667175   96.9655365
-626.4402596   -2704.0412426   145.9862739
-627.0798174   -2702.2366524   152.0650089
-628.6745993   -2702.4829388   102.1854207
-627.2849766   -2704.9157619   108.4676236
-627.8595654   -2699.8176575   99.1586298
-627.7482239   -2701.0681629   155.4790735
-627.7613369   -2705.0387859   141.8861002
-628.7760464   -2703.0384541   149.8390287
-628.7693707   -2699.7394562   158.9800417
-629.756066   -2704.0145397   105.0206572
-628.9912192   -2698.1101036   162.5375003
-629.0799109   -2696.5720654   95.683068
-630.2748648   -2696.898222   165.128544
-630.7371584   -2704.2255402   145.3749835
-631.1751334   -2701.4799118   155.0648957
-630.7772128   -2705.2669525   108.3999649
-630.0570694   -2701.8561363   100.7937044
-632.5515238   -2705.2676678   140.1384622
-631.2650172   -2698.7168789   96.634075
-632.0610968   -2700.7937431   98.5202193
-632.0912568   -2698.9426613   161.6471708
-634.0149371   -2700.3672123   158.6963385
-633.819553   -2702.4924755   152.2283703
-634.4258515   -2703.3557892   149.0442008
-632.7570406   -2696.6912746   94.1752121
-633.0350367   -2703.2535076   101.7677933
-634.4518391   -2705.0378323   106.536448
-634.2044798   -2697.3977089   165.1123166
-634.5940558   -2701.5841007   155.3442925
-635.2603165   -2704.0910721   145.6521153
-634.6910921   -2699.4287968   95.9235802
-635.6627671   -2701.7993927   98.2092619
-637.0167462   -2699.4283199   161.6542786
-636.8537871   -2704.6973705   142.1727985
-636.5890232   -2697.2415447   92.9272324
-637.0715825   -2703.1104565   99.8430476
-639.6172968   -2703.4907341   149.1144001
-639.2584769   -2702.299118   153.9437622
-636.6924969   -2696.3341236   167.4186289
-638.3692948   -2701.2345791   157.2330296
-637.7374855   -2698.2266903   164.2397493
-638.3747784   -2695.2943802   89.6383002
-639.5841566   -2700.6480694   94.5493802
-640.7099692   -2702.5785446   97.0473513
-639.0353171   -2704.7505379   141.4335072
-641.2334172   -2705.1296234   138.4934336
-641.3513152   -2704.2074203   145.6312984
-639.406058   -2697.8092194   91.7104408
-639.8819415   -2696.8758106   167.0330763
-644.277784   -2704.4184208   99.9579206
-641.4677826   -2698.7884045   163.8137102
-642.6464049   -2695.4517365   169.5850939
-641.6769949   -2700.4361153   160.142839
-643.1922642   -2701.7002106   156.8981856
-642.5053803   -2698.3289719   89.6062553
-641.9714419   -2700.4175186   92.7260071
-643.3899132   -2704.7784328   142.0724839
-642.2549216   -2703.151226   151.39395
-642.8341595   -2697.511673   166.3906127
-643.7118975   -2702.8303146   95.9208831
-644.1424815   -2696.5143681   85.0736573
-644.6461407   -2699.328661   163.2606536
-646.4917389   -2700.8368969   160.2787822
-646.022412   -2701.2524605   91.1494941
-645.6749169   -2704.0150166   148.5945433
-645.8449093   -2703.2806873   152.1329582
-647.9325024   -2700.3760338   87.6917094
-645.7699267   -2697.7622509   166.3705111
-647.4135844   -2704.8327923   144.6790397
-646.721336   -2702.7690411   94.0006077
-646.9310252   -2702.3968697   155.864656
-647.7161375   -2697.2417831   82.3164955
-648.6403672   -2704.5462132   97.8838727
-647.9432312   -2699.4903088   163.5414362
-649.9917237   -2701.8697262   158.3843678
-649.0369765   -2703.4263611   152.9744267
-649.3472783   -2704.8001289   146.4090645
-650.8353678   -2704.4610977   149.6801823
-648.3002631   -2696.6280937   168.4438735
-650.1182047   -2698.0021   166.5102988
-649.8232809   -2702.1656036   90.1862085
-650.0876871   -2700.1273632   85.3167847
-652.913901   -2704.1637897   94.0965861
-650.5949227   -2695.694685   170.0485051
-651.6291825   -2703.1340599   155.1680863
-650.3845183   -2696.821928   79.0696368
-649.8863427   -2700.6046772   161.4917517
-649.8441426   -2699.0578175   83.5678801
-650.7099596   -2698.6196041   81.8847641
-653.5122124   -2699.6486187   164.0648544
-656.0533968   -2704.4184208   152.7719498
-653.3292262   -2696.552515   76.033026
-653.7607638   -2705.1513195   148.3952254
-653.6415545   -2702.6159763   88.5998011
-652.4119107   -2700.9418011   161.2389684
-654.1347233   -2702.2297382   158.5487723
-654.6836821   -2697.7748871   167.3948765
-653.3835856   -2698.3160973   79.1556835
-654.3235508   -2701.2014389   84.5116153
-654.8367468   -2703.138113   156.307891
-654.7708241   -2699.9046803   81.3659802
-656.5316645   -2701.6751766   160.4227275
-656.9797722   -2704.0393353   90.7016546
-657.584521   -2705.0018311   94.1826105
-656.2468735   -2698.8544464   78.0819654
-657.0398537   -2697.2613335   74.4907632
-658.2431523   -2698.1008053   167.1862602
-660.2662531   -2700.0281811   164.2247736
-656.5164057   -2702.7187347   86.8998542
-658.3900181   -2702.8255463   158.1389159
-657.8867165   -2701.6940117   83.2190067
-657.4011771   -2695.7743168   71.5489686
-659.1181485   -2696.356535   169.7562337
-660.2384774   -2704.0455341   155.5309594
-660.1432291   -2699.0664005   75.6127909
-661.4926783   -2701.1885643   79.5127004
-659.7054926   -2703.6499977   87.6153111
-660.1146189   -2701.7655373   160.8267277
-660.8760086   -2705.0235271   92.1863616
-660.5080096   -2696.901083   71.4740753
-659.3548981   -2695.4088211   69.2966133
-662.2463194   -2703.0105591   83.8880092
-662.0502201   -2695.5018044   67.1964809
-662.9606215   -2697.7655888   167.9291576
-661.6954533   -2702.7106285   159.1450125
-662.6608101   -2698.8837719   73.4690204
-663.7142626   -2704.5192719   88.2979929
-663.541886   -2701.7126083   161.4967436
-663.9080969   -2700.4110813   76.0907382
-665.2462212   -2699.4636059   165.5966938
-664.1306607   -2697.249651   69.0228865
-664.5675627   -2702.6560307   81.3599303
-666.311237   -2702.4741173   79.8035786
-664.7186009   -2703.4583092   158.1079066
-664.7097794   -2695.7018375   65.4109716
-666.2816731   -2703.8536072   84.1518566
-666.1177603   -2699.3653774   72.3580644
-666.2794081   -2697.6475716   168.3664471
-667.0754877   -2702.7513981   160.0202471
-667.8160159   -2700.7036209   163.7808979
-667.1077935   -2704.8289776   87.3930305
-667.5617424   -2701.14398   75.8044645
-667.6175324   -2695.3322887   63.0481765
-668.1167809   -2697.5708008   67.4092621
-668.449494   -2704.4429779   156.8156183
-669.740173   -2698.2052326   167.7509546
-668.9887968   -2702.5158405   78.703694
-669.9781147   -2699.9535561   72.0494837
-669.7419611   -2703.751564   81.9928646
-669.5019928   -2704.7162056   85.708715
-669.6705548   -2701.5035152   162.6362503
-670.9242789   -2703.7506104   158.7227434
-670.7547633   -2701.7338276   75.9950951
-672.2094742   -2696.4664459   63.820973
-671.7793671   -2696.035862   170.9008515
-671.639177   -2700.1752853   164.9457812
-672.198507   -2698.4307766   67.9659769
-673.2058255   -2703.1927109   79.035908
-673.4665362   -2704.7438622   83.6098343
-673.0378596   -2702.0099163   162.1884406
-674.8572318   -2698.764801   167.2764868
-674.0845171   -2701.5285492   74.5161176
-674.9289957   -2699.7971535   70.340246
-674.1234986   -2705.0464153   156.8294019
-676.2860743   -2703.649044   159.8573923
-676.6222445   -2700.9942532   164.1387194
-676.6532389   -2697.3311901   169.4845408
-675.8057801   -2697.9911327   66.3855374
-676.9711701   -2696.2397099   62.7351254
-677.750322   -2704.6363354   81.805259
-677.5467125   -2702.8551102   77.0565867
-679.2121855   -2695.6267357   172.018677
-678.134772   -2701.110363   72.8527009
-678.6306826   -2699.025631   167.266652
-679.3698994   -2699.1586685   68.6034337
-679.1807143   -2697.4036694   65.0646761
-678.8612334   -2702.4893761   162.1290594
-678.849074   -2703.8180828   160.0015312
-680.2254645   -2700.6483078   165.0861353
-681.2547175   -2695.8589554   62.3242594
-680.6564061   -2703.9217949   79.2471394
-681.4795462   -2702.1932602   75.1116648
-681.3548533   -2700.6440163   71.7918277
-685.1379601   -2700.3674507   166.1673635
-682.8387705   -2697.9048252   169.3011075
-682.2244851   -2703.864336   160.4893357
-682.8940836   -2702.2435665   163.1335616
-682.6028553   -2697.3557472   65.3952807
-683.6268631   -2698.9769936   68.7733814
-685.1217476   -2696.205616   171.8943715
-683.8371483   -2704.0941715   79.5150846
-683.4697453   -2701.1117935   73.0318651
-685.9699217   -2702.180624   75.5265355
-685.1603714   -2704.7116756   159.687385
-687.0776144   -2705.2147388   81.8150789
-686.5017144   -2697.54076   66.9236407
-686.2233607   -2698.2121468   169.2729592
-687.954518   -2703.5503387   161.9493961
-686.7586104   -2700.6449699   72.7913305
-688.8521639   -2698.7812519   69.8945895
-688.8805357   -2703.5906315   78.5836354
-689.7108284   -2697.988987   169.8769331
-689.3331734   -2705.0857544   159.9242538
-688.3941618   -2702.203989   75.9846047
-690.9914938   -2700.5741596   166.4573401
-689.3065897   -2702.1098137   164.1638875
-693.6481921   -2695.9767342   66.9511557
-690.1620356   -2700.1185417   72.6791471
-691.8825833   -2703.3224106   162.8124863
-693.2627884   -2703.5732269   78.9989457
-694.4341389   -2700.3602982   74.2154941
-693.0615631   -2705.0104141   160.6051624
-692.6532713   -2698.5957623   70.8361566
-692.1544997   -2695.8215237   172.8258133
-692.1580759   -2699.4762421   168.0150181
-693.7215058   -2697.9212761   170.0993776
-694.8051182   -2705.2452564   81.6991106
-695.1169697   -2700.3097534   167.0218706
-696.4856116   -2702.8460503   163.8248265
-696.4342324   -2697.8497505   70.7840547
-698.7458197   -2702.2607327   77.6631609
-698.0308024   -2698.6074448   169.1151857
-700.3463236   -2698.805809   73.1393844
-700.3885237   -2701.9591331   164.8585945
-701.0386912   -2704.0193081   162.3887867
-701.039168   -2695.7879066   68.9469874
-700.8207766   -2695.3134537   172.7301925
-700.9523837   -2698.6763477   168.6738729
-703.8490502   -2702.9280663   78.759335
-704.1105954   -2700.4051208   75.6638721
-707.0125071   -2697.1523762   71.8206242
-703.1155554   -2700.7436752   166.0470515
-704.309198   -2703.8402557   162.4942571
-703.7648884   -2698.0247498   169.0618843
-707.596275   -2702.1770477   164.0369594
-706.2327591   -2699.7318268   166.7865068
-708.8051764   -2697.1211433   169.1666842
-706.5384118   -2701.6470432   77.194795
-707.31661   -2703.9372921   79.8460245
-706.8363158   -2702.6181221   78.3720389
-708.2211701   -2700.0920773   75.3660351
-709.0482441   -2704.4029236   161.6222709
-709.269735   -2699.9015808   166.1306322
-709.6900669   -2702.2697926   77.8366551
-713.0266158   -2696.1934566   70.402272
-711.083862   -2704.7104836   80.4042891
-711.2927166   -2700.8700371   164.8693532
-713.9039961   -2700.0291348   74.8334154
-712.683293   -2698.8792419   166.6105986
-712.1740309   -2696.5856552   169.1098064
-713.1476132   -2702.7995586   162.7493501
-713.9081684   -2703.2825947   78.4875676
-715.0109736   -2701.0071278   164.2293483
-715.6258551   -2697.994709   167.0850664
-717.066857   -2703.8118839   161.4324003
-716.3586346   -2697.8375912   71.9860047
-716.9981924   -2695.7426071   69.7101504
-719.5801464   -2701.8940449   75.8231059
-718.2965008   -2699.7117996   73.6839846
-719.7720734   -2705.0182819   79.3836936
-718.735191   -2699.8877525   164.8038179
-720.1039521   -2695.523262   168.9428985
-720.1854912   -2698.2190609   71.8916133
-719.984862   -2695.8944798   69.6023256
-720.9020583   -2701.936245   162.7405584
-721.1891142   -2704.5207024   160.4910195
-722.0926014   -2701.2414932   74.5060816
-724.3966786   -2695.9075928   167.8626835
-724.7763602   -2699.9075413   164.0456468
-724.1520611   -2704.1773796   77.175878
-723.5233513   -2697.3245144   70.5179498
-724.8458592   -2700.5989552   73.2815117
-723.6418454   -2702.8286457   161.6926044
-725.0330178   -2705.0311565   159.7623825
-726.2254683   -2702.6693821   75.0614405
-726.8986432   -2696.9733238   70.0403973
-727.1458832   -2702.2764683   161.8396342
-727.1084515   -2697.956562   165.5321568
-729.4259993   -2700.2131939   163.303867
-728.1330553   -2700.7677555   73.0523989
-731.0851542   -2703.5865784   75.1610175
-730.1093069   -2698.7738609   71.2991506
-732.6398817   -2698.56143   164.2944962
-734.7284285   -2700.5045414   162.4676734
-732.1389643   -2700.7184029   72.5842714
-733.7585417   -2704.69594   159.371078
-732.0700613   -2697.3526478   70.3681707
-735.2131335   -2696.1946487   70.1799989
-735.4930369   -2702.475071   73.7430006
-734.9711386   -2698.7066269   71.2103173
-736.164662   -2696.4466572   165.693894
-737.9005877   -2702.8846741   160.2964699
-736.7944447   -2701.4064789   161.5115702
-738.715264   -2698.6958981   71.2832063
-739.9416891   -2702.5887966   73.5196322
-739.003512   -2699.2707253   162.9114151
-740.267965   -2695.4421997   165.9440994
-740.8082215   -2704.9667835   158.4210098
-743.0243222   -2700.2460957   71.9655305
-741.3880555   -2697.2641945   71.0251257
-742.537233   -2701.9302845   160.3595912
-741.4890257   -2697.520256   163.9049053
-744.0088717   -2703.8478851   73.9744976
-744.7339026   -2698.1878281   71.2054893
-745.6872193   -2698.9386082   162.1487737
-746.6224162   -2701.8661499   159.8500907
-746.9465462   -2696.1345673   164.1289145
-747.2095219   -2697.5338459   71.0588545
-746.6095415   -2702.6441097   72.9633868
-748.3187643   -2705.2435875   74.4638368
-748.6797301   -2704.6701908   157.4721485
-748.1703488   -2701.3430595   72.054103
-748.8555638   -2698.184967   162.076965
-749.6041981   -2701.5740871   159.4687253
-750.1517264   -2701.1532784   71.7911273
-752.6071993   -2697.0694065   70.5597922
-751.2806384   -2704.2689323   73.3195096
-752.0745722   -2703.1745911   157.7949077
-751.8069474   -2699.7573376   160.2254659
-753.3625094   -2697.4081993   161.4837945
-754.1396347   -2701.4517784   71.4410841
-755.1142899   -2704.9462795   155.6475759
-755.4622618   -2701.0390759   158.319056
-758.0245463   -2698.2340813   69.9751824
-757.3991743   -2697.4065304   160.1097286
-758.7874857   -2702.6731968   71.2013543
-758.030626   -2703.4707069   155.7306349
-760.1934401   -2700.5553246   156.7904651
-760.8160702   -2696.8340874   158.8485092
-762.8833977   -2700.0045776   69.6083233
-760.9882084   -2704.2067051   154.0321708
-763.0521981   -2704.2479515   71.186088
-763.5360686   -2697.4844933   156.7976773
-763.8743845   -2702.0790577   153.9134532
-763.6444298   -2705.1551342   152.1646827
-767.0360533   -2697.4885464   68.2732761
-767.5276724   -2702.0537853   69.4485083
-766.4581267   -2700.2220154   153.3439755
-766.8277947   -2704.3516636   150.9445757
-769.9577538   -2701.6062737   150.3090709
-768.9069239   -2698.4741688   152.6792794
-771.3827816   -2699.095726   67.8363815
-772.893521   -2704.5786381   69.3994015
-772.049996   -2699.6285915   149.5953351
-772.1985308   -2696.0771084   151.2816399
-772.255036   -2702.9414177   148.1001228
-774.7161118   -2695.6143379   66.6582957
-776.9815651   -2700.0539303   66.9870824
-774.3121115   -2702.0933628   146.8938142
-776.5541998   -2703.6783695   144.8525637
-775.2548186   -2697.507143   148.2384801
-777.8016058   -2702.6791573   67.6345751
-777.3972479   -2700.4711628   145.4680711
-778.9722411   -2697.3490715   66.0724938
-778.413984   -2697.3743439   146.0983008
-779.4140307   -2703.1772137   143.2270259
-780.6819407   -2699.2259026   143.8950598
-781.2183825   -2704.3559551   67.4539804
-781.0862986   -2700.6900311   66.3734227
-780.4430453   -2696.1662769   145.3873664
-783.5032669   -2698.7829208   65.4632598
-783.193442   -2702.6762962   141.2735879
-783.1036774   -2697.5166798   143.1737691
-785.4307619   -2703.2940388   66.0561249
-786.155316   -2696.9077587   64.8301169
-784.2228142   -2695.6608295   143.3441043
-786.4588229   -2699.9914646   140.5141652
-786.865565   -2703.4237385   139.1549557
-786.8882147   -2696.3715553   141.7324841
-787.9868475   -2700.981617   64.9785846
-790.5487744   -2697.0899105   64.043425
-789.0127627   -2699.6433735   139.491722
-790.2110545   -2703.3975124   137.7550513
-790.5199257   -2695.497036   140.5158639
-794.4844691   -2704.2174339   63.0137324
-793.7948433   -2699.6552944   63.1083772
-792.4626795   -2699.4204521   138.297379
-793.7715975   -2703.9394379   136.2372786
-794.7876183   -2697.6175308   62.9696846
-795.5274311   -2695.638895   63.1703809
-796.9042984   -2701.2329102   136.2312585
-796.665403   -2697.1635818   137.8973275
-797.8508202   -2705.0712109   134.5271915
-797.84331   -2700.9720802   61.0230714
-795.0440375   -2697.7536678   62.8572404
-796.0293023   -2698.2941628   62.4128394
-800.2785174   -2695.4443455   61.8698187
-799.8242108   -2698.6711025   60.4916252
-800.0871865   -2698.8854408   136.4709586
-799.6946303   -2695.3012943   138.0247623
-800.7306782   -2703.2165527   134.6902847
-800.4889218   -2703.7611008   58.4087111
-803.1207053   -2696.4650154   137.2787505
-802.2407023   -2698.7760067   58.7852634
-802.9675213   -2702.988863   56.3218929
-803.3579317   -2700.3893852   135.5619431
-803.8130728   -2703.3369541   134.2931241
-805.2053181   -2699.2595196   56.3352257
-806.3693968   -2696.2456703   57.7622019
-805.360171   -2704.253912   53.0133396
-806.23624   -2701.322794   54.131832
-807.4419228   -2699.2399693   136.5920603
-807.1686951   -2696.7639923   137.8545314
-805.2798239   -2704.5731544   133.7994337
-806.3722578   -2702.1458149   134.9401325
-807.1199385   -2704.5879364   50.3878742
-809.3639342   -2695.4698563   139.2941922
-808.5603444   -2698.3613968   54.2934574
-809.4806401   -2700.8407116   50.7684574
-809.8996607   -2702.3694515   135.8746588
-809.1231314   -2704.2489052   47.3932624
-812.3706309   -2704.9393654   135.6327534
-809.7525565   -2698.4045506   52.8645776
-811.2061945   -2699.1474628   138.1624639
-812.744352   -2696.1371899   51.7945029
-811.7625443   -2703.0854225   44.0193266
-812.5977246   -2700.6790638   46.3091135
-813.0330769   -2702.0874023   137.5703961
-812.6369444   -2696.419239   140.5836493
-813.0731312   -2703.1834126   40.444687
-815.7492606   -2700.0112534   140.3133273
-814.3566576   -2703.3848763   36.8774496
-816.2082163   -2703.6201954   32.916408
-815.3609959   -2700.373888   42.6896401
-815.867993   -2704.044342   138.0033791
-814.5955531   -2698.5118389   46.1172163
-815.4922453   -2696.3779926   142.7590251
-816.7391745   -2695.763588   47.2979136
-815.8092228   -2701.3149261   40.0746539
-819.5688454   -2702.229023   34.5688574
-817.6988093   -2696.4080334   45.6989482
-817.9393736   -2696.2797642   145.143345
-817.9391352   -2698.523283   143.2096511
-819.6160523   -2703.6135197   141.025424
-820.2111451   -2701.4415264   143.0981606
-819.1120354   -2698.8368034   41.210115
-819.209191   -2703.6950588   31.5082148
-820.2408282   -2696.931839   42.9366082
-820.0996844   -2696.0084438   147.8576809
-820.9966151   -2699.4767189   145.5420107
-820.7945553   -2698.7273693   40.0780588
-822.0504252   -2703.2792568   32.431487
-822.0478026   -2695.7461834   150.9252191
-824.2188422   -2697.7536678   39.8521721
-825.8557049   -2702.5988102   34.1726318
-823.1502501   -2703.5396099   144.2948878
-822.70703   -2698.1937885   148.7598717
-823.9226071   -2695.3949928   154.8365057
-825.0747649   -2701.5264034   148.2579261
-824.9524561   -2698.4679699   151.5116096
-826.7912594   -2696.1817741   158.8378102
-827.2752491   -2698.7206936   154.9786925
-827.2281615   -2695.3825951   161.8453562
-828.3749548   -2695.9533691   41.6294299
-830.1244704   -2699.5928288   38.3845381
-827.8796402   -2701.7364502   151.8780142
-828.2973496   -2704.3912411   149.5016813
-830.378863   -2702.5494576   35.9036066
-829.2841641   -2696.4251995   163.8753861
-831.2749592   -2695.8355904   168.2105958
-830.4382292   -2698.2758045   161.5198106
-829.3037144   -2699.0318298   158.0508202
-829.7986714   -2701.4932632   155.208692
-830.6369511   -2704.9257755   151.8000662
-833.6947886   -2697.2324848   40.874701
-834.5863549   -2700.2518177   163.1209552
-832.6624361   -2700.9704113   159.6850604
-832.1163384   -2703.5312653   155.3765982
-834.2624632   -2704.4718266   36.2267867
-835.8980147   -2696.616888   171.381861
-834.7116438   -2703.8116455   157.6217562
-835.2235285   -2702.2600174   160.4190916
-836.3218037   -2699.1567612   166.5114909
-838.0284039   -2702.8250694   39.3321998
-838.2947174   -2698.4672546   41.8889448
-838.8154236   -2702.8489113   162.2443944
-837.9227845   -2705.0774097   158.2689732
-838.3244006   -2698.7280846   169.1540629
-839.1622034   -2697.7040768   171.9630659
-837.7644745   -2696.2974072   174.4143516
-840.8276764   -2701.3273239   165.8897251
-840.901467   -2696.8851089   43.8813344
-841.0010067   -2703.8457394   161.8521363
-841.782662   -2701.1995316   42.3201285
-841.8763605   -2699.8147964   169.2793369
-843.1814639   -2697.7858543   175.2002239
-840.6756846   -2696.5725422   176.8573374
-846.3139264   -2703.6919594   164.5938307
-844.6122137   -2701.0111809   168.5913056
-845.1580731   -2698.4565258   45.5712043
-844.0301148   -2705.1622868   161.2154692
-845.2706067   -2704.3914795   43.899864
-845.5822197   -2700.1898289   170.8182991
-846.4843956   -2698.3234882   176.4785051
-848.7854926   -2702.201128   168.2590693
-848.8157717   -2701.1749744   47.5570597
-850.1648632   -2697.1669197   49.5901965
-849.4010893   -2699.9745369   173.7095118
-850.6464688   -2704.775095   48.4848432
-852.9641358   -2704.1082382   166.4969027
-852.0720927   -2701.9731998   170.3108102
-851.4500586   -2698.7977028   49.9837399
-851.8047062   -2700.5131245   49.9338694
-851.915094   -2699.8341084   175.6863743
-850.4874436   -2698.9440918   177.5954366
-852.0918814   -2698.6687183   50.4406132
-853.3570496   -2697.2293854   51.5566655
-854.3619839   -2702.6517391   51.4420345
-853.6078659   -2699.6593475   51.2525253
-855.0406424   -2702.8403282   169.6861386
-857.545468   -2701.6375065   173.5096872
-856.4458815   -2704.4548988   167.1850681
-855.2586762   -2695.4967976   52.983325
-855.6126086   -2699.103117   52.5813587
-856.4862934   -2705.1618099   52.7417324
-857.8951088   -2702.464819   53.6014177
-859.9194018   -2704.1199207   169.1681594
-861.1753909   -2703.2268047   171.3485569
-859.1901986   -2697.4072456   54.5448475
-860.2831093   -2701.6003132   174.6939123
-857.4981419   -2700.3355026   176.9450754
-863.8928858   -2698.6744404   56.4650185
-862.6676527   -2705.1303387   168.3989018
-863.3006541   -2702.475071   173.7090498
-865.6924693   -2704.5094967   170.735538
-866.7740551   -2701.6153336   57.4973673
-866.6672436   -2702.9857635   174.0632206
-865.4747931   -2701.7087936   176.3697416
-862.2042862   -2700.6950378   177.6943803
-867.2808138   -2697.221756   57.9960756
-870.2259985   -2704.3175697   173.0929613
-869.815561   -2702.4884224   176.5371412
-870.4331843   -2699.1918087   59.1374338
-870.5664603   -2703.625679   59.0875484
-873.68426   -2696.9480515   60.7125498
-873.2927767   -2703.7420273   175.7366359
-874.0118472   -2701.5020847   60.5209656
-877.2619692   -2695.3334808   62.5476167
-877.3334948   -2699.5739937   62.0790496
-877.8114048   -2703.6793232   62.156342
-877.0348755   -2704.0472031   177.2937626
-880.8978526   -2698.3926296   63.7758151
-880.205485   -2701.5719414   63.2431358
-882.8192679   -2704.8885822   64.443998
-883.1842867   -2700.6289959   64.6208152
-883.7557761   -2696.8152523   65.3507635
-888.834211   -2702.1358013   67.177847
-887.2967688   -2697.2362995   67.0355931
-892.3120228   -2697.270155   69.6172491
-892.4649683   -2701.0688782   69.0859631
-896.6760365   -2700.4098892   71.1705759
-899.9148337   -2696.5489388   72.7465004
-902.2305933   -2700.6788254   73.3450875
-904.009792   -2704.8456669   73.966369
-902.8207985   -2696.0356236   73.6134797
-905.8664767   -2697.8123188   74.5055303
-906.1069218   -2702.2335529   74.6269748
-906.3026635   -2705.1699162   74.7625604
-909.0839354   -2695.3010559   74.9044269
-909.6601931   -2699.536562   75.5082518
-909.094545   -2704.0507793   75.5868927
-912.9473893   -2696.9287395   75.7341161
-913.9541117   -2701.65205   76.6053498
-916.0384861   -2703.9752007   77.5106251
-918.038222   -2698.0018616   76.618582
-917.2397581   -2701.7626762   77.3090646
-919.6209637   -2702.2073269   77.847831
-922.1548764   -2695.2829361   76.2251616
-922.7112261   -2699.1379261   77.428177
-925.3670899   -2701.6067505   78.7743479
-925.2874581   -2697.2739697   77.0630538
-929.3284146   -2704.7405243   82.0122063
-929.9162356   -2697.8442669   78.1297162
-931.21061   -2700.5908489   80.1657736
-931.8930832   -2704.3344975   175.1889586
-927.9308049   -2704.2989731   177.1052778
-934.4205586   -2702.6040554   82.9698145
-934.0089289   -2696.1917877   78.408733
-935.596439   -2704.3144703   173.811093
-934.7378937   -2699.1770267   80.6722417
-936.9694916   -2704.6942711   86.1030146
-936.6526333   -2696.6102123   79.6218514
-938.1057946   -2699.2237568   82.323432
-938.686463   -2701.9684315   84.8174766
-939.9425713   -2703.9601803   173.2046604
-938.8944832   -2703.138113   176.4843911
-937.1589152   -2702.6121616   178.8500845
-940.5983416   -2695.4274178   80.5010647
-941.2283627   -2702.3191452   86.669676
-944.179031   -2704.3681145   169.8687524
-940.0493828   -2700.3979683   84.283486
-942.1195713   -2697.9598999   83.4319144
-943.021628   -2703.9363384   89.6240622
-944.1199032   -2703.4540176   173.3897924
-942.613217   -2702.8589249   176.5649319
-946.3045327   -2700.8218765   88.5709599
-946.0223643   -2704.0197849   92.2207609
-947.0251528   -2696.8748569   84.9381462
-946.8704192   -2703.615427   171.4899391
-948.0675188   -2702.6884556   175.1421839
-945.605847   -2702.221632   178.5744429
-948.1122223   -2704.8146725   165.6913608
-949.4774071   -2703.8695812   168.7843055
-950.0163523   -2705.2295208   162.5886858
-949.3719069   -2702.0282745   92.4440697
-950.2955405   -2704.9424648   99.2560163
-949.7287003   -2699.2175579   88.9530927
-952.6715008   -2705.0251961   160.9612852
-950.097057   -2703.0053139   172.5758463
-952.4202076   -2696.6881752   87.1775225
-951.1829344   -2702.7423382   95.7173035
-953.6670176   -2704.0727139   164.3468142
-951.8424002   -2700.4003525   92.2372416
-953.55961   -2702.8315067   171.3423729
-953.3500401   -2703.5412788   167.4103141
-953.3967701   -2704.1838169   103.0648798
-952.0208565   -2702.3050785   175.6679714
-953.2191483   -2702.7618885   98.8969803
-954.7688691   -2700.5884647   96.0914344
-955.5735318   -2698.6787319   92.5977379
-957.6168982   -2697.4453926   91.636613
-956.9921223   -2695.3811646   87.1729031
-955.3823201   -2704.5805454   159.9471718
-956.5653531   -2704.9534321   156.9124013
-956.261727   -2701.25103   100.4784703
-956.4064471   -2702.9027939   168.2622433
-956.0732571   -2703.0069828   105.3041443
-957.3065964   -2702.3081779   171.3881344
-956.1975924   -2701.9486427   175.2500385
-956.6549984   -2703.6893368   108.1538051
-959.4403235   -2698.5270977   97.046949
-959.2109648   -2704.7145367   115.257591
-958.386871   -2703.5849094   110.9350696
-958.9159218   -2702.9457092   164.7051275
-958.7164847   -2705.2724361   152.3693651
-960.1267306   -2699.8176575   102.8599888
-961.0887495   -2701.846838   170.4963297
-959.0004412   -2704.0071487   158.2060903
-960.5066506   -2701.2650967   108.0848575
-959.6762387   -2695.6937313   89.0022442
-962.1333805   -2696.7933178   94.3067595
-962.5839917   -2703.7198544   118.1748584
-961.0731331   -2702.436924   112.3608053
-961.3141743   -2703.4111023   115.1864901
-963.1139962   -2703.561306   153.9099813
-964.0706507   -2703.9072514   149.7579217
-962.205383   -2702.958107   159.4019681
-964.5650116   -2701.7259598   164.7574753
-963.9751641   -2697.5560188   101.1060104
-964.6666972   -2696.4812279   97.1168205
-963.5070292   -2695.6968307   91.5650204
-963.8554779   -2698.7116337   105.5168957
-963.6609284   -2700.1442909   109.9421009
-964.4735781   -2701.4517784   114.8383245
-965.7479254   -2704.8001289   135.2965683
-964.7397725   -2705.271244   132.2876215
-967.7090374   -2700.6206512   168.52431
-966.1392895   -2700.5045414   173.3654439
-961.5336386   -2701.0281086   176.5318662
-965.3987614   -2702.5988102   119.422704
-965.2957646   -2703.7677765   122.9020432
-964.8496834   -2704.5350075   143.5095668
-965.8412663   -2703.6709785   146.7994601
-965.4485909   -2695.72258   94.3396166
-966.9034211   -2701.6682625   159.043327
-964.6764723   -2705.1334381   138.3133829
-967.772576   -2703.7427425   130.9995651
-966.7076794   -2703.6728859   126.0083914
-968.6840502   -2701.7543316   153.1195939
-966.0403458   -2699.388504   111.2452224
-967.6874606   -2696.7244148   104.1274145
-966.9558731   -2697.9939938   107.9999954
-968.8235251   -2700.6828785   164.3794775
-968.2666985   -2695.6255436   99.864006
-968.9519135   -2702.234745   148.3653635
-967.6202265   -2700.7133961   117.1245351
-968.5412375   -2699.1229057   113.9803529
-968.150231   -2703.3941746   140.1853263
-969.1682784   -2702.6574612   143.5835958
-968.2603804   -2701.3437748   120.048821
-970.1145617   -2701.0657787   122.0920011
-969.0668312   -2697.8368759   110.6839478
-970.7756964   -2700.2630234   161.9970948
-969.4406716   -2702.6147842   128.0547529
-969.48764   -2702.9795647   135.5550736
-971.155378   -2696.149826   107.5217873
-970.3188864   -2699.7497082   170.9054708
-968.8887326   -2699.7237206   174.2168516
-969.9974982   -2700.8514404   157.2638899
-971.394035   -2698.9929676   117.2896773
-971.4517323   -2699.7408867   167.157352
-972.5783793   -2701.3967037   132.7518672
-972.0371691   -2701.5066147   141.0622001
-970.8504406   -2702.2647858   138.1423473
-972.7488486   -2700.0775337   155.0538242
-972.7452723   -2696.9139576   112.5960052
-972.8584019   -2698.7626553   173.3831763
-971.3064162   -2698.6427307   176.8033355
-966.3319317   -2699.6891499   178.3040911
-972.3950354   -2700.6294727   150.3186375
-971.5294567   -2701.3123035   146.5454549
-973.2374874   -2700.7391453   144.1518217
-971.6591565   -2700.8109093   124.2360324
-974.1835324   -2700.0203133   126.7538965
-973.0295864   -2699.6502876   160.154447
-973.8547532   -2698.8451481   169.8500812
-973.770949   -2699.1603374   165.3745174
-975.2413956   -2698.7624168   163.5161042
-974.8465744   -2700.33741   136.5753561
-973.7330405   -2699.2120743   121.8227521
-976.3854472   -2696.696043   116.9393659
-975.3955332   -2697.8206635   119.4445044
-974.7925726   -2699.747324   148.0638087
-977.2188393   -2698.8799572   143.5019225
-975.5552737   -2699.1055012   152.931422
-976.7445055   -2699.0530491   129.8039854
-974.9668566   -2699.0566254   158.6138159
-977.5929181   -2698.164463   156.1301798
-976.9199816   -2697.5030899   173.4876931
-975.9992091   -2697.2534657   176.7227501
-976.8225876   -2698.294878   160.8735621
-977.1218029   -2698.4474659   126.4666468
-977.8904644   -2697.4787712   122.9770631
-977.5460688   -2697.7536678   168.9310223
-978.0080048   -2697.7586746   164.8487598
-978.1062333   -2698.2281208   148.9057243
-978.9370028   -2698.1639862   135.0482404
-977.6246277   -2698.8372803   138.9151067
-978.9987532   -2696.0041523   118.5481995
-981.085631   -2696.7918873   153.0297995
-979.5051543   -2697.4215508   127.8483421
-980.3342549   -2697.2770691   130.8634281
-980.3580967   -2697.0129013   160.2728218
-980.0420729   -2697.5317001   142.80653
-980.8426825   -2696.3758469   172.3399758
-980.6717364   -2695.7497597   176.7420024
-980.4210392   -2696.6824532   125.6214827
-981.2539545   -2696.5403557   168.1520045
-981.2758891   -2696.7720985   148.8680691
-982.1192948   -2696.4623928   145.1973915
-982.1961848   -2696.2833405   156.1694443
-982.8282324   -2696.1293221   136.6501004
-981.269571   -2695.8801746   123.4836504
-981.1908928   -2696.6488361   164.4974202
-983.5746018   -2695.6136227   132.8371912
-983.8721482   -2695.6110001   140.3782964
-984.8110405   -2695.2908039   162.9911959
-983.9983908   -2695.5304146   147.4762857
-840.2310339   -2695.4512596   181.5321892
-842.3168389   -2695.3303814   216.4337188
-843.2683674   -2695.3802109   225.531444
-842.4186436   -2695.3854561   187.0548576
-843.3463303   -2695.3315735   191.7716414
-843.2156769   -2696.775198   179.3001145
-843.7446085   -2696.2141991   182.8583479
-844.8130814   -2695.7137585   209.0529054
-845.8387581   -2696.0396767   213.6700451
-845.5524174   -2695.745945   206.0680687
-845.3281847   -2695.7709789   232.128799
-844.7500197   -2695.9102154   217.0301378
-844.7799412   -2695.9323883   220.1538086
-845.7920281   -2695.6758499   199.7225732
-845.9071843   -2695.6894398   236.0750437
-846.894714   -2695.879221   202.6513517
-846.5510336   -2696.2063313   188.5454059
-846.6192213   -2696.5277195   185.6157333
-847.4051682   -2696.0735321   192.6409304
-849.2166726   -2696.1946487   196.4149475
-846.0882632   -2695.384264   240.0095165
-847.1771208   -2697.2129345   182.0196062
-846.0776535   -2696.2058544   227.9324979
-847.4114863   -2696.6600418   223.1491804
-847.4645344   -2696.5343952   216.105774
-851.3401476   -2697.4549294   219.3852514
-848.9182917   -2696.2935925   205.6252807
-849.9279944   -2696.6907978   210.3805691
-848.6425606   -2696.7895031   234.0286225
-849.1192786   -2697.0977783   230.3422391
-851.765844   -2696.4502335   198.3442008
-849.6821848   -2696.8502998   213.7449384
-849.0161625   -2696.1946487   241.7241782
-849.2957083   -2695.7526207   244.9836731
-848.6745087   -2696.4976788   238.2082194
-849.0719525   -2697.119236   227.2942364
-850.0998942   -2698.1346607   180.4579198
-849.4875161   -2696.6245174   189.4211322
-849.476072   -2697.3135471   183.9747578
-852.1122662   -2696.5265274   202.4016678
-852.1536318   -2696.7358589   191.8153316
-852.168533   -2697.8800297   224.2860198
-850.4959074   -2697.1077919   216.167599
-851.6133753   -2695.9009171   247.8078306
-850.8566348   -2697.381258   236.1064404
-851.0051695   -2697.5626945   233.7032855
-852.3032395   -2697.5183487   239.4177169
-853.9097039   -2696.901083   206.4475715
-852.2258727   -2696.9022751   243.8343763
-852.5254456   -2698.0705261   229.6968102
-853.0336348   -2698.1437206   226.1598557
-854.1301218   -2696.6836452   195.6784874
-852.3068158   -2697.3340511   186.5906119
-854.0568081   -2698.8101006   180.4882437
-855.5251089   -2698.227644   183.7149113
-854.0057866   -2697.2045898   210.2371603
-853.5061804   -2697.5600719   215.4526412
-853.90577   -2698.2979774   235.0382805
-854.3914286   -2695.6851482   251.7326176
-854.650828   -2698.322773   222.8402048
-855.3477255   -2698.158741   219.194904
-855.5553881   -2697.3848343   246.636495
-855.6644646   -2696.7716217   200.0354975
-855.557057   -2696.8715191   203.5809159
-855.382177   -2697.6363659   186.9204491
-857.4505774   -2696.9797611   193.75889
-857.9246727   -2697.4697113   189.2708242
-856.77025   -2698.2781887   243.5114682
-855.7704417   -2698.5580921   238.5255694
-856.8381993   -2698.9455223   226.6902328
-857.1170298   -2699.1064548   231.7336649
-857.1799723   -2697.8292465   213.5540694
-858.1819264   -2698.284626   216.7759538
-856.7070691   -2695.3761578   254.7981143
-857.972118   -2699.2170811   236.0384017
-857.5232951   -2697.280407   207.532987
-859.0488163   -2699.5887756   179.9300611
-859.3657938   -2696.9156265   198.9785284
-858.9814631   -2697.716713   249.3784577
-859.78398   -2696.7189312   253.6432743
-859.0975729   -2698.9119053   221.552223
-860.6077162   -2698.5907555   184.2051148
-858.8936058   -2698.371172   246.2544888
-859.0954272   -2697.0152855   202.7668506
-858.8014571   -2699.17202   239.7662997
-859.9250046   -2699.0435123   243.4434593
-860.0786654   -2697.617054   209.602192
-860.6667248   -2699.698925   229.3224335
-860.8693806   -2699.4860172   225.6095856
-861.005756   -2699.8426914   233.5700095
-861.0559431   -2698.0223656   212.8342092
-861.8566719   -2697.5476742   190.2608126
-861.1068455   -2696.9652176   197.3376274
-862.9638878   -2697.1926689   194.5405304
-861.9283167   -2698.0493069   187.2019619
-861.477348   -2699.8441219   237.5166118
-863.4212939   -2698.5816956   216.3448036
-862.9029719   -2697.2591877   204.9446851
-861.7881266   -2699.713707   240.6938523
-862.4998061   -2699.0640163   247.0909655
-862.7470461   -2696.3496208   257.4577332
-862.4307839   -2698.3327866   250.6732941
-862.9817692   -2699.2871761   182.3871732
-863.6965481   -2699.516058   223.1853306
-864.8647992   -2698.9810467   218.9693302
-865.0102345   -2698.3697414   253.1259656
-864.0716998   -2699.8963356   243.2313412
-864.9542061   -2697.6599693   208.9568079
-863.6212078   -2697.0164776   199.5516568
-863.8480631   -2699.9258995   227.1474004
-864.2441956   -2700.2387047   231.3220501
-864.6517722   -2700.3729343   235.5359048
-863.5000912   -2698.1816292   213.2838219
-865.9600941   -2696.3961124   260.3170872
-864.7360531   -2700.2856731   239.4904196
-864.9950949   -2697.9107857   189.1936809
-865.2564017   -2697.4954605   192.1585798
-867.3450676   -2698.9831924   185.4963899
-866.6842905   -2700.5450726   179.9582094
-865.8413617   -2699.2502213   250.0431836
-867.485377   -2700.08111   246.5154976
-865.3803793   -2697.6146698   256.0690045
-866.7399613   -2697.0732212   201.8519342
-866.0883633   -2697.3102093   205.3275704
-868.0710522   -2697.2494125   196.071431
-868.2495085   -2697.9949474   211.9319737
-867.870423   -2698.7075806   216.8822885
-866.4093939   -2699.8226643   224.5562524
-867.8236929   -2699.450016   221.7380106
-867.2439782   -2700.322628   228.9273739
-868.0749861   -2700.5903721   242.1075553
-868.1069342   -2700.6762028   233.4825993
-868.4265343   -2700.783968   237.8687859
-870.1123921   -2697.3803043   207.0159167
-868.3280674   -2697.9682446   190.5573159
-867.7211729   -2698.4028816   255.5316091
-868.5137955   -2699.2194653   252.8313696
-868.5342995   -2697.726965   258.5670054
-870.1873747   -2700.1721859   249.1122037
-869.2668406   -2696.7599392   262.2127831
-870.4437939   -2697.1580982   203.0081898
-870.4094616   -2695.3043938   267.2979236
-870.1277701   -2700.1149654   226.3722718
-869.8988882   -2700.3450394   182.0964813
-870.4153029   -2701.4968395   179.1748255
-871.3767258   -2697.1766949   199.9720037
-871.2190119   -2700.7234097   231.3458174
-871.7831103   -2698.8992691   188.1843209
-872.1042601   -2699.9447346   184.5514625
-871.610376   -2700.7980347   244.847849
-871.0144488   -2698.9543438   256.2228739
-873.3837334   -2698.9645958   219.228521
-872.9873625   -2698.1756687   213.8594836
-874.5420901   -2698.5492706   216.9742882
-872.4944321   -2698.1301308   192.2715455
-874.5019165   -2697.6969242   196.4817941
-872.154328   -2701.0784149   240.6823784
-872.8968827   -2701.0838985   235.9170616
-872.4591462   -2700.0110149   252.022326
-871.6236082   -2698.0454922   260.0888312
-873.4569279   -2699.7587681   224.1377234
-872.5933758   -2697.1325874   263.8009489
-873.4432188   -2697.7748871   211.0094279
-873.0540005   -2696.0692406   267.3843801
-872.8840081   -2701.1373043   181.4257205
-874.8484579   -2697.3495483   207.8491002
-873.6053435   -2700.2604008   227.3700684
-873.3833758   -2702.4636269   178.4788966
-873.7265793   -2697.180748   202.7712166
-874.1136519   -2699.2847919   257.1353018
-875.4907576   -2700.9656429   232.8545451
-875.7254807   -2700.8776665   247.9759902
-875.3033606   -2697.3621845   200.2771348
-874.9848334   -2701.1742592   243.4971333
-875.338885   -2698.8134384   259.8958313
-874.7245995   -2699.8472214   186.5684539
-875.7270304   -2699.1801262   189.6176338
-875.3307787   -2697.2692013   205.3479552
-875.9366003   -2701.0247707   183.6280525
-875.8545844   -2696.0670948   269.2746818
-876.9529787   -2701.3728619   239.86803
-876.8592802   -2700.3545761   252.9235184
-876.4662472   -2698.567152   192.8522438
-876.7779795   -2697.5471973   265.165627
-875.6381003   -2702.1756172   180.485636
-877.9712645   -2701.2200356   235.3496104
-876.7307726   -2697.9279518   213.3115679
-876.144859   -2699.1221905   220.6251621
-877.2746054   -2697.5040436   209.8040432
-877.4208752   -2699.7623444   224.5781273
-877.5367466   -2700.5295753   229.3755114
-877.7715889   -2697.3319054   203.1830251
-879.1120974   -2697.8378296   199.0108341
-878.6743609   -2698.4660625   195.0342208
-878.7942854   -2698.5325813   217.7782208
-878.1221835   -2699.7818947   256.8199039
-878.0276505   -2700.4189491   186.9283766
-878.3200709   -2698.9510059   260.73277
-878.0557839   -2697.3319054   207.0083171
-878.4944741   -2701.3514042   244.093135
-878.9911   -2700.8929253   232.0110202
-878.7951199   -2702.7881145   181.1929792
-879.4276444   -2700.8416653   250.6653368
-880.7626692   -2701.2183666   247.3995388
-880.9022633   -2699.8724937   190.9292191
-880.7953326   -2696.7992783   269.5771158
-879.3455092   -2701.6413212   184.3397468
-882.2320429   -2697.5402832   210.0489289
-882.2701899   -2697.8540421   213.91505
-882.0318905   -2698.5054016   263.8835907
-880.7357279   -2700.4463673   254.1182041
-882.2140423   -2700.4020214   228.9789766
-881.1619011   -2699.5675564   224.0663171
-881.5889088   -2701.4029026   237.9938513
-880.5926768   -2701.4818192   241.5601015
-879.9786297   -2704.2052746   178.8594872
-881.6261021   -2697.4666119   206.0991824
-881.3776699   -2697.6714134   202.3649216
-881.9123236   -2701.0481358   233.4918976
-881.4542023   -2701.406002   186.5750849
-882.2780577   -2699.7206211   258.5859299
-882.6546399   -2698.431015   217.9824561
-881.9414107   -2701.4200687   244.2383021
-882.402393   -2698.949337   195.9296912
-883.2020489   -2702.7158737   184.6287847
-881.9505898   -2704.2307854   180.1889986
-883.7241856   -2698.3699799   199.897632
-884.2259375   -2699.1555691   222.4171609
-883.0612627   -2700.9501457   250.870049
-883.9734522   -2701.4722824   241.6093946
-884.6218316   -2700.4749775   254.7519207
-885.8846156   -2701.2722492   246.5159893
-885.3153912   -2696.1979866   272.8525996
-884.5623461   -2697.8123188   267.1559751
-885.5811087   -2696.9866753   270.2409029
-883.7822405   -2701.7171383   187.6748949
-884.8947016   -2700.1261711   193.4602559
-886.0749928   -2701.6568184   189.8525506
-885.2199046   -2699.8739243   226.5802622
-884.6244542   -2697.8867054   203.6967725
-884.8560778   -2701.3270855   237.0512933
-884.9557368   -2697.6494789   207.0125192
-884.0430704   -2700.6027699   230.6769043
-886.0784499   -2700.7875443   232.3257625
-886.5271536   -2699.2712021   261.5371346
-886.377546   -2698.6048222   264.3573284
-885.9452931   -2698.0342865   215.9878463
-885.717961   -2697.7005005   212.3197764
-886.9586913   -2699.8920441   258.2579553
-886.8521181   -2699.5697021   197.0561445
-886.6382567   -2703.5653591   185.2674633
-886.3540617   -2698.5545158   219.9140191
-886.9080273   -2700.8519173   251.7086864
-886.4739863   -2697.6556778   209.9327296
-887.9047362   -2698.756218   201.4116496
-888.508412   -2701.3196945   240.9808189
-887.2300116   -2699.2616653   223.9874601
-888.0792586   -2701.0581493   235.4539633
-888.0490986   -2697.7670193   267.6120996
-887.7335516   -2700.4458904   254.8781037
-888.1571022   -2698.0409622   205.8335692
-888.161513   -2700.9153366   193.6325133
-890.2210919   -2700.067997   229.1455567
-890.8631531   -2699.3291378   225.5643904
-890.3081147   -2695.8291531   274.0519345
-889.4397942   -2696.7163086   271.2557018
-888.7093989   -2697.7410316   212.1212482
-890.3554408   -2700.8738518   249.9047816
-891.5253607   -2701.0588646   245.3601956
-888.7103526   -2698.3017921   218.9584225
-890.9197775   -2697.8700161   215.4503018
-891.0132376   -2703.9587498   187.7382994
-890.0129525   -2701.9822598   192.0006424
-890.5043332   -2698.5299587   264.2695308
-889.4495694   -2697.8645325   208.9966089
-889.188501   -2699.5887756   198.8624483
-891.2557093   -2700.9291649   196.0455775
-889.7486655   -2700.5770206   253.2788217
-890.3879849   -2700.109005   256.3388646
-890.6316487   -2699.4259357   260.083437
-889.5131079   -2700.6142139   232.3918343
-893.5442892   -2698.3964443   221.1419046
-891.9295994   -2698.9791393   203.3941299
-890.8393113   -2699.6462345   199.9633908
-891.798946   -2697.4444389   268.2437003
-891.9464079   -2701.0273933   237.9577905
-892.7577464   -2700.5634308   233.6086631
-892.8785054   -2698.3699799   207.1242779
-892.8335635   -2701.0602951   241.5684313
-892.3800913   -2697.9711056   210.0085765
-892.9459778   -2697.9885101   217.8937495
-894.31307   -2703.5489082   190.8092797
-893.5899464   -2696.0132122   272.6704478
-893.3269707   -2700.2792358   253.5223961
-894.4397894   -2699.6409893   228.7753522
-894.6914402   -2700.6101608   248.9937097
-893.856856   -2699.5806694   257.9268217
-894.1054074   -2698.7679005   261.9267106
-894.4869963   -2697.8394985   265.7664418
-893.7031952   -2702.1691799   194.1824406
-893.8514916   -2700.2260685   200.1566589
-894.7422234   -2697.769165   214.4505084
-894.7591511   -2701.5957832   196.4065284
-896.8425719   -2700.6480694   244.1745251
-893.8981024   -2698.9405155   204.9496174
-895.0432269   -2696.9175339   269.0250278
-894.7429387   -2700.8318901   238.0620539
-896.189305   -2698.7526417   224.8289883
-896.7878548   -2698.0257034   211.1788839
-896.5801922   -2700.492382   236.1370474
-897.2692219   -2699.9607086   232.2455198
-898.2572285   -2697.8178024   218.470633
-897.3171441   -2695.605278   272.2307742
-896.6191737   -2699.608326   255.8342516
-897.5692717   -2699.9621391   252.3002625
-897.3141638   -2703.1841278   193.3925897
-898.2271878   -2699.9924183   202.8831691
-897.7082697   -2701.4501095   198.2176006
-897.971007   -2698.7287998   259.7333193
-897.0308033   -2698.9040375   206.3352317
-897.1111504   -2698.0104446   263.6652589
-897.9662386   -2699.2352009   228.3495516
-898.3068196   -2696.8932152   267.3509419
-898.4652487   -2700.2210617   248.6495525
-900.621864   -2697.7200508   214.1587138
-897.8690831   -2698.1372833   221.6463387
-899.0770308   -2704.4775486   190.4724687
-899.5830742   -2700.3371716   239.5960689
-900.6834952   -2698.4202862   225.5249172
-900.4085986   -2699.9619007   235.29163
-900.3149001   -2699.1004944   255.6249499
-900.0358311   -2698.2531548   210.2286518
-901.2316195   -2699.9773979   246.6237843
-901.0576931   -2700.1540661   243.2199568
-900.7626501   -2699.1267204   206.4081728
-900.6139962   -2697.4773407   263.4552419
-901.7066685   -2699.2750168   231.3995212
-900.3839222   -2702.3780346   196.4338273
-901.8012015   -2703.4955025   193.6398447
-900.7769553   -2695.6305504   270.1079249
-901.9324509   -2699.4478703   251.116842
-901.250693   -2701.2109756   200.0036687
-903.31659   -2697.5939274   220.9961265
-901.3204304   -2698.0242729   223.2076824
-901.0163275   -2698.8565922   228.0471176
-903.0492035   -2697.8883743   259.5493495
-902.0760981   -2700.0155449   203.7594616
-903.6905495   -2697.4291801   216.8411911
-902.6275603   -2696.1538792   266.9764757
-905.1606385   -2704.5795918   190.253973
-903.3798901   -2699.7275352   237.8298342
-904.6311108   -2699.616909   240.3974831
-904.787871   -2698.0323792   211.0371739
-904.6401707   -2698.3840466   255.1050484
-903.7414519   -2702.3491859   196.9069242
-903.927776   -2699.3935108   234.5984131
-905.1199881   -2696.8839169   262.1344924
-903.2487599   -2698.1647015   225.3853381
-905.003163   -2699.3505955   205.8544308
-905.1178423   -2698.30513   228.2304913
-904.1551081   -2699.6119022   244.5274442
-904.8936097   -2699.2349625   248.0356991
-905.3983418   -2700.6731033   201.6524225
-907.3867527   -2698.5645294   232.389912
-905.614349   -2703.224659   194.1060722
-906.3101736   -2698.571682   251.4042556
-907.4231116   -2697.1235275   258.5097253
-907.3908059   -2697.5097656   224.3505865
-907.6270787   -2697.1812248   218.9154923
-907.5728384   -2697.2081661   221.3832885
-908.3887068   -2698.8041401   237.4288589
-906.6148726   -2699.2111206   242.3496842
-906.8724839   -2697.3876953   215.3556049
-910.1205794   -2701.8756866   196.7792362
-907.6184956   -2698.8389492   245.7399815
-907.836291   -2696.1314678   262.2691393
-908.6990086   -2697.5719929   254.3204129
-908.8088004   -2698.1883049   249.898389
-908.7608782   -2699.8567581   203.7346512
-911.2872807   -2698.4467506   208.0738991
-910.4470936   -2697.450161   227.9390842
-909.2775313   -2703.4723759   192.1006292
-909.5906941   -2704.5025826   188.6523962
-911.5464417   -2700.7713318   199.79316
-908.4812132   -2698.8437176   239.9414331
-909.0326754   -2697.6897717   212.1907622
-910.0986449   -2698.3885765   243.0830598
-911.3856284   -2697.1657276   215.5999839
-911.4578692   -2698.0013847   235.7759923
-911.7840258   -2697.6573467   232.0880443
-910.9552828   -2696.8846321   220.2845663
-914.3219916   -2696.5754032   224.6765494
-910.505387   -2695.8618164   260.2490783
-911.3664357   -2696.3527203   256.9533587
-911.8227688   -2697.6037025   247.6664335
-911.5119902   -2698.1086731   239.7575676
-912.7930132   -2696.6562271   252.8581023
-913.1163088   -2699.562788   203.3237964
-912.844154   -2697.463274   212.4848664
-915.1186673   -2703.0549049   189.1489774
-913.7456147   -2702.1420002   193.3623552
-913.5277001   -2704.7352791   185.0555241
-914.4314257   -2697.1955299   243.0556864
-916.0022465   -2696.625948   231.2746346
-914.4756524   -2696.8755722   215.5590355
-915.5467478   -2696.3729858   220.078975
-914.5525423   -2698.2383728   208.3390504
-914.4780365   -2695.5420971   256.1161816
-915.6325785   -2701.1153698   196.0511208
-914.8179022   -2697.1879005   238.7269139
-913.6851756   -2697.3378658   233.5800529
-915.469977   -2696.959734   235.1934761
-915.7267538   -2696.1758137   249.9863058
-916.1182372   -2696.4223385   246.7818558
-917.0615403   -2705.1448822   181.4229488
-917.0452086   -2697.2398758   212.477237
-915.2638642   -2700.3121376   199.4827092
-917.2931639   -2699.108839   203.4503073
-917.1695439   -2703.7138939   185.4358017
-918.2728259   -2701.0347843   194.37401
-918.0267779   -2695.9884167   226.2219042
-918.0119959   -2696.1519718   240.847826
-918.4560505   -2695.8458424   244.5155829
-918.9990488   -2696.480751   216.5068835
-920.4460112   -2697.521925   210.0990266
-917.8212611   -2696.2907314   237.566635
-919.4423882   -2702.5756836   187.3710752
-920.0647799   -2701.461792   191.1648363
-918.6629979   -2700.445652   196.7058182
-919.7604386   -2699.6452808   199.6641755
-918.8585011   -2695.9393024   234.2866957
-921.9919173   -2695.4255104   224.2518663
-921.0298983   -2696.0380077   219.2237973
-918.5441462   -2695.9283352   229.8351824
-921.7817513   -2698.9901066   201.9868791
-920.5878703   -2705.2195072   178.8011938
-920.1167551   -2696.9470978   213.266924
-920.79446   -2703.7975788   182.4764013
-922.5748507   -2697.934866   207.4068785
-923.1542078   -2700.1869678   194.7928667
-923.7702814   -2699.3408203   198.9475042
-923.5263792   -2696.9366074   212.7323002
-924.54693   -2696.2869167   216.4680213
-923.8654105   -2701.8213272   187.2139871
-925.687286   -2700.6549835   191.0412461
-923.8403765   -2703.8304806   180.5490702
-925.0027863   -2702.6004791   183.7117076
-925.8343903   -2695.7633495   219.4168121
-926.1491028   -2698.2467175   205.1585764
-926.7333475   -2698.8315582   201.0694891
-928.3138243   -2697.6482868   208.9230269
-927.3104397   -2699.3880272   197.4569857
-928.4167019   -2699.862957   194.0357536
-928.1533686   -2702.783823   181.5515608
-927.9712168   -2701.7710209   185.1748377
-927.8874127   -2701.0281086   188.259989
-926.8685309   -2697.1011162   211.515516
-930.108997   -2696.092844   217.1494216
-928.7306992   -2696.5959072   214.4101411
-930.2116362   -2700.3595829   190.6934828
-929.6859232   -2698.3835697   204.5118064
-930.4513661   -2699.0258694   199.7204274
-930.6688038   -2699.4569302   196.6351867
-931.2748639   -2701.0157108   187.1325374
-932.3599068   -2702.8894424   179.4185489
-931.7010371   -2701.8656731   183.3068877
-933.1605164   -2697.5214481   210.4513794
-932.4029414   -2698.217392   205.8781981
-932.5700728   -2699.8217106   193.9150244
-933.5636822   -2696.4938641   215.8901989
-933.4038226   -2695.412159   220.5440104
-934.1855971   -2698.9061832   201.7947435
-934.8381487   -2700.4673481   189.6943003
-933.6263863   -2699.4395256   197.5615323
-934.9546162   -2701.1904716   185.6674403
-934.595677   -2702.1925449   181.2514961
-936.8803231   -2698.4810829   205.8455944
-936.6742102   -2699.9001503   194.3304837
-936.2687794   -2697.0937252   213.2673562
-937.6910654   -2697.9093552   209.2076093
-937.5390736   -2695.8389282   219.0387845
-937.1655909   -2699.4123459   198.754847
-938.7970892   -2696.457386   216.0462439
-937.6693694   -2699.0025043   202.5327533
-939.8020235   -2701.5545368   183.3061874
-938.4093014   -2701.0819912   186.0806197
-938.6086193   -2700.5021572   190.0317371
-940.8046929   -2697.334528   212.082237
-940.3142659   -2699.8336315   196.143806
-939.982864   -2700.1414299   193.055898
-940.6339852   -2699.4173527   200.1512647
-941.3029877   -2695.6686974   219.1172391
-940.8234087   -2698.8563538   204.1325718
-939.7998778   -2698.3721256   206.8988234
-942.1565262   -2697.9563236   208.8966817
-942.8764311   -2702.1305561   179.8467785
-943.6861006   -2700.758934   188.3107275
-943.1873289   -2700.2906799   192.5979108
-942.3311678   -2696.4423656   215.5139893
-941.9266907   -2698.36092   206.7854553
-943.9187971   -2701.4732361   183.2250357
-944.5055453   -2699.7270584   197.6206899
-943.5112206   -2699.1868019   201.6682923
-945.7015721   -2696.7167854   212.6720846
-944.7135655   -2698.5015869   205.0998509
-945.0437752   -2695.6553459   217.4878418
-947.0983473   -2700.6080151   189.4266903
-948.2807843   -2700.0889778   193.5793161
-947.0408884   -2698.9803314   201.324001
-947.4316565   -2697.468996   208.3407938
-947.8475777   -2701.0672092   186.0163212
-949.1593567   -2701.75457   180.4470867
-949.0387169   -2699.3825436   197.7699548
-948.9782778   -2698.0392933   204.6607584
-950.3466813   -2696.2633133   210.9801173
-951.4252869   -2698.381424   201.0058016
-950.967404   -2700.5124092   188.7643933
-951.2093989   -2696.9203949   207.5290084
-953.184816   -2700.8426189   185.0657165
-951.043698   -2699.5458603   195.4625398
-952.3982731   -2699.8391151   192.5561875
-952.3528544   -2697.3335743   204.6539485
-952.236983   -2698.9345551   197.5383461
-952.7264563   -2701.539278   180.1688373
-954.0334669   -2696.0144043   208.1890404
-954.6210495   -2699.8815536   190.0141239
-953.6157576   -2700.512886   187.0107651
-954.1647164   -2699.0604401   194.9991286
-955.6656805   -2698.012352   198.2426941
-955.4716078   -2696.921587   203.0105889
-956.6485611   -2699.1846561   191.6181892
-956.8184344   -2700.7973194   182.8849465
-957.7212063   -2701.2870312   178.9615452
-957.4467865   -2699.9335289   186.9826317
-958.12771   -2698.3065605   193.8511133
-957.1076361   -2695.5590248   205.9436291
-958.2029311   -2696.6700554   200.316757
-960.2265088   -2696.8758106   196.5857297
-959.8525492   -2700.2680302   182.8326881
-962.4197213   -2698.8122463   186.5998805
-961.8239132   -2700.4799843   179.6392053
-962.7164332   -2697.0567703   192.5646663
-961.5703551   -2695.505619   199.6292025
-963.5885683   -2699.5675564   182.1953952
-965.3150765   -2697.0541477   189.5342916
-966.3783041   -2697.7524757   186.0268116
-965.9495083   -2695.7054138   192.8272694
-967.3943249   -2698.5616684   182.0981055
-970.6746069   -2698.0633736   180.3175211
-969.8787657   -2697.2038746   184.2465848
-971.3659016   -2695.9104538   186.4276826
-974.8431174   -2696.0237026   182.8189343
-973.5206095   -2697.5386143   178.9425761
-975.8515088   -2696.7206001   179.141432
-978.8539139   -2695.4073906   180.4578155
