517.7953886   -1478.1423807   -1070.8657503
517.6255303   -1446.6478825   -1043.0264473
518.0912661   -1495.6221581   -1069.7045326
516.6722285   -1435.5489016   -1059.1423512
517.048237   -1434.7877502   -1063.3348227
517.1690779   -1471.2851048   -1071.2903738
517.1185257   -1448.3493567   -1071.20502
514.7277238   -1463.7950659   -1013.3037567
517.5796049   -1439.0535355   -1068.0830479
516.1167058   -1441.634059   -1069.5698261
517.4070718   -1440.5305386   -1052.7675152
515.934025   -1449.4557381   -1037.8495455
516.0120177   -1465.7080173   -1071.6081858
515.779865   -1452.2395134   -1032.8137875
514.9822953   -1437.430501   -1055.8279753
515.4504897   -1460.2891207   -1071.7713833
514.7119062   -1454.4075727   -1071.7953444
514.9834874   -1467.4435854   -1009.2871189
514.5368474   -1470.9597826   -1005.9950352
514.6581801   -1483.8590622   -1070.7217455
514.060353   -1490.2155399   -1070.3319311
513.3088129   -1457.1404457   -1023.3908892
513.8431983   -1460.0949287   -1018.1883574
513.7585001   -1444.8444843   -1070.8693266
511.9291814   -1453.8139105   -1028.8906097
515.8357071   -1450.9612322   -1071.5909004
513.7037011   -1475.933075   -1002.1162033
515.2067962   -1436.9782209   -1067.1041012
513.7733566   -1444.5636272   -1045.0458527
513.6979195   -1441.7752028   -1049.1855145
514.5372423   -1474.4969606   -1071.3090897
511.5912902   -1478.471756   -1071.254611
513.7397023   -1446.9237328   -1041.26513
512.5859054   -1438.513875   -1068.6029196
512.6876207   -1439.0252829   -1052.4202585
511.5116509   -1470.3686237   -1071.7049837
512.7453776   -1449.1027594   -1071.7253685
511.9964527   -1433.4150553   -1060.790062
512.7940746   -1434.4480038   -1058.1995249
512.1322694   -1434.0229034   -1063.8054609
512.0526227   -1441.3243532   -1070.0396299
512.2350278   -1463.8369083   -1071.9195604
511.6831707   -1450.4754543   -1034.5022678
511.7569985   -1448.0867386   -1038.4560823
511.2030404   -1435.4077578   -1066.339612
510.8166086   -1458.906889   -1072.0953941
510.3413212   -1466.058135   -1009.4201565
510.9006362   -1468.9372778   -1006.8610907
510.2605643   -1435.957551   -1054.8648834
509.2262524   -1461.114645   -1014.9834156
510.0209983   -1463.8066292   -1011.7871761
509.3676048   -1453.3643723   -1072.1615553
510.0167068   -1486.0285521   -1070.8600283
509.013814   -1471.7193842   -1003.9120913
509.0936991   -1492.9994345   -1070.4306364
512.6858699   -1496.3146448   -1069.9928999
510.8487727   -1458.8005543   -1019.4032192
509.7061666   -1445.3631639   -1041.5751934
509.503414   -1442.0772791   -1046.3039875
509.9073472   -1445.928216   -1071.5461969
509.1230171   -1442.9357052   -1070.8720684
510.4442435   -1440.0070906   -1049.7488976
509.9355104   -1456.148982   -1023.927331
509.4103041   -1438.0295277   -1051.6873598
508.4336745   -1432.336688   -1062.5927448
517.7990841   -1489.6029234   -993.7936068
516.0428035   -1481.8230867   -998.7675548
517.9770785   -1473.9413261   -879.0113926
518.3068412   -1485.2181673   -889.6700144
515.9679624   -1466.6260481   -868.3080673
516.9523852   -1467.9540396   -870.634675
516.8779018   -1463.5800123   -861.6122603
515.9422355   -1464.9187326   -864.7723198
516.0376402   -1470.0335264   -873.9619255
515.65436   -1478.5774946   -884.1742873
512.9681351   -1485.2808714   -996.445477
515.1771279   -1472.4715948   -877.3489594
514.7237601   -1487.1959686   -891.5057182
514.7919329   -1491.2132025   -894.3234086
518.2517143   -1494.7410822   -896.2445855
514.8936483   -1475.2018452   -880.6496859
513.7624191   -1482.5665951   -887.8841996
512.887043   -1462.1944427   -857.974112
517.0894685   -1460.8449936   -854.3385267
511.5784528   -1488.0335331   -994.7495461
512.6487138   -1492.3919439   -992.215097
517.7191021   -1492.6387072   -991.6000962
512.9774185   -1465.9368992   -867.0120835
512.3254853   -1468.1493044   -871.1563945
512.6259746   -1464.13517   -862.9980683
509.2795315   -1480.9596539   -998.1794357
512.0743858   -1470.739603   -875.1404285
511.0919001   -1477.1329165   -882.8237653
511.2373056   -1479.9367189   -885.6317401
510.8948099   -1473.4621048   -878.6961436
511.5275728   -1489.079833   -893.0878639
510.9148743   -1492.4191236   -895.3374028
514.193249   -1494.4278002   -896.4477181
510.8358311   -1485.7925177   -890.6446695
509.538916   -1483.0584526   -888.4252906
509.4915824   -1465.0424719   -865.1068807
508.7255212   -1466.560483   -868.2070374
509.7713443   -1460.9723091   -854.1921377
513.0584287   -1460.6105089   -853.2987833
517.2725888   -1495.7242012   -989.3904924
510.6277215   -1497.0949888   -989.2647862
509.3515935   -1469.6215391   -873.5072017
508.873527   -1471.2609053   -875.8645654
508.963679   -1489.0651703   -893.1678534
511.6839903   -1496.4518547   -897.7799416
516.9884907   -1458.0152035   -834.0845704
517.0548382   -1466.1003351   -793.6381698
515.5682313   -1460.8795643   -815.8745766
516.4648937   -1484.6647978   -759.4022155
516.1584961   -1469.1507816   -785.8176827
516.3358199   -1470.5005884   -782.8828096
517.2205838   -1487.5285625   -754.8089027
516.888653   -1464.1669989   -800.4889488
517.337543   -1481.9883108   -763.9129758
516.3403498   -1459.9992037   -820.0193644
516.5615799   -1457.9601288   -839.9918079
517.2735127   -1458.8048458   -847.1832871
516.2491622   -1458.3479166   -844.1338539
516.7218196   -1473.8842249   -776.876688
515.7310786   -1475.9699106   -773.3878493
515.9592228   -1462.8103971   -806.4630628
515.8600035   -1479.9927473   -766.8105364
515.5501711   -1459.5367908   -849.9318957
513.512698   -1459.1830969   -828.0103207
512.9819783   -1460.169673   -822.0495582
514.1350078   -1462.1357918   -810.5809093
513.419007   -1471.7924595   -780.3671956
515.2238505   -1488.589406   -752.4414063
513.7512507   -1490.9906387   -747.6624846
514.1120302   -1477.8898954   -769.8528767
514.0045928   -1482.0268154   -763.1443739
513.5476338   -1458.8638544   -846.3356495
512.6597034   -1486.4672422   -755.0368309
512.9363137   -1465.3148651   -797.4113226
511.6736116   -1467.7559137   -789.6142602
510.552031   -1466.3752317   -794.2035198
511.7412927   -1458.4422112   -836.4812732
512.6636075   -1458.7620497   -832.3779106
511.3204914   -1464.4407034   -801.6330004
512.5739472   -1473.8285542   -776.3780951
512.735297   -1458.3750963   -841.947794
512.4534564   -1483.8951826   -759.3857646
511.0764401   -1469.2354202   -785.6338024
510.4814368   -1462.7152681   -810.0009561
509.6649574   -1463.7979269   -805.3206801
511.1532556   -1479.6040058   -766.0831809
511.1541944   -1476.23384   -771.8093991
510.7398974   -1461.5956545   -815.5190945
509.958868   -1459.7805738   -849.9215841
511.7520066   -1488.4271622   -751.1623502
509.4031366   -1477.4469137   -769.0290809
508.6774948   -1481.6384315   -761.357367
509.7786235   -1491.7447567   -743.9720035
513.5944607   -1493.2068586   -743.5745597
509.199773   -1458.8881731   -844.7317481
508.8532167   -1459.8426819   -827.6315331
508.5736784   -1459.3256712   -831.4766884
509.8046037   -1472.3207951   -778.6060572
508.8837194   -1465.7487869   -797.1724868
509.0257572   -1458.6362839   -840.172708
508.4199133   -1484.8490953   -755.490005
509.4142752   -1486.8770838   -752.4213791
509.7994702   -1494.3381548   -739.1939163
518.3043676   -1559.9907637   -1067.1762228
518.3073106   -1521.1013556   -1068.0493116
517.7228572   -1589.3361568   -1069.3104267
517.3011693   -1515.2556896   -1068.4548616
516.3881006   -1527.0342827   -1067.8681135
516.7981508   -1553.3903837   -1067.1625137
515.904394   -1614.2716408   -1072.1594095
516.0881179   -1602.0857096   -1070.9040165
517.2098773   -1606.4255238   -1071.3095665
516.4172324   -1584.0734243   -1068.8467026
517.4593227   -1579.6753168   -1068.3538914
516.8454023   -1597.5823402   -1070.3287125
515.7790529   -1508.7094307   -1068.9646006
515.911256   -1575.8054256   -1068.1506395
516.4367678   -1626.2308359   -1073.0592012
513.8224187   -1620.9968328   -1072.8578568
514.6523165   -1534.2197418   -1067.666769
514.9432319   -1631.0869455   -1073.4694004
514.9702924   -1593.7731266   -1070.0172186
515.3744417   -1609.4555855   -1071.750164
514.4111487   -1566.5041208   -1067.6920414
514.0636163   -1502.120018   -1069.5090294
513.8840573   -1545.8005667   -1067.3937798
515.5204805   -1549.8234034   -1067.2367811
514.0335458   -1571.8581676   -1068.0084229
513.1601589   -1539.9919748   -1067.5635338
512.619217   -1520.7415819   -1068.4232712
513.8996439   -1556.5410852   -1067.3899651
511.9119557   -1560.7299805   -1067.6287413
514.2038362   -1587.0265961   -1069.3100691
512.4669643   -1589.7746086   -1069.7358847
513.2036703   -1579.8475742   -1068.6810017
512.6360776   -1513.6526823   -1068.8363314
513.0879032   -1606.094718   -1071.5575218
511.8723112   -1597.9024172   -1070.712924
512.272765   -1551.9129038   -1067.4548149
512.4218585   -1626.5977621   -1073.3646154
510.2029788   -1584.8355293   -1069.365859
510.5224671   -1528.9782286   -1068.1341887
511.1822756   -1602.4469137   -1071.2835789
511.0905813   -1575.2431154   -1068.4515238
510.5844262   -1610.6340885   -1072.181344
510.7020187   -1615.7428026   -1072.6429224
510.3738727   -1508.1590414   -1069.3155527
510.6053623   -1593.4146643   -1070.2781677
508.6664679   -1630.3447485   -1073.857069
511.48164   -1634.8818541   -1073.928237
515.8181759   -1636.7479563   -1073.7107992
508.7481635   -1536.8425846   -1067.9272413
509.7850012   -1570.3470707   -1068.2131052
508.4116059   -1565.1546717   -1068.0341721
510.2641257   -1556.4517975   -1067.6290989
509.9655809   -1542.6912308   -1067.6925182
508.5692229   -1547.6773977   -1067.7059889
518.1550803   -1512.4965906   -974.5290875
517.7453803   -1509.4915628   -977.0804048
516.6691663   -1503.1602383   -983.1339717
517.4962925   -1532.6118469   -960.478127
517.6827731   -1545.0564623   -941.0067201
518.0399912   -1519.9421644   -969.4009423
515.6788873   -1524.527669   -967.5043821
517.8349736   -1541.4222479   -950.1273632
518.3223905   -1541.9636965   -925.6898165
516.8626132   -1544.2070961   -928.1748533
517.7950086   -1539.2895937   -953.2266259
515.7212289   -1516.1643028   -972.7062583
517.3056545   -1536.5548134   -918.1873202
516.8582844   -1544.6522236   -944.8713064
516.7631926   -1527.9318094   -911.9329453
517.2842639   -1531.3677788   -913.9623046
516.2329944   -1522.949934   -909.7319245
515.7023119   -1537.5533104   -956.7118883
515.9153687   -1517.5749063   -907.5589776
515.5465501   -1534.6721411   -915.6197309
514.3364864   -1507.5222254   -979.9598455
515.3390216   -1511.7877722   -905.1721692
516.3563462   -1507.2655678   -903.1476974
516.7025896   -1541.2358046   -923.0854511
514.0549587   -1529.2935371   -964.7391438
516.3859846   -1543.7475443   -947.7695227
514.7181498   -1547.552228   -933.7194562
515.549277   -1546.2298393   -931.1452508
515.1652368   -1539.8286581   -920.3647971
516.2207606   -1501.0471344   -900.053978
515.3894471   -1497.6514578   -898.2704282
513.8369473   -1500.1546144   -986.5581393
514.7066387   -1503.8400888   -901.5927315
514.0926363   -1548.0993986   -938.5316968
514.7582712   -1543.9577103   -925.4242778
513.2605257   -1512.2262239   -976.4922261
513.3830207   -1520.5218792   -970.8722234
514.4125866   -1541.4358377   -953.240931
514.2714056   -1543.8797474   -950.0499368
512.5290575   -1547.6769209   -945.1577663
512.1745961   -1535.3040695   -960.594058
513.5804089   -1532.4652195   -962.5172019
513.3865672   -1538.2499695   -917.65517
513.7785646   -1532.1707726   -913.4505391
513.0936923   -1546.5576649   -928.2726049
513.4848403   -1546.0157394   -946.9938278
511.9442242   -1527.1764994   -910.9883308
512.9785585   -1542.9126024   -922.5590229
510.8671384   -1504.7177076   -983.5692048
512.9104527   -1507.2307587   -903.2000899
512.1687698   -1521.0779905   -908.7144732
512.9686641   -1500.2039671   -899.8178244
511.8157166   -1515.7598257   -906.7052603
511.1083957   -1516.784668   -974.0989804
510.3942426   -1540.2311087   -957.2201371
511.6850185   -1538.4039879   -958.1477046
512.330805   -1526.6122818   -967.3631191
510.2744447   -1523.9804983   -969.8366523
512.0175975   -1549.6040583   -934.9526763
511.6720023   -1548.9166975   -931.5242171
511.3922255   -1536.2193584   -915.2065516
510.77607   -1510.9829903   -904.7856331
511.2797963   -1541.5868759   -919.8037386
510.2462666   -1546.2043285   -925.0103235
510.8448686   -1503.257513   -901.3908505
511.4744278   -1543.3895588   -953.0923367
511.0726105   -1545.8768606   -949.8782754
510.2016302   -1550.4285097   -941.2136078
510.3658559   -1550.9923697   -937.8963709
510.4085105   -1532.1513414   -963.8946652
509.1822343   -1528.3771753   -967.1161175
508.7691741   -1533.3147049   -913.0698442
510.0941705   -1549.3366718   -944.5881248
510.0862058   -1547.9471684   -947.316885
509.2662694   -1539.9265289   -917.2323346
509.4469907   -1520.1160908   -972.6089239
509.0826201   -1549.0479469   -928.5933971
509.5443549   -1544.3226099   -921.8507409
508.9711966   -1499.2805719   -899.3640542
508.7848949   -1506.7791939   -902.9978514
508.7356242   -1538.1635427   -959.5525861
508.8795619   -1523.9167213   -909.4880223
509.2934044   -1545.0248718   -952.4061084
509.0631144   -1551.096797   -932.7604175
508.4690201   -1552.1746874   -935.8593225
508.871493   -1542.7660942   -955.3534389
508.4625828   -1514.1912699   -905.955255
508.6971494   -1552.2767305   -937.6549721
517.8072425   -1499.7601509   -734.4825864
518.0857899   -1503.3377409   -729.2131186
517.5124081   -1515.9763098   -713.1249905
513.7437256   -1519.043088   -709.1022134
517.4181806   -1523.2321024   -707.6937556
515.7998177   -1506.1571598   -723.6504555
514.6841528   -1509.7644329   -718.1688547
515.9506025   -1495.331049   -741.0056591
514.2942639   -1497.3769188   -736.630559
515.5589031   -1513.011694   -715.077281
514.6780135   -1500.2850294   -731.8832278
513.4260478   -1502.1868944   -727.8919816
513.9538991   -1514.8916245   -712.5592828
510.0523653   -1506.187439   -720.0317383
510.3425058   -1502.4369955   -725.3641486
512.6629146   -1512.3865604   -714.3448591
512.147476   -1500.0607967   -730.4603457
508.7879496   -1510.0232363   -714.9742246
509.313752   -1497.4199533   -732.8865528
510.1569714   -1514.3167973   -711.4633918
509.3663531   -1500.1009703   -728.4024358
517.7769484   -1597.0127583   -692.2718883
517.5937163   -1619.4900274   -690.64641
516.8611156   -1540.4860973   -700.4780769
517.4283209   -1623.7928867   -690.4210448
517.7993598   -1627.579689   -690.5379295
518.0381807   -1557.4434996   -698.0175376
516.8268951   -1571.1123943   -695.5754757
517.413606   -1577.5704384   -694.5852637
517.2369304   -1602.3769379   -691.8033361
515.5843096   -1583.9270353   -693.236649
518.0062401   -1526.3273716   -706.1163783
517.135364   -1529.2026997   -704.3532133
517.5651359   -1561.6688728   -697.3009109
516.7161497   -1635.2906227   -690.4773712
516.6752236   -1588.6939764   -692.8088069
512.8071281   -1531.0919285   -702.0490766
514.4268321   -1536.1843109   -700.7876635
513.4572136   -1564.983964   -695.986867
515.8586847   -1610.5757952   -690.7288432
514.9138915   -1605.2906513   -690.8997893
513.5105821   -1615.1404381   -689.6157861
514.2395394   -1592.3089981   -691.8497682
514.0764015   -1549.749136   -698.1227994
514.827651   -1553.5537004   -697.8151202
513.81242   -1631.0079098   -689.330101
513.0628245   -1543.8750982   -698.5839009
513.0658122   -1558.5217476   -696.7687011
513.7728276   -1525.1867771   -705.2070498
513.6093768   -1625.7768869   -689.1646385
512.2470307   -1601.0525227   -690.5152202
510.9203058   -1596.2976217   -690.6909943
514.0632363   -1622.8175163   -689.3566847
511.2384977   -1619.6017265   -688.659668
512.7562927   -1574.7293234   -694.375217
511.6530927   -1579.274416   -693.4077144
512.474713   -1539.2688513   -699.3216872
510.5626928   -1570.766449   -694.6855187
512.7769979   -1588.3321762   -692.068696
510.8897509   -1611.2374067   -689.1810298
508.830105   -1584.4472647   -692.1344995
509.7111809   -1605.858326   -689.4248724
511.7088231   -1553.6310673   -697.0194578
509.9559995   -1535.5716944   -699.5373368
510.6380927   -1550.5931377   -697.073102
510.5156349   -1628.0646324   -688.3407831
508.7329569   -1631.9159269   -687.9633665
511.3086375   -1636.3788843   -688.8486743
509.1963681   -1521.9134092   -705.5581808
508.9544403   -1614.559412   -688.3538961
508.3767595   -1602.0178795   -689.4560456
517.8738507   -1706.60007   -1077.2899389
516.8371024   -1714.7490978   -1077.9515505
516.4629938   -1642.7923441   -1073.9344358
517.2802927   -1762.6634836   -1080.6224346
518.0924284   -1756.9699287   -1080.2021027
517.0548382   -1744.2599535   -1079.5725584
516.1991986   -1686.7084503   -1075.9320259
516.6704925   -1676.2053967   -1075.2637386
516.7855667   -1658.1350565   -1074.4712353
517.4652385   -1662.2747183   -1074.5681524
517.784861   -1734.4497442   -1079.0177584
515.2252214   -1730.7475805   -1079.0215731
515.6549933   -1773.0975151   -1081.4392567
516.9501277   -1778.6155939   -1081.7078352
515.4283764   -1653.019309   -1074.3974447
515.271415   -1720.4451561   -1078.4341097
515.0835263   -1702.1894455   -1077.1625042
514.0339034   -1681.3610792   -1075.7495165
514.682238   -1736.2134457   -1079.3485641
514.7132026   -1740.5570745   -1079.5642138
513.7883323   -1767.8638697   -1081.2240839
515.6824189   -1666.028738   -1074.8531818
513.2581117   -1671.0503101   -1075.26052
513.7306871   -1725.2602577   -1078.8375139
515.2450102   -1710.0765705   -1077.7528286
514.9341496   -1748.9402294   -1079.9787045
513.6421593   -1647.9821205   -1074.3532181
513.9763775   -1696.7166662   -1076.8213272
514.1289803   -1753.9995909   -1080.3201199
511.7729428   -1691.3297176   -1076.5817165
513.983232   -1758.5726976   -1080.6041956
513.87838   -1706.5484524   -1077.593565
513.5180252   -1661.6737843   -1074.844718
510.5550485   -1762.5076771   -1081.1032057
511.4832642   -1744.5578575   -1080.0098181
511.7072063   -1716.4720297   -1078.4606934
512.8483372   -1712.7382755   -1078.1267881
512.0135667   -1656.9142342   -1074.7885704
510.3358077   -1676.9835949   -1075.7757425
511.5495595   -1639.6194696   -1074.1597414
511.6075026   -1644.0646648   -1074.3534565
510.218707   -1685.4093075   -1076.2850046
510.5140703   -1665.8904552   -1075.2372742
511.1476006   -1771.9535828   -1081.6913843
511.1657428   -1776.9936323   -1082.0275545
510.4913162   -1652.0313025   -1074.7332573
509.2427256   -1721.7357159   -1078.9731741
510.7920962   -1709.318161   -1078.0322552
510.0266235   -1733.8058949   -1079.5812607
509.4433399   -1728.085041   -1079.3231726
510.1721334   -1699.8976469   -1077.3472786
510.3791701   -1704.5906782   -1077.6996613
509.44144   -1750.6722212   -1080.4805756
510.5676549   -1739.0656471   -1079.8048973
509.8574506   -1756.6957474   -1080.7921886
510.3661837   -1681.2902689   -1076.0128498
509.684016   -1695.6915855   -1077.0586729
508.868468   -1647.3765373   -1074.6824741
508.6960988   -1660.811305   -1075.1751661
509.6467482   -1713.1342888   -1078.3928633
518.1093784   -1731.3793898   -714.6677971
515.7366218   -1771.2743282   -717.0231938
515.7198506   -1726.5204191   -713.9130831
516.6975456   -1744.5526123   -717.6555991
516.4469602   -1760.2968216   -718.033433
516.4179327   -1755.4825544   -718.2421684
515.5444714   -1739.684701   -717.4355388
514.8631977   -1734.8684072   -716.6516781
516.561878   -1748.6642599   -718.0688381
514.2763378   -1722.0374346   -712.6844525
514.7832903   -1717.6641226   -710.8852267
516.5569233   -1775.1789093   -715.8262134
517.9521488   -1778.3823013   -714.3202424
514.0021788   -1751.7014742   -719.4157243
513.368723   -1765.3468847   -719.1486359
513.9617669   -1730.7925224   -715.8127427
513.8021382   -1747.3855019   -719.2299962
510.8320387   -1743.4350252   -719.9047804
512.4651688   -1756.9048405   -720.2029228
512.4380933   -1760.9944344   -720.0372815
511.4214914   -1769.5461512   -719.5439935
511.1607435   -1773.0865479   -719.0493345
513.3405524   -1776.6764164   -717.2175646
511.7393257   -1724.360466   -714.1843438
511.0906857   -1728.1712294   -715.7409191
511.6905766   -1737.8497124   -718.4557915
509.9961581   -1733.1370115   -717.703402
509.7667324   -1720.1930285   -712.9270434
509.5469626   -1713.6510611   -710.0901604
516.1096203   -1712.7764225   -708.6404562
510.7164802   -1748.6181259   -720.6358314
508.7696137   -1752.9323101   -721.7653394
509.6359672   -1762.7923489   -721.2232947
508.8130208   -1766.808033   -721.1582065
509.4519081   -1758.409977   -721.5884924
513.7208375   -1708.7721825   -707.2869539
509.198037   -1708.1664801   -707.4449062
518.2337286   -1653.1664133   -692.2270656
518.144575   -1673.7756729   -693.8444972
518.2150649   -1698.5074282   -701.6075253
517.3355611   -1702.0134926   -703.5115957
516.5329026   -1659.0942144   -692.0266747
516.4591642   -1679.6704531   -694.3449974
516.4913433   -1683.7950945   -695.3361034
516.4103257   -1695.5633163   -700.2275586
516.5737542   -1705.6714296   -705.3909898
516.0996216   -1688.6806488   -697.011888
515.4827061   -1640.9199238   -690.4550195
516.7457881   -1645.1478004   -691.1683083
515.5691924   -1648.6597061   -690.9556389
515.2890133   -1663.6857986   -691.9062734
514.6714347   -1692.4670935   -698.6891031
515.0449472   -1672.5649834   -692.8113103
513.5638686   -1668.369174   -691.8265224
512.1879476   -1655.659914   -690.2073622
513.7364315   -1651.6766548   -690.4687285
513.971624   -1699.1512775   -702.3229599
514.2385187   -1676.1779785   -693.1601167
512.1699544   -1703.9477825   -705.0428391
513.2070007   -1645.1246738   -689.9578571
512.0592909   -1660.7987881   -690.559864
512.1889906   -1685.8005524   -695.5481172
512.8569873   -1682.3263168   -694.3951249
511.6394135   -1695.3555346   -700.2463937
510.2051171   -1690.7520294   -697.6161599
511.6405609   -1648.7059593   -689.6683574
511.2881037   -1641.3075924   -689.1871095
510.2882432   -1678.7036657   -693.0117607
511.1693042   -1665.0561094   -690.7457709
511.1603113   -1672.9648113   -691.8871403
509.5706331   -1652.6012421   -689.2901063
509.8004016   -1668.8024998   -690.8968687
508.4538209   -1645.0822353   -688.6752248
509.6746358   -1682.9351187   -694.227457
509.1776373   -1658.8724852   -689.5983219
518.2726207   -1803.0157089   -1083.0507278
517.6358642   -1808.804512   -1083.424449
517.2933685   -1845.8758593   -1085.6815577
518.3300497   -1880.2467585   -1087.6692533
517.7712413   -1797.3617315   -1082.7755928
517.4238803   -1856.5047979   -1086.3096714
517.9825919   -1784.0927839   -1081.9811821
516.566013   -1908.3075523   -1089.5018578
517.5332027   -1902.7590752   -1089.0876055
517.0707824   -1913.515687   -1089.7861719
516.9204148   -1865.6431437   -1086.89785
517.2955217   -1884.4797611   -1088.0070925
516.005029   -1792.3830748   -1082.6297998
517.3804211   -1897.616148   -1088.788867
516.134304   -1814.5251274   -1083.8705301
514.8833963   -1820.1075792   -1084.3000412
515.040447   -1892.3785686   -1088.6560678
515.1045965   -1830.6276798   -1084.9291086
515.4605555   -1835.3205919   -1085.1898193
514.9645703   -1870.5652952   -1087.3461962
513.1040039   -1876.8861294   -1087.8704786
514.6642523   -1825.4340887   -1084.6426487
514.6854939   -1918.0403948   -1090.2494192
512.2101875   -1839.9727345   -1085.7223272
514.1047659   -1861.3696098   -1086.8625641
513.8180377   -1851.604104   -1086.3007307
514.0418532   -1787.6205444   -1082.4961662
513.2419216   -1886.910677   -1088.4667635
514.2351063   -1882.232666   -1088.108182
513.6419433   -1800.3540039   -1083.2620859
513.4932446   -1805.2639961   -1083.5469961
512.8621431   -1782.4642658   -1082.2620392
513.302167   -1795.9840298   -1083.0419064
512.2110965   -1810.3666306   -1083.9307308
513.9122503   -1900.6707668   -1089.2409086
513.560121   -1904.2469263   -1089.4850492
511.3416212   -1856.7625284   -1086.8016481
511.799519   -1896.7616558   -1089.1672373
510.1890983   -1846.680522   -1086.2842798
512.2707682   -1912.6727581   -1090.1021957
511.7641883   -1866.1155701   -1087.3273611
510.5032446   -1907.5244665   -1089.918375
509.84775   -1816.1576986   -1084.4421387
510.3132697   -1791.8893099   -1083.0245018
510.9185176   -1833.8005543   -1085.4436159
510.2355006   -1828.3987045   -1085.1590633
509.1193812   -1891.2006617   -1089.038372
508.7453248   -1871.1364269   -1087.8573656
509.7855376   -1822.6934671   -1084.8404169
509.2007863   -1882.6266527   -1088.5163546
508.564611   -1786.2356901   -1082.8086138
509.2674094   -1901.9626379   -1089.6733999
510.2324905   -1802.5677204   -1083.6410522
508.7887394   -1797.9675531   -1083.4851265
508.9682462   -1806.5038919   -1083.9538574
509.2637288   -1886.9069815   -1088.7711048
508.4605785   -1781.2536955   -1082.5009346
509.3402388   -1916.6862965   -1090.5719995
518.2052376   -1783.9220762   -712.7577662
518.196051   -1832.4488401   -709.2682719
516.424601   -1789.8229361   -712.1655345
518.1148174   -1846.6299772   -709.7305655
518.2685228   -1870.0758219   -709.1088295
516.4551931   -1827.7331591   -707.9465389
517.3429894   -1849.4858742   -708.9984417
517.5481933   -1859.2543602   -708.9963555
515.8543708   -1825.1749277   -707.4744701
517.745805   -1913.726449   -708.3563209
517.4126225   -1917.6944494   -710.1315856
517.1404453   -1839.7525549   -708.6561322
516.6949602   -1834.8494768   -708.2157135
514.7394808   -1794.7916985   -711.6191387
516.5821882   -1868.1712151   -706.9047689
516.0543444   -1862.7902269   -706.171155
516.5449726   -1844.7973728   -708.0500722
515.9920501   -1858.9400053   -706.7224979
516.2690701   -1852.3433208   -707.3391676
513.9432075   -1781.6611528   -715.7210708
513.1065967   -1786.5000963   -714.8182988
511.7277848   -1791.3819551   -713.9825821
515.2496742   -1798.2783318   -710.2358341
511.1039179   -1798.4596491   -711.389184
514.1938301   -1801.4345169   -709.389329
517.543328   -1801.066637   -708.7720037
510.5927335   -1794.8954105   -713.0909562
510.4086223   -1780.3061008   -717.7943587
510.4217874   -1783.8572264   -716.8411016
509.6112686   -1802.5060892   -709.6102834
517.9366814   -1814.3464327   -707.6503038
516.8883698   -1810.569644   -707.2930932
517.9172056   -1904.3228626   -705.6587338
518.3407786   -1909.5090628   -707.3398232
516.5909427   -1805.2264452   -707.9609632
515.4838758   -1819.1772699   -707.2457671
513.8644549   -1816.3548708   -706.6762447
517.3317688   -1894.1928148   -705.5104375
516.5897059   -1898.4736204   -703.8737535
517.2972279   -1880.5444241   -706.9042325
517.0776444   -1887.2052431   -705.8615685
516.3811492   -1883.0720186   -705.1051855
516.4422142   -1908.4020853   -704.7874928
515.5139091   -1904.0743113   -702.275455
516.5024149   -1876.3808012   -706.0798407
516.9930878   -1872.022748   -707.270205
516.5834846   -1891.8093443   -704.4990659
515.8036622   -1912.8607512   -705.940187
516.4098936   -1831.8237066   -707.9495788
515.2386399   -1901.4157057   -700.9486556
516.3688185   -1859.6205711   -707.321167
512.8062563   -1814.2755032   -706.3202858
514.928666   -1917.2097445   -707.5533867
513.6635499   -1827.1639347   -705.1516771
516.2981572   -1879.84097   -705.4520249
515.8943357   -1895.1210976   -702.5500536
515.5951726   -1887.1583939   -702.9140592
515.185115   -1836.0040188   -706.489563
515.7581019   -1839.7978544   -707.0837617
515.5678438   -1871.5295792   -704.7104239
513.4761753   -1809.2862368   -706.9228292
514.8900124   -1855.5928469   -704.7795653
515.6325   -1833.1530094   -707.1958184
515.6158554   -1891.621232   -702.2920847
515.1316272   -1841.6891098   -706.2678933
515.748364   -1844.2368507   -706.9641948
514.7621306   -1847.9593992   -705.0123811
511.6943168   -1805.7147264   -707.9625726
515.1483985   -1897.4858522   -700.2219558
514.9664181   -1867.2423363   -703.8130164
514.5046683   -1879.3921471   -701.7448545
514.3338265   -1874.9233484   -701.8301487
513.6798742   -1912.782073   -703.2483816
514.4026922   -1907.6510668   -701.7638683
515.2725028   -1831.6717148   -706.8639994
514.8857581   -1882.7979565   -702.0712495
514.8834335   -1851.7013788   -704.8738003
514.9521651   -1844.9441195   -705.7003975
513.5421427   -1821.3063478   -705.8222294
514.1969594   -1819.2954063   -706.5011263
513.6648687   -1824.2594004   -705.4866552
514.575583   -1859.0490818   -703.6492825
514.2689245   -1863.1795645   -702.0633221
512.9288109   -1815.2730465   -706.237793
514.2940404   -1894.9439526   -698.1542706
513.0380066   -1915.6219959   -704.235971
514.8521113   -1832.7943087   -706.2472701
514.5248594   -1889.3414736   -699.8034716
513.9386924   -1829.3232918   -705.3056955
514.4480812   -1885.5372667   -700.315237
514.0780481   -1870.8132505   -701.1069059
513.9429095   -1904.9841166   -699.7100115
514.3644782   -1837.7027512   -705.058217
514.4659477   -1835.9913826   -705.463171
513.7938308   -1842.5199986   -703.2432556
513.6295902   -1899.2402554   -697.6448298
513.0638527   -1903.1634331   -697.480619
514.2387273   -1846.4256525   -703.887105
513.9640393   -1835.1336718   -704.6742439
513.8736861   -1867.572546   -700.6344199
513.9076608   -1851.6047001   -702.1836042
513.8552161   -1856.5149307   -701.3138533
513.9470594   -1882.1473122   -699.1345882
513.6738914   -1891.0187483   -696.2274909
513.9933573   -1859.746933   -701.7043829
513.8607519   -1839.0606642   -703.8531303
513.778505   -1886.2091303   -697.496593
512.0916488   -1908.0982208   -697.8049874
513.6687579   -1877.9264688   -698.5117793
513.4572732   -1873.7338781   -698.02773
513.4153637   -1861.217618   -698.0846524
513.497253   -1864.5157814   -698.5091567
513.5530802   -1846.9315767   -701.0473013
512.7021866   -1816.2927628   -705.8914304
513.0964118   -1832.9492807   -702.6438713
513.6787566   -1853.7623882   -700.5008459
513.183591   -1880.9940815   -695.2511668
513.2777961   -1869.1374063   -697.1036196
513.1641971   -1837.4737501   -701.8091083
512.9330801   -1842.7841663   -699.7112036
512.7136531   -1886.2582445   -693.4669614
513.0546885   -1850.8725166   -698.1696486
512.667601   -1893.48948   -693.9640045
512.2475746   -1897.0493078   -693.9117908
513.190073   -1855.5566072   -697.7447271
513.0922394   -1858.6152792   -696.6031194
511.1353221   -1913.4391546   -699.7315288
512.3084681   -1890.3067112   -692.5053
513.1532299   -1876.3196468   -695.6925988
511.4013004   -1823.8677979   -702.4551034
511.7739411   -1901.3251066   -694.2765117
512.5092613   -1846.293807   -697.5037456
512.8712105   -1865.1217222   -695.0414181
510.2101239   -1812.7775192   -704.8537135
508.9147287   -1809.8698854   -705.6583762
512.9721808   -1872.9695082   -694.973886
512.0765018   -1828.45819   -701.906085
512.3237642   -1869.5526123   -692.4234033
512.0835202   -1839.4589424   -698.1938481
512.3915719   -1835.9524012   -700.0880837
511.9625079   -1853.9162874   -694.1099763
512.1851238   -1876.149416   -691.6858554
511.9029405   -1881.9601536   -690.8196807
512.523924   -1861.6966009   -694.0274835
511.3620432   -1832.5561285   -699.3418932
511.1773732   -1905.1076174   -694.8373318
511.8211927   -1849.2168188   -695.0076222
510.0472393   -1919.4113016   -702.6759982
512.2470381   -1919.1492796   -705.6754827
511.916888   -1842.8550959   -696.8021989
511.8593322   -1864.2498255   -691.5889978
511.4848959   -1859.0904474   -691.5333867
510.943194   -1887.060523   -688.657999
510.9824883   -1893.655777   -690.208137
511.1226486   -1845.4525471   -694.2830086
509.8157572   -1911.5642309   -696.1436272
510.8878734   -1835.9318972   -696.9190836
510.7366415   -1871.8796968   -687.7114773
511.1244517   -1867.2531843   -689.0500188
510.2451044   -1899.066925   -690.6581521
511.269589   -1827.0792961   -701.0623813
509.747644   -1879.2397976   -685.1944327
510.3080469   -1840.4932022   -694.3366528
510.133748   -1849.5801687   -691.0848022
510.4693072   -1854.7469378   -690.2182698
510.0301402   -1828.5228014   -698.6944675
510.2408724   -1862.8144264   -687.6571178
509.0468275   -1904.2357206   -690.8608079
509.2213126   -1908.9691639   -693.6551929
509.3414309   -1816.5130615   -702.8574347
509.2850896   -1819.8621273   -701.734066
509.8693865   -1857.8153849   -688.0466342
510.5660307   -1826.1663914   -700.4412413
509.4626444   -1825.2868652   -699.5693445
509.6319365   -1832.4333429   -696.567893
509.8827305   -1867.6234484   -685.9332919
509.2739659   -1844.4051743   -691.2702322
508.8854926   -1891.6465044   -685.2762699
508.6419257   -1896.8855143   -686.7961884
508.7409215   -1886.1460686   -683.5106015
508.4544318   -1871.3763952   -682.1755171
516.7351338   -2017.7166462   -1096.0012674
516.7584317   -1983.792305   -1093.9759016
516.7031037   -1957.8715563   -1092.4562216
516.2869217   -1989.9330139   -1094.3758488
518.118185   -1934.2601299   -1090.9603834
516.9307562   -1929.8404455   -1090.7889605
516.9167715   -2026.8523693   -1096.5554714
516.8917077   -2008.2645416   -1095.4110622
516.7625519   -1940.8028126   -1091.4566517
516.6223171   -1937.2261763   -1091.2575722
516.3045349   -2041.6603088   -1097.5286961
516.3788321   -2045.9845066   -1097.7922678
517.4036371   -2001.8208027   -1094.9873924
516.8949115   -1998.7684488   -1094.8473215
515.5185881   -1924.1884947   -1090.5591249
517.0140909   -1944.5803165   -1091.6572809
515.2872252   -1948.5030174   -1092.0219421
515.0605711   -1977.3435593   -1093.7286615
514.4122513   -1967.4841166   -1093.1979418
516.3269015   -1972.3637104   -1093.3350325
515.2022364   -2035.9897614   -1097.2549915
515.6070041   -2053.6315441   -1098.3229876
517.7358659   -2057.7275753   -1098.41609
514.3603208   -1962.0838165   -1092.8878784
514.3116163   -2022.6359367   -1096.48633
515.7432305   -2004.4727325   -1095.2718258
513.6639225   -2012.6125813   -1095.9210396
513.1529021   -1995.7431555   -1094.9591398
513.2576572   -1953.5512924   -1092.4761295
513.8433846   -2030.4811001   -1097.0088243
513.7575614   -2049.2930412   -1098.1903076
513.247137   -1934.2380762   -1091.3413763
513.6022689   -2001.1940002   -1095.2432156
511.8353041   -1943.4058666   -1091.9917822
511.143935   -1928.3782244   -1091.1483765
512.8080594   -2026.5257359   -1096.8381166
511.267786   -2006.4680576   -1095.7337618
513.5888281   -1938.7658834   -1091.5868282
512.2791948   -1986.743927   -1094.5004225
510.145803   -1981.8862677   -1094.3773985
510.214855   -2018.2180405   -1096.5212584
511.2345564   -1958.4902525   -1092.9210186
511.9485828   -2044.656992   -1098.033309
511.7669376   -1972.8431702   -1093.7209129
512.3602497   -2040.150404   -1097.722888
510.6935846   -1990.9031391   -1094.866991
510.2365958   -2053.1902313   -1098.6905098
513.0203786   -2057.8608513   -1098.7797976
509.3608322   -1922.1670628   -1090.9063816
509.7719403   -1949.2989779   -1092.4940109
510.011551   -2033.3306789   -1097.4651575
510.1906034   -2037.3585224   -1097.7040529
509.9899294   -1976.9083261   -1094.0984488
509.6061649   -1963.570714   -1093.3411121
509.4978335   -2023.9930153   -1096.9254971
509.4614374   -2028.6755562   -1097.2160101
509.8182159   -2048.6338139   -1098.4351635
509.4412538   -1938.1476641   -1091.8631554
518.1609067   -2046.0839272   -753.0750632
518.2346972   -1977.3150682   -732.3243618
517.8799378   -1943.4666634   -720.9042311
518.2756456   -1946.592927   -722.0589519
517.7085819   -2027.6634693   -748.6927509
518.1720974   -1969.2834616   -729.4495106
516.911638   -1997.3640442   -739.0702367
516.7416977   -2004.8592091   -741.7139411
516.6962194   -2035.441637   -750.5097985
517.0391621   -2040.8539772   -751.8150806
516.1912339   -2058.5179329   -756.1355233
516.9855403   -1956.8806887   -724.8959541
515.754995   -1952.4503946   -722.9713202
516.515893   -1936.4019632   -717.7880406
515.7033103   -1974.7023582   -730.314672
517.5641077   -2021.4619637   -747.0580339
517.357436   -1928.6853075   -715.1184678
515.8227431   -1962.8822803   -726.3894677
513.8754966   -1992.2379255   -735.5948091
515.655783   -2053.0047417   -754.797101
516.9440778   -2049.7736931   -753.9851069
514.5891132   -1981.897831   -732.2937846
515.3165432   -1987.2211218   -734.5713973
516.7866694   -1921.6820002   -711.5810513
516.2979039   -2017.5299644   -745.6349134
515.5052217   -1926.0417223   -712.7462626
514.0590342   -2008.9054108   -742.1175241
512.2931349   -2014.3311024   -743.3518171
515.4591399   -1941.9742823   -719.3123698
515.9117924   -1932.4846268   -715.8511281
514.5645859   -1946.4360476   -720.4262614
513.7404846   -1978.4704447   -730.6883931
512.3480531   -1968.3430195   -726.7725468
513.2280933   -1972.3882675   -728.4907699
513.5196941   -2043.545723   -752.2006631
512.6623409   -2048.4559536   -753.4071207
512.0338994   -2026.7264843   -747.2167611
512.2745606   -2031.6340923   -748.6911416
513.1755593   -2021.6805935   -746.0670471
513.9780464   -1920.7168818   -708.6772323
513.9347585   -1930.5609465   -713.732779
510.4134428   -2038.3906364   -750.2507567
514.4774886   -1955.0514221   -723.3019471
512.2147771   -1959.1360092   -723.687768
512.7921226   -1999.3047714   -737.7083302
513.8155194   -1996.2164164   -737.1284962
513.9055001   -1923.6898422   -710.2524638
512.6429992   -2004.2834282   -739.6521568
513.0029517   -1935.1135492   -715.1398063
512.5111686   -1939.7168159   -716.788888
511.0749426   -1964.2374516   -724.8302102
511.2085911   -1976.5082598   -728.8302779
510.3358301   -2055.0854206   -754.7462583
512.2251185   -1928.0081987   -711.0523582
511.2053426   -1944.7983503   -718.038559
511.6622793   -1984.7618341   -731.7829132
511.8677961   -1987.6846075   -732.9053879
511.3600986   -1949.8990774   -720.0428843
511.4977705   -1954.4947147   -721.7505574
509.0945559   -1982.0020199   -729.4347882
510.5751129   -2008.0707073   -740.0399446
508.9185732   -2011.1300945   -740.3537631
510.1250234   -1933.3494902   -711.9497061
511.2064453   -1925.1499176   -708.3265185
510.3912475   -1997.0030785   -735.4077101
509.6236365   -2044.403553   -751.7482638
509.034154   -1973.0753899   -726.5960574
508.526844   -2024.0321159   -745.0883985
509.7771185   -1938.3229017   -714.1613364
509.6070366   -1941.9242144   -715.7037258
508.4660026   -2028.6352634   -746.6739416
508.4094378   -2033.0226421   -748.1090426
509.2346343   -1929.5645952   -708.7751031
508.7884786   -1986.3777161   -730.64363
511.3306912   -2061.9916916   -756.5933466
510.5960491   -1922.4504232   -705.7768703
508.7441923   -1926.4198542   -705.9831619
508.5815313   -1923.6444235   -703.6304474
517.7797797   -2185.5823994   -1106.048584
517.1605843   -2140.4120922   -1103.3940315
518.2893323   -2176.6138077   -1105.4507494
517.5426724   -2158.1861973   -1104.4095755
517.5854909   -2146.0592747   -1103.6909819
516.8152871   -2083.7476254   -1100.084424
517.5207751   -2104.1316986   -1101.2647152
516.1908018   -2171.132803   -1105.283618
517.8150433   -2097.0389843   -1100.8195877
516.3065764   -2092.7112103   -1100.6813049
515.4520022   -2109.52878   -1101.7483473
516.3213285   -2195.4722404   -1106.7839861
516.3593339   -2190.0315285   -1106.4386368
517.0386108   -2200.9797096   -1107.0728302
516.8613317   -2121.3722229   -1102.3148298
516.3238021   -2166.0196781   -1104.9693823
515.2333351   -2180.9177399   -1105.9529781
515.9257325   -2074.2752552   -1099.5740891
515.1342722   -2069.5331097   -1099.3456841
516.0128745   -2129.9321651   -1102.8805971
513.9637785   -2134.5436573   -1103.3170223
516.1458524   -2114.4559383   -1101.9761562
515.6154307   -2150.1858234   -1104.092598
514.1282799   -2125.5142689   -1102.7815342
512.8255086   -2078.9756775   -1100.1110077
515.8094587   -2061.6579056   -1098.806262
514.1564655   -2088.2458687   -1100.5834341
513.4170624   -2161.5765095   -1104.9356461
514.239003   -2065.3104782   -1099.15483
514.953998   -2117.7194118   -1102.2641659
515.0666507   -2100.3372669   -1101.2487411
513.425042   -2155.1744938   -1104.5594215
513.027926   -2175.8220196   -1105.8119535
513.3860158   -2096.3032246   -1101.1443138
511.884396   -2186.0044003   -1106.5239906
512.1347728   -2145.6353664   -1104.1060686
512.4637308   -2104.2981148   -1101.6941071
510.4151043   -2139.3246651   -1103.8817167
511.8634599   -2120.6638813   -1102.6872396
512.0279612   -2084.2869282   -1100.5086899
511.2737092   -2192.4760342   -1106.9728136
511.9164484   -2167.2847271   -1105.3893566
510.6467577   -2199.4352341   -1107.450366
511.4030512   -2092.2262669   -1101.0534763
511.198205   -2171.6513634   -1105.7034731
511.0456767   -2114.7422791   -1102.410078
511.2181204   -2129.8410892   -1103.2719612
511.0835927   -2073.0168819   -1099.8789072
511.2838569   -2062.379837   -1099.195838
511.3529982   -2150.7644653   -1104.4667959
509.0589123   -2108.6299419   -1102.217555
509.7537088   -2180.0525188   -1106.3197851
509.9762949   -2067.3921108   -1099.6119976
510.4081156   -2099.7245312   -1101.5900373
508.9951503   -2087.8608227   -1100.9699106
508.5976245   -2125.1552105   -1103.2114029
508.430128   -2134.1245174   -1103.7453413
508.3849254   -2158.0152512   -1105.1211357
508.8588195   -2153.5291672   -1104.8241854
509.2874291   -2095.7791805   -1101.4405489
517.9273384   -2112.2252941   -772.4853754
515.1032852   -2102.5309563   -769.0873146
515.5046927   -2091.0177231   -764.7714019
516.2584978   -2187.8817081   -789.1721129
517.3499408   -2137.8424168   -780.7502151
517.1255963   -2066.2236214   -757.896781
518.1318568   -2166.6946411   -786.2625718
516.8101909   -2086.0261917   -763.1428242
516.4776268   -2082.0884705   -761.9930506
516.3560482   -2160.2759361   -785.8334184
517.8037482   -2198.982954   -789.2925143
514.5682516   -2195.1913834   -790.2126908
516.0723301   -2171.0467339   -787.5629663
517.1238976   -2144.6409225   -782.4907899
516.4642977   -2147.9692459   -783.3746672
515.1120695   -2132.6949596   -779.6428204
515.9896436   -2123.5105991   -776.6585946
513.1313326   -2126.8424988   -778.0301571
515.9221413   -2097.0635414   -766.9546604
515.7419416   -2141.5429115   -782.0324302
515.6321498   -2077.9044628   -760.8543634
512.3635428   -2149.8868465   -784.6078873
511.7083686   -2156.4488411   -786.1691117
514.3842223   -2071.8083382   -759.2428327
513.1795453   -2107.6521873   -771.0662484
515.9684169   -2164.1838551   -786.6122723
515.1966634   -2115.5610085   -773.968339
511.7708864   -2120.1500893   -775.7698298
514.9300965   -2176.0890484   -788.5378599
512.583186   -2180.6194782   -789.7067666
514.8245218   -2166.8367386   -787.3648405
513.0656781   -2111.9496822   -772.7178335
513.5737108   -2200.2851963   -790.7646894
518.2868662   -2203.9501667   -789.2647982
510.9990808   -2138.6590004   -781.874001
511.7394673   -2067.0692921   -757.8809857
513.4255039   -2144.5999146   -783.1726074
510.8832466   -2083.9066505   -762.2378469
510.2527859   -2087.9909992   -763.4329796
511.1589628   -2079.6515942   -761.0728145
511.5977722   -2163.7570858   -787.6396179
509.9774273   -2191.0126209   -791.3137078
510.1070451   -2185.2743626   -790.8391356
508.7696063   -2173.1903553   -789.7764444
511.0273557   -2168.2538986   -788.5684967
510.6460723   -2091.739893   -764.7812963
509.2086243   -2098.6084938   -767.1976089
512.4205323   -2075.5312443   -760.101378
509.3657421   -2114.2268181   -773.4869123
509.0038302   -2131.6888332   -779.8356414
509.2338147   -2103.3484936   -769.1197395
509.1900276   -2196.8119144   -791.8748856
509.3618976   -2070.2772141   -758.3366632
509.8594176   -2110.2867126   -771.9830871
509.1352584   -2201.3161182   -792.052567
516.8015557   -2325.502634   -1114.2888069
517.7534642   -2251.750946   -1110.03232
518.1722986   -2211.5271091   -1107.6114178
518.0503102   -2206.1190605   -1107.3051691
518.0963176   -2318.4120655   -1113.7753725
516.1853405   -2229.912281   -1108.8649035
516.9973271   -2267.2851086   -1110.9797955
517.7378627   -2216.9101238   -1107.9604626
517.1088176   -2257.4417591   -1110.406518
516.7273255   -2262.2623444   -1110.7138395
516.2476348   -2281.2731266   -1111.83846
517.260884   -2221.2622166   -1108.2570553
515.5369463   -2337.0499611   -1115.0243282
517.914814   -2342.1943188   -1115.1183844
516.2978815   -2243.2496548   -1109.6678972
516.1334025   -2247.2126484   -1109.910965
515.5648711   -2272.7077007   -1111.4156246
515.860227   -2239.0530109   -1109.4530821
514.7019821   -2301.84412   -1113.1010056
513.8238343   -2307.9152107   -1113.5251522
514.8068788   -2296.2450981   -1112.7790213
514.9556818   -2291.1672592   -1112.4893427
514.0799554   -2224.5151997   -1108.7005138
514.5417424   -2276.98493   -1111.7480993
513.4139853   -2331.5131664   -1114.8966551
511.8810358   -2286.02314   -1112.475276
512.5701698   -2314.8210049   -1114.0338182
512.5192674   -2235.1398468   -1109.4735861
513.544661   -2208.507061   -1107.7866554
513.1725939   -2213.9017582   -1108.1328392
513.6524933   -2320.3048706   -1114.2588854
513.891046   -2204.0402889   -1107.4950695
512.5778066   -2254.5335293   -1110.6129885
512.5789168   -2249.4053841   -1110.3184223
513.3018764   -2219.3188667   -1108.4468365
512.708244   -2259.5512867   -1110.8949184
512.3284804   -2264.1804218   -1111.19771
511.4496919   -2269.1915035   -1111.5659475
510.9551968   -2323.4565258   -1114.6639585
511.5338685   -2327.3839951   -1114.8302555
513.0882385   -2245.38517   -1110.0480556
511.4950361   -2241.1124706   -1109.9157333
510.9597044   -2279.7849178   -1112.2133732
509.0822103   -2228.9545536   -1109.3521118
510.6685805   -2274.5153904   -1111.9412184
509.1037872   -2336.4098072   -1115.5061722
512.4762701   -2341.8822289   -1115.530014
509.2623504   -2292.9646969   -1113.0744219
510.6870355   -2298.6426353   -1113.2655144
509.2246728   -2303.5638332   -1113.6684418
509.0760561   -2222.4555016   -1108.9551449
510.1646753   -2205.167532   -1107.8361273
509.8311948   -2319.3228245   -1114.5251989
508.4566819   -2216.8502808   -1108.6604595
508.9257108   -2245.9316254   -1110.398531
509.1837766   -2261.4614964   -1111.2998724
508.3778473   -2237.5926971   -1109.939456
515.9495594   -2239.0387058   -788.6455655
517.6380026   -2212.6524448   -789.4567847
517.7996057   -2275.6590843   -787.8826857
518.3235752   -2264.6203041   -788.1344557
517.8969698   -2260.8244419   -788.2091999
517.3540907   -2227.8027534   -788.8239622
517.522228   -2337.949276   -784.8520279
517.7282812   -2307.0509434   -786.5382433
517.8043517   -2298.3543873   -786.9518399
515.1592093   -2302.5312424   -786.450088
517.1882632   -2311.5692139   -786.155045
518.1677239   -2330.9545517   -785.1811647
516.0319852   -2281.576395   -787.6070142
516.4422589   -2222.2235203   -789.4625664
516.568509   -2208.327055   -789.9047136
515.1138427   -2317.7685738   -785.6360078
514.4270035   -2313.560009   -785.7140303
517.7099156   -2251.4944077   -788.263917
516.8273794   -2248.7366199   -788.3961201
515.116972   -2268.5232162   -788.2115841
515.5158388   -2323.0056763   -785.3697538
516.4356502   -2328.4626007   -785.1492167
515.2171301   -2288.9971733   -787.242651
515.2118476   -2232.6841354   -789.1440988
515.6835067   -2334.7563744   -784.8263979
513.2882642   -2258.6865425   -788.7116075
513.3259641   -2252.1102428   -788.8809443
512.7949464   -2245.4669476   -789.1210914
512.1225836   -2216.1386013   -791.0337448
514.3948542   -2285.2139473   -787.3636484
512.2748437   -2273.0469704   -788.2053256
512.4195191   -2296.3776588   -786.5636349
514.8519548   -2263.1306648   -788.4138227
512.2622596   -2205.4786682   -791.2603021
513.7724253   -2332.1447372   -784.8203182
510.7817995   -2278.3391476   -787.9305482
511.8930834   -2308.1018925   -785.8228087
513.2773267   -2210.474968   -790.9135222
514.2326551   -2340.1052952   -784.6315503
514.0643614   -2225.3448963   -789.9761796
512.4823945   -2228.2643318   -790.1275754
509.9068033   -2223.0696678   -791.2119031
510.6291743   -2325.0534534   -784.8799229
511.4414664   -2329.6675682   -784.779489
511.6423713   -2283.1261158   -787.479341
511.4242705   -2235.8362675   -789.8668051
509.6204626   -2239.9544716   -790.0337577
511.9845095   -2335.7720375   -784.6277356
511.7220404   -2320.1406002   -785.1142883
510.9901624   -2287.1286869   -787.2188687
509.936397   -2232.0914268   -790.4371023
510.0393491   -2301.2168407   -786.1056924
511.0423239   -2264.1572952   -788.7924314
509.6146064   -2269.2463398   -788.6969447
510.2099749   -2315.290451   -785.2801085
508.4320354   -2338.0744457   -784.5798135
509.520975   -2344.00177   -784.555614
514.3071311   -2347.2981453   -784.5795751
508.8866176   -2333.2588673   -784.6240401
509.6366378   -2256.1712265   -789.3493772
508.7142932   -2249.0515709   -789.7631526
518.326846   -2461.7755413   -1122.8458881
517.7852633   -2388.8576031   -1117.9060936
518.3471488   -2350.7208824   -1115.5683994
516.3233774   -2473.5374451   -1123.7645149
517.5208645   -2427.523613   -1120.4500198
517.1282562   -2480.1228046   -1124.2040396
518.2981091   -2402.2037983   -1118.6461449
517.6126035   -2397.0546722   -1118.3894873
516.8183195   -2415.1029587   -1119.5758581
515.8161046   -2410.7060432   -1119.348526
516.0643505   -2356.4031124   -1116.0745621
517.538053   -2376.8422604   -1117.2088385
516.1045017   -2373.0268478   -1117.0803308
515.5607881   -2380.6488514   -1117.5800562
516.5325674   -2452.8336525   -1122.3707199
516.7847397   -2448.8790035   -1122.0855713
515.8707621   -2456.9485188   -1122.685194
516.6688385   -2441.781044   -1121.5838194
516.5490928   -2438.1554127   -1121.3214397
515.1564526   -2419.2943573   -1119.9843884
515.2740823   -2346.5774059   -1115.5689955
513.3722695   -2445.2402592   -1122.0531464
515.4282945   -2385.2458   -1117.8598404
516.4205777   -2365.3776646   -1116.5874004
514.226568   -2362.3681068   -1116.5664196
514.0436562   -2405.3833485   -1119.1321611
514.949319   -2392.6701546   -1118.3220148
512.6565891   -2368.1147099   -1117.0353889
513.2832574   -2429.9526215   -1120.91887
513.12193   -2435.5447292   -1121.3537455
512.351838   -2466.5660858   -1123.5414743
513.8417827   -2424.3974686   -1120.4526424
513.6852833   -2350.9731293   -1115.940094
512.2662085   -2459.8722458   -1123.1126785
514.4348862   -2400.5594254   -1118.8131571
512.8741013   -2388.4243965   -1118.2265282
512.1705281   -2396.7878819   -1118.7570095
514.2275589   -2376.4555454   -1117.423892
511.6720023   -2478.4200191   -1124.3979931
513.1856697   -2483.6206436   -1124.7096062
518.1613462   -2485.6684208   -1124.6017218
511.7803412   -2414.5512581   -1119.8892593
513.5462406   -2450.1526356   -1122.3826408
513.2392841   -2440.2780533   -1121.6939688
511.7303552   -2454.3492794   -1122.7898598
509.1934326   -2472.9874134   -1124.1673231
511.9056227   -2373.5978603   -1117.4240112
511.2117948   -2358.9034081   -1116.5859699
509.3173208   -2353.9659977   -1116.4474487
511.5803378   -2409.5504284   -1119.5663214
511.206788   -2383.7819099   -1118.08002
509.9878656   -2378.1051636   -1117.8382635
509.4515728   -2347.178936   -1116.0572767
509.8744752   -2420.3791618   -1120.4428673
509.9040317   -2392.2991753   -1118.6639071
510.0593539   -2401.447773   -1119.1818714
509.510112   -2362.9539013   -1116.9581413
508.7843435   -2406.2893391   -1119.5663214
508.6010369   -2426.1813164   -1120.9698915
509.3011978   -2449.3992329   -1122.6289272
510.6753977   -2442.0597553   -1122.0058203
509.0412544   -2438.7774467   -1121.8849421
517.5571787   -2377.6063919   -783.6841941
517.552455   -2373.9514351   -783.7210298
517.8170549   -2456.5954208   -798.6365557
517.7902254   -2464.7655487   -800.9831309
518.331212   -2447.2699165   -796.8119979
515.8119025   -2408.2856178   -789.8494005
517.0181441   -2451.3828754   -798.145473
518.3561193   -2385.5450153   -783.3824754
516.4031657   -2428.0602932   -797.5876927
517.3514532   -2423.7999916   -796.1032391
514.9921971   -2393.8539028   -785.982132
513.8331252   -2401.2126923   -788.459003
516.5160271   -2461.1208439   -800.5147576
517.1357291   -2440.469265   -797.1591353
516.3915279   -2433.8998795   -797.8006005
515.0754499   -2387.4671459   -785.0655317
516.7245912   -2351.4649868   -784.478426
513.8811516   -2476.0460854   -807.9637885
515.922782   -2480.9188843   -809.2945218
513.0725475   -2467.6132202   -804.9830794
515.897316   -2416.1036015   -793.6505675
516.0177471   -2419.8894501   -795.5871224
515.5885565   -2367.1379089   -784.1668129
515.323137   -2361.7198467   -784.2044234
516.2758055   -2412.4951363   -791.5520072
515.5400755   -2443.6986446   -798.2292771
512.8801437   -2353.2707691   -784.4999433
512.1948319   -2358.3610058   -784.4493389
512.3355734   -2472.5403786   -807.2889447
515.4305147   -2437.6497269   -798.2437611
513.0395489   -2378.3118725   -785.3327394
513.9435502   -2447.8821754   -799.5579243
513.053854   -2453.2227516   -800.870955
512.4867903   -2459.3720436   -802.5871515
514.0046822   -2463.5446072   -802.8700948
511.9716945   -2371.1891174   -785.1125598
513.3174258   -2423.0713844   -798.3290553
514.0660676   -2440.2196407   -799.0763187
513.2440152   -2431.1778545   -799.8438478
512.4070617   -2427.4380207   -800.0892401
511.2595084   -2436.3572598   -801.0947108
513.1474631   -2412.6024246   -793.5128212
512.091172   -2417.4900055   -796.7370152
511.953299   -2481.1177254   -811.3992214
515.4451849   -2484.4596386   -811.5860224
509.7150775   -2407.6032639   -793.3723927
510.5252164   -2363.0394936   -784.8666906
511.2216669   -2367.1445847   -785.0231528
511.1961486   -2442.8780079   -801.0160923
510.5867731   -2389.9352551   -787.7913117
510.4834037   -2384.834528   -787.1041298
509.3022483   -2395.7622051   -789.6391153
510.4264887   -2464.8623466   -805.6892157
508.9310678   -2448.8215446   -802.8582931
508.9422735   -2477.8811932   -811.2978339
509.2162537   -2424.7589111   -801.885128
510.0515755   -2420.5322266   -799.6038198
509.9426406   -2430.2558899   -802.2550344
509.0642544   -2413.3341312   -796.5590358
508.5576522   -2455.3120136   -804.1056991
509.0495246   -2373.2936382   -786.2610817
508.3792182   -2417.1125889   -799.1479635
510.8679654   -2485.5790138   -814.5968318
508.7454887   -2440.0055408   -802.7985096
518.0915641   -2555.6066036   -1130.2607059
517.9125416   -2505.6407452   -1126.5324354
518.2595374   -2595.8564281   -1132.2535276
516.9915529   -2543.9162254   -1129.8395395
518.337694   -2496.5426922   -1125.6018877
517.2482403   -2491.5156364   -1125.1778603
516.5889087   -2565.677166   -1009.1116428
515.979168   -2590.2500153   -1131.8011284
516.4360153   -2581.5985203   -1131.2057972
516.7597877   -2609.4141006   -1020.2487707
513.6621343   -2603.1024456   -1018.6415911
517.2904777   -2526.8959999   -1128.6276579
515.9832733   -2550.8794785   -1130.1922798
517.4979763   -2564.6524429   -1130.5372715
516.1022591   -2577.5489807   -1012.2302771
515.2929547   -2500.688076   -1126.1613369
516.8989273   -2615.3485775   -1022.5317478
517.2441425   -2517.6715851   -1127.7757883
515.6147676   -2533.7769985   -1129.2536259
516.0072418   -2597.8741646   -1016.7394876
516.5235596   -2590.3651714   -1014.840126
516.2737491   -2593.5788155   -1015.6167746
515.991156   -2569.6914196   -1130.72896
516.1970454   -2620.9485531   -1024.9891281
516.084713   -2522.0406055   -1128.2477379
515.0962742   -2575.3993988   -1130.9502125
514.9934339   -2605.3130627   -1133.3993673
514.5122009   -2560.1305962   -1130.5232048
514.1374143   -2613.5113239   -1134.5545053
515.7695236   -2585.8745575   -1131.4769983
513.9237615   -2539.9522781   -1129.7494173
511.727524   -2569.8723793   -1011.536479
514.552516   -2573.2579231   -1011.6604567
512.8026354   -2622.8764057   -1136.0359192
515.4913115   -2599.4372368   -1132.6841116
514.2669278   -2583.6925507   -1013.9793158
513.8479518   -2508.4338188   -1127.0108223
513.2800239   -2513.9946938   -1127.6010275
512.8841596   -2559.0686798   -1008.0668926
516.2453847   -2551.6006947   -1004.2741299
514.8901986   -2547.2044945   -1130.0956011
514.5500796   -2495.5983162   -1125.7008314
513.5416286   -2595.3593254   -1132.2952509
514.1009586   -2487.8723621   -1125.0140667
511.5173804   -2554.7544956   -1130.495429
514.207867   -2504.6839714   -1126.6109943
511.2891617   -2565.4542446   -1130.7598352
512.4378475   -2524.2938995   -1128.6301613
512.4280276   -2528.8040638   -1129.019022
511.3865259   -2491.7347431   -1125.5128384
512.5249075   -2519.3388462   -1128.1633377
512.1112662   -2544.4920063   -1130.0886869
510.3229182   -2610.1670265   -1021.4625597
510.4769962   -2617.882967   -1024.6810913
510.4482146   -2605.0827503   -1019.6601152
512.6367109   -2565.3054714   -1010.0734234
511.6558867   -2592.0188427   -1016.2097216
509.9644484   -2584.4955444   -1015.0916576
510.9011429   -2585.5953693   -1131.5680742
511.2265395   -2578.9818764   -1131.1970949
511.0045644   -2597.2516537   -1017.4888372
513.2436725   -2622.5595474   -1026.3496637
517.2025534   -2626.6362667   -1027.1283388
509.5733898   -2577.0773888   -1013.7312412
510.474016   -2571.6307163   -1130.9401989
510.7751685   -2549.0810871   -1130.3489208
511.196089   -2591.4306641   -1131.9833994
510.346626   -2536.9074345   -1129.7255754
508.4368186   -2532.1350098   -1129.4819117
511.4744055   -2599.9875069   -1132.804513
510.5003389   -2497.5779057   -1126.1076927
509.7771632   -2503.9815903   -1126.7735958
511.1412453   -2575.3874779   -1131.0440302
509.7396793   -2609.1976166   -1133.9716911
509.6645477   -2604.14958   -1133.3061457
508.8166641   -2572.5462437   -1012.8754377
508.461562   -2559.9019527   -1130.7313442
510.5453479   -2486.9234562   -1125.1349449
508.8818269   -2541.1043167   -1130.056262
508.9721354   -2510.4112625   -1127.4633408
508.8592219   -2595.5035686   -1132.3722601
509.7863572   -2552.573204   -1006.578207
508.7434026   -2556.0259819   -1008.1530809
516.3186314   -2628.9036274   -1137.013793
512.2939917   -2631.4475536   -1137.5232935
510.5219754   -2622.9128838   -1026.9123316
511.7673548   -2627.2983551   -1028.7531614
508.7614926   -2625.5381107   -1028.2951593
510.190663   -2546.5347767   -1003.8485527
517.9070579   -2540.4655933   -998.0171323
517.0910629   -2496.0618019   -945.3665614
514.0576037   -2494.5185184   -938.3081198
515.477364   -2495.1357841   -942.6689148
516.8092819   -2534.6169472   -994.6469069
517.7979665   -2497.8268147   -952.3659348
517.5899836   -2500.2963543   -914.8602486
515.0399777   -2496.7036247   -924.7241616
517.2514739   -2496.5889454   -948.828578
517.6067399   -2512.4466419   -867.8155541
517.5326215   -2502.7410984   -907.0969224
517.1718123   -2502.1865368   -963.5286927
515.7069983   -2545.525074   -1001.606822
513.9200362   -2508.8961124   -884.4991326
515.8085348   -2507.588625   -890.6290531
517.129642   -2518.0556774   -981.3115001
517.9074379   -2525.9985924   -987.7225757
516.3049819   -2505.0525665   -968.3787227
514.7469687   -2511.3401413   -862.0191216
515.044217   -2510.5974674   -855.2350402
513.7263658   -2497.825861   -917.9867506
514.8302215   -2495.3250885   -932.5941205
515.6519832   -2514.1267776   -978.4193635
514.2721208   -2524.515152   -987.8047109
514.7592547   -2520.7023621   -984.4228029
514.9376141   -2527.525425   -990.0229573
513.1541165   -2530.7981968   -993.1530952
513.0505534   -2510.3168488   -975.9573936
514.940274   -2504.1496754   -899.8128176
512.6686665   -2505.8088303   -971.4096785
514.9188834   -2511.5554333   -870.7274795
513.4091573   -2497.0302582   -956.2238455
514.4253942   -2499.1030693   -960.1804614
512.294625   -2510.3712082   -874.864459
511.7224129   -2508.9702606   -881.349802
512.830724   -2504.884243   -895.1733708
513.6603387   -2495.446682   -928.1522632
509.922606   -2535.9289646   -997.8815913
512.1652233   -2541.8870449   -1000.8130074
511.4368322   -2494.178772   -949.7847557
510.4211392   -2510.225296   -866.2201166
513.9403912   -2500.0047684   -911.0672474
511.4703523   -2498.5756874   -912.4749899
511.2545165   -2500.8196831   -905.5169821
512.1276202   -2502.2683144   -967.2307372
511.6037475   -2499.3479252   -963.1578326
511.6242739   -2517.0378685   -982.4064374
511.7820623   -2493.619442   -944.4786906
512.0390254   -2506.5798759   -889.5362616
511.1556845   -2493.1914806   -941.1734343
509.4221728   -2495.84198   -919.0833569
509.1234865   -2494.0934181   -925.2889752
509.9916207   -2526.7956257   -991.116643
509.384078   -2509.7403526   -871.5006113
511.3859745   -2493.4186935   -936.7748499
511.2420591   -2494.0268993   -930.5233955
510.2352994   -2522.1629143   -987.2149825
510.132094   -2509.7739697   -860.0082994
510.8059394   -2497.2143173   -959.7458839
508.5863145   -2506.2232018   -886.7829442
508.7693753   -2503.9095879   -893.4839368
508.8155391   -2492.2852516   -944.5543885
518.1267159   -2498.3079433   -823.5327601
517.9657834   -2500.320673   -826.4088035
517.1022909   -2507.3466301   -840.4969573
515.9095126   -2489.5861149   -815.2043223
516.1584588   -2503.5266876   -832.8281045
515.0910663   -2494.5242405   -820.5579519
515.7555761   -2501.1370182   -828.9219737
514.702742   -2508.2986355   -845.3988433
514.8799466   -2509.5329285   -849.8225212
515.0235789   -2505.3007603   -837.1781707
513.464381   -2498.1665611   -825.8882761
512.2583183   -2505.8681965   -840.6095505
511.712146   -2500.664711   -830.6809068
510.6016519   -2503.0920506   -835.7602358
508.947027   -2489.80093   -819.0287352
508.7082358   -2494.2817688   -823.746264
510.5294483   -2508.1858635   -849.6465087
509.4758915   -2506.401062   -844.5614576
517.9283293   -2679.366827   -1146.2464333
517.4742761   -2717.9021835   -1146.5690136
518.0958556   -2709.1748714   -1148.899436
516.4379003   -2696.0494518   -1148.7551928
517.7797275   -2664.222002   -1042.4503088
518.3475959   -2661.4964008   -1040.2280092
517.4685913   -2692.8501129   -1085.8639479
517.7551406   -2657.456398   -1038.548708
517.6134901   -2688.6119843   -1074.9738216
518.1164341   -2654.7727585   -1141.8278217
517.0625868   -2649.5945454   -1140.8588886
518.3435353   -2724.4436741   -1139.1049623
518.2502764   -2695.1384544   -1090.7998085
515.6527656   -2721.0958004   -1144.895196
516.2985968   -2641.4763927   -1033.5406065
518.1618752   -2668.5037613   -1046.0430384
517.9091962   -2649.2147446   -1035.7817411
517.8965601   -2666.6302681   -1044.5686579
518.1834447   -2724.3096828   -1136.7406845
516.0146254   -2660.4304314   -1142.9511309
517.4807804   -2702.61693   -1107.3335409
518.1105556   -2634.213686   -1030.0900936
516.0958888   -2722.630024   -1135.5727911
516.514306   -2634.4864368   -1138.0125284
516.9784027   -2639.7192478   -1138.9758587
516.8714645   -2682.1403503   -1061.2072945
516.2092047   -2693.9895153   -1088.8805389
515.1014077   -2644.2706585   -1139.8757696
514.8801627   -2716.8428898   -1127.2419691
515.0285485   -2713.2411003   -1122.7197647
516.3571434   -2696.5601444   -1094.7440863
518.1772905   -2671.6928482   -1048.8477945
515.9337642   -2666.9099331   -1144.1640854
517.799926   -2709.3100548   -1116.6007519
515.2317929   -2652.2381306   -1037.7751589
514.9858566   -2701.6572952   -1149.230361
514.6314176   -2706.6886425   -1149.261117
516.333771   -2705.280304   -1111.7019653
517.8700658   -2698.4102726   -1098.9336967
517.330614   -2697.758913   -1097.4135399
515.340318   -2631.3772202   -1029.7261477
515.7170119   -2646.3358402   -1035.5472565
512.1127488   -2719.8498249   -1133.1362724
514.9929272   -2636.0499859   -1031.7884684
514.3995779   -2710.8230591   -1148.6877203
513.4845944   -2714.7910595   -1147.7869749
515.9606608   -2684.1170788   -1065.2911663
514.4411745   -2723.3688831   -1142.3162222
514.1703012   -2685.3971481   -1147.4015713
512.8388899   -2691.334486   -1148.3358145
515.577388   -2707.8025341   -1115.3798103
515.7071324   -2685.5854988   -1068.513751
515.5227902   -2686.9039536   -1071.6816187
513.0829262   -2672.9080677   -1145.2976465
517.2912525   -2673.7322807   -1050.9622097
516.4726051   -2671.2977886   -1049.4086742
515.4176178   -2710.2892399   -1118.7487841
516.5877166   -2669.3842411   -1047.6839542
515.7749774   -2700.2778053   -1103.9289236
514.8786279   -2676.4659882   -1054.5858145
516.7626413   -2675.8301258   -1053.2673597
515.7119977   -2698.3575821   -1099.3039608
513.8593438   -2679.8970699   -1059.1565371
517.1416225   -2674.561739   -1051.9472361
515.2256983   -2690.5763149   -1081.2522173
515.0323632   -2689.4350052   -1078.3064365
515.3611647   -2661.3683701   -1041.5422916
515.4459225   -2723.7772942   -1138.3341551
515.3790014   -2695.3039169   -1092.2100544
516.1440717   -2667.4697399   -1046.2181568
516.3534405   -2668.8559055   -1047.3386049
514.2382505   -2654.2954445   -1141.8222189
511.5304189   -2680.611372   -1146.6958523
514.2057212   -2648.7426758   -1036.940217
515.8221247   -2666.3379669   -1045.3408957
514.6509083   -2665.3075218   -1044.901371
513.1573202   -2663.0153656   -1043.6044931
512.7438801   -2656.9235325   -1040.1434898
512.7022388   -2687.443018   -1074.5633841
513.718714   -2703.4721375   -1109.847784
514.1145857   -2701.6518116   -1106.9223881
511.884694   -2718.3916569   -1146.400094
515.4822516   -2672.4643707   -1050.837636
515.4167833   -2674.4003296   -1052.5127649
514.6333473   -2693.0942535   -1087.8010988
514.9781676   -2696.167469   -1094.3869352
512.6957791   -2649.1045952   -1140.8394575
512.5057148   -2638.7796402   -1138.8647556
515.1606994   -2681.6091537   -1061.1505508
513.054614   -2682.1596622   -1063.0764961
514.9272653   -2668.4498787   -1047.588706
510.2447244   -2697.696209   -1149.1681337
512.2778463   -2706.0091496   -1113.7627363
511.9295763   -2644.2601681   -1035.8330011
510.4194703   -2638.9641762   -1034.0460539
513.9063048   -2667.3972607   -1047.056675
509.2160674   -2721.2569714   -1136.3466978
510.8004334   -2722.9495049   -1139.5347118
511.0006156   -2690.9840107   -1085.5543613
511.6980644   -2665.3313637   -1143.9378262
511.0246661   -2658.6225033   -1142.6789761
512.9664066   -2684.1003895   -1066.7994022
512.434912   -2699.6102333   -1103.978157
513.6248144   -2670.96138   -1050.3265858
512.458046   -2669.2574024   -1049.2409468
513.1851929   -2696.5069771   -1096.2091684
511.368339   -2697.3836422   -1099.5042324
512.6003074   -2685.6100559   -1070.2809095
510.5223032   -2721.1484909   -1144.6033716
512.4797123   -2708.9362144   -1117.5507307
513.5580199   -2673.2048988   -1052.2786379
512.5560211   -2711.2658024   -1120.6032038
514.1142207   -2674.6087074   -1053.2058477
512.8410058   -2694.662571   -1092.1956301
511.242603   -2660.4704857   -1042.3599482
510.1231756   -2632.9982281   -1031.4964056
511.6417231   -2677.2370338   -1056.740284
512.9815461   -2676.2018204   -1055.1015139
509.7028213   -2651.8905163   -1039.2490625
513.0751925   -2693.3004856   -1089.1014338
511.2175318   -2644.5477009   -1139.9720907
511.0145333   -2688.6692047   -1078.8980722
512.0197134   -2714.9209976   -1125.4552603
510.8538168   -2713.026762   -1122.9542494
509.6420022   -2704.4389248   -1149.4641304
510.2026584   -2716.9380188   -1128.4136772
512.248938   -2665.677309   -1046.0056067
511.099224   -2708.691597   -1149.2068768
511.8547129   -2675.2192974   -1054.5514822
508.6452188   -2722.8550911   -1142.937541
509.8903673   -2711.9340897   -1148.5683918
510.5655687   -2653.2695293   -1141.6597366
509.5605376   -2686.8679523   -1147.7892399
511.2571987   -2701.9534111   -1108.1990004
510.8222561   -2673.7689972   -1053.6584854
509.5385434   -2689.5222664   -1082.5695992
512.0779472   -2667.4954891   -1047.7013588
508.8395151   -2680.3228855   -1062.204361
510.9548467   -2678.6086559   -1058.732748
510.6628957   -2703.8214207   -1110.9925508
510.5853575   -2670.8641052   -1051.3073206
511.587088   -2695.4543591   -1094.8269367
510.1868781   -2695.5888271   -1096.2594748
508.3881589   -2663.1860733   -1045.0087786
510.0203874   -2691.9167042   -1088.3980989
510.6744515   -2682.7640533   -1065.4737949
508.8045868   -2681.7617416   -1064.6525621
511.0555562   -2694.6258545   -1093.372345
511.177321   -2694.0774918   -1092.1142101
509.7753154   -2683.8641167   -1068.2592392
509.3702721   -2647.2275257   -1037.5841856
510.3322911   -2668.2827473   -1049.0983725
509.384987   -2669.547081   -1050.5555868
509.0317252   -2685.3358746   -1072.0409155
509.824154   -2692.8164959   -1090.6199217
509.499495   -2698.5254288   -1103.0032635
509.2358338   -2711.1589909   -1119.8129654
509.2285099   -2708.3775997   -1116.4845228
509.8871189   -2700.6206512   -1106.5039635
508.9054527   -2715.0626183   -1125.4628897
509.0015056   -2677.4482727   -1058.0906868
509.927799   -2694.5970058   -1094.2852497
509.3857916   -2693.4530735   -1092.2697783
509.0117352   -2674.9482155   -1055.4531813
508.5200118   -2668.5090065   -1049.6883392
