-893.6863867   -2657.6800346   18.1807075
-895.1594559   -2655.3864479   16.9352535
-895.0056759   -2652.4217129   18.336555
-894.9588267   -2661.8888378   19.3357822
-895.0116364   -2659.0790749   16.717229
-897.7870671   -2654.7808647   14.6855954
-897.0962492   -2661.3750458   14.856779
-898.4235255   -2665.1835442   17.6866557
-898.9870278   -2651.7324448   17.6022835
-897.5251643   -2658.2119465   13.8924001
-899.5357481   -2663.6350155   12.7617735
-900.2642361   -2657.0847034   11.3528622
-902.1693198   -2653.3768177   14.1553031
-901.1208741   -2655.3711891   12.1665131
-900.8681504   -2666.172266   14.0089793
-901.9772736   -2668.3678627   16.9478543
-903.3413855   -2650.9311199   17.4984057
-903.3904997   -2649.3091583   20.4759352
-901.1765448   -2656.1663151   11.0706436
-903.1733004   -2669.103384   12.2800469
-902.0565478   -2655.8725834   10.6315371
-903.3211199   -2655.0266743   11.1724027
-905.9960572   -2670.6807613   16.144447
-905.2514759   -2654.5352936   11.1296484
-906.7047564   -2653.3195972   13.2516231
-906.7009417   -2671.8306541   12.2789787
-906.0418335   -2649.5656967   20.477565
-906.8090645   -2651.1905193   17.0262847
-908.7941376   -2672.3246574   19.4314551
-908.0079523   -2654.5040607   11.0563142
-910.2323977   -2672.6312637   14.9448309
-908.2646099   -2650.9232521   17.6069047
-908.6997239   -2651.4792442   16.5286269
-909.8597495   -2653.2902718   13.3222565
-907.9241482   -2651.2093544   17.0599446
-911.6207091   -2650.7651806   18.232692
-912.9712311   -2654.0036201   12.1709565
-913.8140408   -2673.7458706   14.0106929
-912.9209248   -2652.4968147   14.8812188
-916.5702788   -2652.7183056   14.8853008
-918.1002108   -2650.4130363   19.9478623
-916.6304795   -2674.6339798   13.4247402
-919.7134701   -2675.3063202   15.7620143
-920.9786383   -2654.3359756   12.6032298
-922.2219912   -2652.3995399   16.6524705
-920.6623761   -2675.6796837   11.522077
-920.2617136   -2675.7984161   18.9403873
-923.0955569   -2676.1808395   13.3388937
-922.4495617   -2676.1760712   16.8329142
-923.7454859   -2676.8288612   19.3917006
-924.7555462   -2655.6813717   10.9743094
-924.99921   -2653.6309719   14.7625487
-926.5637127   -2652.3370743   18.3241237
-926.2029854   -2677.1485806   15.5365868
-927.4707762   -2677.4277687   11.1340601
-927.7641503   -2678.1013012   19.6063686
-926.7949788   -2654.5238495   13.5782454
-928.8903204   -2655.7912827   11.7296306
-927.3754088   -2653.2273293   16.6038312
-928.0571667   -2653.9039612   15.3791476
-931.1144081   -2678.4787178   13.2255973
-930.7188717   -2678.7590981   17.5632499
-928.9959399   -2653.444767   17.0664582
-930.825564   -2653.5947323   18.4409115
-929.0321795   -2654.7327042   13.9797423
-930.2487103   -2654.3815136   15.5379297
-932.4354855   -2655.4868221   14.191566
-932.2719304   -2656.2993526   12.1658929
-932.4364392   -2655.0352573   15.5036636
-933.558437   -2679.5794964   15.7189965
-934.2810837   -2680.077076   18.6140761
-935.2630106   -2679.7862053   13.1302355
-935.2595536   -2655.7366848   16.172383
-936.9526831   -2655.9598446   18.6174195
-934.8791567   -2656.4729214   13.8736917
-934.3577353   -2655.8563709   14.847476
-934.6257178   -2655.8372974   15.1539231
-936.9821278   -2680.8209419   17.3709169
-934.6813885   -2655.9836864   14.8185436
-935.0177971   -2655.9045315   15.3361307
-935.4582755   -2656.1129093   15.1804881
-937.6350371   -2657.0997238   14.4048976
-938.4201495   -2680.8447838   13.6159565
-940.5293194   -2681.8070412   16.4083987
-940.9645525   -2657.7088833   16.2708331
-941.3542477   -2658.5049629   12.6712518
-941.7620627   -2681.905508   12.3764938
-943.8537089   -2682.9330921   19.0221984
-944.5050684   -2682.9588413   15.3754381
-942.9499833   -2658.5154533   15.2635705
-944.8623387   -2658.4906578   18.3207635
-944.6989027   -2659.0356827   13.7408562
-947.1856085   -2683.586359   12.2405747
-949.0138022   -2684.1657162   17.3027143
-948.5908476   -2659.1677666   18.0591419
-949.4387833   -2659.7573757   12.8640383
-950.8081404   -2684.6079826   12.1011352
-951.3234822   -2659.7020626   15.3221702
-951.3718811   -2659.5036983   18.2800479
-952.908012   -2684.9462986   14.7057297
-954.7139136   -2684.9563122   17.9370232
-953.5491196   -2660.1228714   13.1368618
-953.7861077   -2685.1828098   11.9495466
-955.1064698   -2659.9755287   16.8362018
-954.4762103   -2659.7316265   20.2924628
-956.2066523   -2685.3842735   14.1900927
-957.3164908   -2660.5803967   13.5418233
-957.6922385   -2660.1061821   20.5201413
-958.6996762   -2684.9863529   19.5147917
-958.1316439   -2685.3215694   16.4566189
-959.4564167   -2660.6488228   16.8375466
-958.8912455   -2661.1933708   10.8601851
-959.5799176   -2685.6045723   13.8822338
-960.9627453   -2661.3643169   13.2364165
-961.4450661   -2685.2731705   16.7139173
-963.8585774   -2685.6975555   11.8394624
-962.0715109   -2684.7915649   20.2549621
-963.2804123   -2661.6122723   16.2769333
-964.6897046   -2662.5580788   12.4725774
-966.0836188   -2684.6137047   18.2546172
-966.0879103   -2662.1789932   18.8816097
-966.079208   -2662.5862122   15.6143736
-967.9541317   -2684.8375797   13.9364265
-968.0677382   -2663.6297703   13.7751959
-968.1534497   -2663.2142067   16.695274
-970.4717127   -2683.2535267   20.4365067
-970.3712193   -2683.8035583   16.3811371
-969.1029517   -2663.2957458   18.9359933
-970.3416554   -2665.0378704   12.1108424
-970.8407847   -2684.169054   12.2746518
-971.2127177   -2664.6871567   16.2701327
-973.1403319   -2666.5797234   12.5141088
-972.7567164   -2682.6155186   18.4161086
-973.8406865   -2682.495594   14.8591185
-973.5495774   -2665.6394005   18.9142209
-974.9017683   -2667.078495   16.3354762
-974.8064009   -2681.5857887   18.3346253
-976.0876624   -2668.9300537   12.2752124
-975.306007   -2666.8305397   19.6874347
-976.7288891   -2680.201292   20.207312
-976.5511481   -2681.0891628   12.1093765
-976.704332   -2680.5558205   16.2184164
-977.7654139   -2669.285059   19.214388
-977.3118225   -2669.5327759   16.1492638
-978.0283896   -2671.5006828   13.3194542
-978.090736   -2678.6708832   13.7943104
-978.7424532   -2678.5051823   17.9961566
-978.7617651   -2672.0454693   16.8185383
-979.3797461   -2674.8268604   14.3639445
-979.1054455   -2676.4404774   11.5620838
-979.9130885   -2672.9846001   20.3570984
-979.5517651   -2674.8073101   16.9160664
