857.1493896   -1971.981883   -195.3170598
856.3684496   -1967.9969549   -195.3196079
854.251233   -1975.0332832   -197.7686584
853.505102   -1970.7012177   -197.7549493
853.2878431   -1966.2852287   -197.4360347
849.3892225   -1973.9017487   -201.4617175
850.7812294   -1968.8636065   -199.7748911
847.5865098   -1968.3805704   -202.6085556
846.0979434   -1971.9073772   -204.2690367
845.3906747   -1974.8935699   -205.1292509
844.9599119   -1965.2996063   -205.0924003
844.2956778   -1969.5614576   -205.9448957
843.9366492   -1972.7299213   -206.4310312
841.8022963   -1967.1965837   -208.6371779
841.5580364   -1971.7530012   -208.9347392
949.8718055   -1967.4639702   -272.7291286
951.2016448   -1966.9103622   -266.4768994
948.4678181   -1965.5255079   -281.473279
949.0977498   -1966.2046432   -277.885288
949.4944187   -1971.6576338   -269.226104
948.8538774   -1970.769763   -274.2164135
949.6076974   -1973.8799334   -263.6975348
950.7534476   -1969.9932337   -263.466686
948.2153329   -1971.1680412   -277.1729827
946.2426575   -1974.7697115   -284.1348946
946.1374255   -1970.6692696   -288.5585427
945.8091827   -1966.6349888   -292.5178707
944.7390112   -1970.9185362   -293.5075462
944.7957548   -1974.1898775   -291.0491526
944.4252225   -1967.0255184   -296.6199815
943.1003603   -1971.4282751   -297.9984879
942.8806873   -1965.6686783   -301.2133241
941.5300461   -1968.8830376   -303.1281531
941.2948462   -1974.8368263   -300.7876277
938.8511749   -1972.6347923   -307.6072633
938.0625161   -1967.0673609   -311.016649
935.5792376   -1973.3365774   -314.4619763
935.9140965   -1967.7097797   -315.0267899
934.1188046   -1970.6345797   -317.8346455
933.3639713   -1967.0616388   -319.5114732
931.9709512   -1974.0430117   -321.0541606
931.5525862   -1970.0320959   -322.2818673
930.7878288   -1966.0443068   -323.6139417
929.8714074   -1973.054409   -324.6129155
929.2369457   -1969.2157507   -325.8946836
928.3719333   -1965.6077623   -327.2071183
927.8303059   -1972.0168114   -327.8459311
926.704255   -1968.780756   -329.6286166
926.1128577   -1965.3915167   -330.5136561
925.1088472   -1973.4879732   -331.609875
923.4395894   -1967.9884911   -334.3453705
922.0985743   -1973.0465412   -335.8458281
920.5307337   -1970.6652164   -338.247329
919.9213954   -1966.2809372   -339.4894004
919.2397865   -1975.2452374   -339.4860923
917.9300042   -1970.6522226   -341.8776691
916.938779   -1966.3747549   -343.814373
915.3499874   -1975.1565456   -344.6339369
915.5763956   -1969.9912071   -345.2275693
914.487389   -1966.5594101   -347.3160565
913.2888886   -1970.9883928   -348.1479883
912.1270152   -1966.604352   -350.6481946
910.5114909   -1971.7321396   -351.7403901
909.5888706   -1966.6850567   -353.9767265
908.374724   -1970.5280066   -354.8570573
906.8866643   -1967.5636292   -357.1799397
906.4617427   -1973.67239   -356.5916419
903.8770171   -1969.1368341   -360.345155
903.120962   -1974.0179777   -360.504061
900.2514454   -1970.7783461   -363.8027012
898.0070623   -1966.1256075   -366.1990166
897.8011283   -1974.9816656   -365.4326499
896.4168998   -1970.6901312   -366.9429421
894.6616026   -1966.7098522   -368.5623407
894.009051   -1975.0015736   -368.0654764
893.3663341   -1970.5033302   -368.8907325
890.886751   -1967.5570726   -370.436132
890.734789   -1972.5455046   -370.1487184
888.1209465   -1970.5176353   -371.3894188
886.7995413   -1966.5440321   -372.0088899
887.7512189   -1973.9905596   -371.2105751
884.2219087   -1971.9084501   -372.2260296
883.1399354   -1965.6983614   -372.9497194
879.6697827   -1969.5045948   -372.846663
878.5253736   -1971.7621803   -372.6554811
876.9764277   -1966.2024975   -372.279048
875.1402768   -1970.5888033   -371.9517291
873.2888373   -1965.7012224   -371.2970018
872.4580678   -1974.4944572   -371.5349138
870.9444674   -1970.4064131   -370.7221448
868.6816069   -1965.5474424   -369.3141341
869.1066476   -1974.8748541   -370.2773452
867.2339591   -1971.2746143   -369.1673279
864.805636   -1968.2787657   -367.603898
864.1994568   -1972.8237391   -367.6895201
861.8906113   -1966.4484262   -365.4688895
862.3053404   -1971.0564613   -366.2682474
858.2197996   -1973.6223221   -363.5289669
855.2435311   -1967.367053   -360.9775603
854.3576869   -1973.0278254   -361.0303104
851.7035218   -1971.419096   -359.5945239
851.8320592   -1967.6424265   -359.3869507
852.1443876   -1975.1677513   -360.1459265
850.1697155   -1974.6251106   -359.2402041
850.009528   -1968.4970379   -358.7551415
848.8125476   -1972.0628262   -358.5932553
845.664558   -1968.776226   -357.5128019
844.9846777   -1973.5488892   -357.6794267
841.2513407   -1972.0586538   -356.6485047
840.4398384   -1968.252182   -356.2356234
837.5008377   -1974.8975039   -355.7965755
837.8776582   -1971.4411497   -355.6365669
835.7466432   -1968.5550928   -354.6943367
834.4828459   -1973.3490944   -354.7003567
832.0325585   -1966.9240713   -352.7801931
831.7887755   -1971.2549448   -353.2730341
831.290883   -1975.0169516   -353.4876406
829.0324631   -1969.5491791   -351.3840735
828.6743137   -1973.6081362   -351.8696725
826.3944807   -1968.3951139   -349.1719067
826.6998353   -1971.8700647   -350.1170576
824.3087652   -1972.2025394   -347.910881
823.6640515   -1965.8186436   -345.9852338
823.0219605   -1969.6944952   -346.0795879
821.4822682   -1972.250104   -344.8261917
820.8478215   -1965.5636549   -342.6063955
821.0041346   -1968.9296484   -343.500942
818.8706162   -1973.6899137   -341.6426182
818.8131126   -1968.9475298   -340.5229449
816.8513598   -1973.1601477   -338.4046853
816.1538067   -1969.4405794   -336.5292847
814.4081058   -1973.3073711   -334.120512
814.3693926   -1966.5864706   -332.8842819
814.68488   -1969.9273109   -334.0442777
812.5454309   -1970.802784   -329.9393058
812.119213   -1965.9746885   -328.2141089
810.260919   -1974.4423628   -325.1739144
810.3619637   -1969.3592787   -324.7478306
808.97778   -1967.936039   -321.2697506
808.2597675   -1972.7541208   -320.2842176
807.2059872   -1968.7073231   -317.2079921
806.0835572   -1973.5045433   -315.4204488
806.1341467   -1966.9362307   -271.8112171
807.7561381   -1968.2992697   -267.3122287
805.9809031   -1966.1545753   -313.4342432
805.3279044   -1970.5023766   -313.1405413
804.1754635   -1967.8680897   -276.5166163
804.8164966   -1965.4662609   -308.9264929
805.0335916   -1970.9968567   -271.338582
804.0036532   -1974.0296602   -310.5739951
804.288012   -1969.6151018   -309.6855581
802.7221831   -1974.0120173   -275.3565311
806.2658878   -1973.4537601   -266.8667138
803.5893115   -1968.5571194   -306.126833
802.8431507   -1972.7971554   -306.0139716
802.4480017   -1969.3982601   -282.1969986
802.6354136   -1971.380949   -278.5366774
802.4340691   -1970.0335264   -301.3739884
802.2028627   -1968.3718681   -296.0383594
801.8693896   -1969.3518877   -288.3164883
802.2652837   -1967.413187   -292.345047
801.4884862   -1974.2749929   -280.1771462
800.9473952   -1974.1091728   -284.9606276
800.9065362   -1974.1107225   -295.7008779
801.4410707   -1970.7506895   -292.4565971
800.5648228   -1974.4713306   -290.0059223
838.3224877   -1969.8811769   -212.7845287
836.0340568   -1965.993166   -216.1802649
835.7022079   -1973.8881588   -215.7881111
835.3826227   -1970.3462124   -216.6105211
833.9424106   -1968.9638615   -218.8238055
833.549005   -1966.1326408   -219.9511081
833.0028924   -1972.8754759   -219.5784599
831.9102349   -1969.3397284   -221.9481766
830.1667544   -1973.4311104   -223.7009704
829.4525119   -1969.7262049   -226.0228395
828.5847875   -1965.4474258   -229.2203754
827.7725252   -1974.1725922   -227.43918
826.9730779   -1971.0741043   -230.1664203
825.8883926   -1968.3716297   -233.8985205
824.6691795   -1965.4228687   -238.4807169
824.8581561   -1972.9543924   -233.49078
823.0891349   -1972.3621607   -237.7623618
822.1446993   -1969.1872597   -242.0738488
821.3998052   -1965.4684067   -246.178627
820.2969255   -1974.6540785   -242.0493811
819.9487152   -1971.0674286   -245.5005348
818.8981684   -1967.90874   -249.6854961
817.7320483   -1972.871542   -248.4975159
816.6723969   -1966.7909145   -254.3809712
816.5317299   -1971.4409113   -251.6722679
814.554018   -1972.1671343   -254.5281053
814.5004185   -1968.0798054   -257.1587265
813.0512806   -1967.2045708   -259.7986758
812.2792365   -1971.7668295   -258.3382428
810.7323023   -1968.2760239   -262.7138197
808.7223592   -1970.916152   -264.2767131
808.738065   -1974.4161367   -262.1923685
952.005324   -1966.2399292   -260.3336871
950.8156749   -1970.3226089   -249.5761067
950.7275196   -1971.1151123   -257.5820088
950.9624811   -1966.3465023   -241.2498444
950.8692297   -1968.6750174   -244.7243482
949.9911936   -1970.1687098   -241.6052967
949.8086842   -1968.5169458   -238.4716868
950.0224861   -1971.6951847   -245.0063527
949.1346749   -1975.1758575   -247.1658885
948.5481652   -1970.1269865   -235.2364659
947.688845   -1967.3571587   -230.1723361
948.8956305   -1974.0252495   -242.0881391
948.9803287   -1971.7514515   -238.7788594
946.6750892   -1972.9979038   -231.5921187
945.650098   -1967.7209854   -225.0738442
945.7792612   -1971.3028669   -227.6560515
944.0142187   -1972.3080397   -223.9812911
943.2687136   -1968.277812   -220.2033401
941.7502256   -1973.7987518   -220.0209349
941.5762397   -1966.7539597   -216.3397819
940.7476159   -1970.6926346   -216.5610343
939.8761364   -1968.0091143   -213.9768302
938.356218   -1971.7400074   -213.0606622
937.8970536   -1967.2763348   -210.7557356
935.6144341   -1971.8452692   -209.1155648
934.6800717   -1966.4981365   -206.2351108
932.7063235   -1971.9045162   -205.4167986
931.7822727   -1968.4581757   -203.3325583
929.9667152   -1971.8437195   -202.2761405
929.7139915   -1968.0896997   -201.0322362
927.715865   -1965.3981924   -198.5471696
927.3759695   -1970.7487822   -199.428305
924.5939525   -1969.1728354   -196.6280788
924.3724021   -1974.4254351   -197.6907551
922.0715734   -1966.7356014   -194.2313761
920.9708544   -1972.3840952   -194.6203113
918.3183583   -1968.0817127   -192.0131147
915.8599945   -1973.8684893   -191.7208284
914.2305823   -1968.2426453   -189.7536516
911.3791557   -1972.2442627   -189.1343296
909.9674793   -1967.1256542   -187.6392365
908.1480476   -1971.3531733   -187.64624
905.7468446   -1968.8429832   -186.4319593
905.2833291   -1973.1847048   -187.0101839
902.22725   -1966.2604332   -185.1131767
902.2991034   -1971.1494446   -185.8842671
902.4413797   -1974.8781919   -186.5653843
898.4467062   -1974.0799665   -185.6887341
899.6122154   -1969.4427252   -185.0800067
898.6881646   -1966.3299322   -184.4744384
896.3891538   -1969.1996574   -184.6318841
894.1310319   -1972.4290371   -184.9844456
891.7930695   -1968.1315422   -184.2473
890.1746842   -1973.6430645   -185.1344556
886.718181   -1969.7970152   -184.654966
883.6682709   -1966.0514593   -184.3674481
881.9892677   -1970.4957008   -185.2509677
879.6147081   -1974.6699333   -186.365962
879.8406991   -1966.4776325   -184.9884242
877.1752688   -1970.0717926   -186.0915422
876.7268034   -1965.9996033   -185.5816543
875.6074878   -1974.4951725   -187.219575
873.4166893   -1967.0060873   -186.6452843
872.2301396   -1970.1815844   -187.4858588
872.3217221   -1974.6005535   -188.2325411
869.173524   -1966.6367769   -188.1503612
869.4308075   -1971.7065096   -188.790977
865.6431707   -1974.2426872   -190.8674687
865.0345775   -1969.0765142   -190.3374642
862.7358647   -1965.7424688   -191.0569072
861.356196   -1972.427845   -192.7820295
861.5144464   -1968.4289694   -192.0772046
859.3581589   -1965.3909206   -192.9962635
859.1248664   -1969.2639112   -193.6412007
