-148.3461191   464.4469269   -339.360786
-147.0371478   465.0705373   -340.4674516
-151.133312   461.4881333   -339.0833424
-148.9519639   463.0062955   -340.8113146
-147.68539   463.9285616   -341.2024962
-146.4263836   464.4673801   -341.877648
-150.5108997   461.5878679   -340.9469682
-128.7243519   469.0769525   -330.9513326
-127.7245319   467.5601112   -329.3820516
-127.0918165   469.7606886   -327.2990717
-127.155196   467.1097977   -326.1082637
-127.3230337   469.6065664   -328.4580334
-127.0598167   468.1508155   -327.8206511
-127.1063928   466.5003863   -327.8147527
-127.1413073   465.4968779   -327.256735
-127.5157664   464.2759985   -326.5994987
-128.7011428   462.4984356   -324.5557886
-129.1956893   470.4343098   -331.563346
-130.047387   470.7234503   -332.6613034
-127.5119781   464.0733638   -328.4715552
-127.8517841   462.1747836   -326.6424411
-129.8032768   468.883161   -332.6421378
-129.1055162   466.5911349   -331.9497509
-128.1304597   464.9186951   -330.3231176
-127.5681027   461.1730256   -328.2602201
-131.0310495   469.5577886   -334.0541575
-128.0484199   463.1452192   -330.337182
-127.7338226   461.9882741   -329.7426459
-132.7024033   470.2675343   -335.2822101
-130.2679051   467.4544323   -333.7627301
-128.7325505   463.8470989   -331.7973985
-134.1121896   470.2391415   -336.3356534
-131.8568818   468.8758152   -335.3025575
-131.1205987   467.7632176   -334.9614763
-144.1829886   470.447387   -336.6617061
-145.4281207   470.2904343   -335.6882273
-129.3598432   464.5599456   -332.9734762
-130.0036054   465.2556348   -334.1180977
-142.7540638   470.4841166   -337.5038567
-133.003502   468.7724797   -336.4441106
-128.2712046   461.8688881   -331.4609854
-138.2432283   470.7942436   -337.5480651
-130.6460128   466.4495034   -334.8434787
-129.4200769   462.4650615   -334.0193813
-135.476793   470.0233824   -337.2885372
-140.0683633   470.2856162   -338.22738
-134.4167325   469.1760183   -337.2830785
-131.9569694   467.7667075   -335.9720681
-144.1740662   469.3221973   -337.9730284
-145.4903464   469.2453504   -336.9275034
-136.8931706   469.8811826   -338.0183704
-131.4799924   466.3082202   -336.1080112
-141.6882446   470.0449046   -338.3297605
-138.5579253   469.4736772   -338.8397461
-130.7355005   465.2992329   -335.4855499
-132.6733217   467.0011464   -337.1385103
-134.1013418   467.7558099   -338.005496
-135.6590223   468.7835466   -338.3375384
-142.6538757   469.0314007   -339.0706404
-137.0865796   468.6501781   -339.1436984
-140.987596   469.2251925   -339.2276943
-139.8440847   469.4230213   -339.0731554
-144.1850924   468.1351518   -339.3383496
-145.5138561   468.1715701   -338.2679268
-131.2890136   464.7066574   -336.5648008
-132.3551865   465.070127   -337.786832
-130.5701633   463.8117302   -335.7252945
-135.1595092   467.494662   -339.0129319
-133.4224248   466.2105869   -338.3809182
-139.7774432   468.5402242   -339.8612049
-141.4631835   467.8821186   -340.4572806
-130.5926355   462.202043   -336.4740223
-138.2750262   468.0184406   -340.0669318
-131.4981334   463.425602   -337.3803889
-136.0950851   467.7836014   -339.3800612
-143.058163   467.8059188   -340.2450514
-144.169563   467.0178808   -340.6253751
-145.4048805   467.1270457   -339.6524517
-134.4167653   466.3347047   -339.2349002
-135.6038842   466.5839019   -339.9415331
-136.8979232   467.2580853   -340.1750403
-139.542255   467.0754819   -341.1227686
-133.6114415   464.8877797   -339.3307533
-137.8983041   466.7513362   -340.9807681
-132.6608742   463.3960212   -339.0243564
-142.841532   466.8174284   -341.3127508
-141.2379046   466.5038695   -341.7984487
-134.8973157   465.1518997   -340.3519473
-131.5641279   461.7646607   -338.4299089
-130.6133722   460.9723803   -337.2894244
-145.1971299   466.3238077   -340.7771624
-136.5444495   465.6643943   -341.1204006
-134.1061095   463.4813342   -340.6809709
-138.3442505   465.583574   -342.0507145
-139.8794609   465.9493036   -342.2084341
-144.2441441   465.987965   -341.6728623
-142.7580407   465.5996928   -342.5085346
-132.865701   461.9679171   -340.2768123
-135.5297995   464.2434177   -341.4390202
-140.9623458   465.3878261   -342.8440332
-136.9078273   464.1068353   -342.5076572
-144.7290103   464.6915852   -342.7334327
-145.7011485   465.4625741   -341.322945
-139.4975843   464.9329714   -343.0223519
-133.9849924   461.9760937   -341.7380882
-138.3256635   464.3496497   -343.0918716
-135.3128188   462.8140796   -342.3813716
-143.2460955   464.7629446   -343.246797
-142.087001   464.6787437   -343.5010024
-133.0418913   460.926008   -341.4671683
-140.613907   464.3116057   -343.7994684
-139.2154431   463.7496217   -343.9700035
-143.436307   463.83206   -344.0572341
-145.7685303   463.1155656   -343.9314073
-146.0266315   463.9746502   -342.8029931
-136.5372495   462.7044604   -343.4820939
-134.6699861   461.7547077   -342.7253791
-135.4361987   461.322724   -343.9323655
-137.8104003   463.2410156   -343.8077759
-141.7712579   463.7965464   -344.332722
-140.562497   463.0242276   -345.0030839
-144.1341492   462.6076365   -345.2731594
-138.7739627   462.4755223   -345.024238
-142.4078063   462.9009596   -345.2210482
-137.1968317   461.9556489   -344.684828
-141.5602538   462.0116978   -346.2993117
-139.9234504   461.7173171   -346.3336531
-145.7073135   461.8720776   -345.7616336
-143.1435223   461.9860008   -346.3168217
-138.096843   461.0683447   -346.3096326
-144.4005407   461.837501   -346.2952534
-143.9819796   461.3046497   -347.2272992
-130.3907255   462.9095364   -320.9523723
-132.1999694   461.1741368   -321.1350898
-133.1702517   462.2192263   -319.6073292
-130.4941655   464.6760555   -318.0671165
-128.815827   465.9075836   -317.957221
-129.2109355   464.6169459   -319.6813151
-144.1650223   465.7384941   -319.2761673
-142.4849381   461.1609314   -347.5547891
-140.9919744   461.1769796   -347.3505532
-133.2821214   470.4506087   -308.6229272
-131.6702094   468.9750313   -311.313244
-134.9584321   469.2668263   -309.621171
-143.8452019   461.9663449   -321.0584552
-141.1779507   463.1553899   -319.0448535
-142.2162226   461.3573537   -320.721617
-129.0291149   468.6457107   -313.8179379
-129.0180574   470.3856191   -311.9643592
-127.1538985   467.7510646   -317.8627959
-126.0664568   470.6005197   -317.7563376
-126.0461046   469.1785303   -320.128021
-147.7363979   462.4781567   -343.3104836
-150.3395272   461.0953045   -342.8030815
-126.0502948   469.9062127   -322.2427381
-126.5962229   467.397639   -321.9436131
-126.5889054   469.0391548   -323.9257403
-130.7517685   461.2535102   -322.3848389
-127.4137961   465.6631341   -323.5361885
-138.8906937   461.0332862   -319.9617074
-149.1064331   461.3239115   -344.1147342
-145.4650444   468.4837489   -319.3057343
-147.2936025   461.8372887   -344.8392975
-138.9898409   467.9304348   -312.1286806
-141.6013975   468.2624359   -313.6047925
-139.6150714   466.2136866   -314.9495331
-146.9036641   463.0707   -322.0868061
-128.0665954   464.9502207   -321.5568497
-127.3679413   466.460537   -319.9053629
-130.8390226   465.7101785   -316.224782
-133.0884669   464.2489788   -317.110761
-133.2448667   465.9912786   -314.5284051
-148.103669   462.9996292   -342.0498356
-137.7081241   464.3988543   -316.4848461
-139.8080527   464.5829815   -317.0154985
-133.9016095   467.5968627   -312.1047586
-136.7438809   468.3174699   -310.7879427
-130.8847368   470.6283296   -309.9285021
-127.384746   468.715524   -315.8707437
-128.8987781   467.135447   -315.8849583
-127.0495997   470.0961671   -325.8536025
-142.0907029   466.5712066   -316.4628584
-146.2207809   461.0515303   -346.9981119
-142.8684574   464.0166343   -319.4862613
-144.8906575   464.5427686   -320.4040838
-136.1420859   460.9680547   -319.8896844
-143.4596752   467.1360449   -317.5116082
-138.2404543   462.772194   -318.3929377
-131.1679828   463.5989705   -319.1454742
-131.1670353   467.1790934   -313.9043852
-135.8339118   466.706048   -313.1003497
-134.9768334   465.3205887   -315.0638355
-127.5194222   465.8040865   -324.9916576
-128.8974244   463.3684046   -322.6702917
-149.1331968   462.0806979   -342.3553405
-138.5475955   468.9769377   -310.1165122
-137.1512189   465.7556105   -314.5868727
-143.0323051   465.6425126   -318.2960949
-135.6498024   463.0607121   -317.9616591
-145.3492266   461.1092473   -321.9417405
-135.6955864   464.4514243   -316.2167976
-140.1146133   469.9462294   -309.7697202
-143.1009923   470.0763127   -313.2096616
-146.9922002   463.5068069   -342.5489277
-138.0805299   470.1435605   -308.5496229
-144.4451408   468.9637011   -317.2362805
-152.2751039   461.7528666   -330.9788402
-151.7870844   463.1833639   -330.596862
-146.1724396   469.7316376   -319.6727416
-148.3817089   460.9508033   -345.7943243
-147.0504687   461.2710134   -346.1064883
-150.0923309   467.4949831   -328.8775922
-150.5530105   466.3919134   -328.9052335
-151.7131752   462.602624   -332.7737913
-146.3565761   469.1337178   -320.2837643
-147.6007595   469.6370379   -321.9853181
-147.54485   467.7252363   -322.0045165
-146.7272848   464.422919   -321.7177969
-148.0344578   470.2942088   -322.9333747
-148.1002755   469.010247   -322.7480285
-148.3220803   467.5980644   -323.0591717
-147.9160595   465.9954955   -322.5330213
-148.6349428   469.2616101   -323.9636108
-148.7449276   470.3268315   -325.3106976
-149.0937248   467.436702   -324.175188
-149.5793688   468.2086918   -325.7785115
-148.7766889   466.003535   -323.4738809
-148.5263623   464.0586832   -322.9808243
-148.9945044   470.2392365   -326.8406626
-149.6524674   466.2019731   -324.686715
-150.3976921   466.0387558   -326.2043175
-149.3079651   464.6441525   -323.8136678
-148.8955402   470.2417542   -328.7567197
-149.6759878   468.623163   -327.8667193
-150.1855709   464.0185244   -324.7193596
-148.1359112   470.7746619   -330.3680616
-143.2806252   469.0127315   -314.8671539
-149.4572855   462.9687419   -323.6478205
-149.6173663   468.3694429   -329.6635346
-148.7660187   469.3003682   -331.0531168
-150.0711354   462.0487787   -324.0402892
-151.1203677   463.8232381   -326.1532046
-145.8748991   466.267266   -320.5692339
-150.961555   462.0475948   -324.9893892
-150.2576667   467.1097817   -327.6435936
-150.3357479   461.1876829   -324.1810777
-151.0409614   465.1086729   -327.884725
-147.5578091   470.5234313   -332.0812676
-145.0872658   461.3590786   -346.8687133
-151.7265539   462.1580027   -326.1313056
-151.6981962   460.9961436   -325.6540773
-150.272049   466.8065528   -330.1266315
-149.6806291   467.4788289   -331.4364842
-151.8171394   462.9152806   -327.4037477
-151.7046879   463.5902767   -328.9934021
-152.2171471   461.0679845   -326.8502164
-147.9296909   469.3856672   -333.007035
-148.8914681   468.072768   -332.7818279
-152.3707623   461.5318673   -328.9936728
-146.771089   470.5401478   -333.5649937
-150.5237346   465.746636   -331.6209557
-151.0571794   465.0767172   -329.9699857
-141.7194285   469.9169317   -311.5478685
-147.1773094   469.5204231   -334.3026506
-146.3366326   470.1858987   -334.7218071
-149.796343   466.4291824   -332.965634
-147.9370185   468.3140359   -334.5329074
-148.9226002   467.2379936   -333.9662621
-150.6672886   464.5767932   -333.2691802
-151.2153827   464.252288   -331.6503347
-146.6957082   469.011257   -335.7190616
-145.2304839   465.9056526   -320.1207154
-148.4421077   467.1393256   -335.1289967
-149.4560878   465.8500129   -334.6478907
-147.6502566   467.3946155   -336.3404363
-146.6096834   467.9577531   -337.2742843
-151.044432   463.4144527   -334.0845447
-148.5724923   466.3054582   -335.9921547
-150.3270953   464.1352615   -335.0432009
-149.291787   465.0290813   -336.2709709
-151.2498575   462.4598541   -335.2201181
-148.2344016   465.7780871   -337.493949
-147.3270946   466.8012481   -337.7549372
-150.1314655   463.5203836   -336.7413934
-146.53448   467.0017324   -338.6408091
-149.1493883   464.3840275   -337.7360872
-151.9738635   461.0204793   -336.2687096
-147.3600567   465.8723424   -338.9510967
-151.0646097   461.9983027   -337.3602994
-146.2865743   466.1392041   -340.0018302
-149.8749278   462.9454906   -338.861591
