-511.7292134   -1915.9964323   -921.7511415
-511.583182   -1916.9447422   -927.7939796
-513.343784   -1916.6439772   -916.3326025
-509.7923008   -1921.2311506   -922.2267866
-510.6873242   -1919.6163416   -917.9567099
-514.6815506   -1915.7143831   -933.5879683
-514.4165484   -1919.7887182   -931.6946268
-512.1386973   -1920.424819   -928.5616875
-519.0454451   -1915.583849   -935.6232285
-516.2275759   -1917.678833   -910.7320309
-520.0006691   -1919.1175699   -932.2040677
-520.848724   -1916.3473845   -908.9632034
-522.8680102   -1919.1070795   -905.8001041
-517.7470175   -1920.9294319   -905.4374099
-526.2825219   -1915.6491756   -931.7830801
-524.1480795   -1919.5964336   -929.7927618
-526.2827603   -1919.1764593   -906.9490433
-528.7569491   -1916.6947603   -927.8017282
-528.904411   -1916.1645174   -910.5442166
-530.1376311   -1917.4623489   -912.242949
-529.600474   -1918.0047512   -910.6503725
-530.4693905   -1916.7197943   -922.390759
-530.2704302   -1919.1479683   -917.3550606
-508.8182417   -1923.5109091   -916.826129
-511.2024275   -1921.5841293   -913.0436182
-510.6739727   -1922.5093126   -925.0779152
-514.0698878   -1924.4309664   -904.4976234
-513.8292042   -1921.9317436   -908.169806
-512.2614828   -1922.6347208   -927.7604222
-511.7206303   -1919.636488   -927.8791547
-514.0901534   -1925.1756668   -927.7498722
-514.1234127   -1921.2807417   -930.4325581
-516.54658   -1923.9752293   -902.6524425
-517.0823065   -1922.2706556   -929.980576
-518.738958   -1924.8920679   -900.5331993
-522.1414296   -1922.367692   -902.5741816
-520.5017058   -1923.0948687   -928.8923144
-523.3226744   -1923.6855507   -926.6394377
-524.6870247   -1921.6432571   -904.2052031
-527.0548788   -1922.0626354   -924.2039919
-526.117417   -1924.2786169   -903.5128951
-526.5061585   -1921.4607477   -905.4166079
-527.7079073   -1921.292305   -907.125771
-528.5900561   -1922.5561619   -918.8820124
-529.4664828   -1923.0519533   -913.767755
-528.3995596   -1924.9161482   -909.4469547
-528.3001391   -1922.2533703   -908.0657959
