468.8061374   -1915.4448509   -491.4443791
468.9549255   -1916.37218   -499.5143414
467.9252478   -1918.1752205   -495.4941273
469.176692   -1915.3478146   -502.7557015
468.0874842   -1915.9510136   -505.8799982
466.5467786   -1917.2501564   -487.1214628
467.4861031   -1918.9556837   -502.9452443
467.130852   -1920.0278521   -498.9931583
465.786946   -1916.0387516   -510.5949044
465.8513042   -1920.2518463   -491.1623001
466.4961296   -1918.8545942   -506.7777038
464.9536433   -1915.3645039   -479.4278145
464.2169001   -1918.6922312   -482.9216599
461.4632698   -1917.9917574   -514.8125887
464.7772136   -1920.8276272   -508.834064
462.5635865   -1921.2486744   -512.2438073
462.4639722   -1916.2278175   -475.7243693
461.4505442   -1920.5386639   -478.5264134
459.3487652   -1919.8533297   -473.187834
457.6686891   -1916.5592194   -468.8462913
454.572198   -1915.6147242   -520.5415487
456.469995   -1919.6225405   -518.4264183
458.6240026   -1918.733716   -517.0041919
449.7733536   -1917.3263311   -522.8738189
452.2164287   -1921.2995768   -520.794332
451.2467804   -1917.9868698   -462.146461
454.5465829   -1919.8112488   -466.0445154
447.3051848   -1916.0114527   -458.6599171
445.6316354   -1916.6709185   -525.3349543
444.535208   -1919.056654   -456.2292099
448.4591606   -1921.525836   -459.4551921
441.3117292   -1916.2567854   -528.1049609
440.8184709   -1917.3153639   -453.8219273
437.9781457   -1915.6413078   -530.2095413
439.1046139   -1919.8554754   -529.1742086
443.3285119   -1920.3023911   -526.4274478
434.309748   -1916.9733524   -532.2433114
437.2158917   -1918.3316231   -451.2664676
427.85005   -1916.6082144   -446.2995529
433.015165   -1919.0939665   -448.491931
428.3248755   -1918.2158709   -534.9725485
420.8108606   -1916.0971642   -537.0075107
423.5034706   -1918.3357954   -536.3966227
422.424254   -1916.1990881   -443.8661635
418.4987517   -1917.9177284   -441.6233301
425.873247   -1919.3477631   -444.4922805
423.0484488   -1922.0793247   -442.1705008
419.0340313   -1920.2507734   -537.0329618
411.5798446   -1918.5117483   -537.232697
413.5756465   -1916.8198109   -440.1771128
406.7087295   -1916.2049294   -438.2956326
405.5597606   -1915.6968594   -536.8695259
398.2489827   -1916.2946939   -436.2989366
403.4607681   -1920.2728271   -435.8097911
411.9977178   -1919.9751616   -438.4590387
408.7116989   -1922.2115278   -436.4885092
400.1170518   -1916.3902998   -536.0770226
402.0106169   -1920.6806421   -535.9742641
394.5823284   -1916.0060883   -535.1113081
398.2003155   -1919.7175503   -535.3988409
392.7239301   -1920.5918312   -433.4396124
399.3377658   -1921.604991   -434.2584312
391.946611   -1922.8050709   -533.7272286
387.0246085   -1917.7997112   -433.8874221
385.3834542   -1919.7359085   -532.4679017
388.641757   -1922.9202271   -532.9610109
378.9374652   -1915.9106016   -434.8450303
382.9585286   -1918.210268   -433.516562
378.0051293   -1920.514822   -529.9720168
382.8742775   -1921.3154316   -531.5656066
375.4307004   -1918.9586639   -433.9505732
379.4884952   -1921.2281704   -432.2541058
372.0732602   -1916.7952538   -436.0249937
372.456831   -1919.225812   -527.5992751
368.7524768   -1916.2080288   -437.8278553
366.3117113   -1915.7265425   -523.765862
369.2225786   -1918.206811   -525.7743597
365.9301671   -1918.3872938   -438.3841455
368.5833188   -1920.0799465   -435.831219
366.6069182   -1919.1925526   -524.0418315
363.0593392   -1917.0210361   -441.3977861
363.2021072   -1918.7335968   -521.4013457
358.5146042   -1916.615963   -516.5608525
360.6429669   -1918.3833599   -519.0525651
358.1159236   -1918.2120562   -445.7078278
360.2264496   -1918.6251163   -443.0288672
355.2476587   -1917.9723263   -449.734658
353.2254668   -1915.5218601   -454.9579322
352.253777   -1916.4705276   -507.6456666
355.7482036   -1921.4951992   -513.948679
352.7283194   -1920.5513   -509.5951557
351.2307229   -1915.4105186   -459.0604603
350.1922461   -1919.9762344   -457.395345
352.1172824   -1921.13626   -452.5642991
350.781289   -1916.5681601   -504.8277974
349.3597033   -1917.3521996   -461.8768096
348.8242003   -1918.1361198   -500.9986162
346.5125086   -1919.0284014   -469.825536
347.3957451   -1920.1680422   -464.8751616
346.0787954   -1917.5415039   -490.1354015
346.3941338   -1920.6545353   -495.2216148
345.4630645   -1919.3042517   -475.2845466
345.5363037   -1917.4919128   -484.5924377
345.4347523   -1917.9018736   -480.1982641
465.1967558   -1923.2171774   -496.0157573
465.6684669   -1923.0698347   -501.0790229
465.4023471   -1922.3417044   -505.4080486
463.3509191   -1921.9360352   -486.3670766
462.7966555   -1925.103426   -490.727365
461.7314013   -1922.5714207   -482.7323854
459.0783986   -1921.6918945   -515.6302452
458.494884   -1924.8629808   -476.1545062
456.0414078   -1924.6102571   -517.3631907
456.6839161   -1924.9705076   -471.9361365
456.6165032   -1921.3366508   -469.5669115
454.7534408   -1924.8871803   -467.7746594
452.019048   -1923.7215519   -463.4347558
448.5950591   -1925.0264168   -522.4910378
447.4149915   -1920.7240343   -523.7565637
445.7109096   -1923.7273932   -456.6297531
445.1501491   -1923.7754345   -524.9077678
441.6953596   -1921.7867851   -453.6239207
441.408542   -1924.4452715   -527.3462534
437.3526695   -1924.1012335   -449.9236643
432.637197   -1922.5798845   -532.8598619
430.0826611   -1922.4946499   -445.7722902
428.2978299   -1923.9861965   -534.6993804
425.0052246   -1921.6439724   -535.882771
422.3124208   -1923.8489866   -536.356926
419.0074625   -1924.5413542   -439.386785
416.743082   -1920.8542109   -439.869076
418.5869666   -1925.186038   -536.8090272
414.88373   -1923.2473373   -537.0857716
414.3027189   -1923.9116907   -437.7144277
410.0838723   -1924.2616892   -536.8348956
404.486117   -1925.1983166   -433.9221418
403.8022431   -1924.8268604   -535.9021425
398.1621834   -1923.0115414   -535.0363851
395.7142057   -1924.8880148   -534.3222022
385.9582665   -1921.7684269   -431.9810867
385.7786181   -1925.2727032   -531.9494009
375.7209303   -1922.2518206   -432.2487712
371.9423386   -1923.0138063   -432.8894913
369.8943975   -1922.4472046   -526.1157751
367.91451   -1923.9318371   -434.1703355
367.0114549   -1924.0857363   -524.3211389
365.5673834   -1922.5431681   -436.322391
363.9858188   -1922.7545261   -522.1796632
363.1126853   -1921.2758541   -438.8181269
362.8695729   -1925.1724482   -436.8056059
360.8647408   -1922.2170115   -519.5531845
361.0259118   -1920.6584692   -441.0076141
360.5733337   -1924.0849018   -439.4185245
357.9292568   -1925.2425432   -516.9212222
358.422664   -1922.4106073   -442.6493943
358.6582216   -1920.7308292   -517.2688961
355.7570251   -1922.1594334   -446.1013079
353.5531285   -1922.7460623   -448.9423037
353.024331   -1925.0823259   -510.9704733
350.4132899   -1925.14956   -506.9770217
350.499061   -1919.9738503   -505.5655837
349.8923006   -1924.3724346   -454.4965923
348.8278212   -1922.9602814   -503.2414794
348.1122079   -1924.8970747   -458.1998289
348.2316258   -1921.4265347   -460.9784484
346.8095931   -1924.9413013   -499.3148446
346.5349796   -1924.8764515   -462.6279175
345.5071273   -1923.9748716   -467.3247337
344.8902788   -1923.0247736   -471.6029465
344.9206772   -1922.8014946   -490.99347
344.2387404   -1922.7522612   -486.202687
344.4577577   -1921.1417437   -482.1805954
344.3347486   -1921.9352007   -478.8509011
