847.7148982   -1919.0763235   -204.2385191
960.6242152   -1921.359539   -262.8307045
960.5965587   -1920.681715   -259.0728998
960.3255364   -1924.6292114   -260.0257993
960.276899   -1925.0167608   -263.1542087
960.2228972   -1923.8296747   -256.8304539
959.2337879   -1921.8888283   -249.4722754
958.0818387   -1923.0452776   -244.809404
956.7383202   -1924.4000912   -240.5932397
955.2078518   -1921.9561815   -236.6024107
953.1874033   -1924.3673086   -232.0911586
951.0946842   -1924.6013165   -227.7602255
946.7065307   -1922.041297   -219.6582854
943.9884397   -1923.1368303   -215.0340676
941.32593   -1923.9171743   -211.0117227
939.1197833   -1921.299696   -208.0741674
935.9429451   -1923.0926037   -204.0303797
933.025715   -1924.5903492   -200.7090747
929.8835369   -1923.4255552   -197.5629777
927.0055863   -1920.8607674   -195.0690895
923.455176   -1921.7418432   -192.2508478
914.4783887   -1924.7285128   -186.7673546
910.912809   -1924.6650934   -185.2695942
908.6756977   -1921.8953848   -184.5482439
905.0066742   -1923.4272242   -183.4773272
888.7790414   -1924.9683619   -182.1083128
878.919092   -1921.7280149   -184.0545088
874.3766519   -1922.6170778   -185.4184568
870.4321357   -1923.1116772   -186.9722158
866.6228326   -1924.3621826   -188.7185425
863.9756116   -1920.7755327   -190.5806214
860.1294132   -1922.5043058   -192.8410828
857.3019775   -1921.3432074   -195.0075477
852.5048169   -1924.0965843   -198.7478584
849.3473204   -1923.7146378   -201.8864751
846.3464352   -1924.3597984   -205.2000612
844.0129431   -1924.0525961   -208.2270235
837.1776762   -1920.6981659   -220.4952538
835.569975   -1922.7489233   -223.7388194
824.4537386   -1918.8549519   -311.8315041
833.9622738   -1925.1717329   -227.215901
832.9032483   -1923.2795238   -230.9029549
831.9309624   -1921.6482639   -234.7851247
830.5359008   -1924.3334532   -238.2930368
823.3885141   -1916.4549112   -285.8122587
828.5994949   -1921.6768742   -247.5907952
828.3877196   -1925.1457453   -245.7158715
822.8642466   -1917.9359674   -289.8986042
827.4249705   -1921.4959145   -252.6879609
826.2008252   -1921.2982655   -258.2025528
825.1432302   -1918.9924002   -266.4889097
824.9094757   -1921.7207432   -263.4240389
824.4446041   -1917.4903631   -304.8968911
833.3076956   -1918.6533689   -231.5241992
831.2532427   -1916.3820744   -240.5779809
843.072203   -1916.249156   -210.6564939
823.5364976   -1917.1742201   -295.6585586
844.7951945   -1919.8659658   -207.723856
841.1802473   -1917.7372456   -213.3892179
842.1484502   -1921.6303825   -211.2473696
839.9505737   -1915.4018164   -215.9179002
838.12238   -1916.582346   -219.309479
823.0326893   -1920.0543165   -302.1081984
839.2981114   -1921.359539   -216.0838842
836.1786874   -1917.109251   -223.6742079
834.7188207   -1915.4026508   -228.2411456
959.6379968   -1916.0450697   -276.3244212
959.8409506   -1919.8620319   -273.1631696
960.7611569   -1918.153882   -266.3322091
960.3404971   -1920.0819731   -269.385308
958.3795937   -1918.0576801   -280.6767821
959.1337713   -1920.0006723   -276.8582702
956.1847123   -1916.2737131   -287.468195
956.9185349   -1918.7608957   -284.9873006
954.5846554   -1915.6999588   -290.9039855
955.4351243   -1919.6041822   -288.3597612
952.0252319   -1916.7368412   -295.0524092
953.7257823   -1920.0698137   -291.6189432
949.5479139   -1916.8713093   -298.7135947
944.6494254   -1918.5887575   -305.0847352
947.1457275   -1921.7525721   -301.361829
942.7022012   -1917.1423912   -307.8493774
940.5196878   -1918.7748432   -310.3827834
937.9569563   -1917.5006151   -313.7104213
935.626355   -1918.055892   -316.4148331
932.2801503   -1917.853117   -320.2963173
928.8336607   -1917.5964594   -324.2512643
924.2474409   -1916.7734385   -329.7376335
919.200507   -1918.0748463   -336.2140656
914.1474637   -1915.4117107   -343.1118131
916.4310666   -1919.0266132   -340.0463462
911.2319025   -1918.0309772   -346.9535112
914.4525202   -1922.9112864   -342.8557813
905.3882333   -1916.9626236   -353.0049324
907.871631   -1921.4200974   -350.9875536
897.6292285   -1916.4241552   -358.3937287
902.4391743   -1918.4360504   -355.6416929
889.3451365   -1916.5533781   -361.3272607
893.2477506   -1917.4708128   -360.4717553
879.5434507   -1916.5947437   -361.0548675
885.9589668   -1916.5765047   -361.6836369
884.2631551   -1916.5822268   -361.7039025
876.5822025   -1917.2562361   -360.5693877
872.3355504   -1917.9255962   -359.5601022
874.2715093   -1920.3270674   -360.3760302
868.8650104   -1917.4096584   -358.6471379
864.0443953   -1918.9764261   -357.2147191
861.0149892   -1917.748332   -356.0653925
857.0837053   -1918.0457592   -354.6049893
848.0738076   -1915.9075022   -349.8435318
851.1080714   -1918.5277224   -352.1114588
843.4440764   -1917.8086519   -347.8089869
848.5506149   -1920.7279682   -351.5591323
845.7627567   -1919.8682308   -349.9324024
839.2086598   -1915.6887531   -343.5277939
839.8465338   -1918.2744026   -345.3517854
837.2677686   -1915.2847528   -341.3631916
837.2975113   -1918.2789326   -343.046844
834.8610672   -1915.3572321   -338.4694159
835.2624299   -1919.349432   -341.553092
832.4404629   -1916.4555073   -335.7007802
832.60071   -1919.3937778   -338.2034004
830.4330679   -1916.9462919   -332.4433267
828.2664838   -1917.6638126   -328.1768262
827.5499912   -1916.4696932   -323.5440254
826.2569281   -1917.0651436   -318.2408512
826.2277516   -1915.6575203   -311.4803433
825.5238058   -1917.2947407   -314.152956
823.6102136   -1920.1465845   -309.0667129
959.6793326   -1924.9469042   -270.2054381
960.3586467   -1922.8191376   -266.1882937
959.0738388   -1923.4777689   -275.0869095
958.3227011   -1922.5229025   -278.9336741
957.2764906   -1922.2217798   -282.6552093
957.4350091   -1925.2083302   -280.7418108
956.0850831   -1922.3402739   -285.9868407
954.3413194   -1924.6832132   -289.308399
951.5684219   -1924.9476194   -294.4171727
950.4982205   -1920.997858   -296.6953516
944.0886053   -1923.4673977   -305.200398
942.6600607   -1920.4727411   -307.4342012
941.1139759   -1924.0076542   -308.962971
937.7492341   -1922.1754074   -313.3721352
934.4249638   -1922.0597744   -317.3556924
930.6202205   -1925.0067472   -321.7265904
925.546703   -1923.4888554   -328.052789
923.3849617   -1923.1951237   -330.8198154
921.3357838   -1923.0691195   -333.5250616
918.1247624   -1923.6149788   -337.8911614
910.9544428   -1924.9706268   -347.49493
906.2999459   -1924.8158932   -353.1453907
904.6640369   -1922.1097231   -354.3432355
901.3825925   -1922.9227304   -357.5357199
897.1820744   -1922.5275517   -360.5144322
891.3595351   -1923.0856895   -363.1955385
885.7218   -1925.2412319   -364.8079038
885.2159949   -1919.4116592   -362.678051
882.4208351   -1921.8916893   -363.3023798
878.8735839   -1921.7892885   -362.3286188
869.9569675   -1921.4843512   -359.2047095
866.3374456   -1921.5724468   -358.0498993
862.3440834   -1924.5893955   -357.1003079
859.8335954   -1922.1554995   -355.9719622
856.5469655   -1922.8601456   -355.1186025
852.2212776   -1921.7541218   -353.3481956
848.9198359   -1924.7910976   -352.8269827
845.5581041   -1923.368454   -350.9131968
843.3731171   -1921.7191935   -349.1588533
840.5892821   -1921.7156172   -347.3043442
838.3406224   -1924.906373   -346.8173444
837.1632966   -1921.8873978   -344.6001112
834.0505185   -1923.2598543   -342.2915339
833.7328555   -1920.889616   -340.6499028
830.848408   -1923.5619307   -338.6616707
830.3779336   -1919.6950197   -335.0673318
829.5609923   -1923.286438   -336.6389573
827.9723199   -1921.1446047   -331.8510056
828.8825276   -1922.3693609   -334.8157108
827.1974745   -1924.5730639   -333.7174654
825.7526728   -1922.1360683   -327.786237
826.0071548   -1919.9184179   -325.0187039
825.49378   -1924.9714613   -330.5707574
824.9983462   -1920.1720953   -321.6073811
824.0184458   -1920.1029539   -314.9358034
823.6257555   -1921.5025902   -318.099916
823.8197687   -1923.3474731   -323.8509297
823.2459547   -1922.9850769   -320.6717968
823.0096074   -1921.7031002   -312.3703599
822.6923319   -1921.7247963   -306.668371
821.8519958   -1924.1195917   -314.5436943
829.9066099   -1918.0904627   -245.0668812
821.7701288   -1923.1449366   -276.175648
822.3624798   -1924.3013859   -270.7015872
821.977851   -1924.9889851   -319.8488653
821.7472108   -1924.1189957   -310.0031018
822.1424641   -1920.6296206   -280.6077898
821.9214352   -1922.188282   -298.2463837
821.6228309   -1921.9976664   -293.595612
821.9165923   -1920.2922583   -285.4744792
821.5328427   -1923.9561558   -302.0428717
821.3928314   -1921.7638969   -289.3793285
820.3851702   -1924.6002436   -282.1714878
820.9312531   -1924.6176481   -296.8664467
820.3853192   -1924.2696762   -287.1125042
820.4475912   -1924.5108366   -290.6026244
831.15491   -1920.2749729   -238.3258939
829.8144164   -1921.8209982   -242.5048798
832.3301347   -1917.2641039   -235.6478423
823.9813121   -1919.5996523   -271.4095414
823.6065181   -1918.2704687   -276.9975662
829.1283371   -1917.2853231   -249.4592369
834.4090404   -1920.3816652   -227.4976373
828.1139406   -1916.8254137   -255.0753951
825.3929885   -1916.3833857   -308.113426
826.8547776   -1916.7212248   -261.7311776
823.4319957   -1917.0861244   -281.8933427
825.1733305   -1915.6560898   -273.497045
823.8831731   -1922.0819473   -267.5922215
960.9249207   -1916.7701006   -262.3465061
960.7225331   -1916.9683456   -258.2839429
959.6689912   -1916.9274569   -250.7221103
960.1985487   -1919.9793339   -254.6802759
958.410916   -1916.9096947   -245.320946
956.7720266   -1916.3767099   -240.367502
955.7229253   -1918.2729721   -237.8274202
956.8029913   -1919.2664623   -240.5118197
954.1563364   -1917.4704552   -234.2804968
952.3884626   -1916.0897732   -230.6051105
950.5522522   -1916.3740873   -226.9867808
952.4564715   -1919.7156429   -230.6484431
948.2624205   -1916.058898   -222.6578742
949.6043297   -1920.4587936   -225.0186801
951.6366991   -1922.0011234   -228.9403975
945.9606382   -1915.8389568   -218.5732871
947.1539827   -1918.5695648   -220.5853015
943.9336332   -1916.3132906   -215.232566
945.0354847   -1919.0963507   -216.9300318
942.2152611   -1919.268012   -212.508142
939.7372576   -1916.6737795   -209.0515196
936.716971   -1918.0316925   -205.123201
929.8251542   -1916.8690443   -197.6889968
933.2933398   -1919.9528694   -201.1385709
925.6932112   -1916.6684151   -194.0823495
921.8740138   -1916.429162   -191.2444383
913.0452844   -1915.9806967   -186.3811463
915.2274998   -1919.5990562   -187.2624159
918.8356074   -1921.5962887   -189.1643554
909.866062   -1917.8390503   -185.0851029
912.021664   -1920.7985401   -185.7873797
906.1830612   -1918.1009531   -183.9596927
900.458959   -1919.9540615   -182.7620268
895.9928723   -1916.34202   -182.5517714
891.6977318   -1916.0693884   -182.5454831
893.9100476   -1922.1562147   -182.1435094
886.5040215   -1915.5627489   -183.0262691
888.9698359   -1920.9822416   -182.3625714
881.9086226   -1917.1162844   -183.7148219
884.1876062   -1922.1795797   -182.850495
878.7943097   -1916.882515   -184.5343858
875.9612712   -1917.943716   -185.3135824
872.1733662   -1918.2243347   -186.7258549
867.7219721   -1918.443799   -188.7657344
864.556578   -1916.592598   -190.7303035
861.7430302   -1917.244792   -192.3822165
858.2680496   -1917.2110558   -194.7862059
853.2722565   -1915.7347679   -199.0476102
854.8466834   -1919.5864201   -197.1886009
851.1605235   -1918.6308384   -200.6594241
