-682.1843115   -2154.6154022   -1006.3128471
-682.2031466   -2194.6909428   -1016.579628
-682.0195643   -2150.5844593   -1003.7910938
-683.5384098   -2198.6060143   -1016.376853
-683.5751263   -2184.7624779   -1015.3357983
-683.5734574   -2180.6361675   -1014.5418644
-683.0490557   -2173.0937958   -1012.8839016
-683.5499731   -2176.6505241   -1013.6590004
-683.956   -2188.6870861   -1015.9024
-684.4807593   -2169.6808338   -1011.6919279
-685.8135191   -2191.3115978   -1015.9499645
-687.7252785   -2163.9513969   -1009.3852282
-687.6208512   -2157.0205688   -1007.2933435
-686.7434708   -2151.6232491   -1004.8004389
-686.7881743   -2196.0349083   -1015.9533024
-687.1788231   -2174.21031   -1012.0272636
-687.6798598   -2200.3993988   -1015.7604218
-684.3045679   -2202.4097443   -1016.0343647
-687.0581833   -2178.8797379   -1013.3110285
-687.1971814   -2183.2957268   -1014.2846107
-687.1641604   -2187.3831749   -1015.0938034
-688.8591973   -2169.8830128   -1010.3719234
-687.9114834   -2192.8992271   -1015.6438351
-691.3590161   -2152.7473927   -1005.5794716
-690.5901162   -2148.5853195   -1002.7720928
-685.5541197   -2148.2591629   -1001.8932819
-690.809342   -2195.00494   -1015.2345896
-690.5253855   -2198.4167099   -1015.3979063
-690.3146235   -2190.8397675   -1014.9432421
-691.0743443   -2177.5071621   -1011.5655661
-690.6596152   -2181.8263531   -1012.940526
-691.0398928   -2186.3884926   -1013.9318705
-691.4032427   -2159.6832275   -1007.8929663
-681.8994013   -2155.5075645   -603.1415462
-683.0062596   -2156.2414169   -605.7526469
-682.0788113   -2145.731926   -950.3999949
-683.8625399   -2145.4284191   -946.611166
-684.0344397   -2145.2317238   -925.5946875
-683.7161509   -2145.1320648   -930.3299785
-684.3191115   -2145.6582546   -954.417944
-682.2731224   -2144.143343   -866.4216995
-682.115647   -2144.2108154   -869.9889183
-683.9524237   -2145.5972195   -900.9476304
-685.3323904   -2145.0140476   -974.2689133
-684.5227209   -2144.6919441   -978.8601995
-684.6866337   -2145.560503   -964.0185237
-683.1696955   -2146.1145878   -998.6004233
-682.7671257   -2145.1873779   -890.0431991
-683.6033789   -2143.7287331   -875.0303388
-682.8771559   -2146.2256908   -913.556397
-686.395022   -2145.1275349   -916.0428643
-683.3728281   -2144.1276073   -880.5410862
-685.1243702   -2144.9158192   -939.5149946
-685.6800047   -2145.4632282   -911.0563397
-686.8803231   -2143.1891918   -883.8428259
-686.4384142   -2142.7452564   -862.6799583
-684.4200817   -2143.9881325   -856.9973707
-686.4670245   -2144.081831   -984.3973517
-684.6035448   -2143.9373493   -989.5104766
-684.4302145   -2144.9213028   -934.8369241
-686.8631569   -2145.2069283   -969.0922499
-684.7778288   -2144.5775032   -994.601965
-687.2579781   -2144.9997425   -906.3161612
-687.6029698   -2145.3957558   -959.4955444
-687.1782271   -2144.0410614   -893.3652639
-687.5166623   -2145.172596   -950.6321549
-685.4034392   -2142.9331303   -869.3934083
-685.8577458   -2142.7867413   -866.4396405
-691.2488667   -2142.2214508   -887.930274
-689.0083281   -2145.6813812   -998.6316562
-687.6628128   -2142.5020695   -879.6137571
-689.5076958   -2141.4558887   -871.5746999
-691.298577   -2141.0462856   -876.8289685
-689.020249   -2143.9731121   -925.6329536
-689.4112555   -2143.8565254   -933.7642193
-687.5077216   -2144.7122097   -943.3264732
-689.9908511   -2144.5407867   -946.349144
-690.144631   -2143.8190937   -900.617063
-690.8528534   -2143.7780857   -919.3395376
-690.3401343   -2144.9863911   -955.1382065
-689.1672341   -2144.338131   -979.5973301
-689.8570982   -2143.9182758   -993.1336045
-690.4566018   -2143.6069012   -986.6009355
-690.7560555   -2143.97645   -940.7441616
-689.0676943   -2141.6151524   -866.959691
-690.3276173   -2141.8707371   -857.545495
-690.9501282   -2143.9063549   -905.3359032
-688.2710186   -2143.4803009   -852.1490097
-682.4936596   -2150.5496502   -838.0457759
-682.4078289   -2189.2592907   -776.0854959
-681.9598404   -2145.9095478   -851.3826728
-682.4615923   -2177.5798798   -800.4359603
-682.3765961   -2147.2380161   -845.9515572
-683.2298962   -2192.1274662   -770.3979015
-683.557841   -2157.9537392   -825.9029984
-683.4606854   -2179.9778938   -795.0958014
-682.7782122   -2153.3269882   -832.903564
-684.0523211   -2184.1051579   -785.4227424
-685.6033532   -2194.9155331   -764.2863393
-683.9818684   -2148.0894089   -842.0311213
-684.7815243   -2166.6731834   -814.3532276
-684.2927662   -2163.7938023   -818.2446361
-684.7861735   -2155.008316   -829.2163014
-684.873077   -2169.4772243   -810.6170297
-687.7921549   -2170.7932949   -806.9472313
-686.7040125   -2174.9098301   -801.1800647
-684.9913327   -2187.122345   -777.0726681
-685.1182906   -2185.441494   -780.7540894
-686.8927208   -2160.102129   -821.6670156
-686.2253872   -2180.8743477   -789.9888754
-685.7485501   -2145.3726292   -847.9935527
-686.3010851   -2146.3909149   -844.2406058
-686.5894524   -2188.3542538   -772.6395726
-688.2949797   -2176.8524647   -796.0919142
-687.6101223   -2150.6416798   -834.2351317
-689.2888276   -2147.2973824   -839.2813206
-687.2304408   -2152.5738239   -831.3956857
-688.8932911   -2190.0048256   -767.3933506
-688.6568991   -2178.1229973   -792.9991484
-689.943525   -2154.9215317   -826.7632127
-687.8550974   -2183.2048893   -782.2099924
-689.9797646   -2180.6764603   -785.5869532
-688.8808934   -2163.1731987   -816.8581724
-690.1175705   -2166.6100025   -811.5660548
-687.6477925   -2185.0113869   -778.1618237
-689.2064539   -2185.6057644   -774.8234868
-685.8273474   -2198.8649368   -760.3757977
-690.7536713   -2195.7690716   -758.482933
-690.2527539   -2144.3622112   -846.0924029
-688.580486   -2200.5648613   -756.6432357
-684.120628   -2202.927351   -759.0793967
-691.0674302   -2178.2753468   -789.9454832
-691.5584532   -2186.4509583   -770.3248858
-690.8166138   -2171.2327003   -803.9693832
-690.9304587   -2151.3009071   -831.2341571
-691.402289   -2183.1684113   -777.5606513
-690.7680956   -2203.2115459   -753.1456947
-682.3664633   -2196.7084408   -647.2799182
-682.3581187   -2198.5857487   -652.1162987
-682.3012558   -2192.5480366   -636.1417174
-681.8874804   -2171.3042259   -637.1443272
-681.9972721   -2188.6827946   -625.6260872
-683.1041304   -2194.9543953   -641.6169405
-682.3152033   -2165.0104523   -625.6389618
-682.4737517   -2163.0473137   -621.4460731
-681.8282334   -2159.4145298   -612.7882004
-681.7425219   -2189.3668175   -659.6798897
-682.6344458   -2185.4131222   -653.9016366
-682.0682017   -2161.2377167   -617.0716286
-682.5979678   -2181.3883781   -649.2560506
-683.7660996   -2174.9362946   -641.1344409
-683.0290285   -2193.6149597   -664.8647785
-686.6398779   -2180.1269054   -645.3694701
-683.8412014   -2191.5578842   -631.5900683
-687.246534   -2202.6226521   -655.9668183
-685.3986708   -2203.6523819   -660.7812047
-681.9712845   -2169.5435047   -597.2724557
-683.303806   -2183.5927963   -613.0171418
-682.8915802   -2175.6660938   -601.3532877
-685.3021113   -2167.6926613   -629.7219396
-682.8723875   -2172.7030277   -598.0732441
-685.1463047   -2170.2163219   -633.8300109
-683.1011502   -2153.8624763   -599.8351574
-683.1769673   -2163.1803513   -593.2046175
-682.765576   -2158.7772369   -593.7443972
-684.6084324   -2166.8667793   -592.9192901
-684.9797694   -2180.8283329   -606.6399813
-684.1085879   -2182.261467   -609.931767
-686.651322   -2188.0536079   -620.3876138
-687.4944893   -2185.9519482   -615.197897
-684.6929518   -2178.4236431   -603.359282
-683.0117432   -2155.4579735   -595.4901576
-683.5690466   -2153.8462639   -596.8754292
-687.2954098   -2196.5992451   -666.4090157
-688.7848107   -2200.6423473   -671.7608571
-686.3254038   -2203.3820152   -677.9227257
-685.1575104   -2158.0581665   -610.0058556
-686.3941876   -2188.8358593   -655.8335423
-686.7367951   -2192.6841736   -660.9650254
-685.9395234   -2159.8110199   -613.7729287
-687.4475209   -2173.1350422   -636.7303133
-684.6888987   -2154.6223164   -603.1906605
-685.2093665   -2170.9377766   -594.5690274
-687.5711409   -2190.3672218   -624.9899268
-686.427447   -2161.32164   -616.9233322
-688.4469715   -2195.909977   -637.6951337
-686.7402522   -2193.7644482   -634.1814399
-686.99536   -2163.6996269   -621.6707826
-687.5250069   -2165.8344269   -625.436902
-687.8117052   -2200.8569241   -650.9028077
-690.0520054   -2199.32127   -644.1986561
-686.4789454   -2184.9665642   -650.85572
-686.2538783   -2174.4830608   -596.7367887
-684.6759049   -2160.6914997   -590.9164548
-684.9107472   -2157.5667858   -590.6348228
-687.0681969   -2177.5276661   -599.8630524
-684.8612753   -2153.4669399   -593.2168961
-685.6826273   -2151.3440609   -596.2750912
-687.5685183   -2151.7643929   -599.4903445
-685.9489409   -2163.0692482   -589.5750523
-687.1254174   -2183.4466457   -610.0314856
-688.3157221   -2156.0673714   -606.5504551
-689.8457734   -2177.5217056   -640.5094862
-687.7870289   -2192.5320625   -629.9288273
-687.184426   -2169.2271233   -591.0109878
-687.9392592   -2166.1424637   -588.3710384
-686.7624251   -2159.4610214   -587.9195929
-688.9687506   -2153.6762714   -602.7501225
-687.5146357   -2179.6526909   -602.9102206
-686.7630211   -2155.4529667   -588.0716443
-686.6385666   -2151.7059803   -590.4909968
-690.3114048   -2181.8203926   -604.711473
-687.5334708   -2149.1484642   -592.3191309
-690.7548634   -2171.0691452   -632.0448518
-689.592096   -2158.5114002   -610.8958125
-689.0263287   -2172.5690365   -591.8719769
-691.1998717   -2167.8392887   -627.2236109
-688.9563528   -2148.8633156   -595.5803394
-689.5522801   -2160.3753567   -614.3230796
-689.3394915   -2161.9853973   -584.6318603
-691.3637844   -2176.9244671   -595.3791738
-690.2075735   -2188.0898476   -652.6801586
-690.6057326   -2191.5845871   -657.2121382
-691.0066334   -2162.209034   -617.4496412
-690.0942055   -2184.7383976   -648.5804319
-688.3004633   -2153.1381607   -586.2253904
-688.9745919   -2148.5023499   -588.3587003
-689.4511906   -2189.68606   -621.809721
-691.5379492   -2195.3105927   -662.1261835
-690.2031628   -2195.4994202   -634.5363855
-689.0815226   -2157.0734978   -584.5893621
-690.7175509   -2179.4481277   -600.143075
-690.0206534   -2169.377327   -587.9036188
-690.5213324   -2145.6670761   -591.7465091
-690.2396408   -2145.7822323   -588.7987018
-691.1500422   -2149.7836113   -597.9691148
-691.5527312   -2192.9869652   -627.3699999
-690.9776656   -2166.2068367   -584.495306
-690.0062291   -2149.7612   -584.7142935
-691.6289059   -2152.9698372   -581.1615586
-691.3323132   -2144.967556   -584.7908258
-681.6349951   -2230.1914692   -1008.5145235
-681.6830365   -2265.1386261   -1019.6236372
-682.4743477   -2309.5896244   -1021.6161013
-681.6992489   -2323.6978054   -1006.4762831
-682.721111   -2317.1024323   -1015.7032013
-683.3413569   -2250.1235008   -1011.9737387
-682.1260182   -2210.3788853   -1014.9022341
-682.1269719   -2274.6126652   -1023.1324434
-682.5384823   -2279.3450356   -1024.2671967
-685.7605902   -2219.4499969   -1012.026906
-682.9167334   -2284.7995758   -1025.2101421
-682.1250645   -2325.1752853   -1002.3089647
-683.4894148   -2300.6358147   -1024.6086121
-683.4410159   -2234.3554497   -1007.0803165
-684.4614474   -2244.1060543   -1008.7828636
-682.7249257   -2305.4046631   -1023.4918594
-683.3111969   -2289.9155617   -1025.6412029
-683.6030213   -2321.4328289   -1009.6790791
-683.5981337   -2294.9960232   -1025.4384279
-684.0084521   -2257.6601505   -1015.6681538
-686.6690842   -2262.1874809   -1016.91854
-686.9234768   -2238.1932735   -1006.7694187
-686.7693392   -2241.2488461   -1007.3400736
-684.4660965   -2206.5520287   -1015.4643059
-685.6028763   -2318.8164234   -1012.4536753
-685.5357615   -2213.9606476   -1013.6983395
-684.6197573   -2267.1408653   -1019.595027
-685.9432188   -2271.3856697   -1020.6606388
-685.845348   -2310.8754158   -1019.338131
-685.672733   -2316.7350292   -1014.9724483
-684.7504107   -2254.3025017   -1013.8818026
-688.5164706   -2226.5853882   -1009.2885494
-687.5043837   -2231.4386368   -1007.6875687
-686.0890118   -2322.7138519   -1006.2539577
-685.0505797   -2324.1856098   -1003.667593
-686.7397753   -2210.2866173   -1014.5325661
-686.0336987   -2276.3934135   -1022.1828222
-686.0490767   -2306.9238663   -1021.351099
-686.7233244   -2280.888319   -1022.9315758
-685.9419075   -2303.8477898   -1022.5553513
-686.1020056   -2288.5165215   -1024.3793726
-688.0722968   -2285.6166363   -1023.0697393
-685.5236021   -2291.8930054   -1024.6970654
-688.4846417   -2248.090744   -1009.9153519
-687.8094403   -2252.393961   -1012.2212172
-689.4745556   -2236.3495827   -1006.1872005
-687.7284972   -2297.4953651   -1023.1915712
-688.2835356   -2301.3730049   -1022.1319199
-688.2699458   -2293.0822372   -1023.4501362
-688.2917611   -2320.6658363   -1008.5965395
-687.4843565   -2256.59585   -1014.2364502
-688.1819693   -2204.3395042   -1015.4055357
-689.8678271   -2243.8805103   -1007.605195
-688.3932082   -2207.5865269   -1014.9171352
-687.80646   -2267.3470974   -1018.5437202
-689.4798008   -2311.6519451   -1016.9103146
-688.8954369   -2215.836525   -1012.8642321
-688.8423888   -2212.9063606   -1013.7002468
-688.8060299   -2315.7949448   -1014.2525434
-690.6482903   -2317.561388   -1011.3995075
-690.1925532   -2222.1171856   -1010.6577873
-688.9720885   -2304.6972752   -1020.7352638
-689.464542   -2274.3573189   -1020.1371908
-690.4030768   -2270.3118324   -1018.4055567
-689.1905991   -2277.9672146   -1021.1782455
-689.3174378   -2307.8715801   -1019.2152262
-688.7072054   -2323.2839108   -1003.895998
-690.3713671   -2258.5372925   -1014.0471458
-691.2153689   -2265.9740448   -1016.5190697
-691.3193194   -2281.3165188   -1020.8334923
-691.0425154   -2210.2320194   -1014.0404701
-690.3817383   -2289.4062996   -1022.3522186
-691.1321608   -2254.8143864   -1012.1337175
-691.4573637   -2295.6497669   -1021.5178728
-690.970513   -2299.021244   -1021.279335
-691.3836924   -2251.0647774   -1010.4022026
-691.5493933   -2206.4511776   -1014.6656036
-691.4075343   -2321.0916519   -1006.2081814
-681.764218   -2299.3662357   -882.6237917
-682.6034514   -2302.2830486   -891.959548
-681.6916195   -2326.3585567   -997.3464012
-681.863877   -2303.7950993   -899.7889757
-682.3099581   -2293.9503193   -866.2132621
-683.2315651   -2317.9497719   -955.4957747
-685.0276915   -2309.5884323   -920.2415943
-682.5592247   -2320.2621937   -963.5682702
-684.9364964   -2315.6807423   -945.4199672
-682.3719469   -2312.8550053   -935.342133
-683.1670729   -2312.2303486   -932.3280454
-682.9548804   -2319.2703724   -960.2295756
-685.5265824   -2317.3439503   -952.0312548
-685.2175919   -2314.8834705   -942.0160055
-682.4007956   -2326.1222839   -981.2079668
-683.6911169   -2291.7854786   -860.1382971
-683.8649241   -2289.3917561   -855.5890322
-684.6174923   -2297.8870869   -873.8063574
-687.5343052   -2307.3043823   -906.0495496
-685.8181683   -2305.7005405   -901.3498425
-685.9154431   -2324.3224621   -972.8696942
-685.827109   -2325.6621361   -978.228271
-685.9596697   -2301.9382954   -884.9810362
-687.1963469   -2303.4086227   -888.4387016
-685.590717   -2308.2215786   -914.0434861
-687.1629683   -2322.1185207   -966.8318033
-684.7951142   -2326.775074   -987.2387648
-685.6873957   -2326.3971806   -983.0179214
-685.0739447   -2312.0045662   -929.8626184
-688.4945361   -2312.1619225   -927.4706841
-685.9469143   -2304.295063   -894.3977952
-684.2099158   -2326.6422749   -993.5626984
-686.8802039   -2326.6675472   -990.5525446
-689.6235672   -2298.0177402   -867.4426675
-686.7311922   -2325.1211643   -999.7532964
-686.9344441   -2326.1294365   -994.951427
-687.9434315   -2301.5022278   -880.3974986
-686.5848032   -2294.2285538   -862.2475266
-689.6377531   -2313.6510849   -933.6106777
-687.8674952   -2314.4640923   -938.6537075
-687.4392954   -2320.4061985   -961.6526961
-689.9592606   -2317.7621365   -951.9354105
-687.2088639   -2291.9704914   -857.3046327
-689.0288321   -2326.4911175   -985.7254028
-690.0961129   -2315.5782223   -942.8170323
-690.6743971   -2316.6384697   -947.2225904
-690.7940833   -2310.9788895   -919.4221497
-690.3766123   -2309.2033863   -910.9348059
-690.9842221   -2326.0574341   -980.1387191
-688.2289378   -2305.6287766   -896.1973786
-689.8482767   -2325.2103329   -975.2188325
-691.4860932   -2324.1176605   -970.3299403
-689.0650717   -2305.1571846   -892.2677636
-690.793368   -2304.2287827   -885.4718804
-690.4104678   -2295.1157093   -860.2398634
-691.3301674   -2325.2460957   -996.1184263
-691.3039414   -2324.059248   -1000.2288818
-690.6559197   -2326.0920048   -992.1925664
-691.0721985   -2326.3025284   -988.6087179
-691.0593239   -2292.791605   -855.619967
-687.8465144   -2289.7815704   -853.3008695
-682.1399657   -2225.7609367   -751.4232397
-685.0470034   -2268.4454918   -813.6841655
-684.4062535   -2269.7246075   -816.5092468
-682.5706688   -2264.862299   -807.2339296
-685.1038662   -2272.485733   -822.1945763
-682.0316044   -2248.2755184   -784.7507
-682.8096835   -2250.222683   -786.7632508
-683.522555   -2217.653513   -732.1825027
-683.344814   -2220.1530933   -730.0083637
-682.4629036   -2232.7008247   -766.503036
-682.1217266   -2217.2703743   -713.1803036
-683.3228794   -2218.0979252   -717.1497345
-685.4645935   -2210.6058598   -748.5998273
-682.3925702   -2237.7483845   -772.505343
-682.6320616   -2216.407299   -715.899229
-685.1718155   -2216.2530422   -712.0413184
-682.5746027   -2213.3996487   -706.5353394
-683.0271212   -2261.8932724   -801.9333482
-683.4368435   -2283.3321095   -845.7291126
-684.1314761   -2280.1191807   -839.2362595
-683.6367575   -2217.5986767   -720.4390168
-684.0737788   -2230.6931019   -761.6820931
-683.9351384   -2223.9861488   -746.2407351
-683.2253662   -2256.6123009   -794.2612171
-683.4438769   -2216.6593075   -707.9278231
-685.521814   -2218.1973457   -726.2707353
-687.05115   -2287.6088619   -850.4464626
-684.0839116   -2259.6604824   -798.2606292
-684.6650568   -2214.5102024   -742.3322797
-686.8957011   -2215.8117294   -737.5094295
-687.0299307   -2228.2299995   -756.062448
-684.751722   -2274.9605179   -827.6314735
-687.8312556   -2278.0196667   -832.9714537
-684.3472449   -2253.3683777   -790.0794148
-686.0004393   -2219.6729183   -725.309968
-687.0268313   -2204.3790817   -755.7287812
-684.6548048   -2208.3406448   -752.687633
-685.6937138   -2241.9333458   -776.8845558
-685.2303473   -2246.6566563   -782.473743
-685.6468645   -2222.7096558   -741.2365675
-687.6119105   -2221.6095924   -735.3582382
-685.2332083   -2239.6099567   -773.9960551
-687.1381728   -2248.919487   -784.7006917
-686.9410006   -2218.1930542   -713.2557034
-687.6435009   -2225.7094383   -750.1524687
-686.8521897   -2233.420372   -765.7368779
-686.5858761   -2236.7584705   -770.0778842
-686.4227978   -2263.3583546   -803.5994768
-686.1048666   -2267.1976089   -810.8170033
-688.7030331   -2265.2900219   -806.6030145
-687.4760119   -2218.0511951   -716.7769074
-688.1649224   -2251.4424324   -787.3058319
-687.0022742   -2261.2671852   -800.0997305
-687.3994795   -2258.6288452   -796.203196
-687.7785651   -2255.4371357   -792.0281887
-688.8266531   -2219.394207   -719.9696302
-690.8950535   -2220.7767963   -728.1581163
-688.1471602   -2282.3798656   -841.2697911
-688.958737   -2284.6879959   -844.7228074
-689.7165505   -2217.0643806   -731.762886
-688.5696379   -2218.685627   -721.4306593
-688.3673397   -2224.1523266   -745.4627156
-690.4802052   -2231.5745354   -761.4905238
-691.5440289   -2280.5190086   -836.2478018
-689.6424023   -2269.7267532   -815.1976466
-689.8158518   -2212.133646   -742.8187728
-689.1072718   -2273.7596035   -823.7060905
-691.2128655   -2218.133688   -713.0277157
-688.6914698   -2216.3426876   -708.337307
-690.9130541   -2245.0764179   -779.9325585
-689.3962351   -2240.2293682   -774.0444541
-690.9138886   -2263.0157471   -802.246809
-690.6310049   -2234.3969345   -765.7697201
-690.2377335   -2218.2509899   -707.6697946
-690.3134314   -2260.4129314   -798.294723
-691.3296906   -2227.2422314   -752.8932095
-691.4919344   -2254.301548   -790.2172208
-684.7998825   -2210.2913857   -679.2751551
-683.1392971   -2207.3051929   -689.9424791
-682.6834408   -2211.5926743   -701.2158036
-683.1239191   -2212.9516602   -690.8259988
-683.5989682   -2204.6470642   -665.489912
-685.0909916   -2214.9181366   -696.3539124
-684.3509404   -2210.4535103   -696.2734461
-686.8526665   -2209.5828056   -674.2353439
-686.3474575   -2205.7621479   -683.5824847
-687.5048605   -2216.7375088   -702.0958066
-689.0098778   -2208.789587   -669.0066457
-686.4392487   -2213.2506371   -686.9330406
-687.0118109   -2211.9932175   -681.8840504
-689.4321171   -2214.4362926   -702.0819187
-689.0383688   -2215.2485847   -691.1438107
-686.664435   -2210.1347446   -692.7817464
-688.8028113   -2209.5265388   -689.5506382
-689.4476143   -2207.120657   -664.3055081
-690.3931824   -2212.2592926   -694.8809028
-688.2651774   -2211.6594315   -678.8224578
-690.9124581   -2216.9439793   -696.7545748
-691.0921065   -2206.3934803   -660.3595018
-690.3587309   -2206.0477734   -679.6135902
-691.5629832   -2204.1563988   -675.8059263
-690.9527508   -2214.7967815   -685.6347322
-691.5905205   -2212.6238346   -677.0018935
-691.6188923   -2204.0088177   -653.8648605
