489.7977384   -2057.1577549   1161.2120867
488.9902296   -2053.432703   1162.471056
488.6113601   -2040.4310226   1160.7317924
489.1568991   -2049.7465134   1161.8138552
488.2791089   -2046.9436646   1162.6477242
487.4186488   -2037.0593071   1161.1260176
487.5713857   -2057.4786663   1165.0743484
488.3139031   -2060.7235432   1163.98561
487.246749   -2043.5531139   1163.164854
486.7381947   -2050.6341457   1165.3422117
486.5725907   -2054.6343327   1166.1703587
485.6478991   -2040.2178764   1163.9117002
485.6700646   -2046.4639664   1165.6614542
485.1713302   -2057.7096939   1168.4902906
485.9727594   -2061.214447   1167.8053141
484.3797284   -2035.9656811   1163.7476683
485.0311252   -2043.4246063   1165.5310392
483.172332   -2031.1632156   1162.9234552
483.9767265   -2053.9186001   1169.2734957
483.5397425   -2049.3314266   1168.7110662
482.5553494   -2028.3231735   1162.1549129
482.7465983   -2044.94977   1168.1835651
483.5473868   -2041.8961048   1166.4981842
482.2100746   -2037.8849506   1166.3068533
481.3608127   -2033.2245827   1165.0660038
480.4207506   -2024.2390633   1161.5731716
481.2447476   -2041.703701   1168.3900356
480.1373678   -2038.8021469   1168.151021
479.7950806   -2044.0514088   1170.273304
479.8187511   -2029.9248695   1164.6444798
478.7070277   -2035.7592106   1167.8761244
479.063374   -2027.1894932   1163.8137102
478.3427837   -2032.147646   1166.4950848
478.1603562   -2039.6068096   1169.7564125
475.9088727   -2025.4044533   1164.5336151
477.5057929   -2022.4266052   1162.2332335
476.3592678   -2028.8283825   1165.9891605
476.1896627   -2019.5102692   1161.2290144
475.2619388   -2033.1642628   1168.5320139
475.7303717   -2037.6443863   1170.2798605
474.4900214   -2022.6302147   1163.6272669
472.1502858   -2029.5977592   1168.0701971
472.8474962   -2027.3957253   1166.7045355
472.4824103   -2018.8839436   1162.2452736
471.1705046   -2032.3467255   1169.7062254
472.3567041   -2024.6825218   1165.4396057
470.5986651   -2022.0024586   1164.5078659
470.0786071   -2014.9400234   1160.6096029
469.0969186   -2025.8021355   1166.9105291
468.229306   -2018.393755   1163.0060673
468.0670696   -2029.7968388   1169.2284346
466.7114662   -2021.8884945   1165.2271748
465.4059085   -2014.51087   1161.2163782
464.6160277   -2027.074337   1168.3145761
465.7779904   -2024.3299007   1166.7033434
463.8839635   -2018.4409618   1163.5935307
462.5994536   -2022.6607323   1166.1086082
460.339618   -2014.4762993   1161.6450548
461.8020924   -2029.2618275   1169.6881056
459.8184498   -2026.0939598   1168.0641174
458.8050219   -2018.4388161   1163.870573
456.8056288   -2022.2110748   1165.9477949
458.0400857   -2029.3517113   1169.8352098
455.3423496   -2014.6286488   1161.8609428
454.3158831   -2026.0372162   1167.9514647
453.5871568   -2018.2840824   1163.7936831
453.5606327   -2030.5445194   1170.347333
451.4276507   -2021.8222141   1165.6198502
450.4403444   -2014.5719051   1161.8175507
450.5249532   -2027.5728703   1168.6080694
449.7048082   -2024.6868134   1167.0418978
448.486683   -2018.0389881   1163.5489464
448.1967958   -2030.3194523   1169.905901
445.4339268   -2021.7092037   1165.2905941
446.6208192   -2026.2811184   1167.7062511
445.6251236   -2014.4152641   1161.6168022
444.2247721   -2017.4572468   1163.0810499
442.9943683   -2028.5108089   1168.6115265
442.6356228   -2024.8908997   1166.7335033
440.9569772   -2014.7101879   1161.523819
440.5017766   -2018.4626579   1163.3456945
439.6232488   -2022.1140385   1165.0969982
437.6909109   -2030.636549   1169.2392826
438.3490356   -2025.8889198   1166.8816805
436.6384419   -2015.6736374   1161.6808176
436.0129061   -2019.1700459   1163.3278131
434.6662881   -2022.644043   1164.8972034
432.3198023   -2026.6180038   1166.6109562
431.62362   -2031.219244   1168.8499451
433.0971511   -2016.7233944   1161.8622541
431.4591112   -2019.4761753   1163.0088091
430.1222684   -2022.6700306   1164.3981934
428.6268177   -2015.7556534   1160.9165668
427.7089807   -2028.6793709   1167.0359373
425.9326877   -2024.7180462   1164.8290157
426.1385473   -2032.5593948   1168.7651873
426.1668297   -2019.9642181   1162.5785828
423.1114211   -2017.7323818   1161.0963345
422.4354001   -2028.3665657   1166.0641432
423.1312247   -2035.3896618   1169.7413921
420.7646968   -2021.7559338   1162.6031399
420.3281971   -2032.7160358   1167.8808928
421.9325753   -2025.097847   1164.388895
419.0159412   -2037.0390415   1169.873476
418.5575964   -2025.598526   1164.0518904
416.357291   -2029.3138027   1165.438652
415.6863066   -2019.2914009   1160.5648994
415.5268344   -2023.0062008   1162.2513533
414.8084494   -2033.7440968   1167.3426628
413.5165932   -2037.9052162   1169.2230701
413.6428358   -2027.1701813   1163.8554335
411.0444459   -2030.5666924   1164.9471521
411.7619666   -2021.2185383   1160.6640816
412.0962741   -2024.1048336   1162.0767117
408.5544469   -2035.0525379   1166.6222811
410.2465781   -2026.7887115   1162.9419327
409.4855609   -2039.2651558   1169.0403223
407.5424644   -2042.2604084   1170.1828241
408.6622419   -2023.4270096   1161.006093
406.8803611   -2029.2487144   1163.3398533
407.4727865   -2031.7466259   1164.7036076
405.7762148   -2025.9373188   1161.4910364
405.272943   -2039.0539169   1167.8931713
403.4277769   -2036.106348   1165.8778191
402.7857306   -2042.6514149   1169.1687107
403.4262868   -2032.179594   1163.8998985
403.3540013   -2028.3708572   1162.0305777
399.8800638   -2039.0865803   1166.4485931
400.0494006   -2035.238266   1164.5106077
399.6999087   -2029.2170048   1161.444664
398.0572345   -2032.5963497   1162.6143456
398.311642   -2043.1392193   1168.1634188
394.856778   -2045.940876   1168.6508656
395.5203863   -2036.2980366   1163.7077332
393.8947739   -2041.2421227   1165.7733917
395.9637406   -2030.0505161   1160.7552767
393.7816443   -2032.6826572   1161.3553762
391.3485082   -2049.3135452   1169.4027185
391.4031359   -2038.0482674   1163.2703543
391.7023512   -2035.2928638   1161.9759798
390.3468224   -2044.3668365   1166.2756205
388.2766189   -2036.5445614   1161.4300013
387.7223255   -2040.9235954   1163.484931
386.1522498   -2049.6559143   1167.7215099
384.5261308   -2045.3760624   1164.6802425
385.2123591   -2053.3900261   1169.5477962
384.023604   -2038.0430222   1160.6066227
382.3916139   -2041.9387817   1161.9809866
381.2142732   -2055.6313992   1169.2669392
382.1645799   -2052.3955822   1167.725563
381.3291164   -2048.9542484   1165.3856039
380.0016614   -2045.4866886   1162.8904343
378.0048909   -2052.3369312   1165.8709049
377.3182007   -2048.5839844   1163.410902
376.5306594   -2045.6445217   1161.423564
377.1663132   -2056.0846329   1167.7223444
377.7247342   -2059.3736172   1170.0135469
374.5639595   -2051.1348248   1163.5433435
373.8003495   -2054.6717644   1165.2342081
373.6771169   -2048.0363369   1161.3621712
373.9067139   -2058.6409569   1167.6874161
370.1916905   -2052.115202   1161.8489027
369.2239942   -2057.8472614   1164.6569967
367.5938817   -2055.0422668   1162.0535851
365.2834567   -2056.9758415   1161.7566347
364.5074489   -2061.3646507   1163.8637781
500.4868927   -2127.2587776   1161.8806124
500.633684   -2117.1147823   1160.5683565
499.9331581   -2120.4338074   1162.4604464
500.1819851   -2137.1970177   1161.3948345
500.0600042   -2133.490324   1162.2457504
499.8923885   -2130.3913593   1162.8527641
498.9016476   -2124.4938374   1164.5934582
499.6355744   -2114.3479347   1161.7822647
498.8337281   -2107.9573631   1160.8479023
498.854247   -2117.2671318   1163.931489
498.6728998   -2128.6358833   1165.045023
498.6419427   -2140.6128407   1163.4565592
498.1888878   -2136.4006996   1165.0569439
498.3929964   -2110.1665497   1162.8112793
498.3872222   -2132.2479248   1165.2647257
497.8279295   -2120.619297   1166.1146879
498.0566698   -2147.4630833   1162.4685526
497.9014891   -2144.1998482   1163.7680531
497.8347766   -2114.002943   1165.0078297
497.2167509   -2127.065897   1167.3901081
496.4858713   -2124.0327358   1168.4564352
496.8091073   -2117.1200275   1167.3225164
496.9210746   -2156.7599773   1161.0326767
496.8203055   -2110.252142   1165.7392979
497.3324137   -2103.9674282   1162.203908
496.7425438   -2130.3496361   1168.004632
496.5561824   -2138.5035515   1167.2765017
496.5422722   -2142.6620483   1166.3510799
495.7859191   -2150.5215168   1165.1605368
495.9721687   -2154.2465687   1163.5463238
496.3995936   -2134.196043   1168.1406498
497.01373   -2106.7585945   1164.1436815
496.2894516   -2097.7225304   1160.9088182
496.2215769   -2146.2893486   1165.8542156
495.4094263   -2160.785675   1161.7923975
495.769565   -2113.6405468   1168.3279276
495.5440062   -2120.3899384   1169.6174145
496.0962208   -2101.0677814   1163.2355452
495.3047308   -2102.6678085   1165.571332
495.2703091   -2106.8930626   1167.2596931
494.7964   -2140.5410767   1169.3279743
494.4126727   -2157.5648785   1164.5219326
494.5404726   -2110.2039814   1169.4087982
493.8779818   -2164.8545265   1162.2267962
494.3430098   -2144.7141171   1168.9283848
494.3856197   -2098.2244015   1164.9484634
494.6567165   -2095.690012   1162.9395485
494.2116859   -2148.0646133   1168.1288481
493.7891784   -2154.2036533   1166.6251421
494.0647753   -2103.6105156   1168.0384874
492.9035353   -2151.1218548   1168.8170433
493.4326606   -2094.0611362   1164.1438007
492.1015697   -2161.7801189   1165.7187939
492.4291345   -2171.3166237   1160.8155966
492.522684   -2168.1752205   1162.2598171
492.521924   -2086.9443417   1161.1955166
493.1448894   -2100.2271175   1168.0688858
491.686319   -2157.4339867   1167.9912806
492.1523603   -2096.7130661   1167.8905487
492.3648062   -2089.7839069   1163.2739305
490.8901425   -2166.4049625   1164.9110317
491.5492954   -2154.2134285   1169.3909168
492.3871803   -2092.3624039   1164.9183035
490.7905506   -2091.783762   1167.2325134
490.6166615   -2083.7404728   1162.8012657
490.0434139   -2170.2361107   1163.8101339
490.4083508   -2086.8372917   1164.9091244
489.2779114   -2174.3729115   1162.3063087
490.0177317   -2095.0493813   1170.2880859
488.9417636   -2160.4876518   1169.6708202
488.5766851   -2164.5913124   1168.1611538
490.0781187   -2077.8369904   1161.3242626
489.7774877   -2069.2472458   1160.6205702
489.2621385   -2080.8134079   1163.9097929
489.2254221   -2075.0882626   1162.3548269
489.2528626   -2066.5106773   1161.7482901
487.7713519   -2168.6115265   1166.9172049
489.0507805   -2091.1090374   1169.6082354
488.7802201   -2087.1448517   1167.8318977
488.8542118   -2063.6563301   1162.800312
488.7201758   -2083.8763714   1166.2551165
488.5061728   -2072.3924637   1163.4089947
488.2088574   -2078.1164169   1165.0971174
487.0062815   -2172.454834   1165.5160189
487.9058944   -2069.644928   1164.4893885
486.6923588   -2176.5787601   1163.3648872
486.3214689   -2180.6943417   1161.0746384
487.2690039   -2081.0265541   1167.7203178
487.3285937   -2066.9457912   1165.6187773
487.2948351   -2075.5376816   1166.2479639
486.6714972   -2064.2161369   1166.8186188
485.2818447   -2166.8872833   1170.0153351
486.553994   -2072.8521347   1167.288065
486.1403229   -2078.5751343   1168.9907312
485.4233982   -2069.0848827   1169.1807508
484.3192893   -2170.8738804   1168.6347723
485.305761   -2075.9847164   1170.0544357
483.9533838   -2178.7214279   1164.2326117
483.8368865   -2174.8068333   1166.7197943
484.7225221   -2063.8449192   1169.8694229
482.9114722   -2183.0451488   1162.1860266
480.3055423   -2173.5112667   1170.1027155
480.532174   -2177.6576042   1167.3709154
480.2898141   -2181.4177036   1165.0947332
479.8785495   -2184.6814156   1163.2678509
477.116813   -2186.9256496   1163.5545492
476.4333191   -2190.5994415   1161.4174843
477.6746007   -2176.8000126   1169.8131561
476.7048704   -2180.565834   1167.9509878
477.5585654   -2183.7403774   1165.3550863
473.6403497   -2185.0488186   1166.7442322
473.3259352   -2189.3951893   1164.018631
472.1728014   -2181.1044216   1170.0607538
472.9850041   -2192.7206516   1161.866188
469.0427008   -2189.0070438   1166.3782597
468.9320075   -2184.6385002   1169.2657471
470.5344485   -2191.8132305   1163.765192
469.9138971   -2194.6187019   1162.0291471
467.197177   -2193.2463646   1164.2121077
466.7614298   -2196.7375278   1161.7916822
465.6078937   -2187.2923374   1168.8890457
463.6051478   -2191.2624836   1166.9356823
463.1157788   -2195.7597733   1163.9174223
463.855681   -2198.7478733   1161.3460779
461.0718163   -2187.4742508   1170.2495813
461.0123905   -2198.7833977   1162.3040438
460.1945551   -2194.1399574   1166.0168171
458.7284597   -2191.5268898   1168.2242155
458.9130851   -2197.0677376   1164.2459631
456.5244737   -2189.0785694   1170.3748703
457.6470526   -2200.314045   1162.0465517
456.5204801   -2194.8668957   1166.4551497
454.8271569   -2198.251009   1164.300561
454.2231681   -2192.1155453   1168.8187122
451.9999   -2195.8134174   1166.6097641
450.3334137   -2199.5122433   1164.1037464
453.4454467   -2201.6189098   1161.9284153
449.0480395   -2192.9008961   1169.0768003
446.9776722   -2196.9130039   1166.4592028
442.9251524   -2193.8765049   1168.9122915
441.9214847   -2198.2383728   1165.8087969
445.5213072   -2200.7205486   1163.690567
437.8465386   -2196.0947514   1167.3976183
437.9274073   -2192.8217411   1169.6968079
437.3579296   -2199.621439   1164.7698879
440.8538016   -2201.7579079   1163.1195545
433.3065274   -2194.024086   1168.6486006
433.645797   -2197.6320744   1166.0758257
430.2267405   -2196.1791515   1166.793108
429.9170943   -2198.7967491   1164.7824049
433.2606765   -2200.7319927   1163.6523008
428.1682345   -2193.6011314   1168.3409214
424.3049147   -2190.1977062   1169.9876785
426.1551174   -2196.554184   1165.8571959
426.4592799   -2200.0010014   1163.2512808
429.8095229   -2201.3883591   1162.7013683
424.0789088   -2193.498373   1167.6278114
421.9850125   -2195.1417923   1165.9402847
422.4217507   -2198.176384   1163.752079
419.4207313   -2191.6770935   1167.7268744
417.9338487   -2195.5659389   1164.4172668
418.7820973   -2200.1826763   1161.0226631
423.4029325   -2201.1928558   1161.5757942
416.4197417   -2188.1790161   1169.21556
416.1806228   -2192.7723885   1165.902853
414.4665571   -2190.4177666   1166.9656038
412.9868718   -2193.2749748   1164.2990112
414.0564474   -2197.2131729   1161.6719961
412.5250997   -2186.8636608   1168.6822176
410.0860032   -2189.3692017   1165.8682823
410.4713472   -2195.1293945   1161.7358923
408.3235683   -2192.0332909   1163.0392075
407.7483835   -2185.1940155   1167.6982641
407.2119417   -2181.2872887   1170.1997519
405.7598533   -2188.2092953   1164.4903421
404.1815969   -2190.9301281   1161.472559
404.2455675   -2182.2435856   1167.8909063
403.9178314   -2185.0218773   1165.6944752
400.8379849   -2186.3787174   1162.6741886
401.0069045   -2179.700613   1167.7279472
401.5806588   -2182.9755306   1165.6905413
398.2505324   -2181.3981533   1164.4536257
396.772814   -2176.5079498   1167.165637
394.1448452   -2178.9417267   1162.972331
394.1721293   -2172.6477146   1168.3251858
391.7844566   -2174.1120815   1164.963603
391.2594142   -2170.2070236   1168.0055857
390.4212388   -2177.0765781   1160.9882116
388.310981   -2170.0372696   1165.3631926
387.8455283   -2173.1007099   1161.9440317
388.7258741   -2167.6182747   1168.0654287
387.9017653   -2164.7303104   1169.926405
385.6817903   -2166.0563946   1166.4862633
385.1518156   -2169.1358089   1162.774682
384.9426629   -2162.3628139   1169.182539
383.1232163   -2165.8017635   1163.751483
382.6307627   -2162.7664566   1166.1976576
382.2121295   -2167.7105427   1160.530448
382.5423988   -2160.0437164   1168.6828136
381.681365   -2157.1440697   1170.3350544
380.7250681   -2163.6493206   1162.7631187
379.6880665   -2158.93507   1166.1026478
379.1977289   -2154.8476219   1169.31355
378.1080069   -2161.495924   1161.139369
377.4920674   -2155.0631523   1166.7596102
376.3115527   -2156.9638252   1162.9911661
377.3226412   -2152.7292728   1168.6960459
374.6819767   -2062.2217655   1170.3279018
375.3641071   -2152.2512436   1166.2285328
373.6599209   -2147.1409798   1168.4393883
373.4441968   -2153.8317204   1161.32164
371.5271922   -2143.3162689   1168.7793732
372.8914084   -2150.6004333   1163.7507677
372.0747205   -2064.4466877   1170.3504324
371.0913482   -2061.7554188   1168.1108475
371.1730363   -2146.5511322   1164.9626493
368.9798685   -2145.6968784   1162.0731354
369.1132041   -2065.0777817   1169.0289974
369.58496   -2142.2448158   1166.698575
367.6485988   -2068.7212944   1170.3224182
367.7885207   -2062.371254   1166.5673256
368.1310537   -2137.8645897   1168.9180136
367.413533   -2141.0861015   1164.4082069
365.2486476   -2065.8967495   1167.067647
366.5974411   -2133.7790489   1170.3852415
365.8086332   -2136.3823414   1166.8503284
364.2201396   -2070.2338219   1168.8196659
365.2763488   -2139.9693489   1162.130475
362.85418   -2074.7213364   1169.9784994
364.061323   -2131.8943501   1168.3570147
363.1349625   -2134.0038776   1165.114522
361.608279   -2135.0874901   1161.5906954
361.8036183   -2065.274477   1164.2673016
362.2212531   -2068.2897568   1166.3138866
362.5651868   -2127.6741028   1169.4756746
361.0160323   -2062.4804497   1162.0470285
360.9844866   -2071.3469982   1166.9546366
361.4443215   -2129.7137737   1166.372776
361.1122789   -2123.3053207   1170.1180935
360.0661727   -2120.018959   1170.4301834
359.6170368   -2078.0317783   1168.6913967
359.1991337   -2083.0636024   1170.0227261
360.2242442   -2131.146431   1163.3437872
359.5854612   -2074.4111538   1167.2533751
360.0134077   -2125.8647442   1167.2250032
359.4368073   -2068.5312748   1164.2867327
358.7125512   -2065.1772022   1161.8322134
358.9808615   -2127.5498867   1164.455533
358.3951863   -2114.967823   1170.2723503
358.3482029   -2122.179985   1167.1693325
357.8603985   -2072.0636845   1164.7289991
358.3205166   -2118.3240414   1169.0087318
357.1049096   -2090.5315876   1169.883728
357.9527857   -2128.6706924   1161.9257927
357.3695543   -2086.6751671   1169.3828106
358.051789   -2124.679327   1165.2326584
356.9274666   -2075.9737492   1165.5994654
356.325415   -2080.1990032   1166.5811539
357.1056696   -2107.4254513   1170.2464819
356.6566231   -2110.6750965   1169.2131758
355.8869781   -2068.7668324   1161.3957882
355.6206646   -2084.3667984   1167.1535969
356.2183949   -2098.2432365   1169.7630882
355.909762   -2103.5265923   1169.3415642
356.4705374   -2125.0972748   1162.4288559
356.2717112   -2114.5305634   1167.7706242
356.3733818   -2121.2878227   1164.9683714
355.5537882   -2094.0701962   1168.8565016
354.6736511   -2073.5044479   1162.5233889
355.4782095   -2117.0594692   1165.792346
355.2230271   -2087.8095627   1167.5480604
354.7538789   -2107.4800491   1167.5794125
353.4229668   -2091.0687447   1166.2425995
353.8770499   -2077.7721405   1163.4212732
354.8538061   -2121.2792397   1162.5995636
354.1441234   -2111.0653877   1166.0659313
353.1937721   -2082.0965767   1164.1157866
353.7679585   -2114.5377159   1164.4119024
353.1780066   -2100.2566814   1166.4835215
353.2052758   -2095.8571434   1166.4689779
354.0093126   -2117.888689   1163.2996798
352.8398099   -2104.3179035   1165.8111811
352.8247597   -2086.4470005   1164.8453474
352.8066101   -2119.165659   1160.6080532
352.246237   -2107.8169346   1164.4744873
351.6275855   -2111.2639904   1162.5695229
351.4747741   -2115.3352261   1160.6473923
350.8661958   -2079.5946121   1161.0085964
350.5747589   -2093.701601   1163.4098291
349.9630811   -2089.1239643   1162.2194052
350.6902727   -2097.8198051   1163.6675596
350.0030758   -2084.2995644   1161.334157
350.6554636   -2101.770401   1163.4138823
350.7540943   -2105.0577164   1163.0965471
349.8539748   -2107.6598167   1161.2818241
348.4421196   -2099.4465351   1160.8095169
348.5001894   -2095.8826542   1161.0667706
449.1240653   -2203.391552   1161.151886
443.8698413   -2204.1389942   1161.0286236
439.7882494   -2204.5235634   1160.8214378
436.6128566   -2202.8717995   1162.1447802
432.2656813   -2203.7067413   1161.0717773
