69.0979632   -2305.9635162   -562.6365542
452.4706873   -1775.2155066   -568.6908364
454.3238106   -1778.5072327   -568.1440234
449.8590501   -1774.113059   -567.2774911
446.6440799   -1770.4224586   -567.104578
447.3961713   -1775.947094   -564.2131567
450.9691568   -1777.3998976   -566.0982728
444.9946853   -1765.3287649   -568.6095357
443.1081834   -1768.501997   -565.2658939
443.7571736   -1772.9401588   -563.2752776
442.4177083   -1761.0287666   -568.4520006
440.3138729   -1764.0610933   -564.9599433
439.8121359   -1770.6689835   -561.0839128
440.4644194   -1773.1800079   -560.2871776
443.7738182   -1776.8261433   -560.9330535
439.8371103   -1766.5413618   -563.2364154
438.3515092   -1757.8338385   -565.4610991
438.2712515   -1753.6295652   -567.3229098
435.9210404   -1761.0242367   -561.1895919
437.2073384   -1749.2444515   -568.5202479
434.0549978   -1753.2532215   -562.4129772
436.1948045   -1750.8637905   -566.3371682
434.3627366   -1748.0069399   -565.8723712
431.776804   -1743.6392307   -565.9250617
429.6985986   -1745.4135418   -562.0680451
428.846282   -1737.1832132   -568.2837963
428.2924952   -1740.1832342   -564.9366379
426.9045266   -1734.9091768   -568.4019923
424.5810034   -1735.8657122   -565.2753711
425.1686456   -1738.8638258   -562.9124045
425.6787273   -1741.2689924   -561.2106919
420.3694137   -1731.4404249   -566.1414862
422.2273799   -1729.8356295   -569.3039894
421.959919   -1738.292098   -560.3887439
419.6790876   -1734.34937   -562.4857545
418.9950945   -1727.8033495   -568.9481497
415.5396792   -1731.0787439   -563.0047321
417.5011339   -1729.3175459   -566.3105249
414.4893559   -1726.9842625   -566.8734312
411.430073   -1729.6096087   -562.06882
410.8570638   -1724.239707   -567.6718354
410.3384586   -1726.1986732   -565.3355122
406.2932702   -1724.0291834   -565.4683709
407.983643   -1727.2320986   -562.953949
404.1540148   -1719.9937105   -568.1324005
404.8146131   -1726.9622087   -561.527133
401.3272645   -1722.069025   -564.7990704
402.2648605   -1724.9395847   -562.5312924
402.8344574   -1717.3858881   -569.4460273
399.8850109   -1718.2102203   -567.1820641
398.2088538   -1723.778367   -561.5797639
395.8804431   -1713.9290571   -567.6312447
398.0992856   -1720.7957506   -564.1488433
395.6404152   -1718.4442282   -564.5629764
393.4351923   -1708.8160515   -568.5104728
395.6664773   -1721.2409973   -562.4418259
391.9976475   -1716.211915   -563.732028
391.1537351   -1712.0742798   -565.1892424
392.6881524   -1719.8741436   -561.7641211
389.9898501   -1706.3721418   -566.5889978
390.4473307   -1709.2884779   -565.8339858
390.1953819   -1701.9402981   -568.5563087
387.182069   -1714.3623829   -561.3139272
389.6979364   -1718.1934118   -561.0169172
387.0862844   -1710.0709677   -562.7134442
387.6578929   -1699.8839378   -566.6710138
388.0706402   -1695.7520247   -568.7085986
387.9769864   -1703.9011717   -565.5360222
386.7427977   -1707.0934772   -563.3381009
385.3389891   -1691.8814182   -567.2525764
385.404435   -1696.0437298   -565.6377673
385.5454149   -1703.4531832   -563.3135438
383.573887   -1699.2172003   -562.7117157
384.1372254   -1687.0348454   -568.200767
384.0152594   -1707.1614265   -560.9096885
382.9688849   -1703.3276558   -560.9330535
381.9813105   -1693.6500072   -563.2208586
382.2226944   -1689.2365217   -565.1542544
382.3144706   -1682.5078726   -568.4649944
380.8376016   -1685.4311228   -565.4965639
380.3731921   -1697.1842051   -560.5031252
380.9003206   -1678.4212589   -569.1725612
379.9927058   -1681.2176704   -566.7006373
378.3972981   -1688.3875132   -561.9980097
378.0914965   -1693.7963963   -559.7870946
378.7654462   -1674.6240854   -569.3622828
378.6638203   -1677.7060032   -567.2975779
377.4953159   -1683.2458973   -563.4369254
376.9192817   -1679.0575981   -565.0268793
376.4225962   -1675.4957438   -566.4822459
375.375581   -1671.7345715   -567.9259896
373.6896636   -1668.5141325   -568.5203075
374.4775625   -1680.2734137   -562.4293685
375.4566433   -1685.7697964   -560.685575
374.961135   -1683.4474802   -561.3309145
374.1986277   -1676.6129732   -564.1041994
373.0341318   -1673.8382578   -564.6791458
371.7121752   -1670.1989174   -565.8723712
371.8810501   -1666.375041   -568.5366392
371.1310001   -1677.3488522   -561.5320206
369.8017123   -1671.1809635   -564.1040802
369.2506524   -1673.7847328   -562.2252226
367.0972409   -1664.1764641   -567.0236945
368.1324395   -1668.0498123   -565.048337
366.0140308   -1671.0580587   -561.9340539
364.2848106   -1666.5620804   -563.8104081
362.0832833   -1662.6451015   -565.4934049
359.7642156   -1657.9453945   -568.0271387
360.1829382   -1664.97612   -562.8800988
360.5845841   -1668.5796976   -560.8301163
357.3866161   -1655.5272341   -569.075644
357.3179068   -1660.9239578   -564.6976829
355.8185222   -1658.0963135   -566.4801598
354.7305586   -1663.5869741   -562.0237589
356.680912   -1666.5329933   -560.6808662
352.394444   -1659.64818   -564.2457008
353.1311872   -1655.1191807   -568.3161616
350.6585928   -1653.8029909   -569.2152977
347.4178436   -1656.4604044   -565.9866929
347.879869   -1660.2629423   -562.8303289
350.338352   -1663.1113291   -561.0793829
343.3368327   -1659.3830585   -562.6856685
345.8688381   -1663.0034447   -560.4294538
343.0247726   -1654.8916101   -566.7122602
341.0675498   -1653.0168056   -568.6756968
340.1636752   -1655.02882   -566.339314
339.5629796   -1657.2881937   -564.0004277
338.5180207   -1660.2675915   -561.7261529
341.2648412   -1663.1901264   -559.881568
337.0791348   -1653.5730362   -567.943871
337.1409746   -1655.7388306   -565.4932857
333.383319   -1657.7359438   -563.6777282
332.0237669   -1656.003952   -565.6190515
333.871183   -1653.0733109   -568.6823726
332.9852196   -1658.8441133   -562.905848
334.291962   -1661.1483097   -561.2443686
330.7962986   -1654.5968056   -567.5179362
332.6488408   -1652.6139975   -569.3254471
332.1562978   -1656.7862034   -564.8438931
330.5284055   -1657.6536894   -564.5470619
331.5370353   -1661.4570618   -561.3080859
327.6310536   -1654.1677713   -569.3720579
328.9853605   -1654.4175148   -568.4378147
328.2203349   -1660.1493359   -563.6126995
327.6677104   -1656.0045481   -567.4988031
326.1424574   -1658.4926844   -566.2717223
324.1877826   -1661.9814634   -564.5701289
328.1474086   -1662.7072096   -561.7259145
324.9904784   -1656.3783884   -569.0969825
322.6331445   -1658.6660147   -568.8848495
320.7237991   -1662.5547409   -567.04849
321.3390382   -1664.7205353   -564.5354986
323.6407014   -1666.0088301   -561.912179
318.5352656   -1665.8217907   -566.2710667
319.9205967   -1667.5697565   -563.2625222
316.4288672   -1669.7922945   -565.0064349
318.8347789   -1670.2609062   -562.1837974
321.5000602   -1669.5845127   -560.7013702
315.7335492   -1667.0087576   -568.2570338
313.6696788   -1669.6616411   -568.5073137
312.5042888   -1674.4824648   -565.2922988
316.0244795   -1672.708869   -562.8681779
313.9634999   -1675.6498814   -562.5685453
316.6089924   -1675.164938   -560.5296493
311.6159412   -1675.7481098   -565.4361844
313.7874576   -1678.2788038   -560.9217286
310.6893571   -1675.4233837   -567.2208071
308.7492856   -1680.1493168   -566.2454963
310.4782673   -1681.5217733   -562.6396537
307.23044   -1684.1032505   -565.5646324
308.7424608   -1686.1701012   -561.655581
306.4081939   -1681.2702417   -569.3072081
306.0580464   -1688.3077621   -564.9954081
303.7935468   -1692.4841404   -566.133678
306.7500266   -1691.172719   -561.5978241
307.8031214   -1689.4738674   -561.0327721
303.91216   -1696.5676546   -560.6036186
300.921646   -1694.6927309   -568.9635873
302.1044108   -1696.9149113   -563.4570122
301.1023077   -1698.2911825   -563.1320477
299.2083701   -1698.4648705   -566.2085414
302.6416572   -1697.555542   -561.5167022
298.8767596   -1699.9051571   -563.7437105
302.0156594   -1698.7916231   -560.4369044
297.5751432   -1698.5816956   -568.9172745
295.4314025   -1701.6769648   -565.7985806
295.803872   -1703.0097246   -562.2094274
298.9325794   -1701.7753124   -559.8359108
295.2816161   -1700.548768   -568.6987638
292.42408   -1702.761054   -568.5010552
293.1655022   -1703.6706209   -564.8263097
289.7632393   -1705.4224014   -566.2215948
292.4375805   -1705.5491209   -561.4261627
288.8853224   -1707.3034048   -562.8664494
286.2728509   -1707.8744173   -565.6725764
285.8626517   -1709.492445   -562.2754693
281.0373577   -1710.2462053   -567.3965812
276.5246304   -1713.3637667   -562.6316667
274.2330702   -1712.5504017   -568.4312582
281.693277   -1711.9243145   -561.0016584
270.6875177   -1714.6676779   -564.1123652
272.7737101   -1715.1833773   -559.9299669
264.0420171   -1715.5333757   -565.2737021
264.0315863   -1716.9034481   -559.6179962
259.2958184   -1716.3727283   -565.3895736
255.3161951   -1716.7681456   -567.4844384
252.0439597   -1718.3052301   -564.852953
253.8320395   -1719.0619707   -560.1591468
250.1356872   -1717.8760767   -569.1373944
248.7517866   -1719.9534178   -562.6577139
244.3768951   -1720.6696272   -566.427052
240.0971027   -1721.9049931   -569.4069266
239.199725   -1723.6084938   -563.7948513
235.1625534   -1724.6125937   -567.9664016
234.0499731   -1726.8537283   -561.7834926
229.1596504   -1728.7832499   -565.8847094
224.1885933   -1732.4601412   -566.131413
225.0526222   -1733.2538366   -561.0048175
221.2640318   -1736.1687422   -562.5392199
217.3809084   -1737.7257347   -568.2651997
214.7055539   -1741.8162823   -563.580513
209.9149498   -1744.9651957   -565.8589005
211.2950059   -1745.2902794   -561.9648695
205.2701982   -1748.2210398   -566.6624904
207.8202339   -1748.3048439   -561.4228249
204.5468958   -1750.2045631   -563.1381869
201.47374   -1751.8694401   -564.5496249
203.4485015   -1752.1927357   -559.7939491
197.6950141   -1753.0013323   -567.7536726
197.3654302   -1755.3178072   -562.8535151
200.5159529   -1753.7493706   -561.4168048
193.4427293   -1755.8902502   -567.2718883
192.4972805   -1758.7819099   -561.9007945
188.5395619   -1759.2322826   -566.2930608
185.8482035   -1759.3969107   -568.8904524
184.5425042   -1761.8815899   -565.3910637
187.2569593   -1762.4341249   -560.5748892
182.7694746   -1760.8115673   -569.180429
177.8632077   -1767.848134   -568.281889
179.5098456   -1770.3068256   -563.1722212
182.9147311   -1767.9204941   -559.5876575
177.0090135   -1773.3979225   -567.3338771
176.8186959   -1777.4338722   -564.8334026
178.0125173   -1778.580904   -560.0517988
67.0027407   -2302.4885654   -562.3028278
63.1192001   -2294.3959236   -563.8765097
62.0968016   -2294.6326733   -567.9207444
438.4050491   -1769.2779303   -560.375154
393.8624682   -1723.0690718   -559.8584414
383.5913958   -1710.8668089   -559.5402718
371.7397275   -1682.3655367   -559.6243143
367.1571287   -1675.7791042   -560.080409
337.1782871   -1663.3435488   -559.7311854
329.4468793   -1664.3667221   -560.1055026
326.800433   -1665.997982   -560.1289272
319.4141658   -1672.4390984   -560.1145625
475.2918454   -2065.281868   -565.5277371
478.3721911   -2065.2918816   -561.2486601
473.2615697   -2069.5850849   -565.7114387
475.5018996   -2070.5070496   -562.0658398
470.8840521   -2074.4109154   -565.9851432
470.617068   -2079.5912743   -562.9732013
468.5568186   -2079.7131062   -565.7324791
473.713276   -2077.0084858   -560.4624152
466.6462364   -2078.0928135   -569.3460703
468.4350538   -2083.4786892   -563.3915067
465.9565958   -2082.8654766   -567.1557784
465.4183509   -2087.4609947   -564.5561218
468.1549343   -2087.7411366   -560.6405735
462.7386304   -2086.5399837   -568.7673092
461.7468091   -2091.8822289   -566.0846829
464.8565026   -2092.1523571   -561.7001057
462.231529   -2095.5235958   -562.5037551
459.475738   -2096.8072414   -565.1211739
460.8430537   -2099.2050171   -561.2796545
457.671416   -2094.8331356   -569.1733956
456.4803066   -2098.742485   -567.606926
457.6635333   -2100.7752419   -564.2339587
454.6435001   -2101.8276215   -567.5573349
456.0793313   -2104.2056084   -563.397646
459.2245343   -2102.9047966   -560.1930022
452.6618245   -2105.6098938   -567.0599937
454.1107985   -2108.6313725   -562.1883273
451.4843347   -2109.6317768   -565.1307702
449.2528709   -2110.2077961   -567.964673
450.3375711   -2113.9237881   -562.7834201
447.2070905   -2114.7038937   -566.9509768
446.6599496   -2118.817091   -563.8434887
449.0756663   -2118.1364059   -560.6020689
445.0993063   -2117.0151234   -568.1587458
442.501274   -2121.1700439   -568.4043169
443.1584599   -2124.8707771   -563.5852218
440.1935609   -2125.4692078   -567.8517818
439.9192008   -2128.136158   -565.5397773
441.1534192   -2130.0904751   -561.1097217
436.7458942   -2132.9343319   -565.2195811
438.4317669   -2133.136034   -562.027812
432.70534   -2137.8228664   -565.6456351
435.3463473   -2136.9111538   -562.2482896
427.9800924   -2141.1874294   -569.2655444
430.6412312   -2140.8088207   -564.9266839
432.196525   -2141.0114765   -561.6569519
429.5928749   -2143.1360245   -563.0912781
424.4919392   -2147.7754116   -564.6877885
426.493329   -2146.8303204   -562.3443127
422.1322211   -2148.9291191   -567.2302246
421.7741164   -2151.4885426   -562.1803999
416.1825003   -2154.8421383   -566.4074421
409.845409   -2158.9529514   -568.9384341
412.2922691   -2158.4978104   -564.4466281
408.8586541   -2161.3121033   -563.167274
406.7502143   -2161.6590023   -567.3593879
404.0511223   -2163.91325   -565.6027198
399.4003507   -2166.0032272   -568.8939691
400.2407464   -2166.9967175   -562.3205304
395.8733501   -2169.3327427   -563.693881
394.773853   -2169.1625118   -567.7421093
393.2018401   -2170.7079411   -564.5629764
388.7758674   -2172.5888252   -568.9395666
389.5317885   -2173.0904579   -562.5352859
385.8277919   -2174.7202873   -566.5150285
383.282763   -2176.5236855   -561.07831
380.4107281   -2178.0612469   -566.2807226
378.046331   -2179.7616482   -569.4704652
374.136922   -2182.4500561   -565.9775138
377.9790076   -2179.3181896   -561.3287687
371.1945387   -2184.2598915   -563.9332533
375.5664649   -2180.5691719   -559.6474409
368.2405176   -2188.9231205   -568.0723786
367.3420819   -2187.2625351   -562.8159642
364.7054555   -2190.5119419   -563.9957786
365.1317777   -2193.726778   -568.677485
365.1657077   -2187.816143   -560.0165129
362.6941713   -2196.1538792   -567.2647357
360.5963411   -2196.075201   -563.9025569
361.5781488   -2191.7779446   -560.3894591
359.7847494   -2201.5008926   -567.2609806
357.1565571   -2200.6111145   -562.7481937
144.3032595   -2099.6739864   -566.8040514
144.1052528   -2091.2315845   -566.7016506
143.927482   -2107.2075367   -562.9881024
144.0337869   -2094.9587822   -560.7673526
144.0449329   -2103.5943031   -561.232388
143.8308331   -2110.1028919   -569.2572594
143.6917754   -2084.1386318   -568.6426163
143.5751291   -2085.3526592   -563.8399124
143.8124152   -2090.1310444   -561.2761974
143.4552642   -2114.007473   -565.71877
143.554953   -2111.9267941   -561.2534285
143.229005   -2078.7806511   -565.5575991
143.2851525   -2116.8532372   -568.6544776
142.9012092   -2119.3370819   -563.977778
143.2255479   -2115.4942513   -560.0404143
143.193123   -2075.1130581   -569.3206191
143.0162164   -2074.3348598   -566.2226677
142.7671286   -2073.2724667   -562.299192
142.8986164   -2070.1701641   -567.7140951
142.6294716   -2122.3211288   -567.1223998
142.026362   -2125.1125336   -564.42976
141.9604393   -2124.1099834   -559.668541
142.6783475   -2063.9600754   -564.851284
142.6652642   -2068.4084892   -563.1129742
142.1718868   -2125.7247925   -569.0751076
140.8353122   -2130.3873062   -566.0064816
140.9311565   -2128.6406517   -560.772419
138.6072012   -2135.7135773   -564.61519
139.5117315   -2132.7652931   -561.3413453
137.7308937   -2138.3295059   -568.0038333
135.8768018   -2140.8827305   -563.588798
135.914323   -2141.9041157   -569.2070723
133.3193751   -2145.6992626   -565.8626556
132.855502   -2145.4205513   -560.3943467
132.0620152   -2148.3170986   -569.43959
130.4170164   -2150.2773762   -565.2615428
131.6799196   -2147.7956772   -562.8778338
130.1423284   -2149.8661041   -560.2211356
127.6093992   -2154.8399925   -565.728426
128.371832   -2153.0501842   -562.0749593
124.9807449   -2158.9519978   -565.5543208
125.7968219   -2156.9623947   -560.6174469
124.1394254   -2160.7708931   -569.0996647
123.0227026   -2162.0926857   -565.9390092
122.9352029   -2161.6919041   -561.9443059
122.0527264   -2164.0145779   -568.8809156
120.9968599   -2165.0426388   -564.31216
119.6624311   -2167.5200462   -567.1320558
118.0385026   -2169.3780422   -562.594533
120.2840181   -2165.5564308   -559.5015883
116.9012161   -2171.8730927   -568.154037
115.1873144   -2173.7332344   -562.8582835
112.6551303   -2177.9360771   -565.8156276
108.7775203   -2183.6872101   -565.7531619
109.6508475   -2181.674242   -560.6627464
106.0930463   -2187.5920296   -565.5201674
106.2315675   -2186.6154671   -560.6705546
104.1838499   -2190.8400059   -568.1581497
104.0346893   -2190.1943684   -563.2090569
101.562229   -2193.9399242   -563.9736652
98.7774702   -2198.2090473   -564.960897
99.1954776   -2196.6874599   -560.1292253
98.2983383   -2199.7213364   -568.9911246
96.660194   -2200.5782127   -561.1729622
95.9624919   -2202.5842667   -565.916121
268.0096301   -2350.3556252   -568.0757761
265.8052119   -2347.5415707   -561.4004135
264.6021517   -2355.2286625   -567.6594973
264.0682133   -2351.4969349   -562.2826219
261.0464367   -2357.7451706   -564.6208525
258.4549161   -2362.7243042   -567.5042868
256.7463788   -2360.9447479   -561.8054271
255.850521   -2366.3320541   -569.1078305
254.8751803   -2364.964962   -564.9892092
200.8771273   -2384.2566013   -561.7250204
252.8230222   -2369.0295219   -569.162786
253.844616   -2367.0854568   -567.0214891
171.7704209   -2381.3078403   -566.6783452
251.8159124   -2367.6726818   -564.8326874
252.1212967   -2364.6132946   -559.9149466
192.5653788   -2382.5771809   -559.8910451
248.7676414   -2370.9263802   -566.5551424
196.3233324   -2385.751009   -566.1192536
248.3873042   -2368.5848713   -561.2680316
245.0949522   -2374.2537498   -568.5299635
244.4992932   -2372.1644878   -562.9243255
240.1376935   -2377.1071434   -568.3947802
238.2157715   -2375.4653931   -562.0096326
196.6890367   -2384.2699528   -562.5042915
234.3468639   -2379.2197704   -566.4521456
230.1637205   -2380.3346157   -564.7384524
232.7170344   -2377.5093555   -560.4863763
225.9659442   -2382.9815388   -567.6069856
225.807217   -2381.4840317   -563.570261
192.3612031   -2384.8726749   -565.2278066
221.9645651   -2382.7695847   -563.8876557
214.3026563   -2384.7913742   -564.6858215
206.1046632   -2385.7064247   -564.9393797
200.3762694   -2386.5983486   -567.3619509
513.5038617   -1873.5032082   -565.5683279
514.0329125   -1877.6129484   -564.0737414
511.3058435   -1878.3016205   -568.6190724
516.0166445   -1874.1317987   -561.6059899
512.9376026   -1882.5623989   -564.7986531
516.6233452   -1879.5086145   -559.8961115
513.6952671   -1862.9090786   -565.179646
513.6154713   -1865.7670021   -566.0004616
512.4078961   -1863.8674021   -568.2245493
515.3196575   -1861.9633913   -562.3554587
511.6099613   -1859.957695   -568.1062937
512.3971971   -1856.7534685   -563.6813045
512.7184289   -1869.3807125   -567.6975846
516.0378339   -1868.2129383   -562.3210669
517.9481851   -1864.1588688   -559.5127344
511.4646377   -1873.4344244   -569.419682
510.3950547   -1883.9201927   -569.3721771
511.1423554   -1888.425827   -566.6549802
514.8088755   -1887.2305155   -560.4604483
510.4338276   -1855.1608324   -567.2675371
509.9654915   -1851.742506   -562.0445609
513.3088725   -1855.722785   -559.7015619
512.2290524   -1893.9682245   -562.9931092
509.8787146   -1893.8466311   -569.3621039
510.6981518   -1897.8048563   -565.921545
511.8387537   -1899.0712166   -562.381506
510.117014   -1902.4577141   -565.3821826
508.5062357   -1851.0923386   -567.1501756
510.1885097   -1907.2419405   -562.7035499
508.7731677   -1906.5437317   -566.8175817
512.1824416   -1903.1101465   -560.0416064
508.0045509   -1910.5499983   -566.2203431
509.6189948   -1912.7663374   -560.9144568
506.3999268   -1847.6099968   -564.7732019
506.8218755   -1915.5657291   -565.7833219
508.0712038   -1917.3437357   -561.7887974
506.1349022   -1920.3861952   -564.4248128
503.58395   -1843.7936306   -567.8212047
503.0073794   -1843.9729214   -561.4406466
499.4169744   -1839.1604424   -565.6699538
495.6767681   -1834.8373175   -566.2736297
494.8291676   -1836.1997604   -562.2760653
494.3434419   -1832.2439194   -568.6061978
492.477377   -1832.7575922   -564.5298958
490.4997992   -1828.6280632   -567.6214695
488.3975136   -1830.6587934   -562.5892878
490.7427328   -1834.5082998   -560.2924228
487.153736   -1823.5174417   -569.4661736
485.8835386   -1826.3181448   -564.6958351
484.9137711   -1829.2826414   -561.2134337
481.9533946   -1821.1556673   -565.805316
481.6566008   -1825.3666162   -562.1235967
477.5432172   -1815.3656721   -566.7573214
479.0621447   -1821.623683   -563.1974936
476.5967401   -1819.3918467   -562.951982
476.2807088   -1822.8569031   -560.549736
478.147124   -1825.4908323   -559.8937869
474.4370403   -1810.6898069   -567.469418
471.598317   -1815.5801296   -561.9436502
470.9974053   -1811.5189075   -563.9212728
472.5789028   -1808.0010414   -567.7195787
472.7586629   -1820.1869726   -560.0591302
469.0587866   -1804.4241667   -566.8211579
469.0374779   -1807.723403   -564.7001863
467.3932316   -1799.2973328   -568.6261654
466.1371531   -1812.4716282   -559.9437356
466.4725783   -1803.7575483   -564.9761558
463.5532918   -1806.0063124   -561.2766147
464.3141004   -1801.0473251   -564.5452142
463.4793075   -1797.2679138   -565.9838915
462.1038707   -1790.6630039   -568.4000254
460.4089084   -1799.0932465   -562.1765852
459.6604081   -1793.8449383   -564.1902089
458.7892564   -1785.8636379   -567.9151416
458.5347893   -1790.5755043   -564.8847818
455.7904723   -1790.9885645   -562.2103214
457.483125   -1795.0361967   -561.6603494
455.616233   -1782.7209234   -566.7594075
455.8909806   -1786.8452072   -564.5713806
453.3691677   -1784.104228   -564.0167594
452.9586556   -1787.001133   -561.9834661
452.3718479   -1780.9028625   -565.0499463
450.3442916   -1783.2275629   -562.0335937
449.5431604   -1779.6341181   -563.5429025
447.0506432   -1780.3006172   -561.3064766
177.6884171   -1803.9102554   -562.9427433
177.6590022   -1799.4894981   -564.3863082
177.264032   -1802.8352261   -566.2847161
178.2668801   -1800.5781174   -559.7521067
177.1371337   -1805.7773113   -566.0266876
177.1865162   -1808.795929   -563.1611943
177.533743   -1794.9581146   -564.6355748
177.0852181   -1797.1837521   -567.4329996
178.1690391   -1796.3026762   -561.0382557
176.9343885   -1800.4689217   -568.4161782
177.2795888   -1791.3933992   -564.9072528
176.6770156   -1793.2555676   -568.5866475
177.9570254   -1791.8813229   -561.1671209
177.3245903   -1787.3917818   -562.8631711
176.7221364   -1789.2224789   -566.9404268
176.9929203   -1782.384634   -563.6526942
176.4040562   -1785.4956388   -566.958487
177.7810725   -1784.7714424   -559.7695708
178.0323359   -1789.1352177   -559.5465899
176.5811714   -1808.6580038   -568.0587888
176.3988408   -1812.2427464   -566.4569736
176.4834198   -1813.8234615   -562.5630021
176.1660548   -1781.2781334   -567.1426058
175.4802736   -1817.302227   -567.7847266
175.7014366   -1817.9479837   -561.4221096
174.6530803   -1822.5417137   -564.1666651
174.4237813   -1822.3677874   -569.2380071
173.9008697   -1825.3648281   -568.0301189
173.3896705   -1827.9688358   -564.7159815
172.2760769   -1832.5220346   -568.3605075
172.3185154   -1832.1483135   -562.9906654
172.9219826   -1829.377532   -561.0217452
171.3921102   -1836.2318277   -564.9245977
171.4255186   -1835.2000713   -560.842514
170.2076467   -1841.4577246   -565.5887723
170.7000109   -1838.3803368   -561.7134571
169.0517636   -1847.304225   -567.5663352
168.9962717   -1845.8174467   -561.92559
169.877288   -1841.4102793   -560.5183244
168.1214841   -1852.6455164   -568.9694285
167.9990562   -1851.2128592   -563.5393858
167.0684191   -1856.9834232   -565.2166605
166.882095   -1854.7757864   -559.9160194
166.4684983   -1862.077117   -568.4066415
166.2566038   -1860.9739542   -564.2290711
165.9463914   -1859.842658   -560.2201819
165.4295596   -1864.9712801   -563.0177855
165.6429442   -1867.1638966   -568.0494308
164.5830544   -1871.4488745   -564.3938184
164.3713089   -1876.4278889   -568.4468746
163.5147604   -1877.2494793   -562.8237128
163.4108993   -1881.401062   -565.8949018
163.1484302   -1885.5849504   -567.9033995
162.6717421   -1881.4630508   -561.2969398
162.2913452   -1885.9750032   -562.6021624
162.2725698   -1890.7856941   -566.3768053
161.6127463   -1896.6827393   -567.1799183
161.3531979   -1890.6172514   -561.0069633
160.9112593   -1894.879818   -561.8251562
160.9799834   -1901.9939899   -567.8281784
160.404292   -1899.9040127   -562.9755855
160.2870794   -1907.2965384   -568.3451891
159.7167226   -1905.0000906   -563.400805
159.5413955   -1912.073493   -568.5991049
158.9621576   -1910.3183746   -563.9328361
158.1473323   -1916.1531925   -565.0767088
157.4238511   -1913.4030342   -559.6547723
156.6294106   -1918.3086157   -560.1611733
157.6145264   -1921.7834473   -568.2507157
156.9595011   -1920.6097126   -563.5403991
133.9917155   -2356.7962646   -561.4179373
130.3313347   -2354.0649414   -562.6817346
128.8943859   -2353.9330959   -567.8700805
178.7901791   -2380.669117   -561.2397194
125.183967   -2350.3239155   -565.2134418
126.2525292   -2350.4817486   -561.2978935
187.997696   -2383.0349445   -562.556088
121.2537559   -2347.8014469   -569.3994164
118.9413639   -2345.2215195   -565.1842952
121.6257187   -2346.5266228   -559.9691272
355.773625   -2205.7476044   -564.4350648
354.8329147   -2215.0602341   -568.9591765
354.2892756   -2210.9293938   -565.5773878
351.488364   -2212.7702236   -562.8393888
350.9775224   -2218.8527584   -565.8706427
350.6549271   -2222.2006321   -567.4061179
350.6350788   -2224.9417305   -569.1609383
348.9128473   -2228.3132076   -569.0658092
347.1764746   -2220.5002308   -561.5541339
348.0113866   -2225.1040936   -565.5140877
344.610882   -2228.6064625   -563.1629229
343.3469208   -2233.4113121   -564.9660826
344.7916778   -2225.7051468   -561.430037
340.6173559   -2240.3044701   -567.3764348
340.4614898   -2233.877182   -561.2890124
338.8419422   -2238.982439   -563.6048913
335.3969725   -2244.6227074   -564.6749139
333.444682   -2248.8498688   -566.9301152
330.1783475   -2248.9442825   -562.62815
329.8808011   -2250.6747246   -564.36342
326.5921148   -2257.6260567   -569.3512559
325.7558318   -2253.8793087   -563.0801916
324.2839249   -2257.1544647   -565.4995441
320.8183917   -2261.2948418   -566.8521523
322.1773776   -2256.5419674   -561.856389
314.347473   -2268.0168152   -567.6019788
315.9232708   -2262.6514435   -562.0706677
318.3252486   -2259.1025829   -560.3539944
310.0054237   -2271.3928223   -566.1950707
312.7562674   -2265.6595707   -561.9843006
306.190935   -2277.1611214   -568.0000782
304.0238889   -2275.9995461   -563.2360578
306.9830211   -2271.502018   -561.948359
301.0037514   -2280.8256149   -564.0010834
299.0421029   -2286.4284515   -566.5043592
300.5145463   -2278.3873081   -560.541153
296.2510558   -2286.6904736   -561.9585514
298.1937202   -2281.5601826   -560.1554513
296.9935509   -2291.8021679   -568.0299401
292.211202   -2297.3711491   -564.7234321
293.0900725   -2292.7007675   -561.991334
292.5054403   -2300.8267879   -568.2438612
288.8532849   -2305.0353527   -565.5208826
287.8135117   -2302.0713329   -561.1694455
285.931346   -2314.8288727   -568.6262846
286.1225279   -2309.8552227   -564.8534894
285.3407236   -2306.9179058   -561.0255599
283.4752472   -2314.2106533   -563.9267564
282.8372391   -2310.8336926   -560.0079894
282.1729752   -2319.7238445   -566.2599206
280.7071181   -2316.3409233   -560.9562993
280.3097042   -2324.5601654   -567.0263171
278.7896367   -2329.5400143   -568.5114264
278.2633575   -2323.2126236   -562.4580383
275.9131464   -2325.8860111   -560.6467724
277.1232995   -2333.4701061   -568.8973069
275.2002748   -2331.4964771   -564.0209317
272.3959359   -2339.1389847   -565.4364824
270.2370854   -2337.1574879   -560.0440502
268.1574198   -2342.1881199   -560.6999397
269.1234323   -2345.1609612   -564.9847984
171.3878485   -2378.8774014   -561.1011982
113.4463819   -2340.8930302   -565.3583407
109.31277   -2338.1476402   -567.9196715
112.3346659   -2339.3642902   -560.9052181
108.7162765   -2336.8880749   -562.8547668
105.7693931   -2335.5488777   -568.0016875
104.1630181   -2333.8267803   -564.8056865
99.6349724   -2330.6655884   -565.0328398
96.2298485   -2328.9730549   -568.4662461
94.0392884   -2206.1984539   -569.2501664
94.345239   -2327.0151615   -564.7890568
93.0559608   -2206.6385746   -564.4213557
94.4143506   -2203.9685249   -561.5290999
92.548755   -2326.6274929   -569.1021681
89.3464359   -2324.4116306   -567.5935149
91.7697521   -2209.3122005   -567.5806403
162.8277274   -2378.2455921   -566.8927431
90.4654535   -2210.457325   -563.7387633
89.2882618   -2213.4280205   -568.6187148
88.2261666   -2213.9225006   -563.7429357
88.7553962   -2212.1291161   -559.5567822
86.4236625   -2217.3056602   -566.0129189
86.2717899   -2216.2730694   -560.8583093
84.821132   -2220.2599049   -567.5532818
83.7996276   -2220.8132744   -563.3448958
82.9190882   -2223.8023281   -568.8632131
85.4369672   -2321.7003345   -566.4809942
81.8209919   -2319.2243576   -566.0622716
80.6785496   -2226.1350155   -563.5491014
80.5062326   -2227.8604507   -568.2788491
84.0347084   -2319.6017742   -561.5092516
78.4756812   -2317.5315857   -568.8102245
78.6238583   -2230.6830883   -566.1908388
77.9182585   -2230.4234505   -561.2912178
79.3158086   -2316.5037632   -562.9842281
75.0801834   -2314.0711784   -566.6500926
77.2214802   -2234.4624996   -568.8608289
76.4994296   -2234.2679501   -564.3140078
75.3506096   -2237.7970219   -567.0851469
74.5335492   -2237.9090786   -562.8755093
75.6868991   -2234.3392372   -559.7140193
165.3664681   -2377.1903515   -561.4603162
73.7782987   -2240.8571243   -565.8262968
76.4754089   -2313.927412   -562.4275208
72.5980672   -2242.0203686   -562.0325804
72.2216638   -2245.4075813   -567.6029325
69.7949203   -2250.7383823   -565.8859015
70.463148   -2246.8996048   -561.344862
73.9202174   -2311.2990856   -561.9412661
71.440843   -2310.5111122   -566.6515827
70.9343823   -2308.6588383   -563.4434223
68.8445243   -2307.4007034   -566.4668679
67.7060755   -2255.3725243   -564.6321177
182.3001178   -2383.5930824   -566.2888885
68.3326396   -2251.9915104   -560.4553223
71.6524395   -2307.8744411   -559.761703
67.1519312   -2258.4381104   -568.5745478
65.4417547   -2260.4935169   -562.6208186
66.6897567   -2256.1042309   -559.8451495
65.5156048   -2262.3403072   -568.0631995
67.1186718   -2304.507494   -565.7064319
64.0375885   -2265.1700974   -564.6716356
64.3903884   -2265.1948929   -567.905724
63.6734041   -2265.7194138   -560.3400469
63.5404261   -2267.4946785   -567.7537918
64.821628   -2301.1119366   -567.025423
158.7605747   -2376.9538403   -568.6586499
64.8553046   -2298.4640598   -562.5838041
62.6722249   -2269.7639465   -562.9112124
62.4661716   -2270.7479   -567.6695108
63.3595856   -2297.296524   -566.4083958
61.5619095   -2291.0652161   -566.7848587
62.5465187   -2289.9987698   -561.1796975
61.5104111   -2275.9995461   -564.6212697
62.19354   -2273.4599113   -559.7113967
60.9086426   -2286.2360477   -565.9931302
60.9600218   -2281.676054   -565.1260614
61.462787   -2280.0836563   -561.6736412
60.5760487   -2283.2696438   -567.9077506
61.7055567   -2284.236908   -560.6430173
158.793387   -2375.3788471   -563.9377236
154.0087136   -2374.2012978   -568.1867003
155.1955911   -2373.3112812   -563.2144213
149.8157056   -2370.9592819   -566.4340854
468.8295694   -1816.914916   -559.5652461
452.367899   -1790.0003195   -559.9229336
449.7924569   -1787.0180607   -559.4797134
447.4382969   -1783.7781906   -559.4777465
184.5512065   -2381.3080788   -560.069561
150.8280309   -2369.5294857   -559.5039725
146.6479274   -2369.2598343   -568.5697794
148.110536   -2369.2126274   -564.6243095
144.9805769   -2366.7349815   -564.3801093
139.8904594   -2362.7912998   -565.2427673
176.4840754   -2382.9946518   -567.7849054
187.337515   -2385.0457668   -567.5277114
136.3094123   -2359.2824936   -563.6013746
139.4057544   -2361.0398769   -560.0582361
131.9862875   -2356.0073376   -565.3626919
504.1309717   -1924.4161844   -566.7101741
505.9955018   -1924.9640703   -562.2344017
507.9637813   -1921.1059809   -560.0941181
504.0049898   -1928.7583828   -564.6560788
502.6789206   -1927.9239178   -568.1017041
502.9861899   -1934.3390465   -564.1194582
502.1219449   -1931.2609434   -567.4627423
506.1343806   -1929.9713373   -559.8766804
500.1657652   -1941.1207438   -566.8273568
503.5288083   -1939.3703938   -561.2254739
505.2402215   -1934.9275827   -559.702754
497.9348826   -1947.6675987   -568.3807731
501.784374   -1946.1369514   -562.2365475
499.2831247   -1951.6673088   -564.776063
498.743658   -1957.5121403   -564.0682578
496.1661669   -1954.1136026   -569.1896081
502.170262   -1952.7919292   -559.9275827
496.8629526   -1962.7999067   -565.7458901
495.7087459   -1959.1654539   -568.4164166
499.6877583   -1962.864399   -561.4094734
497.8601085   -1966.8757915   -563.2653236
495.4477447   -1966.6054249   -566.9924617
495.9133165   -1970.5188274   -565.3716326
498.6853199   -1970.7733393   -561.14012
496.8519183   -1974.7856855   -563.026309
493.6935651   -1974.5842218   -567.8167939
494.7013678   -1979.373455   -565.2496219
498.2819753   -1979.3353081   -559.8296523
495.123935   -1985.2901697   -563.2902384
492.5013679   -1983.3083153   -567.6878095
493.4723499   -1991.4019108   -564.4029975
491.7379665   -1987.8966808   -567.7857399
496.2872463   -1990.375638   -560.4006052
492.2107058   -1997.0294237   -565.0427341
490.5939298   -1992.8263426   -568.388164
494.7880032   -1994.4000244   -561.7617965
492.5423311   -2002.8355122   -563.2734895
490.0844368   -2000.9858608   -567.3592091
495.1436641   -1998.1250763   -560.4082346
490.7354014   -2008.1222057   -564.8153424
489.6063777   -2004.5223236   -567.2801733
494.0358224   -2007.6439381   -559.9844456
488.6234971   -2013.3180618   -566.8262243
492.0969503   -2012.4337673   -561.8289709
490.7087284   -2016.6351795   -562.9765987
488.2728206   -2019.4506645   -565.998733
491.1834719   -2021.435976   -561.2204671
488.2129776   -2025.1719952   -564.8804903
488.4354966   -2029.6061039   -563.5680556
485.1300912   -2030.4429531   -568.2621002
490.7948347   -2026.9434452   -560.6259704
487.6241358   -2033.4410667   -563.7927651
490.3078797   -2031.9402218   -560.2334738
485.2829697   -2037.607193   -566.0491586
488.9110895   -2037.471056   -560.7122779
483.8371994   -2042.8650379   -566.1284924
486.639102   -2042.2239304   -562.279582
484.1545644   -2047.4481583   -563.4362698
481.0588407   -2046.0071564   -568.6212778
482.7822047   -2052.3629189   -562.6684427
480.4367172   -2051.3305664   -566.6403174
485.3765266   -2050.822258   -559.8757267
480.0655889   -2056.7564964   -563.9814138
483.7680953   -2055.2947521   -559.5872402
476.7553406   -2060.1828098   -566.5746331
481.4776751   -2060.7905388   -559.6256852
478.4215289   -2061.6681576   -563.3538365
156.4278873   -1923.8250256   -564.3078685
156.4032706   -1926.0797501   -566.7925477
155.67517   -1923.0868816   -560.1840615
155.5456194   -1930.197835   -567.6053166
155.2736136   -1927.806735   -563.0220175
154.5450362   -1934.6883297   -568.1822896
154.3446454   -1932.8657389   -564.3206835
153.7584337   -1931.6910505   -560.1214767
153.3772024   -1937.7676249   -565.4556751
153.1905802   -1935.6426001   -561.7374778
152.2442671   -1943.2631731   -566.4287806
151.866314   -1940.6992197   -561.0713363
151.3796421   -1947.8507042   -567.3559904
150.7284018   -1947.4008083   -562.9204512
150.4545184   -1951.6034126   -566.3943291
150.2197655   -1954.9319744   -569.1878796
149.6002349   -1952.771306   -562.7477169
149.6334346   -1955.2532434   -565.6872392
149.0599187   -1959.564209   -566.7916536
148.957816   -1956.5441608   -563.0460978
148.7364443   -1954.728961   -560.0421429
148.5020491   -1964.4992352   -568.1248307
147.8812071   -1959.4317675   -559.7891212
147.8342386   -1964.5107985   -563.6883974
147.8241654   -1968.5055017   -566.5655136
147.2321423   -1972.8398323   -565.3190613
146.9640406   -1979.1148901   -566.5621758
146.783826   -1969.3264961   -560.744822
146.5386721   -1974.7948647   -562.0263219
146.3932367   -1985.3696823   -565.1880503
145.8148035   -1984.0891361   -560.6997609
145.9827396   -1978.4950018   -560.1605177
146.2413343   -1990.0918007   -567.4402714
145.7708748   -1989.1649485   -562.5314713
145.6277343   -1994.5337772   -565.0681257
145.5914351   -1997.7093935   -568.1139231
145.1024684   -1997.3702431   -562.1401668
144.982216   -2003.0481815   -566.3564801
144.2988785   -2009.9127293   -564.2478466
144.5968422   -2010.5021   -569.437623
144.4620164   -2004.9245358   -561.6840124
143.9864608   -2011.8250847   -562.2527003
143.9760896   -2015.6493187   -564.6583438
143.9549895   -2020.8995342   -567.9191351
143.567619   -2021.5826035   -563.5100603
143.4087726   -2018.8407898   -560.8454347
143.5491117   -2026.8135071   -565.8035278
143.301514   -2039.5448208   -566.7768121
143.1484195   -2033.8208675   -563.9302135
142.9567309   -2026.6795158   -560.2551699
143.0388661   -2022.9043961   -559.5102906
142.86491   -2033.0789089   -561.1370206
143.2314488   -2046.431303   -568.2417154
143.0093618   -2046.2684631   -563.9877915
142.6781388   -2041.4166451   -560.5985522
143.059698   -2050.5154133   -566.1942959
142.9367038   -2054.9674034   -565.9227967
142.8509327   -2059.2017174   -567.7460432
142.883447   -2052.7219772   -563.2361174
142.6921757   -2054.4672012   -560.5847836
142.7500518   -2059.8864555   -562.7592206
90.1264223   -2323.533535   -561.0890388
167.3956784   -2379.4300556   -565.4500127
