-297.9421345   -2056.5543175   -563.6692047
-294.6127979   -2058.4518909   -563.4872913
-302.1982638   -2054.9223423   -563.1184578
-300.4122702   -2058.4559441   -561.3601208
-297.0360843   -2060.2133274   -561.3518357
-305.3230373   -2049.885273   -565.3987527
-305.9860197   -2045.3212261   -568.5836077
-306.0385314   -2054.1884899   -562.0045066
-304.4740883   -2058.5026741   -559.617579
-308.6739508   -2046.0951328   -566.8991208
-310.5070321   -2048.6118793   -564.1491413
-308.8419763   -2052.0517826   -562.3244047
-312.0470969   -2045.088768   -566.3052201
-316.0310713   -2042.039156   -567.4831271
-315.7709566   -2047.1634865   -563.0524755
-312.7950756   -2051.700592   -560.8094931
-319.9841706   -2044.1205502   -564.2661452
-321.6582266   -2047.7774143   -560.3322387
-322.1711246   -2040.3485298   -567.4982667
-324.7993914   -2043.7390804   -563.5535717
-327.8932897   -2040.2841568   -566.7541027
-329.8376528   -2043.3678627   -563.2328391
-327.3400394   -2046.9205379   -559.6731901
-333.6695162   -2040.2841568   -566.4575696
-333.5609166   -2043.241024   -562.9712343
-332.3487965   -2045.3853607   -560.5390072
-336.5804283   -2042.0753956   -564.0718341
-336.2505165   -2044.298172   -561.3164902
-340.3715221   -2039.4582748   -566.8745041
-339.2612068   -2042.6952839   -562.885046
-343.6789838   -2042.9570675   -561.6695285
-339.3327919   -2044.6360111   -560.3523254
-347.0750777   -2038.3555889   -566.8950081
-351.5973417   -2037.6060009   -566.3638711
-350.3651945   -2041.0609245   -562.1028543
-355.1618186   -2035.8059406   -567.1805143
-355.933818   -2039.9122238   -561.6900921
-359.7527472   -2033.3719254   -568.1372881
-359.797093   -2036.6544724   -564.1682148
-363.4897796   -2032.6378345   -567.1759248
-364.6040288   -2035.6383324   -563.320756
-359.0952484   -2039.8144722   -560.6944561
-365.7865254   -2029.6564102   -569.4337487
-366.8489186   -2033.977747   -564.1621947
-367.6966754   -2030.9584141   -566.9692755
-367.7258221   -2037.6858711   -559.8087907
-370.6094352   -2031.3398838   -564.9972558
-373.352441   -2033.346653   -561.4402294
-370.2828018   -2035.0999832   -561.3347292
-371.3398305   -2028.6860466   -567.4549937
-373.277816   -2030.1203728   -564.7011995
-375.8413521   -2026.5767574   -566.6128397
-376.373562   -2030.8842659   -561.9587898
-380.7768551   -2022.2735405   -567.0158267
-381.3624708   -2026.3404846   -562.292397
-384.8890392   -2018.2340145   -567.3084259
-385.1161329   -2021.2984085   -563.557446
-388.1101934   -2014.3859386   -567.8011179
-389.145228   -2017.0023441   -563.4968877
-388.4812323   -2020.450592   -560.5891347
-386.0270707   -2023.7085819   -560.1642728
-390.86965   -2010.8394623   -568.269372
-391.2621466   -2013.1201744   -565.0866032
-393.4001652   -2013.7889385   -561.5702868
-394.6921555   -2009.6297264   -564.3718839
-397.6379362   -2004.5602322   -565.7803416
-399.7711865   -2007.0486069   -560.1135492
-396.6428963   -2011.1746788   -560.0716472
-399.9211518   -2000.2584457   -567.0995712
-401.9115297   -2001.7755032   -562.520206
-403.4775821   -1997.2658157   -565.0520921
-405.2784768   -1992.832303   -567.2078729
-406.0307471   -1998.4776974   -559.9051714
-407.392296   -1994.232893   -562.2623563
-407.4101178   -1989.1120195   -568.0992603
-409.0469805   -1990.2586937   -564.0755892
-410.5314938   -1986.4395857   -566.147387
-411.4720551   -1983.1067324   -568.7053204
-413.0216566   -1987.342   -560.8274937
-410.6141058   -1991.5407896   -560.0322485
-414.0387503   -1982.8596115   -564.5462275
-417.7655903   -1978.9651632   -562.9074574
-419.6128575   -1974.468112   -565.8384562
-421.6168848   -1975.6476879   -560.2555871
-424.5303599   -1970.3589678   -562.535584
-425.6088463   -1966.1946297   -567.0762062
-428.6101786   -1961.7034197   -568.725884
-429.6261994   -1964.2908573   -562.2902513
-432.9923121   -1958.8942528   -565.0842786
-436.676356   -1953.7456036   -567.071557
-437.0227782   -1956.5198421   -561.290741
-433.8729111   -1960.5886936   -560.1856709
-441.0264222   -1948.2600689   -568.6784387
-440.7750098   -1951.7247677   -562.713623
-444.6984259   -1947.2923279   -563.3952022
-445.9389178   -1943.7477589   -567.7832365
-448.6170737   -1943.5199499   -563.02917
-447.3148314   -1946.5247393   -559.5735908
-449.7647015   -1940.4798746   -566.7039156
-452.8825013   -1936.5491867   -568.2224631
-452.8944222   -1939.5325184   -562.4972582
-455.9919564   -1935.636282   -564.234376
-457.0259777   -1932.7347279   -567.5627589
-457.2242228   -1936.6571903   -559.7400069
-459.4667879   -1932.7732325   -563.0152822
-460.891339   -1929.1172028   -566.8025613
-463.5888068   -1929.2340279   -561.709404
-464.672896   -1925.547719   -565.672636
-465.339872   -1921.729207   -569.3835616
-468.4819905   -1921.602726   -564.0964508
-467.6322667   -1925.6608486   -560.0218773
-224.3403522   -2052.2193909   -559.8267913
-176.1188237   -1769.8675394   -563.8826489
-175.4857031   -1773.1628418   -565.2391911
-179.2192189   -1770.331502   -566.4817095
-171.7339484   -1771.1011171   -561.3709092
-178.1898466   -1774.4525671   -567.9956675
-175.3917662   -1776.5814066   -566.9689178
-172.6670591   -1775.8827209   -564.5266771
-179.8584191   -1766.0595179   -564.3294454
-175.9524075   -1766.2529945   -561.496377
-182.5741259   -1765.2777433   -566.0104156
-183.075699   -1769.5429325   -569.1065788
-181.7430583   -1762.4645233   -563.3915663
-178.8021652   -1762.5393867   -561.1662865
-185.7487885   -1761.1334324   -565.5615926
-185.3995649   -1758.4196329   -562.7474189
-185.9826175   -1764.1690969   -568.0215359
-188.9731614   -1758.3960295   -565.7885075
-189.3082587   -1755.3262711   -562.428534
-185.1591793   -1756.1153173   -559.9337816
-189.9893609   -1761.0586882   -569.1412091
-191.3960306   -1758.5465908   -568.0317879
-192.4818484   -1756.3096285   -566.5379167
-197.0020858   -1755.1058531   -568.9569712
-194.9252216   -1753.1241179   -563.8225079
-198.7435547   -1752.6519299   -566.4865971
-199.7092692   -1751.005888   -563.2492304
-191.823217   -1752.5697947   -559.691608
-200.3782717   -1753.2548904   -569.1234469
-202.2645799   -1751.5237331   -567.1132207
-204.5664517   -1749.7142553   -563.8512969
-207.1063844   -1750.5836487   -568.9846873
-209.7093789   -1748.5257387   -564.4814968
-207.188162   -1748.1094599   -559.8723888
-215.2272788   -1747.5553751   -564.7123456
-211.7384998   -1747.4154234   -560.6177449
-221.1788026   -1746.7997074   -564.0547276
-226.7765728   -1747.0479012   -569.2529678
-226.7229883   -1746.199131   -560.8291626
-231.3055126   -1746.645689   -566.1779642
-235.3689996   -1746.8938828   -566.660881
-233.3854762   -1746.4210987   -561.5002513
-239.3734781   -1747.4336624   -569.0357089
-238.3047072   -1747.1084595   -564.1534925
-243.0853573   -1747.9914427   -564.3779039
-246.939334   -1749.0675449   -567.1889186
-248.1211749   -1749.6472597   -561.1537099
-250.6166426   -1750.4987717   -566.8074489
-256.1118928   -1752.6942492   -568.5984492
-254.2796461   -1752.0471811   -564.580977
-252.6336638   -1751.4015436   -560.6990457
-257.4642626   -1753.336668   -561.9578958
-261.5838972   -1754.7962666   -566.7489171
-266.6324107   -1756.2428713   -564.8006797
-263.1439296   -1755.1084757   -560.9225631
-270.2267496   -1757.1773529   -567.5002337
-270.2453462   -1757.0077181   -563.6892319
-268.6562268   -1756.3273907   -559.6119165
-272.7996437   -1757.6394081   -565.0337338
-273.8125054   -1757.9026222   -568.0687428
-272.9664771   -1757.3318481   -561.5463257
-276.7873136   -1758.040309   -564.5058155
-282.2391716   -1758.5690022   -566.8596625
-281.6752521   -1757.8883171   -560.8147383
-285.8726708   -1758.7172985   -566.7192936
-285.9848467   -1758.2865953   -563.3349419
-289.4108025   -1758.5119009   -567.0128465
-289.9227468   -1757.8254938   -562.343955
-285.0677101   -1757.8306198   -560.1043701
-288.9985768   -1757.5021982   -559.5110655
-293.4438316   -1758.0891848   -567.3956275
-292.8715078   -1757.7352524   -564.2212033
-296.0380641   -1757.8934431   -569.4364905
-296.3671414   -1757.3019266   -565.2924776
-294.0157381   -1757.179141   -561.6711974
-296.6463891   -1756.4477921   -561.2916946
-300.7499305   -1756.5879822   -568.7246919
-299.7318236   -1755.9741735   -563.3614063
-304.8057286   -1753.9458275   -562.3370409
-306.4602343   -1754.7360659   -568.7709451
-310.7313839   -1752.5089979   -566.044867
-315.4218522   -1751.2301207   -569.4496632
-315.7053319   -1749.4670153   -563.5512471
-310.739669   -1750.8535385   -560.1898432
-318.9363805   -1749.0259409   -567.6694512
-321.0783926   -1746.5744019   -564.3286109
-322.3899928   -1747.5548983   -569.0988898
-325.0729767   -1745.095253   -567.0908689
-324.6141402   -1742.9209948   -562.0704889
-322.0635382   -1743.9242601   -560.4224205
-327.5851337   -1742.5982952   -565.6092763
-327.4179427   -1740.6848669   -561.9480014
-331.6373555   -1740.065217   -566.0981536
-337.5563947   -1737.8065586   -569.0042973
-335.1031867   -1736.3100052   -563.6088848
-331.1063377   -1737.9559278   -561.7770553
-340.434703   -1733.948946   -565.118432
-337.2013298   -1733.1902981   -560.4839921
-344.3452445   -1734.0766191   -569.3756342
-343.920025   -1731.0082912   -563.0276799
-344.4583742   -1732.3101759   -566.1151409
-340.801808   -1731.443882   -560.8895421
-347.2183672   -1730.6556702   -565.5358434
-347.0849124   -1729.077816   -562.0751977
-346.9595043   -1732.2319746   -568.505168
-349.7193185   -1731.107235   -568.9898729
-351.270291   -1728.4290791   -564.3799901
-354.3008295   -1728.8602591   -568.1795478
-355.2604047   -1727.3551226   -564.9541616
-354.5453874   -1726.1834145   -561.0160232
-358.1620184   -1727.44596   -567.1980977
-357.8614322   -1726.397872   -563.7796521
-361.7962924   -1726.3499498   -565.1725531
-359.4685522   -1725.2032757   -560.3723526
-361.9478074   -1727.6479006   -569.4704056
-364.3205491   -1726.9939184   -567.8639412
-366.2235466   -1726.4409065   -565.7405853
-364.4496528   -1725.3085375   -561.4053607
-370.1891629   -1726.9496918   -566.6151643
-369.3074314   -1725.7820368   -562.3363256
-373.2028333   -1726.7439365   -564.2564297
-377.426478   -1727.4192572   -563.8839602
-380.8678714   -1729.1510105   -567.2692657
-381.711754   -1728.2947302   -563.180685
-379.5609204   -1727.0206213   -560.1348877
-385.3542534   -1730.9863567   -568.8405633
-384.1519085   -1729.5897007   -565.305531
-385.5816451   -1729.1879654   -561.6341829
-387.0658008   -1730.709672   -565.521121
-390.0246946   -1732.709527   -568.2080388
-390.0480596   -1731.4305305   -563.5340214
-394.2356435   -1733.981967   -565.5852556
-393.648359   -1732.3409319   -560.3734851
-389.4991604   -1730.2811146   -559.7293377
-398.3725039   -1736.6628647   -567.091167
-397.953066   -1735.1704836   -562.5414848
-402.333471   -1738.3766174   -564.6113157
-406.9042531   -1742.186904   -567.1437979
-407.2057334   -1740.6705618   -560.752511
-412.0787112   -1746.4129925   -568.174541
-409.7234932   -1743.4272766   -564.3171072
-412.5591246   -1744.9381351   -561.7718101
-417.9081646   -1750.1126528   -564.104557
-423.1357304   -1755.448699   -565.6843781
-422.9017226   -1753.5084486   -559.9577427
-427.0671336   -1760.5308294   -569.1311359
-427.245113   -1758.26931   -561.5821481
-429.1323153   -1762.2443438   -567.7562952
-433.8055579   -1767.0871019   -566.4556026
-431.6833941   -1762.7378702   -560.6105328
-437.6077382   -1771.6929913   -565.9604669
-436.2449376   -1767.9258585   -559.8331094
-439.4403426   -1772.6168633   -561.5057349
-441.411349   -1776.7399549   -565.0001168
-168.5341922   -1775.9562731   -561.4634156
-441.6392771   -1775.1921415   -559.8005056
-254.4511286   -2062.5343323   -560.7583523
-263.3459298   -2063.860178   -561.7826581
-258.6204735   -2064.2507076   -560.5653524
-268.0078474   -2061.8340969   -563.9141798
-272.2683875   -2063.31563   -563.1795526
-268.3916418   -2065.6228065   -561.1765981
-277.4532763   -2064.63027   -562.0434284
-272.6511089   -2066.6525364   -560.5841875
-283.4776369   -2063.3723736   -562.4134541
-288.4267894   -2062.4678135   -562.2194409
-292.9528085   -2061.6631508   -561.6387725
-286.4361135   -2065.6397343   -560.1225495
-146.9853846   -1828.5583258   -562.5720024
-149.9338476   -1830.9909105   -565.4469728
-150.4634348   -1826.6056776   -566.1228299
-146.5956298   -1832.7229023   -561.9942546
-146.5522972   -1824.7381449   -562.3361468
-144.075307   -1830.2955627   -559.6765876
-144.5970265   -1827.1554708   -560.3747964
-147.6737586   -1814.9652481   -562.5711679
-148.329827   -1818.7682629   -563.7271404
-152.1187154   -1816.5611029   -566.4850473
-144.1226927   -1817.7268505   -560.0441694
-152.6561109   -1812.1165037   -565.6407475
-147.8539435   -1811.9324446   -562.0034933
-144.4912282   -1814.0751123   -559.885025
-149.2504803   -1822.3565817   -564.8206472
-151.7012445   -1819.9751377   -566.8408871
-145.4854933   -1821.3331699   -561.3519549
-148.954126   -1840.9198523   -563.4883642
-148.6708251   -1844.4827795   -562.7200007
-151.8463818   -1844.5703983   -565.4776096
-145.5390183   -1843.6193466   -560.2129102
-148.4039155   -1849.0365744   -561.7672205
-149.9457685   -1835.7198238   -565.045774
-151.8842307   -1839.7375345   -566.385448
-146.0239617   -1837.7416134   -561.1118078
-153.2273022   -1823.0458498   -568.5061216
-153.1633464   -1832.9846859   -568.4460998
-152.7514187   -1829.5991421   -568.2216883
-154.1400877   -1837.0535374   -568.9100027
-151.2982575   -1854.6727896   -562.7052188
-153.3531276   -1858.4634066   -563.1788373
-155.2622048   -1855.5383682   -565.3609037
-150.0681964   -1859.960556   -560.5012774
-153.5626975   -1850.3936529   -565.4774904
-147.3609535   -1854.8220396   -559.8027706
-155.0183622   -1841.2328959   -568.9914227
-156.8646757   -1846.5366364   -569.271028
-153.2071558   -1808.4365129   -564.5241141
-155.5776326   -1809.2120886   -566.5530562
-149.4722096   -1808.9289665   -562.1449351
-154.864761   -1805.0653934   -564.258635
-151.0328976   -1806.106925   -562.0604753
-153.8025466   -1862.0511293   -562.4716282
-156.4380256   -1860.2380753   -564.8369193
-157.8094093   -1852.2750139   -568.315208
-156.9699375   -1865.5751944   -563.5769963
-152.2543756   -1866.1544323   -560.289979
-154.8943249   -1801.4023304   -562.5432134
-158.5175125   -1801.9295931   -565.3533936
-159.6572129   -1806.1398268   -568.0823922
-157.1339098   -1797.3567247   -562.3236299
-150.7238475   -1802.7094603   -560.292542
-152.8925625   -1798.7701893   -559.9227548
-159.1891972   -1857.4141264   -567.7005649
-158.2266418   -1811.4202023   -569.4224834
-160.1605741   -1862.5633717   -566.7269826
-159.6483318   -1871.1676598   -563.6467338
-160.828921   -1867.0003414   -565.7815337
-155.7066766   -1870.0461388   -561.3863468
-162.8815857   -1802.8060198   -568.8317418
-161.5034667   -1798.2342243   -565.8940077
-160.3377787   -1875.1506805   -562.8281832
-162.9813043   -1874.8940229   -564.7193789
-157.1801034   -1875.3345013   -560.7128739
-163.5753838   -1870.3380823   -566.6221976
-163.83979   -1865.4918671   -568.3754683
-161.5439383   -1879.2954683   -562.3211265
-160.9987942   -1793.9765453   -563.698411
-164.1267268   -1794.4295406   -566.1922693
-161.7987481   -1790.2442217   -562.671721
-164.7609202   -1790.1381254   -564.8339987
-158.2066146   -1791.2364006   -560.4392886
-165.5451981   -1797.4770069   -568.4487224
-162.0975462   -1785.7860327   -561.0109568
-166.8832032   -1874.3445873   -567.573905
-165.9621326   -1879.1793585   -565.3576255
-167.7553979   -1792.4381495   -568.0188537
-168.0376855   -1788.328886   -566.5552616
-166.3568345   -1785.3256464   -564.0458465
-165.4698578   -1884.8106861   -563.2106066
-168.9495174   -1883.0062151   -566.1608577
-170.8587734   -1888.7164593   -565.6374693
-166.783723   -1890.5100822   -562.2909665
-161.2633196   -1884.2936754   -560.5570674
-162.9272429   -1888.764143   -560.2355599
-169.9610082   -1878.8381815   -568.2191849
-170.2312557   -1783.826828   -566.3559437
-168.1279866   -1779.343605   -562.771976
-164.5707218   -1781.8454504   -561.1822009
-172.6770131   -1779.5954943   -566.3278103
-172.4979011   -1883.564949   -568.4272051
-170.0154272   -1896.4799643   -562.6687407
-173.847231   -1893.648982   -566.1659241
-173.5369889   -1903.6992788   -562.9841685
-176.3807265   -1898.8645077   -566.3573146
-168.7773196   -1903.5989046   -559.7305894
-164.6092264   -1893.8292265   -559.7967505
-174.4577018   -1887.2915506   -568.5916543
-174.7536985   -1890.5428648   -567.7774549
-175.9111611   -1779.5819044   -568.8191056
-175.3801433   -1908.5569382   -562.9028678
-178.6661474   -1906.1895609   -565.8532977
-171.9366042   -1908.5125923   -560.5173707
-177.1675078   -1893.6864138   -568.4922338
-178.0721275   -1911.8971825   -563.8934374
-174.662861   -1912.4714136   -561.3294244
-179.8738567   -1896.8589306   -569.4361925
-181.4072458   -1901.540041   -569.1370964
-182.0144383   -1911.7469788   -566.7487383
-180.5652706   -1916.3171053   -564.5467043
-177.0581333   -1916.0913229   -562.1294975
-183.6983291   -1907.0558548   -569.2130923
-184.6146909   -1916.8614149   -567.3534274
-178.9641706   -1919.6630716   -562.6198649
-182.5566021   -1921.6293097   -564.7294521
-444.9196783   -1782.5592756   -565.3927326
-444.0614907   -1779.1264057   -560.3368282
-448.3930794   -1788.9273167   -564.8790598
-446.7556206   -1783.8433981   -560.63658
-451.0293929   -1796.5929508   -567.7093267
-451.4257637   -1793.6214209   -560.9353185
-454.1847435   -1803.5722971   -567.2261715
-453.5205094   -1799.5084524   -562.4023676
-456.5757243   -1806.3651323   -562.6782179
-455.4499117   -1803.5737276   -562.0399714
-457.7574459   -1811.2572432   -567.1557784
-459.0764967   -1810.0032806   -559.9982142
-460.4472844   -1816.4197206   -566.5798187
-461.1464468   -1814.8560524   -561.8727207
-462.0915381   -1819.7872639   -567.0564175
-462.5493018   -1818.4657097   -563.5957718
-465.2677504   -1824.9363899   -565.916419
-463.8309208   -1818.607688   -560.3365302
-468.57402   -1830.747962   -564.8500323
-468.8191143   -1827.4852037   -560.4226589
-468.3694569   -1917.6775217   -568.3785081
-468.2464329   -1889.5071745   -568.7285662
-467.5717083   -1886.4064217   -569.4053173
-469.8167769   -1867.5774336   -568.2252049
-469.3090645   -1878.9066076   -565.824151
-469.1736428   -1885.2189779   -566.0651922
-471.1038796   -1908.4368944   -568.8276887
-471.3520733   -1852.3750305   -567.7441955
-471.0826603   -1899.1521597   -567.7057505
-470.4076973   -1872.8485107   -565.3222799
-471.1664645   -1860.6214523   -567.5368905
-470.0064389   -1839.0309811   -567.5846338
-471.4399306   -1844.4575071   -566.4255023
-469.4616524   -1891.8193579   -567.2788024
-470.6730572   -1890.1830912   -564.4747615
-470.9590403   -1894.7321177   -565.8581853
-471.3864056   -1834.8255157   -561.9038939
-471.3009325   -1882.1647167   -561.6766214
-471.5783326   -1886.2063885   -561.6595745
-472.2693888   -1875.5681515   -560.7565641
-471.4469639   -1879.0022135   -561.563611
-471.5469805   -1913.2124186   -566.4678216
-471.8162743   -1868.8905239   -563.773036
-472.9799954   -1864.5092249   -563.0453825
-472.7130858   -1839.0350342   -561.4475608
-472.3551003   -1903.4943581   -566.8305755
-472.5291459   -1871.3797331   -561.5465641
-473.6515013   -1894.2652941   -561.3053441
-472.9811875   -1899.8754025   -564.7883415
-473.4388319   -1913.4528637   -563.0725026
-471.6502158   -1917.4119234   -562.9577637
-473.495814   -1910.3399515   -564.4478202
-474.4193283   -1907.2327614   -563.5942817
-473.4534947   -1857.3499918   -563.4762049
-473.213884   -1860.6390953   -563.4383559
-474.0321366   -1848.0321169   -561.7312789
-474.2638794   -1854.0642262   -561.9232059
-473.5299078   -1868.3066368   -560.5522394
-475.2212492   -1903.7082195   -562.2349381
-475.1454321   -1860.0590229   -559.6387982
-475.8580653   -1899.766922   -560.1041317
-476.1880366   -1910.4382992   -559.9048734
-475.054237   -1856.3122749   -560.2658987
-174.157652   -1916.2716866   -560.0190163
-175.9216515   -1919.885993   -560.4215264
-178.6970822   -1924.3632555   -561.3578558
-182.4564663   -1926.7545938   -563.513875
-185.907158   -1925.9852171   -566.232264
-184.7979752   -1930.9034348   -564.3900037
-180.2447764   -1930.8838844   -561.0477328
-186.5674583   -1921.4448929   -567.7249432
-183.5863916   -1936.1190796   -562.4843836
-187.6957146   -1935.3705645   -565.7735467
-186.7657629   -1940.6806231   -564.0890002
-182.4735133   -1942.035675   -560.5967641
-188.7803999   -1930.2982092   -567.5529838
-186.1371724   -1946.2515116   -562.6725554
-190.0726286   -1944.7283745   -566.0002232
-189.8619262   -1951.1632919   -564.8344159
-184.7083894   -1951.8338442   -560.6734157
-182.9023687   -1947.0403194   -560.0703955
-190.5610887   -1939.5558834   -567.2522783
-191.6755763   -1934.6265793   -569.0091848
-188.1557433   -1957.8920603   -562.4679923
-189.3000928   -1964.5127058   -562.4637604
-192.436072   -1961.3957405   -565.4820204
-185.2805344   -1962.6172781   -559.5341921
-191.9247834   -1956.3330412   -565.7647848
-193.3721033   -1968.0098295   -565.3243661
-189.833912   -1969.2236185   -562.2212291
-186.7623655   -1967.8038359   -559.9589944
-194.1290823   -1947.7962255   -568.8348413
-193.8232509   -1953.2370567   -567.7771568
-192.8969947   -1942.8799152   -568.6035752
-191.6060773   -1973.7921953   -563.0081296
-192.2505824   -1979.6994925   -562.5993013
-193.9373938   -1976.7576456   -564.4855499
-187.8253547   -1976.6370058   -559.5040321
-195.9742633   -1974.1088152   -566.5929317
-188.1854264   -1971.8638659   -560.508728
-195.372614   -1957.8799009   -568.4348345
-196.0288612   -1979.2625904   -565.8252835
-195.6015555   -1984.1195345   -564.6580458
-191.8394295   -1985.2221012   -561.3180995
-189.0275208   -1981.8384647   -559.6244931
-196.5474812   -1963.596344   -568.6302781
-198.0158416   -1969.2081213   -569.0757632
-195.0331656   -1989.0705347   -563.2563233
-199.4537441   -1988.4097576   -567.1307445
-197.7234808   -1993.2919741   -564.7064447
-194.2922799   -1993.0456877   -561.8593693
-191.4101569   -1990.057826   -560.0690842
-199.1957752   -1982.7563763   -567.9394603
-199.3446676   -1977.8561592   -568.8682795
-201.9622055   -1993.9132929   -568.1996942
-199.9045936   -1997.2463846   -565.728128
-195.9049431   -1997.7288246   -562.2024536
-200.4895536   -2002.124548   -565.1145577
-199.6946064   -2007.8909397   -563.0166531
-204.0757266   -2006.4144135   -567.1064258
-195.7420436   -2003.4003258   -560.7815385
-201.0315386   -2012.2864246   -562.9719496
-204.2586533   -2010.7655525   -566.1059022
-197.5557534   -2011.7635727   -560.1928234
-203.6161152   -1998.8504648   -568.5705543
-204.7458021   -2002.8457642   -568.5949922
-204.1378943   -2014.9526596   -564.825356
-199.6736852   -2015.7747269   -560.8552098
-203.4498779   -2019.0474987   -563.0417466
-207.6915828   -2017.9545879   -566.8359995
-206.7734329   -2021.2543011   -565.1009083
-203.7089793   -2023.6825943   -561.8417263
-208.9465586   -2013.5822296   -569.1971183
-208.6333362   -2024.3742466   -565.5525327
-206.6200105   -2027.6880264   -562.8303885
-211.2012235   -2027.9266834   -566.195488
-209.2377869   -2031.4333439   -563.4329319
-204.5541135   -2031.037569   -560.0706935
-202.6698915   -2027.5514126   -559.7507954
-210.6131641   -2021.1453438   -568.1422949
-213.175985   -2024.5261192   -568.8714981
-213.4073702   -2031.2645435   -566.3822293
-212.5050155   -2035.6318951   -563.8926625
-207.1534125   -2034.9431038   -560.5394244
-217.3601715   -2033.2992077   -567.9404736
-217.8585259   -2038.390398   -565.6580329
-213.4901611   -2041.2099361   -561.7227554
-209.3092529   -2038.5956764   -560.4147315
-222.528967   -2035.7172489   -569.4417357
-218.5359923   -2042.983532   -563.429296
-223.1562463   -2041.0709381   -566.6975975
-222.2142545   -2045.1185703   -563.8061762
-219.0662352   -2046.8690395   -561.3219738
-215.6850425   -2044.9433327   -560.8499646
-227.3028819   -2045.8636284   -565.1559234
-223.2084004   -2048.5060215   -561.9709492
-225.4019109   -2038.3579731   -569.2118406
-228.536698   -2040.4908657   -569.0388083
-231.4359275   -2043.7221527   -567.8032041
-230.0433246   -2050.0762463   -563.1117225
-233.453664   -2047.4641323   -565.8042431
-226.5488831   -2049.8480797   -562.2156262
-233.7055532   -2051.1860847   -563.270092
-231.418821   -2053.5769463   -561.0057116
-227.928075   -2052.3166656   -560.9278083
-235.1414291   -2043.4622765   -568.9413548
-237.3296944   -2050.5077839   -564.6412969
-238.9082042   -2046.6096401   -567.6870942
-236.048731   -2053.8532734   -561.9994998
-241.5908901   -2050.4157543   -565.6803846
-240.0505272   -2053.217411   -563.4227991
-242.9641215   -2047.7154255   -567.8323507
-244.9951497   -2054.1799068   -563.9470816
-240.0322286   -2056.9674969   -560.854733
-245.0530855   -2050.0957966   -566.6846037
-246.3535396   -2046.9899178   -569.0698624
-249.1705147   -2050.773859   -567.1543479
-247.8872267   -2057.0144653   -562.7630949
-250.3288118   -2055.031538   -564.6392703
-245.468649   -2059.1282845   -560.7637763
-250.6112782   -2059.2889786   -561.9435906
-253.1426278   -2053.4448624   -566.3215518
-254.5134155   -2050.1437187   -568.7758327
-254.0854541   -2058.1254959   -563.528955
-256.7981807   -2056.9076538   -564.9502873
-258.1836311   -2053.4760952   -567.4685836
-261.1995069   -2056.7736626   -566.0637021
-259.042236   -2060.4598522   -563.2082224
-262.8193823   -2052.8357029   -568.9550042
-265.8436028   -2055.9580326   -567.5525665
-264.2311183   -2059.5984459   -564.8744702
-270.9309188   -2055.6230545   -568.5593486
-268.1353418   -2058.5737228   -566.1968589
-275.6443945   -2057.4462414   -567.5082803
-271.7330185   -2059.6876144   -565.7914877
-279.9327103   -2054.9790859   -569.1060424
-280.2607147   -2059.6661568   -565.6496882
-275.4682628   -2061.0153675   -564.9215579
-283.8480798   -2056.3414097   -567.6816106
-288.7004939   -2054.9182892   -567.7677393
-285.9367458   -2059.3173504   -565.1316643
-292.8563682   -2051.3322353   -569.1210032
-294.257733   -2054.8651218   -566.1497712
-290.8267108   -2058.6833954   -564.4725561
-295.7020131   -2051.7733097   -567.8631067
-299.0818349   -2051.9087315   -566.5120482
