-750.38788   -2316.7374134   -431.3290119
-747.0650402   -2317.5218105   -428.9451838
-747.403237   -2346.5087414   -434.5067441
-748.2027737   -2289.0076637   -444.9076951
-749.1671769   -2321.7124939   -430.2730858
-742.2375409   -2360.1987362   -444.2363381
-743.6146466   -2365.9582138   -455.930382
-743.4950797   -2367.8770065   -463.7295604
-749.9114005   -2302.2766113   -435.5119765
-748.7752167   -2336.2324238   -431.7479134
-749.9910323   -2331.836462   -431.8032861
-744.8461977   -2356.2641144   -440.3076172
-745.2312437   -2350.9809971   -436.1057281
-744.7857586   -2326.0383606   -565.315485
-745.0000969   -2362.1764183   -447.7958083
-745.7387177   -2336.3492489   -567.9500103
-744.5741621   -2342.5118923   -568.0518746
-747.2554175   -2332.2134018   -567.6028728
-745.8705632   -2320.2297688   -563.0965829
-749.6106354   -2322.8363991   -564.7935867
-743.7394587   -2347.2108841   -433.1929684
-751.1014668   -2333.8587284   -568.8611269
-751.0263649   -2339.0169144   -569.7221756
-750.0496832   -2340.0006294   -433.4381819
-751.0570017   -2317.0108795   -561.7212653
-744.4869009   -2314.1365051   -559.5037341
-749.3823496   -2353.5206318   -439.1088486
-747.8303639   -2342.8757191   -433.1529438
-750.8730618   -2345.0548649   -570.07128
-741.8133942   -2284.4016552   -511.8834972
-743.0109707   -2293.2758331   -540.9070253
-744.644138   -2284.8410606   -504.2811036
-742.3274247   -2282.67169   -448.2295811
-742.3660485   -2290.0540829   -438.6619925
-744.5933548   -2343.85252   -431.8932295
-742.2486273   -2282.6116085   -479.6716571
-742.3221795   -2279.2229652   -461.0411227
-741.8691842   -2280.184269   -469.7542489
-741.8499915   -2295.6540585   -433.6347878
-742.4257723   -2280.5519104   -453.2847106
-745.9820238   -2364.2199039   -451.8398345
-745.4117266   -2285.0654125   -497.8245199
-745.996925   -2285.1350307   -501.2506247
-743.2734696   -2308.0403805   -428.3511639
-743.3918444   -2288.3412838   -531.8376422
-742.6485745   -2329.7455311   -426.3444841
-743.6544625   -2315.1102066   -426.8645346
-750.9618727   -2356.7345142   -442.139864
-744.3432537   -2284.0483189   -484.3927324
-744.1646782   -2284.5628262   -489.6610081
-743.4532372   -2284.7385406   -515.4594779
-744.2235676   -2285.2919102   -519.7677016
-744.1951958   -2304.3627739   -552.4227619
-744.2857949   -2300.9114265   -549.403429
-744.5704667   -2280.7819843   -456.9648504
-744.5771424   -2287.1828079   -443.7683225
-745.7107035   -2290.6155586   -535.9646082
-747.2892729   -2308.5391521   -555.5720925
-744.6266142   -2320.9216595   -427.0923436
-745.1270548   -2301.5813828   -432.4145317
-745.3340022   -2281.8977833   -471.3725746
-744.8857752   -2282.6938629   -475.700587
-748.0590073   -2359.8511219   -444.9613988
-745.0889079   -2281.0342312   -467.299521
-744.6160046   -2280.4210186   -463.8872743
-746.4376418   -2327.1317482   -428.6356568
-747.0037667   -2287.4641418   -527.9293656
-748.2001511   -2286.2715721   -522.5394964
-747.8439537   -2285.4053974   -491.4244711
-745.3095642   -2333.5850239   -428.8569689
-745.7309691   -2339.3652439   -430.7448864
-747.033569   -2296.0703373   -543.9021587
-746.343824   -2298.9654541   -547.2759008
-746.4086739   -2285.0286961   -511.2607479
-747.3985878   -2372.5755215   -479.4139564
-742.0061556   -2348.3731747   -566.6739941
-746.422383   -2296.225071   -436.650753
-750.9510247   -2296.929121   -439.6260977
-746.8429533   -2283.9829922   -479.0928364
-746.5668646   -2281.3551426   -460.7517719
-747.503492   -2283.8532925   -452.5005221
-746.7107502   -2286.0579491   -447.4525452
-747.4387614   -2291.7842865   -441.1845803
-744.1701619   -2353.4948826   -566.4917827
-744.0287796   -2361.9513512   -563.4732842
-747.2831932   -2357.6283455   -566.7179227
-746.3501421   -2352.7536392   -567.5956607
-748.046848   -2348.631382   -568.9240694
-748.6976115   -2293.1911945   -539.6496654
-750.4034964   -2362.1733189   -448.7158358
-747.3156182   -2312.9236698   -429.8306108
-748.4348742   -2307.7397346   -432.0398271
-747.6683585   -2289.0145779   -531.9535136
-748.8430468   -2285.5417728   -516.204536
-746.8145815   -2367.8133488   -463.1999433
-745.8706824   -2365.8986092   -562.4996424
-751.4718501   -2365.142107   -565.9064054
-749.3818728   -2285.5484486   -487.6850247
-749.5350567   -2302.50597   -550.4455566
-749.6990887   -2369.7969913   -562.3865128
-744.9426381   -2370.1279163   -559.2535138
-748.7626997   -2284.981966   -482.7905893
-749.958965   -2312.3283386   -558.4446192
-749.2572991   -2365.2813435   -454.6131194
-743.3640686   -2383.4967613   -537.9978418
-748.2329337   -2282.6919556   -457.3785961
-748.2117144   -2282.0734978   -464.5190835
-741.9159142   -2375.0422001   -487.3654246
-749.2991415   -2285.6128216   -501.0181069
-749.5602099   -2285.4588032   -507.9678297
-743.7983481   -2374.1426468   -555.0128818
-743.7255112   -2378.673315   -549.3839383
-743.3427302   -2384.2217922   -530.2709937
-743.9584462   -2384.0084076   -524.0261555
-749.5681969   -2283.8225365   -473.8298357
-749.1775481   -2282.8893661   -468.8559771
-741.7813269   -2380.6121349   -504.1792393
-742.8157059   -2371.1867332   -477.9429436
-742.4686877   -2379.7931671   -499.8195171
-742.8853241   -2381.1073303   -544.051528
-750.7466999   -2285.9137058   -493.5586751
-744.7877852   -2382.8585148   -514.649868
-744.1574065   -2373.4951019   -482.9976857
-743.76187   -2381.718874   -508.1936121
-744.8998419   -2379.0938854   -495.5709577
-751.3349978   -2290.489912   -534.0943933
-745.7366911   -2367.0010567   -459.6995711
-745.8822457   -2368.7810898   -467.9015875
-748.4619347   -2370.5143929   -473.7624824
-748.0079857   -2383.2037449   -510.8773112
-745.3232733   -2381.1662197   -503.0588508
-745.627257   -2375.3833771   -486.3381088
-745.4530922   -2380.2723885   -499.1167486
-750.6881682   -2312.3271465   -432.3045313
-748.0478016   -2379.2760372   -493.8966334
-747.620794   -2376.8785   -488.4440005
-750.6836382   -2298.3808517   -546.0615754
-751.0271994   -2285.6395245   -511.0536814
-748.4754053   -2383.3322525   -546.6455817
-747.9749648   -2385.209322   -541.3621664
-748.5375134   -2386.8398666   -535.6488824
-749.4600741   -2387.4647617   -530.2854776
-751.0128943   -2283.5733891   -460.6323838
-749.133679   -2379.2619705   -553.6004901
-751.3655154   -2285.2201462   -479.3153405
-747.7581231   -2382.679224   -507.7665448
-750.9704558   -2288.5086536   -529.3691754
-749.1130558   -2374.7086525   -558.3176017
-750.6049601   -2287.3563766   -525.8078575
-748.5357253   -2385.4153156   -521.1800337
-750.5939928   -2384.8068714   -514.6003962
-750.5383221   -2288.1820202   -448.2450783
-747.9729382   -2380.3927898   -497.2523749
-748.0376688   -2374.9084473   -484.1737449
-751.4515845   -2292.3901081   -443.9672828
-748.5979525   -2381.601572   -501.2369156
-748.4905449   -2382.3308945   -504.9168468
-751.0845391   -2284.6176624   -456.1313093
-751.4718501   -2379.4465065   -491.9044375
-750.5643097   -2377.872467   -489.0122712
-750.8527962   -2373.6989498   -480.3903401
-751.3875691   -2383.890152   -508.6684823
-750.3735749   -2367.2332764   -460.3793919
-751.4892546   -2349.4961262   -437.3765588
-751.1042086   -2344.3164825   -435.225755
