-519.6172921   -2503.2207966   -583.7812424
-517.3953501   -2504.2321682   -580.9696317
-521.4168755   -2502.7520657   -580.0247192
-515.6339137   -2485.6476784   -559.4226122
-512.4921528   -2506.3958168   -580.6875229
-516.7246786   -2500.0426769   -595.0473547
-514.5435063   -2505.4299831   -570.4421401
-513.5119883   -2503.9408207   -565.7659173
-517.7155463   -2494.7302341   -563.9258623
-515.5757395   -2504.1251183   -585.1144195
-513.5216442   -2492.4807549   -604.965806
-517.7384344   -2504.2448044   -575.3099918
-512.129995   -2452.0487785   -570.3288317
-511.8615357   -2449.4116306   -582.021296
-512.7677647   -2449.6076107   -586.186707
-512.6880137   -2456.0360909   -601.5025377
-513.9915673   -2475.2316475   -611.5269661
-512.7925602   -2482.272625   -610.2620363
-514.2861334   -2450.1991272   -591.0100937
-514.3774477   -2451.987505   -595.6824422
-513.3446185   -2463.3135796   -608.2884073
-513.9537779   -2467.3047066   -610.0359559
-512.7386776   -2471.1117744   -610.7107997
-513.7289492   -2460.3798389   -606.2005758
-515.9598318   -2450.3555298   -575.8308172
-516.3877932   -2453.8986683   -600.0864506
-517.1066252   -2457.4072361   -604.516387
-516.3917271   -2454.1413784   -568.0705309
-515.2557818   -2456.662178   -564.7415519
-516.1083666   -2449.2843151   -580.778718
-515.7661168   -2449.0973949   -584.3179226
-518.4309212   -2452.0704746   -572.0607638
-517.0438019   -2470.6537724   -611.4054322
-517.6329342   -2449.1496086   -587.8975391
-517.4514977   -2461.1063004   -607.9182029
-517.126414   -2464.2531872   -609.5765233
-519.3017451   -2466.8269157   -610.8726859
-519.6788041   -2473.8168716   -612.1013165
-519.3363158   -2478.3654213   -611.847043
-518.4845654   -2450.7050514   -594.5751667
-519.3727938   -2449.5937824   -591.5243626
-518.3194605   -2451.9617558   -597.5126624
-520.4699961   -2456.3047886   -566.7229891
-516.9485537   -2459.871769   -562.0795488
-520.5168454   -2448.6043453   -584.6959949
-521.0152594   -2449.3486881   -580.0148845
-520.5909935   -2454.5109272   -602.7271748
-521.1596218   -2452.4970055   -599.9462605
-520.5660788   -2453.9091587   -569.8673725
-521.2517706   -2451.04599   -597.1297026
-520.3692643   -2483.3993912   -610.352397
-516.7309967   -2477.32234   -558.647573
-517.8098408   -2473.567009   -559.0102077
-519.7256533   -2483.3934307   -561.8012547
-520.3727213   -2463.5617733   -561.874032
-519.2821947   -2467.1735764   -559.8504543
-512.4104945   -2475.8422375   -555.48352
-516.5472952   -2487.600565   -608.5318923
-519.7543827   -2490.6532764   -606.0022116
-517.2065226   -2496.2852001   -600.0981927
-513.9854876   -2468.9540863   -556.4318895
-512.7032725   -2465.6243324   -556.9713116
-513.5658709   -2482.3050499   -557.3185086
-513.2350651   -2503.017664   -590.2130604
-515.80784   -2464.5698071   -559.0661764
-520.8620755   -2493.9894676   -602.7686596
-519.5473162   -2502.1209717   -588.5410309
-518.3680979   -2500.6725788   -568.9257979
-513.9764277   -2500.14925   -563.0998611
-513.6095015   -2496.3254929   -560.7982278
