-511.7424456   -2654.9751759   -934.0379238
-512.2930733   -2637.1057034   -917.4352288
-511.7001263   -2646.3375092   -952.7401924
-512.6708475   -2654.2220116   -938.0767345
-513.807985   -2652.5812149   -942.2202706
-513.9450756   -2649.4894028   -947.7052689
-513.4885041   -2641.2270069   -917.0458317
-512.8686158   -2629.6441555   -919.7561145
-514.401528   -2644.8643208   -917.3497558
-514.3130747   -2643.4354782   -956.3388824
-514.6110979   -2639.5411491   -960.9647989
-513.4693114   -2636.5737915   -964.1525745
-516.5065257   -2633.682251   -917.9663062
-515.5937401   -2654.074192   -924.8611331
-514.6393505   -2652.3320675   -922.3234057
-514.5350424   -2634.0084076   -966.3975835
-515.2789084   -2630.6488514   -968.9151049
-514.883968   -2654.9935341   -927.9272556
-514.878246   -2650.5355835   -920.4742908
-515.9008232   -2627.1061897   -970.8842039
-516.2608353   -2655.0710201   -931.0556054
-516.7458979   -2646.5611458   -951.7703056
-517.3346726   -2654.7431946   -935.3134632
-516.6669814   -2648.6620903   -918.8709259
-517.7334277   -2638.7529373   -916.9893861
-516.3018433   -2653.7153721   -938.9281869
-517.9464547   -2628.9548874   -919.7548032
-517.0900551   -2646.3179588   -917.8497195
-517.1014992   -2636.6744041   -963.6988044
-518.6762539   -2643.2332993   -916.9616103
-517.4694983   -2651.2486935   -944.2129135
-518.3571307   -2652.8358459   -940.8659935
-520.132157   -2649.1942406   -947.2554922
-518.4914795   -2641.7336464   -957.9802155
-518.692228   -2644.297123   -954.6925426
-519.5777146   -2633.3227158   -966.5151238
-518.8163248   -2639.1456127   -960.9581232
-517.8017346   -2651.6804695   -921.1565852
-517.8352324   -2652.9932022   -922.8076935
-519.7629658   -2654.9730301   -927.4249673
-519.5092884   -2629.390955   -969.3543911
-519.3404881   -2653.472662   -923.3914018
-520.3842846   -2647.384882   -917.7267551
-519.3254677   -2653.9187431   -938.0674362
-521.6164318   -2637.1798515   -962.7069831
-521.0497109   -2651.638031   -942.9788589
-520.7739798   -2650.8815289   -920.2211499
-512.7175776   -2604.9990654   -945.9412694
-512.4268261   -2614.007473   -932.8546524
-513.0299059   -2603.8081646   -962.4560475
-513.1206242   -2602.8814316   -958.8949084
-512.7812354   -2614.7403717   -972.6800919
-513.2597414   -2605.3826809   -965.8268094
-513.1327835   -2602.7824879   -954.9338818
-513.1635395   -2603.5182476   -950.7997632
-513.5034052   -2621.0570335   -972.8816748
-512.3349158   -2624.5257854   -972.1947908
-513.1234852   -2611.5093231   -971.6738462
-514.0690533   -2609.1513634   -969.9879885
-513.4910075   -2620.6505299   -925.9259105
-514.2986504   -2607.7134609   -940.8047795
-514.9311749   -2610.6724739   -936.6979003
-515.6503645   -2617.7709103   -972.8583097
-514.3238036   -2616.8627739   -929.6557307
-515.9053532   -2607.2621346   -968.0047631
-517.7235333   -2613.6629581   -933.0944419
-518.3579651   -2604.0182114   -948.985815
-518.2786909   -2605.6866646   -944.4158077
-516.9958798   -2612.5867367   -971.9498754
-516.233298   -2615.3051853   -972.7416039
-517.3495737   -2603.4977436   -960.6729746
-517.6803795   -2605.1619053   -964.9690986
-518.2032315   -2602.8530598   -956.9827318
-517.0210329   -2603.2037735   -953.0152678
-517.9137913   -2618.2174683   -928.2003641
-518.1139437   -2622.2701073   -924.4197011
-514.3475262   -2625.4374981   -922.0302701
-517.5440041   -2620.7106113   -972.6715684
-516.7760579   -2623.5902309   -972.1313715
-518.4901682   -2609.0745926   -969.5471525
-520.3622309   -2608.4704399   -939.4128919
-519.190046   -2615.8652306   -972.5714326
-520.3886954   -2618.8840866   -972.6523161
-520.4676119   -2607.2862148   -967.6114917
-520.5330578   -2611.2847328   -970.8303213
-521.1597411   -2603.6317348   -960.9208107
-521.3652579   -2622.4570274   -972.0153213
-521.5630261   -2623.6960888   -923.1243134
-518.8932148   -2625.7123947   -921.6601849
-520.9312169   -2604.7542095   -946.6031194
-520.0618235   -2626.0511875   -970.9297419
