969.4541069   -1772.5790739   -673.7920046
976.985422   -1775.2563953   -674.9216318
973.1474491   -1773.473382   -679.00455
966.3054319   -1771.3156939   -678.6000133
963.9443728   -1771.6467381   -669.5859432
962.4321433   -1770.7569599   -675.5337715
957.4006172   -1770.5417871   -669.9200869
957.4789675   -1769.9427605   -675.9143472
955.6938382   -1769.5580721   -678.3670783
952.9193314   -1769.5599794   -675.6240129
951.4216455   -1769.9757814   -670.4508662
947.0275017   -1769.1636086   -679.3319583
947.6254257   -1769.5702314   -673.502624
942.5640377   -1769.8321342   -671.7697382
944.349763   -1769.4466114   -675.7007241
939.9146112   -1769.610405   -678.2611609
935.8034404   -1770.5631256   -670.8622575
932.7653321   -1770.6938982   -676.8192649
930.2614006   -1771.3478804   -672.3022461
927.0447167   -1771.9525099   -675.3900647
925.5983504   -1772.4261284   -670.1696515
923.4418841   -1772.8649378   -674.3513942
920.4108091   -1773.727417   -671.3072658
918.368605   -1774.3569613   -679.061532
914.3543216   -1775.4110098   -670.4624295
913.1844612   -1775.7803202   -673.9113927
651.8092463   -1774.5221853   -678.6486506
656.2404083   -1777.5775194   -677.5315404
648.1265957   -1772.6095915   -678.8241863
647.6919735   -1774.9010324   -675.7457256
651.7962972   -1777.3712873   -674.924612
644.9323045   -1772.1081972   -677.8507829
643.3616886   -1773.9490271   -674.9846339
645.2290165   -1776.289463   -672.939539
648.41823   -1777.9800892   -672.4790335
641.3420523   -1771.451354   -677.1760583
639.1085657   -1773.2799053   -674.4892597
641.7753334   -1776.0902643   -672.0763445
636.9682448   -1770.9662914   -676.3570905
635.0749815   -1768.4415579   -678.8638234
635.0579197   -1773.9236355   -672.9956865
638.2372314   -1775.8132219   -671.6689467
631.2772008   -1771.101594   -675.6094694
630.6121136   -1775.562644   -671.3858247
635.3735933   -1777.2369385   -669.9281931
626.5093433   -1769.2289352   -677.1810055
626.2045661   -1772.7271318   -674.0476489
623.2017512   -1771.4556456   -675.4672527
623.1266754   -1768.5520649   -678.1042218
622.8914569   -1774.7403383   -672.8137732
624.4289326   -1776.3961554   -671.0995436
620.4415271   -1770.4250813   -676.8848896
619.9309519   -1773.501873   -674.503386
619.7922947   -1777.2960663   -671.5766191
615.7572167   -1770.1648474   -678.8970232
618.0110211   -1772.1104622   -676.3057113
615.9603587   -1774.4685411   -675.0663519
611.9960109   -1773.7123966   -677.6105165
612.2492114   -1776.5094042   -675.2448082
614.4148102   -1778.8771391   -672.3975539
609.4932286   -1776.291132   -676.8612266
606.1848496   -1777.8599262   -677.5147319
1044.6525785   -1899.5169401   -678.5718203
1044.5830198   -1890.9641504   -678.894341
1044.5858213   -1895.0088024   -677.4212122
1044.2478927   -1897.42589   -674.0557551
1043.95583   -1903.731823   -674.2099524
1044.1371175   -1891.7183876   -673.5858917
1043.9696582   -1886.7281675   -676.277101
1043.7909039   -1909.7692966   -678.2212257
1043.7965962   -1883.9131594   -679.3439984
1043.9385744   -1895.1935768   -670.614481
1043.8075634   -1899.3639946   -670.0860858
1043.2537469   -1885.1046562   -670.0949669
1043.1737872   -1881.5153837   -675.9861112
1043.2648929   -1909.4152451   -672.906816
1043.3436605   -1906.434536   -670.4124808
1042.9420444   -1913.5193825   -674.990654
1042.4447628   -1913.654089   -670.2974439
1042.1160134   -1877.6214123   -671.5775728
1041.9980558   -1875.8666515   -677.8643727
1042.0792373   -1918.3223248   -673.9873886
1041.7184802   -1922.6626158   -678.0855656
1040.8823463   -1872.1553087   -674.1660833
1039.9399074   -1869.0712452   -678.9641976
1039.1967269   -1866.7757511   -673.1391549
1036.8229421   -1860.5676889   -677.3192883
1037.2787686   -1861.3166809   -671.2337136
1035.6814238   -1857.3480844   -672.3542213
1034.1508361   -1854.1599512   -675.2847433
1034.4455811   -1855.3727865   -679.2029738
1031.8809422   -1849.2985964   -673.2711196
1029.4900211   -1845.099926   -678.2799959
1028.7919613   -1843.2103395   -673.6159325
1026.1727544   -1838.2179737   -676.1001348
1026.0557803   -1837.6607895   -672.4054813
1025.0518592   -1835.4090452   -669.9684858
1023.2845219   -1832.2122097   -673.1143594
1021.2893458   -1828.6128044   -676.9763827
1020.8980712   -1827.4898529   -672.7009416
1019.2891928   -1824.1909742   -670.2963114
1019.6709009   -1825.4903555   -677.5014997
1017.7167924   -1821.6674328   -677.6800752
1017.3054906   -1820.5814362   -673.2324362
1015.7049867   -1817.6356554   -674.7829914
1013.9509412   -1814.5494461   -678.9264083
1015.5224773   -1817.1076775   -671.9189882
1013.9943036   -1814.2875433   -672.1596122
1011.9956406   -1810.8885288   -677.9602766
1010.4609998   -1808.0998659   -673.9007831
1006.5826746   -1801.9593954   -675.6333113
1004.6883496   -1799.4595766   -678.9939404
1003.7645074   -1797.8268862   -671.8834639
1004.2053434   -1798.5818386   -675.789535
1001.6293796   -1795.2461243   -676.4775515
999.3319782   -1792.2724485   -669.8663831
998.3062121   -1791.4706469   -679.340601
996.935335   -1789.7325754   -675.1283407
995.5857965   -1788.2101536   -670.7068682
992.3802885   -1785.2016687   -674.1948724
989.951429   -1783.1783295   -679.4018149
988.5078939   -1782.0870876   -670.3465581
988.7707504   -1782.1873426   -675.4234433
986.7612096   -1780.7072401   -678.2417893
985.4393276   -1779.8556089   -674.3725538
983.9006039   -1779.0925503   -669.6926355
982.6315316   -1777.9933214   -679.1081429
981.754479   -1777.6898146   -673.4346747
908.5617932   -1776.9616842   -669.8934436
911.0399457   -1776.4692307   -678.8604856
908.1064435   -1777.2388458   -675.7689118
906.7242714   -1777.5341272   -672.3153591
904.9236449   -1778.1052589   -674.5358706
900.7955464   -1778.9515257   -670.397222
897.8960487   -1779.822588   -674.7513413
896.7518779   -1780.3156376   -678.7641644
894.9711891   -1780.120492   -670.0909138
893.0726024   -1780.9396982   -676.5722036
892.905918   -1780.6984186   -673.3114123
889.4975456   -1780.8935642   -670.8499193
888.8640376   -1781.6964388   -678.1234145
890.1704522   -1781.1642885   -674.3975282
885.0388797   -1781.4875841   -673.0613112
883.740631   -1782.2088003   -678.0741215
881.290433   -1781.1509371   -670.442462
880.1869126   -1782.1356058   -676.5819788
877.5752755   -1781.7714214   -674.5411754
872.7225038   -1780.7545662   -671.0287929
868.1655499   -1781.5408707   -678.0931354
867.6202866   -1780.8868885   -674.9958396
865.2636977   -1781.0201645   -677.0868897
859.7432049   -1779.9726725   -674.9569774
850.5656394   -1778.6163092   -669.5578694
851.0771664   -1779.9905539   -678.6767244
851.2246879   -1779.3866396   -674.6100783
845.6580611   -1779.2794704   -673.1042266
841.1594602   -1779.5193195   -672.4511981
837.6922729   -1779.9715996   -674.6267676
831.1848464   -1780.8653116   -679.3709993
834.1440531   -1780.0801992   -670.5924273
826.6496631   -1781.2106609   -673.4699011
825.1058134   -1781.5506458   -677.4998903
823.4108659   -1781.6998959   -670.4326272
819.4381269   -1782.5214863   -674.9905944
819.2545893   -1782.5031281   -670.4301238
813.6455985   -1783.8079929   -673.5607386
810.4203614   -1784.6074104   -669.7129011
811.1485215   -1784.4953537   -678.2407165
806.4974221   -1785.7688665   -675.1164198
800.0739338   -1787.9320383   -677.5300503
796.1515906   -1789.5143032   -673.2926965
792.8003492   -1790.6731367   -678.4012318
792.8755405   -1791.1169529   -669.7670221
790.7600822   -1791.9522524   -673.0063558
788.0086573   -1792.9004431   -677.6049733
784.3380096   -1794.5814133   -679.1812778
786.3982888   -1794.23666   -672.2137332
782.5975689   -1796.8095541   -669.5215106
782.0519926   -1796.530962   -674.6872067
779.5560183   -1797.270298   -679.3158054
777.6117148   -1799.7634411   -672.2797751
777.5791409   -1798.9778519   -676.661849
773.9438536   -1801.956892   -673.9227772
768.9756873   -1804.4064045   -676.792562
767.6852318   -1806.4608574   -672.0866561
765.1340785   -1806.4658642   -676.6368747
764.3432143   -1809.1043234   -669.5562005
762.1249678   -1809.0513945   -673.453331
760.8607235   -1807.5790405   -679.0090799
757.5610252   -1811.9692802   -670.8362699
757.1412595   -1810.0460768   -676.2623191
753.5093399   -1812.0541573   -674.1802096
752.8358521   -1814.1753674   -669.701457
752.4335059   -1810.1894855   -679.2214513
748.9686879   -1813.4460449   -672.9844809
750.9707334   -1811.394453   -676.9942045
747.7327409   -1811.7108345   -677.2966981
744.9880364   -1815.5151606   -669.5410013
744.0876188   -1813.3014441   -674.2431521
743.6056259   -1811.652422   -678.2534122
740.3774085   -1814.8722649   -671.2979078
738.7324246   -1812.5523329   -676.605165
735.7866289   -1814.850688   -671.9967127
734.1088029   -1812.3242855   -678.219378
734.2632087   -1813.4291172   -675.2898693
733.7770732   -1816.3497448   -669.5298553
731.8521114   -1814.6468401   -673.1225848
730.8424237   -1813.1785393   -676.6961813
729.3895753   -1816.4727688   -670.2665687
727.8768244   -1814.5760298   -674.1443872
726.1364283   -1812.8887415   -678.6761284
725.2238216   -1816.6184425   -671.2090969
723.5199334   -1814.5375252   -675.3096581
721.0735949   -1816.9169426   -671.8803048
719.6155908   -1814.7246838   -675.9089828
717.0982333   -1814.0368462   -677.6838303
716.5658595   -1816.8694973   -673.3123064
714.2211842   -1819.1868067   -670.9861159
711.7210003   -1816.9059753   -674.3505597
711.1828449   -1814.9065971   -676.8145561
710.4283246   -1821.3822842   -669.9708104
711.2560021   -1818.9191818   -672.1557975
708.1117602   -1819.0156221   -672.7183461
707.442333   -1815.819025   -675.8791804
705.9236216   -1822.0386505   -670.5844402
703.1815844   -1814.5823479   -676.5941381
704.0380808   -1818.7553883   -673.3397245
701.9118043   -1822.3677874   -670.7438827
699.5868953   -1819.0038204   -672.9089022
699.5602446   -1810.8949661   -678.5760522
697.3421546   -1814.8857355   -674.9149561
694.2131268   -1818.885684   -671.5457439
695.2116536   -1810.3117943   -676.9050956
692.7127736   -1813.9336109   -673.7354994
692.226057   -1805.3559065   -678.4827709
690.8174875   -1809.7275496   -674.8831868
689.2515542   -1816.280365   -670.5906987
688.9125528   -1802.6735783   -677.8274775
689.8559975   -1812.8646612   -672.7354527
689.8205327   -1805.787921   -676.4400005
686.7803606   -1811.3616705   -671.4879274
687.6627626   -1807.444334   -673.9087701
686.5523877   -1803.6023378   -675.1860976
685.4343387   -1799.2821932   -677.6798368
684.0216043   -1806.7007065   -671.5427637
683.9178773   -1800.7160425   -675.049603
681.9874617   -1801.7965555   -672.5070477
681.386632   -1795.159936   -678.1678796
681.5590309   -1798.3077765   -674.9781966
683.5296723   -1888.3492947   -669.5424318
683.1717911   -1903.2652378   -669.9738503
682.5782033   -1894.2019939   -674.0819812
682.557148   -1900.3615379   -673.4046936
682.5514036   -1883.1723928   -672.4643111
681.8727674   -1887.1982098   -676.2629151
682.5207891   -1878.6199093   -670.1289415
682.5417178   -1906.665802   -671.0703969
682.0520433   -1910.359025   -670.8281636
682.2897839   -1904.3314457   -673.1618643
681.5814721   -1898.7276554   -677.3970723
681.2569769   -1891.6034698   -679.0112853
681.2280165   -1895.170927   -679.0479422
681.512964   -1903.2124281   -676.377058
681.6943186   -1879.2647123   -674.4299531
681.5105426   -1882.2871447   -676.3372421
681.2149333   -1908.1821442   -674.969852
681.5097081   -1873.4703064   -670.9329486
681.2324496   -1876.3383627   -674.6877432
681.4475181   -1913.6017561   -670.8473563
680.4369958   -1917.8498983   -671.395421
680.7775768   -1912.8525257   -673.5664606
678.2454821   -1798.365593   -672.0137
680.7329627   -1869.1433668   -670.2533364
680.6256967   -1878.8864613   -678.2069802
677.9154437   -1795.0788736   -674.8647094
680.639294   -1873.5337257   -675.0339866
680.2799674   -1906.0640335   -679.0639758
680.2257495   -1870.1206446   -673.7016439
676.6961562   -1790.836215   -678.5722971
679.928829   -1911.6619825   -677.0428419
679.6145933   -1874.2741346   -679.1229844
679.8458146   -1865.5947447   -670.0921059
678.4687685   -1915.2560234   -679.2269945
679.7356429   -1867.1284914   -672.6837158
679.5135262   -1870.7520962   -676.9959927
678.7421527   -1866.800189   -676.215291
678.761554   -1864.0725613   -673.1002331
677.6579889   -1862.9585505   -676.0830879
677.3659634   -1860.2386713   -673.6298203
677.3340898   -1858.0935001   -670.1778173
677.6112738   -1920.8745956   -678.4023046
674.8840409   -1795.5924273   -671.681881
674.3319827   -1792.6818132   -674.194932
676.1540072   -1855.1853895   -670.0691581
676.3440567   -1860.1782322   -677.4062514
676.377547   -1857.1631908   -673.0571389
675.5657541   -1856.2661409   -675.0065684
672.5583496   -1787.0645523   -679.259479
670.9638285   -1789.142251   -675.1932502
674.7799116   -1856.2998772   -677.7569056
674.1499426   -1852.8088331   -674.2843986
670.9656837   -1793.0970192   -670.9523797
672.9769381   -1849.6228456   -671.949625
672.6194369   -1852.1164656   -678.298533
672.7895039   -1850.6530523   -675.1160026
670.6920686   -1845.7989693   -672.2593307
671.166976   -1847.5270271   -674.5758653
671.4166822   -1849.1770029   -677.2390008
667.923485   -1784.3906879   -678.3175468
669.6519526   -1845.9067345   -676.5683889
669.5426377   -1843.7079191   -670.9708571
667.2366979   -1789.7273302   -671.389699
666.5968346   -1786.8098021   -674.1752028
668.1053238   -1842.6823616   -674.1480231
667.9200875   -1843.8456059   -677.6022315
666.7867126   -1839.7889137   -670.5359221
665.7076823   -1840.4821157   -676.9282222
666.2303256   -1840.0367498   -673.6712456
662.5333848   -1783.7970257   -674.5153069
663.9957549   -1781.6466093   -678.3086658
665.7187837   -1838.840127   -671.9834805
664.1411754   -1787.2848511   -671.7037559
664.0077206   -1837.4927044   -674.2472053
663.965148   -1836.3608122   -669.9602008
663.4422439   -1837.9529715   -677.5479913
662.7299088   -1835.5271816   -671.7787981
660.5540486   -1786.645174   -669.9851155
661.8248718   -1836.3277912   -678.1156659
660.9320091   -1834.3480825   -674.3046641
660.641742   -1780.122757   -677.5611043
660.5917411   -1833.2388401   -670.3917384
658.416641   -1780.8859348   -674.8995185
657.6211276   -1783.2670212   -671.7494726
659.824525   -1834.2636824   -677.9002547
658.8019925   -1832.1356773   -673.0947495
657.4613424   -1831.3040733   -674.9105453
657.4648517   -1830.5920362   -670.9358096
654.869129   -1780.1126242   -673.5041142
655.0772759   -1829.7046423   -676.6307354
653.3911908   -1782.3395729   -670.2184081
654.2903381   -1828.4207582   -672.8561521
651.3212705   -1826.0718584   -670.5818772
651.8961015   -1826.974988   -674.7439504
651.5660333   -1779.7262669   -672.127068
649.2827023   -1781.0550928   -669.7225571
650.0455486   -1826.5458345   -678.8401604
648.6549126   -1824.903965   -674.9573946
647.1765088   -1823.5536814   -670.843482
646.541291   -1824.3665695   -679.3826222
644.8120224   -1779.1222334   -669.9547768
645.3079814   -1822.7536678   -673.7219095
644.5335271   -1822.6830959   -676.6893268
643.3597925   -1821.4794397   -671.5264916
642.6799009   -1821.3828802   -674.5672822
640.860972   -1820.7871914   -677.3138046
639.1217979   -1819.547534   -673.540771
636.6573805   -1818.7930584   -677.9204011
635.8979764   -1817.9907799   -670.0587273
633.4062526   -1817.0790672   -674.5588183
632.2873468   -1816.9511557   -679.1039705
631.7380565   -1816.3294792   -670.8317399
629.7291154   -1815.705061   -676.9305468
628.0993494   -1814.9780035   -673.4883785
626.0423111   -1814.3732548   -677.6327491
623.8412159   -1813.6057854   -670.4033017
623.0695406   -1813.2709265   -674.8405695
621.7290825   -1812.9650354   -678.6916256
619.9026378   -1812.2068644   -672.6539731
618.5016046   -1812.0058775   -675.9527326
617.4775204   -1780.5217505   -669.8214412
615.0900415   -1810.6220961   -672.819674
614.1649904   -1810.7122183   -677.1761775
614.781349   -1782.5877666   -669.6134806
611.6240053   -1808.6630106   -671.6066003
611.6220272   -1809.5961809   -675.0107408
611.4956113   -1781.8772793   -671.6467738
609.4775824   -1779.3478966   -674.4815707
610.008779   -1809.4859123   -678.3988476
608.6698221   -1808.267355   -675.2551794
608.0832025   -1806.8189621   -672.6263165
607.7845553   -1783.2808495   -672.7279425
606.1607572   -1787.5727415   -671.2576151
605.9994381   -1808.2025051   -678.7002683
605.3780336   -1804.4837713   -671.9403863
605.1549893   -1781.1496258   -675.6530404
605.3127097   -1806.5233231   -675.5005121
604.1197796   -1801.5036583   -670.7678437
603.4439262   -1784.5284939   -674.4334698
602.9720717   -1791.3172245   -671.471715
602.4920959   -1779.7509432   -678.399384
600.8714633   -1789.2241478   -673.7172604
602.3239131   -1806.4363003   -679.0735722
602.2494147   -1795.7155704   -671.3314056
601.955357   -1804.5345545   -675.7215261
601.8167399   -1802.0904064   -673.5661626
601.8680521   -1782.4038267   -676.8138409
601.6817755   -1799.353838   -672.0832586
599.0439519   -1785.0072384   -677.1733165
599.1683104   -1793.4930325   -673.6592054
599.6188047   -1781.6799879   -678.8297892
599.0230884   -1804.445982   -678.8696051
599.4416699   -1798.3208895   -673.5913157
599.2386658   -1802.4744987   -676.3796806
597.4987736   -1789.6645069   -675.9090424
595.5253304   -1794.183135   -676.110208
595.9570888   -1800.5748987   -677.5872707
597.2765522   -1798.0442047   -675.3823757
595.6045841   -1798.3540297   -676.7724156
593.0977933   -1791.2259102   -678.296864
594.9504336   -1801.4637232   -679.2305708
592.1153174   -1795.2778339   -678.5076261
1558.5658821   -2051.8155098   -669.5901752
1562.4233159   -2057.9257011   -672.4793911
1559.7003373   -2054.2421341   -676.3161421
1562.5580224   -2058.4955215   -676.8619418
1557.5176152   -2051.2742996   -678.4564257
1557.8757795   -2051.3124466   -674.7834682
1556.2445196   -2048.365593   -671.1736321
1554.8456582   -2047.1839905   -677.4813533
1554.0893944   -2045.2671051   -672.4479198
1551.6093644   -2041.8291092   -674.2534637
1550.0184568   -2039.9336815   -676.9808531
1548.0545434   -2036.4174843   -673.697114
1546.879557   -2035.5527401   -678.1558394
1546.7673215   -2034.0378284   -671.2571979
1543.6931523   -2030.3471088   -675.5402684
1543.9983281   -2030.0710201   -672.0749736
1540.9641536   -2026.1144638   -674.3128896
1540.9150394   -2025.2277851   -670.6890464
1538.8610633   -2022.7732658   -673.1520295
1538.2410558   -2022.5868225   -676.2568355
1535.9549197   -2018.5155869   -672.9960442
1534.3154343   -2017.1198845   -677.093327
1531.4258011   -2012.0890141   -673.3471155
1531.3121351   -2012.928009   -677.4784923
1529.6592983   -2010.2632046   -676.0581136
1526.9969972   -2005.9740543   -673.794508
1524.8300704   -2004.3199062   -679.1741252
1525.1849564   -2003.3330917   -673.3087301
1522.2372683   -2000.3819466   -677.507937
1520.7497748   -1997.576952   -674.1521358
1517.8445252   -1994.0298796   -675.3193736
1516.3585814   -1990.975976   -670.0190902
1513.8010653   -1989.2406464   -676.6526103
1513.1669315   -1987.3474836   -671.0099578
1511.7855939   -1987.3411655   -679.4589758
1509.04682   -1983.8089943   -677.6719689
1507.4042948   -1980.9879065   -671.984911
1502.5261911   -1976.7525196   -677.8097749
1503.0019554   -1976.5868187   -673.2796431
1499.9473365   -1973.485589   -673.0639338
1495.9225329   -1970.3353643   -677.8644323
1493.1859645   -1966.8711424   -670.6940532
1490.0787147   -1964.9511576   -676.5115857
1485.7937964   -1960.7195854   -671.9478369
1487.0346459   -1962.4015093   -676.9169569
1480.396119   -1956.7080736   -674.4701862
1478.3340367   -1954.8918009   -672.6462841
1475.2475294   -1952.8467655   -674.6697426
1472.2672971   -1950.2081871   -670.6946492
1468.3460864   -1948.4739304   -678.0646443
1467.1273502   -1946.9537735   -671.552062
1464.0184315   -1945.9325075   -678.9785028
1464.0002521   -1945.3918934   -673.9429832
1461.2092646   -1943.8772202   -674.1070151
1457.6136144   -1942.3542023   -676.3796806
1455.2662643   -1940.8317804   -671.4369655
1450.7317217   -1939.3792152   -673.2966304
1446.2034973   -1938.5080338   -678.4175038
1444.7252425   -1937.8087521   -672.7133393
1440.8495697   -1937.3764992   -677.0025492
1439.763573   -1936.9053841   -670.535028
1435.0549253   -1936.7946386   -676.4609814
1434.1215166   -1936.4612103   -671.2058187
1429.1953119   -1936.5699291   -674.4739413
1426.5999468   -1936.3647699   -669.5543528
1425.3323349   -1937.0280504   -678.0480742
1423.319188   -1936.8920326   -673.6847162
1420.3509363   -1937.7384186   -679.2868376
1416.5884527   -1937.8427267   -671.6548204
1414.6099957   -1938.8431311   -678.1020761
1409.9296006   -1939.5735264   -671.1300015
1412.6801165   -1939.0457869   -674.4207144
1409.6457633   -1940.0935173   -676.7785549
1405.1172408   -1941.3255453   -672.8180051
1402.7023586   -1942.4505234   -677.932024
1399.6982845   -1943.1327581   -672.0808148
1397.0433148   -1944.4413185   -678.9999008
1394.2378434   -1945.1088905   -672.4314094
1391.7606743   -1946.2159872   -677.91152
1390.62157   -1946.2525845   -670.1535583
1389.9396928   -1946.6700554   -674.1669774
1386.0485228   -1947.909832   -671.715796
1383.3794268   -1949.1510391   -677.4384379
1380.3114565   -1950.0435591   -673.7533808
1376.9418272   -1951.5051842   -677.0453453
1375.1392635   -1951.859355   -672.3184586
1372.3867806   -1953.2768726   -676.8233776
1369.98674   -1953.7559748   -670.5802083
1367.7239092   -1955.3381205   -679.105103
1367.9608377   -1954.8531771   -674.3067503
1366.2386807   -1955.3359747   -671.2364554
1363.7672337   -1956.5989971   -674.0174294
1361.9700345   -1957.7442408   -679.4484258
1363.7103709   -1956.3034773   -669.8233485
1360.6390031   -1957.6610327   -670.0159907
1357.8143986   -1959.1804743   -673.9670038
1352.7624282   -1961.2100124   -670.5536842
1353.0031117   -1961.5467787   -677.7456403
1349.298385   -1962.8725052   -672.7021933
1343.6784419   -1965.6116962   -678.6986589
1345.1858433   -1964.7035599   -672.4462509
1339.9563106   -1967.2234058   -675.6457686
1339.981881   -1967.0977592   -671.2684035
1336.4650282   -1968.9151049   -678.5544753
1331.8141969   -1971.077919   -671.1275578
1332.4600133   -1970.8557129   -678.5838008
1329.9808773   -1972.0402956   -673.8984585
1326.2949856   -1973.8394022   -672.7750897
1324.2501291   -1974.8934507   -674.7434735
1323.5935839   -1975.3320217   -677.8715849
1322.9697617   -1975.4713774   -672.006309
1320.5476674   -1976.7382145   -675.650239
1318.5597333   -1977.6201248   -671.551466
1317.8825649   -1978.1638384   -679.2809367
1315.768865   -1979.066968   -674.5969653
1314.8230585   -1979.3949127   -669.9847579
1308.8198575   -1982.34725   -671.9450951
1310.6554421   -1981.7121029   -677.9752374
1305.4488572   -1984.1177464   -674.7603416
1303.6955269   -1984.9792719   -677.2546172
1301.5951785   -1985.8560562   -672.6669669
1297.1306714   -1987.7738953   -669.7617173
1296.7733415   -1988.1762266   -674.6304631
1293.4755357   -1989.5430803   -671.1823344
1290.7399806   -1990.8539057   -673.9789844
1286.5373167   -1992.7954674   -677.780211
1284.709719   -1993.3007956   -670.5154777
1283.3676013   -1994.11273   -675.2797365
1282.6413187   -1994.4118261   -678.6253452
1280.6188139   -1995.243907   -674.6128201
1275.4045995   -1997.4421263   -674.462676
1269.3109187   -1999.9514818   -678.6483526
1271.9143303   -1998.7953901   -673.3686924
1265.4906782   -2001.5585423   -670.7613468
1262.2868093   -2003.0975342   -675.4376888
1258.4013017   -2004.7552586   -671.3722348
1256.1533125   -2005.6595802   -676.2615442
1250.4878911   -2008.0361366   -673.8060117
1245.646623   -2010.0073814   -675.9825945
1242.1615394   -2011.6176605   -670.1310277
1239.656535   -2012.5968456   -674.8631597
1234.9628481   -2014.7504807   -672.3146439
1230.3175005   -2016.4210796   -674.921751
1231.751767   -2016.2262917   -669.7455645
1228.5132083   -2017.4446106   -670.9481478
1225.3446253   -2017.9240704   -677.4736047
1226.3372811   -2018.071413   -673.2245684
1223.2446345   -2019.2914009   -669.9259877
1220.6726345   -2019.6630955   -674.046874
1220.9755453   -2019.1028118   -678.742528
1216.7688283   -2020.2214718   -677.0792603
1216.5462645   -2020.8747387   -670.8781719
1213.0626711   -2020.9064484   -676.934123
1212.8537568   -2021.3181973   -672.2776294
1209.5330628   -2021.4242935   -677.5549054
1207.9395326   -2022.0985413   -673.3100414
1204.3045434   -2022.5114822   -676.7665148
1204.3827447   -2023.049593   -671.4381576
1198.5259327   -2024.4104862   -673.5939384
1195.1855095   -2024.8382092   -679.2445183
1192.1547922   -2027.2278786   -669.5177555
1192.971793   -2026.1366367   -674.8887897
1190.5025514   -2026.6449451   -678.6543131
1188.6786493   -2028.1336308   -673.1770039
1186.234382   -2028.7034512   -677.5845289
1185.6625351   -2029.8810005   -670.5465913
1185.6313022   -2029.4206142   -674.2014289
1182.0537122   -2031.2347412   -675.1995087
1180.5396947   -2032.5655937   -670.447588
1179.5777353   -2032.3424339   -676.5418649
1178.4246834   -2033.2555771   -673.5469699
1175.7958206   -2034.8234177   -671.5365052
1175.9686144   -2034.2741013   -675.9132743
1172.6504239   -2035.8040333   -679.3732643
1172.2266945   -2036.5233421   -673.7838387
1171.4923652   -2037.1541977   -670.1433063
1169.778076   -2037.6074314   -676.4836907
1167.1604785   -2039.0417576   -672.6757884
1166.3676175   -2039.1592979   -676.8408418
1163.0683812   -2040.4932499   -675.1509905
1160.1978215   -2041.5830612   -671.3510156
1162.1573838   -2040.6198502   -679.2206764
1158.1071886   -2042.0055389   -674.9672294
1157.78735   -2041.9745445   -678.2687902
1155.4310592   -2042.9913998   -670.6113219
1152.3968848   -2043.5390472   -674.7874022
1150.6201299   -2044.164896   -672.2186208
1148.2753428   -2044.2795753   -678.570807
1147.3166617   -2045.3193188   -670.0071692
1145.7459005   -2045.3529358   -673.9625931
1143.5503038   -2045.5255508   -677.549541
1144.423035   -2046.2071896   -670.8251834
1141.8966921   -2046.561718   -674.2146015
1139.6110924   -2046.6940403   -678.3944368
1138.5408314   -2048.0341911   -673.8013625
1136.2000378   -2050.2383709   -669.5184112
1134.5131668   -2048.6521721   -679.3413758
1134.2730197   -2049.9868393   -674.5738983
1132.0110234   -2052.3250103   -670.1022983
1130.2323016   -2050.9748459   -678.7464619
1128.3933195   -2052.7880192   -675.7036448
1128.6292347   -2053.7366867   -671.8689799
1125.3109845   -2053.5161495   -678.9160371
1123.4072717   -2055.8159351   -674.4999886
1122.086552   -2057.3353767   -670.4346538
1118.891743   -2058.6354733   -671.7839837
1117.6654371   -2058.0244064   -677.3213744
1040.7588752   -1924.4203568   -672.2027063
1040.277985   -1928.9624691   -676.846385
1039.5641299   -1930.049777   -671.9175577
1038.9840277   -1934.4652891   -677.010417
1039.2584177   -1932.2476387   -674.308002
1038.258222   -1935.3944063   -671.4066863
1037.5135513   -1939.4916296   -675.5956411
1036.5483733   -1943.9877272   -678.7760258
1036.9065674   -1940.4524565   -671.1785793
1036.0256108   -1943.9734221   -673.3168364
1034.9253985   -1948.1848478   -675.3963232
1034.870592   -1947.3774433   -671.1133122
1033.7151857   -1952.421546   -676.4125824
1033.7567898   -1951.1920214   -671.8069911
1032.5399908   -1955.3467035   -672.8462577
1032.653329   -1956.1196566   -676.7439246
1031.2570008   -1960.4034424   -674.7699976
1029.9156579   -1966.6782618   -676.7392159
1030.5146249   -1961.9829655   -669.8700786
1029.8090252   -1964.9703503   -671.613574
1029.2272242   -1971.4901447   -679.1324019
1029.0636095   -1968.4251547   -672.5409627
1028.6244126   -1971.6637135   -675.4529476
1027.8730961   -1975.0682116   -675.2904058
1027.9773744   -1972.6696014   -670.907855
1026.8923315   -1977.9274464   -671.6993451
1026.8539163   -1981.149435   -677.4632931
1025.6467434   -1986.5766764   -677.8923273
1025.5960795   -1983.7999344   -671.6811657
1024.8155566   -1988.1442785   -674.1399765
1023.6493918   -1994.0415621   -677.9702902
1022.5858959   -1995.814085   -672.3781824
1021.2357911   -2000.1997948   -673.6977696
1020.0530263   -2003.049612   -671.1004972
1020.0754078   -2003.6549568   -675.532341
1020.0096937   -2004.4467449   -678.8235903
1018.5968848   -2006.8862438   -672.4536419
1018.5184451   -2007.5404644   -676.3520241
1016.6843804   -2011.7704868   -677.365005
1016.8701681   -2010.9496117   -674.0245223
1016.8465348   -2010.7238293   -671.0175872
1015.3528126   -2014.0974522   -673.7633348
1012.9156383   -2018.7473297   -670.2987552
1013.2237943   -2018.6343193   -677.0619154
1011.0547217   -2022.4642754   -676.5694618
1010.6838318   -2022.8936672   -672.1389294
1008.0971392   -2027.2161961   -676.5010357
1008.6470219   -2026.3757706   -673.3172536
1005.6111785   -2031.0175419   -672.2583771
1005.2019032   -2031.4421654   -676.2504578
1003.3939155   -2034.1386795   -673.1757522
1002.0731362   -2035.900116   -678.6370873
999.5601746   -2039.2224789   -676.459074
999.9435814   -2038.797617   -672.4449396
996.5140792   -2043.2214737   -671.3280678
996.7729422   -2043.3886051   -677.3220301
994.7926971   -2046.7560291   -678.9124012
993.9715239   -2047.1217632   -675.008595
993.0924448   -2047.6686954   -670.1886058
992.3894378   -2050.7919788   -678.6875129
991.0742911   -2051.1922836   -673.6707091
989.7493096   -2054.4719696   -676.3091087
988.506225   -2055.2215576   -672.6405025
986.9711372   -2059.3926907   -675.5436063
679.8333796   -1921.3073254   -670.8056331
678.8403439   -1922.7423668   -673.3276248
677.8933602   -1929.5434952   -671.7098355
676.165131   -1927.1708727   -679.3305874
675.7903221   -1938.5834932   -672.3182201
675.3209131   -1933.8264465   -677.8525114
673.8381284   -1944.8014498   -673.8764644
674.1326647   -1938.5111332   -678.3165336
673.4025227   -1942.4012899   -677.5027514
672.5487458   -1949.2963552   -673.9307046
671.8112948   -1954.341054   -671.379447
672.2040745   -1946.7827082   -677.5197983
671.013725   -1950.7660866   -677.6319742
671.3611605   -1952.2254467   -675.0259995
670.1339903   -1960.9575272   -670.2519655
670.0722324   -1954.5462132   -676.9979
669.1281768   -1958.8993788   -675.8878827
668.5915487   -1966.1813974   -670.0876951
668.0084439   -1963.4037018   -675.0462055
667.1412336   -1970.5219269   -670.8689332
667.0421707   -1967.1590328   -674.6718287
666.8298291   -1965.2444124   -677.1806479
666.0542237   -1970.7176685   -674.6692657
665.8112901   -1974.7184515   -671.6791987
665.6898605   -1967.9701328   -678.4335971
665.1844504   -1979.2577028   -669.7537899
664.4936549   -1973.9347696   -677.1317124
664.3699604   -1978.885293   -673.4285355
664.1645925   -1983.3400249   -670.430541
663.1836044   -1978.8805246   -677.5243878
663.0681428   -1982.942462   -674.8697758
663.0518558   -1987.2101545   -672.0430851
662.8262671   -1991.4513826   -670.3972816
662.0867299   -1999.4102716   -670.345962
662.1498363   -1995.6407547   -671.3263988
661.9979265   -1986.4919186   -676.0789752
661.7888781   -1990.8851385   -674.4474769
661.7011251   -2007.4243546   -669.49296
660.8449417   -2004.2386055   -673.4633446
660.8443903   -1998.7980127   -674.8877168
660.7050421   -1994.9194193   -676.479578
660.6557118   -1992.1472073   -677.6813865
660.50711   -2009.3753338   -672.6992726
660.1307886   -2013.1342411   -672.1701026
659.3428301   -2021.2988853   -670.4729199
657.9026701   -2033.2784653   -669.6848869
659.5882746   -2016.7784691   -671.910584
659.9276634   -2001.855135   -677.0449281
659.3222814   -2008.0451965   -676.5537262
659.2992666   -2005.1431656   -677.6874065
659.4822603   -1998.6108541   -679.1265607
659.1488393   -2012.0658875   -675.3231287
659.0427133   -2014.8859024   -674.200058
657.8230085   -2028.0616283   -671.4797616
657.8941169   -2019.3932056   -674.7300625
658.1426831   -2016.3145065   -675.7854819
657.0638689   -2024.65868   -674.4524837
657.5991335   -2010.9353065   -679.4188023
656.7093255   -2037.5909805   -671.7048287
656.1271223   -2046.3426113   -669.4747806
656.3597965   -2034.4674587   -673.3409762
655.702618   -2030.3878784   -675.7933497
654.7486233   -2042.0656204   -675.5950451
654.5985015   -2027.0524025   -679.1468263
654.8548015   -2036.2961292   -676.8353581
654.4640484   -2051.1744022   -672.0363498
654.2620706   -2047.3716259   -674.8668551
653.7990952   -2040.93647   -678.5351634
653.6948877   -2044.901371   -677.5631905
653.1853611   -2055.9644699   -673.3658314
653.5488489   -2058.8943958   -670.0044274
653.0496152   -2051.8276691   -676.3436198
653.0380557   -2047.6233959   -678.3493757
651.6573476   -2057.2650433   -677.6396632
652.2308449   -2061.0377789   -673.2056141
650.5172151   -2063.397646   -677.9329777
984.2073294   -2075.8702755   -679.4272065
1657.0620807   -2195.6362724   -673.6749411
1659.2507633   -2199.4230747   -671.5182066
1661.041406   -2202.7204037   -670.2873111
1659.3430313   -2200.4892826   -674.9807
1660.8070406   -2204.2307854   -678.5349846
1654.3076309   -2189.719677   -672.1375585
1654.8484834   -2192.0647621   -676.5828133
1652.2530588   -2184.8707199   -669.9351072
1653.0658277   -2189.470768   -679.412961
1651.2351307   -2184.6654415   -675.8638024
1649.8288187   -2180.2279949   -671.3451147
1649.473575   -2182.0571423   -678.8802147
1649.2085727   -2180.4432869   -675.9724617
1647.5814851   -2176.0048866   -673.2501984
1646.0089954   -2171.8070507   -671.310842
1644.2806991   -2169.8100567   -675.9309769
1643.8162597   -2167.1826839   -671.484828
1642.8803476   -2166.2430763   -674.1125584
1641.5186199   -2164.6718979   -677.4030328
1641.7802843   -2163.3174419   -671.4563966
1639.3010887   -2158.6692333   -669.9206233
1639.9917873   -2160.8974934   -674.187243
1639.4281658   -2161.0655785   -678.1266332
1637.8962072   -2157.787323   -674.9777794
1637.3269828   -2157.7730179   -678.1085134
1636.2147602   -2154.7067165   -671.7699766
1634.5656189   -2153.989315   -677.6604056
1633.2916292   -2151.4875889   -672.6330519
1630.6089433   -2149.2059231   -674.7777462
1629.4685873   -2148.8821507   -679.1325808
1630.4970058   -2148.2608318   -670.5281734
1627.0971569   -2145.8556652   -673.6550331
1627.7877363   -2146.8954086   -676.3756275
1624.9181303   -2144.749403   -678.1982183
1622.8556903   -2142.2166824   -672.7102399
1621.6225895   -2140.609026   -669.5799828
1620.5505403   -2140.7618523   -675.7996082
1617.2925504   -2137.6020908   -672.0957756
1616.1619695   -2137.660265   -678.6869764
1614.2242225   -2134.5465183   -669.9920297
1613.5102781   -2134.6642971   -674.3272543
1612.1545108   -2134.0267658   -678.9123416
1611.140755   -2131.855011   -671.0647941
1610.4646   -2131.8163872   -675.2377748
1607.3016199   -2127.6800632   -672.0020771
1605.3529056   -2125.9198189   -678.7320971
1604.4391664   -2123.5790253   -670.5653071
1604.2164835   -2123.7287521   -675.604403
1603.6964925   -2123.3820915   -679.143846
1601.9251617   -2119.5521355   -672.4345684
1601.4836105   -2119.4007397   -678.5706282
1600.2356084   -2116.6193485   -675.0904322
1599.4453701   -2114.6726608   -671.9025373
1598.1911691   -2112.7045155   -677.5951385
1596.6991457   -2109.0424061   -671.1756587
1595.9077152   -2108.1011295   -676.8733859
1595.0658592   -2106.0769558   -673.46102
1593.4410366   -2102.9493809   -675.4260063
1592.0851501   -2099.7524261   -673.555553
1591.0778912   -2097.5801945   -671.3198423
1589.9048122   -2095.7415104   -674.4984984
1588.8409289   -2093.4791565   -670.5310941
1587.6839431   -2092.094183   -675.5530238
1585.7835086   -2088.6490345   -670.8562374
1585.1167115   -2088.1941319   -676.1051416
1581.1617645   -2082.7214718   -673.7233996
1578.5821351   -2080.1947117   -679.3810725
1577.4242552   -2078.053236   -670.0450778
1575.1649412   -2075.6707191   -676.4175892
1575.0034126   -2075.0873089   -670.5368757
1572.4336179   -2072.1423626   -676.2236357
1571.3480981   -2070.5339909   -672.5165248
1568.9100894   -2067.5177574   -677.2046089
1568.7337788   -2066.9121742   -670.2592373
1566.1554011   -2063.587904   -675.5737066
1565.1146444   -2061.8300438   -672.0402837
1564.3037828   -2060.9474182   -675.2057672
1114.2334016   -2060.328722   -674.2792726
1110.739437   -2062.1464252   -672.5384593
1110.3784712   -2061.583519   -676.6462922
1106.7872318   -2063.215971   -676.0789156
1105.4762872   -2064.237833   -673.4729409
1102.5991114   -2064.5039082   -678.3719063
1104.1071685   -2064.5058155   -675.2096415
1101.2813123   -2065.9039021   -674.2055416
1098.9625724   -2067.7473545   -670.1136827
1098.1616648   -2066.5316582   -677.8636575
1096.257356   -2068.3114529   -673.8091707
1092.8873094   -2068.6984062   -678.006351
1087.8266367   -2071.7067719   -674.8360991
1084.7485038   -2073.9109516   -671.6812253
1083.6229595   -2071.7535019   -678.5103679
1080.0894769   -2074.1393566   -675.8160591
1079.0185305   -2076.1218071   -671.6740131
1080.0555619   -2072.5193024   -679.1963577
1076.2608918   -2075.9496689   -674.6923923
1075.1715275   -2074.8209953   -677.5010824
1075.2102109   -2077.2562027   -672.2753048
1073.0271312   -2076.8890381   -674.9791503
1071.5260478   -2078.9837837   -671.1127162
1070.9393295   -2076.0393143   -677.8640747
1068.9647468   -2078.1719685   -675.1782298
1066.3289698   -2080.3308487   -672.2688675
1066.7746338   -2077.0409107   -678.5277128
1065.0291415   -2079.1654587   -675.9460568
1061.9235607   -2078.4885883   -679.0930033
1061.0433789   -2081.0954571   -674.2029786
1057.6995882   -2083.6777687   -669.9869037
1056.9664808   -2080.5387497   -678.3249974
1056.1254295   -2082.5173855   -674.4553447
1051.8773469   -2084.5105648   -672.4268794
1052.9418858   -2082.3907852   -677.1765351
1048.2349964   -2083.7380886   -677.1383882
1048.037556   -2086.0183239   -670.3609824
1047.2637387   -2085.3464603   -673.5860109
1043.2702871   -2085.0405693   -677.0955324
1044.6087094   -2083.8916302   -678.837955
1044.6174415   -2086.2936974   -671.7894077
1040.0646301   -2086.7729187   -672.7531552
1041.8372127   -2085.1182938   -677.701354
1039.3521162   -2085.4341984   -677.9025197
1041.5879162   -2084.707737   -678.8594723
1040.8359738   -2085.1137638   -678.3758998
1040.7425734   -2084.8617554   -679.0878773
1039.8818227   -2084.9580765   -679.0938973
1037.2213992   -2086.0338211   -676.7213345
1036.6059812   -2087.7072811   -669.6888208
1034.9753173   -2087.0387554   -673.8582253
1036.3526317   -2085.1604939   -679.3870926
1033.1863137   -2085.9205723   -678.3940792
1032.1097644   -2088.0081654   -670.2632308
1030.7441624   -2087.1033669   -675.121963
1025.8668038   -2087.9695415   -673.3300686
1022.2589942   -2087.0699883   -678.6133647
1019.4015475   -2088.4475708   -674.4261384
1017.5500485   -2087.9256725   -677.9722571
1016.951588   -2089.5373821   -670.3035235
1012.9766437   -2089.4124508   -676.0991216
1008.0580386   -2089.5638466   -678.4350276
1007.7679726   -2091.5687084   -673.8485098
1004.794267   -2091.3779736   -676.4419675
1003.853974   -2093.0991173   -673.0755568
1001.0418864   -2092.414856   -676.4435172
1000.3379556   -2095.4072475   -670.0053811
999.3514093   -2094.4657326   -673.314631
998.4560581   -2091.1655426   -679.2379022
996.7386099   -2093.9087868   -675.7081747
994.6711334   -2097.1465111   -671.1767912
993.91633   -2091.935873   -678.0610681
993.2893189   -2095.1440334   -674.6101379
991.0226139   -2097.8894234   -672.2468734
990.0479587   -2094.5320129   -675.6002903
990.0270673   -2090.8908844   -678.2449484
986.0274168   -2097.5706577   -672.7502942
986.7319735   -2092.9167271   -675.9393215
987.19987   -2089.0257359   -678.1810522
984.0233894   -2100.70014   -670.0337529
984.7066971   -2086.3041878   -677.862823
986.1804815   -2063.9154911   -677.9940724
984.128532   -2090.4736519   -675.8700013
984.6308502   -2072.6623535   -679.3922782
984.7556027   -2063.9901161   -674.9876738
983.8839742   -2063.1873608   -671.6451049
983.4440919   -2094.3377018   -673.8286614
982.986209   -2085.2329731   -677.0800352
984.0842756   -2067.2080517   -676.1035323
982.6059612   -2097.107172   -671.8302369
983.1118258   -2072.1416473   -677.1778464
983.1165048   -2066.4100647   -673.2984781
980.866042   -2087.5852108   -674.6141911
983.0613407   -2075.111866   -677.9363155
982.0860895   -2077.0475864   -677.1118045
981.8378361   -2081.4261436   -676.6048074
981.356022   -2091.9039249   -673.46102
981.8135472   -2070.2757835   -673.4194756
981.4598533   -2067.5215721   -670.0604558
979.4863733   -2094.1348076   -671.498239
981.8599495   -2072.9548931   -675.2968431
981.2434884   -2085.0374699   -675.6100059
980.3637537   -2098.6788273   -669.7409749
980.6636246   -2079.8232555   -675.1434207
980.2059504   -2074.4678974   -673.0007529
979.4475707   -2089.8506641   -672.572732
979.7483953   -2077.6598454   -673.3145118
979.4463488   -2083.8823318   -673.4298468
977.7835282   -2095.5748558   -669.5281863
978.4282418   -2080.7449818   -672.002852
978.2728227   -2077.4111748   -670.4769731
977.9783758   -2087.6209736   -671.271503
977.1945151   -2091.2661552   -670.0949073
976.9563051   -2084.5544338   -670.0572968
651.1787521   -2066.8840408   -672.743082
649.8874249   -2073.2142925   -672.6212502
649.3218551   -2069.8251724   -677.5672436
649.0022475   -2078.9411068   -671.3451743
648.8925638   -2081.5410614   -669.8207259
648.4183083   -2074.7601986   -676.8078804
648.6549275   -2076.775074   -674.2550135
647.7650451   -2085.1068497   -670.927763
647.2285623   -2080.1012516   -676.5589118
646.1655023   -2089.045763   -673.5973358
645.9860849   -2086.1573219   -676.2157083
646.0936601   -2093.0585861   -670.855701
645.7595649   -2083.6553574   -678.919971
644.8075259   -2091.7131901   -676.3495803
644.6989449   -2097.9976654   -672.110796
644.1373462   -2102.8594971   -670.5605388
644.7817283   -2094.9671268   -674.0555167
643.6635079   -2096.4500904   -677.0238876
643.4747363   -2100.4095078   -674.7373343
642.8368921   -2109.5995903   -670.6665754
642.5132426   -2104.4368744   -675.541997
642.379866   -2100.5012989   -679.1985035
642.034025   -2114.5074368   -670.4267859
641.266604   -2108.9954376   -677.854836
640.8991488   -2114.7220135   -676.2456298
640.6430239   -2124.3543625   -670.9815264
640.9936296   -2118.6928749   -673.0401516
639.6744037   -2130.8505535   -672.9426384
639.7993314   -2133.9335442   -669.9848175
640.1045071   -2120.8319664   -677.4448156
639.2486962   -2127.327919   -678.8953543
639.1346837   -2142.5139904   -669.5770025
639.0766101   -2139.1434669   -671.5661287
638.7250806   -2137.3035908   -674.9401689
638.7851918   -2132.9221725   -677.5333881
638.4803253   -2147.7849483   -671.5223193
638.1358514   -2143.9297199   -675.0763059
638.0581046   -2152.9302597   -672.5649238
638.0521218   -2159.9972248   -670.3083515
638.0200172   -2156.5318108   -671.559751
637.914286   -2148.9019394   -674.7441292
637.3422193   -2163.9049053   -673.2829809
637.3113739   -2168.3452129   -671.8646288
637.4680223   -2147.977829   -678.1651974
637.4215158   -2157.7892303   -675.2581596
637.4827186   -2153.0401707   -676.4261723
636.9630108   -2187.8223419   -671.1632013
637.1842595   -2176.1338711   -670.7919836
636.3062757   -2180.1989079   -674.7957468
636.6164023   -2184.679985   -673.3579636
636.5964944   -2173.3031273   -674.3720174
636.9459974   -2196.5506077   -669.9887514
636.5105333   -2162.9014015   -678.2590747
636.661903   -2167.9012775   -675.6119132
636.5997391   -2194.7159767   -673.1138825
635.9722773   -2190.6967163   -676.9710183
636.2292776   -2202.4328709   -673.9613414
635.6094936   -2197.0608234   -678.6594987
635.5217109   -2176.2471199   -678.6370873
1726.3105186   -2337.9259109   -673.5406518
1725.2486023   -2332.8955173   -676.2840152
1727.1210226   -2342.138052   -672.3346114
1725.8930477   -2335.7157707   -677.5987148
1724.2514165   -2328.8969994   -672.0297933
1724.4708809   -2329.813242   -676.5314341
1723.4716686   -2326.1947632   -677.2699952
1722.7554592   -2323.592186   -673.3055115
1722.3089012   -2322.5095272   -676.7910123
1721.7324051   -2320.2080727   -670.4931259
1721.0629257   -2318.921566   -676.1831045
1719.1355499   -2313.5163784   -672.0113754
1718.8848528   -2313.813448   -677.6704192
1717.2369035   -2310.0581169   -676.5487194
1716.7772325   -2308.54702   -673.550725
1715.88209   -2307.7106476   -678.6155701
1713.013676   -2301.910162   -677.2401929
1715.0724205   -2304.4204712   -670.4417467
1713.7630256   -2302.2837639   -672.4438667
1711.2798961   -2297.5907326   -672.7467179
1709.2345031   -2294.9495316   -677.1554351
1708.2920345   -2291.7237282   -671.8703508
1706.7340883   -2290.7204628   -678.4358621
1706.2446149   -2288.7427807   -674.5423675
1704.1417631   -2286.1251831   -679.058373
1703.4985098   -2283.4720612   -673.6672521
1701.1345895   -2278.5892487   -671.6694832
1700.6904157   -2279.5672417   -678.0424714
1698.4241279   -2273.9667892   -672.6822853
1699.4245323   -2276.5269279   -675.4361391
1697.4398168   -2273.9942074   -679.3569922
1695.467976   -2269.0124512   -674.2615104
1693.7347921   -2265.0809288   -670.7709432
1693.5725483   -2266.0675049   -676.1699319
1691.1369833   -2262.4030113   -679.3391705
1690.169123   -2259.3040466   -673.5889912
1688.9730962   -2258.0127716   -677.8405309
1687.2998746   -2253.8142204   -672.2204089
1684.888986   -2249.9973774   -675.4928231
1681.4774545   -2243.5910702   -674.9585271
1680.3034814   -2240.6897545   -670.0941324
1677.3872646   -2235.9554768   -675.2716899
1675.4374775   -2231.533289   -670.1972485
1674.0842136   -2229.501009   -674.4301319
1673.2815775   -2227.3445129   -670.1291203
1671.972421   -2225.7568836   -676.857233
1671.6391119   -2224.5032787   -672.7039218
1670.1846393   -2221.9703197   -675.0795245
1668.5627969   -2217.9567814   -669.9132919
1667.627004   -2216.5884972   -673.1544733
1665.9549745   -2214.261055   -678.4122586
1666.4246591   -2213.6614323   -670.4338789
1665.5169996   -2212.5787735   -674.2982268
1664.2298969   -2209.5274925   -671.9465256
1663.2058891   -2208.4438801   -676.5964627
1663.2117303   -2207.020998   -669.9268818
1662.0624336   -2205.4436207   -673.1524467
638.3203613   -2263.7395859   -670.5774665
638.2791447   -2260.1695061   -670.9929109
638.193355   -2267.4407959   -669.9696183
638.2165375   -2261.7959976   -674.6026874
638.1755444   -2266.0758495   -673.351109
638.12608   -2257.3509216   -673.7687588
638.0462656   -2265.0749683   -676.5209436
637.9841427   -2258.3231926   -678.7983775
638.0274492   -2261.8162632   -678.2649159
637.881306   -2270.4265118   -673.1191874
637.8603997   -2271.3694572   -669.7779298
637.802084   -2269.1595554   -676.2108207
637.5483359   -2251.4920235   -674.0688086
637.9199857   -2255.3687096   -677.2376299
637.5837708   -2251.7607212   -678.3806682
637.3278248   -2274.9931812   -672.8742719
637.2791948   -2273.7967968   -676.7888069
637.2146877   -2248.5272884   -677.3412824
637.2309784   -2248.5992908   -671.112895
636.9933719   -2246.6566563   -674.0361452
636.7772604   -2279.1187763   -671.6923714
636.6732726   -2278.5263062   -676.6146421
636.6135823   -2243.7815666   -678.6301732
636.9798044   -2245.2366352   -669.9367762
636.6910572   -2242.8934574   -672.7734804
636.0936137   -2209.0518475   -672.6395488
636.1879381   -2281.7292213   -676.5964627
636.1094835   -2283.6050987   -671.402216
636.3024461   -2239.0391827   -674.1164923
636.0560628   -2235.5582714   -671.0947752
635.942326   -2217.6427841   -670.6952453
636.0707144   -2238.2378578   -678.7699461
635.7151578   -2214.974165   -673.3472347
635.7461894   -2233.2603931   -675.4003167
635.8468207   -2230.2172184   -670.1551676
635.6126788   -2209.2943192   -676.1437654
635.3130089   -2206.2971592   -679.3805361
635.5159814   -2286.0262394   -677.0259738
635.1817707   -2290.2908325   -671.9526649
635.4365209   -2220.2980518   -674.0570664
635.5402926   -2223.6952782   -672.6094484
635.5538341   -2226.6449928   -672.7587581
635.5105015   -2228.7559509   -674.0524173
635.3348429   -2212.0251656   -677.5961518
635.0449147   -2217.4026966   -678.6481142
635.1287412   -2225.0337601   -677.8100729
634.948955   -2289.757967   -677.0132184
634.3269134   -2292.9382324   -678.1725883
633.9351023   -2297.8043556   -675.5611897
634.0985308   -2301.8813133   -669.6844697
634.1258409   -2299.4887829   -672.0364094
633.5704783   -2306.5545559   -670.2094078
633.6561451   -2301.7859459   -673.8152504
633.3100805   -2304.9383163   -673.3968854
632.3554265   -2304.6410084   -678.3894897
632.3077167   -2309.7615242   -674.7995615
632.0850561   -2313.8215542   -672.6666093
630.3802254   -2321.8679428   -673.3441353
629.8160265   -2320.3892708   -676.6070127
629.106489   -2326.3103962   -674.9475002
629.0570395   -2328.3455372   -673.6209989
628.5799416   -2333.5926533   -672.368288
628.7768977   -2323.9789009   -677.654922
627.9124366   -2336.8272781   -673.4880209
627.6703263   -2340.7104015   -673.2025743
627.9398697   -2345.2558517   -670.5315709
627.2388483   -2329.9529552   -679.2523265
627.3009973   -2333.9958191   -677.0138144
627.2220882   -2337.2802734   -675.8646965
626.4086152   -2335.7150555   -679.3293357
626.3981173   -2340.0082588   -677.8275371
626.4522346   -2344.9971676   -676.2850285
1772.9193243   -2473.15979   -671.5928912
1772.7399143   -2481.2610149   -672.3400354
1772.4137577   -2465.9731388   -672.0626354
1772.6506265   -2477.6296616   -675.767839
1772.449282   -2474.6856689   -679.2241335
1772.3019394   -2468.60075   -677.6561737
1771.5908559   -2486.959219   -676.7761111
1772.0200094   -2487.8077507   -670.6154346
1771.5462717   -2462.3992443   -677.03408
1771.8872102   -2462.3398781   -672.4483967
1771.0655006   -2458.3294392   -672.1075177
1769.9052366   -2456.3171864   -678.8005829
1769.2946466   -2452.4681568   -673.8414764
1767.5305875   -2447.7715492   -674.7951508
1765.7566341   -2442.7866936   -671.9516516
1765.8286365   -2444.8275566   -678.7579656
1763.4812864   -2439.4748211   -677.2525907
1762.847689   -2436.5162849   -670.6088781
1760.3730234   -2433.5010052   -676.6338348
1760.5833086   -2432.4448109   -671.4057922
1758.9047226   -2429.445982   -671.8053818
1756.7910226   -2427.4179935   -677.1301031
1756.2221559   -2424.3264198   -671.0341573
1754.2737993   -2422.4760532   -676.0212779
1753.4182342   -2418.346405   -669.7108746
1752.0804676   -2417.9980755   -675.239861
1750.6281408   -2413.589716   -671.5301275
1749.9279054   -2415.0934219   -678.0310869
1748.9552768   -2409.3673229   -669.9498892
1748.2464584   -2410.3946686   -675.1266122
1746.970919   -2406.7165852   -673.2267141
1745.9715875   -2406.768322   -677.5096059
1745.0589212   -2403.2285213   -674.5091677
1744.440821   -2400.2375603   -671.5225577
1744.0816434   -2403.3403397   -678.8933277
1742.6595958   -2398.2467651   -675.5287051
1743.0964979   -2396.9466686   -671.0673571
1741.6683706   -2392.8420544   -669.6098447
1741.3288625   -2394.4542408   -674.3527651
1741.0403761   -2395.386219   -677.4489284
1739.8344549   -2390.4724121   -673.7216711
1739.3492731   -2387.53438   -670.2623963
1739.1318353   -2390.709877   -677.5360107
1737.623361   -2386.0650063   -676.4951348
1737.2789653   -2382.0507526   -669.4898009
1736.5128072   -2382.2984695   -675.2613187
1735.5098995   -2378.9045811   -674.3096113
1735.1168665   -2376.2435913   -669.6488261
1734.2057499   -2375.1974106   -676.1369705
1733.5825237   -2372.1485138   -672.694087
1732.5011762   -2368.547678   -676.3502359
1731.7194017   -2364.8366928   -674.5675206
1731.8697246   -2366.0197258   -678.2297492
1730.4935726   -2358.8910103   -669.8240638
1730.6241068   -2360.137701   -678.7850857
1729.5130762   -2354.1839123   -672.0306277
1729.3806347   -2353.8668156   -678.9618731
1729.1587862   -2352.6194096   -675.2761602
1728.8273843   -2350.7783413   -671.7325449
1728.6054166   -2349.7498035   -677.7639389
1728.0514511   -2346.9831944   -672.3809838
1727.7136119   -2345.1089859   -676.7676473
708.070566   -2484.7857952   -671.4785099
704.968472   -2478.9719582   -669.5169806
703.9822163   -2478.1911373   -670.4903245
703.481962   -2479.1603088   -673.2341051
705.2425342   -2481.8041325   -673.7491488
701.6233551   -2476.2818813   -671.7569232
702.7991014   -2480.92556   -677.5404215
701.2739228   -2477.5364399   -675.0926375
699.0384953   -2476.9544601   -678.2165766
705.8743285   -2483.9286804   -675.7152081
705.1896872   -2485.3844643   -679.4033647
698.9273923   -2474.7517109   -674.431622
699.2778676   -2473.610878   -671.2976694
695.8740028   -2471.1284637   -672.6427674
695.986365   -2473.3996391   -677.2999167
693.2892027   -2470.5672264   -676.3359308
692.7942979   -2467.6363468   -670.6388593
692.2675791   -2468.6381817   -674.0620732
689.3779906   -2468.0874348   -677.6545048
689.6830397   -2466.0615921   -672.8298068
687.1743324   -2463.5350704   -671.0792184
686.0460686   -2464.2949104   -674.6772528
684.283142   -2465.1594162   -678.9214611
683.7771954   -2461.4238739   -671.4853644
681.6170114   -2461.9722366   -675.8115888
679.0609854   -2458.4546089   -671.5567112
676.0791736   -2460.0110054   -677.9731512
673.7816902   -2456.5091133   -674.030304
672.5955801   -2457.6292038   -677.7598262
670.5550598   -2452.5811672   -671.1307168
669.6801382   -2455.0027847   -676.8072844
665.5329513   -2450.6573677   -674.4157672
661.4839407   -2446.6266632   -671.6086864
660.0066843   -2448.6200809   -677.7627468
656.6413241   -2444.4782734   -673.4469533
656.2105539   -2446.2852478   -677.7766347
652.6319357   -2444.2014694   -677.5084734
652.1025123   -2441.2360191   -671.6083288
649.5956229   -2441.5786266   -674.9820113
647.253302   -2442.4805641   -679.210484
645.3257064   -2439.6281242   -674.9193668
641.1396498   -2436.6135597   -672.190249
638.0491527   -2437.1166229   -676.4807105
635.3765699   -2434.1795444   -673.5212803
631.5081614   -2431.05793   -672.9439497
629.7858777   -2432.3558807   -677.5346398
630.3058947   -2428.2474518   -670.0841784
627.9418702   -2428.9107323   -674.904108
626.6991767   -2425.1081944   -672.1683145
626.2019771   -2429.9595356   -679.3935895
627.6055919   -2349.2035866   -670.0289845
623.8511661   -2425.6772995   -677.9802442
626.9762786   -2348.2837677   -673.3075976
626.6393373   -2351.9237041   -672.8442907
626.2518661   -2356.8093777   -671.2798476
625.8586878   -2349.9987125   -676.7504811
623.647322   -2421.1752415   -673.6912131
625.178692   -2354.9306393   -676.7557263
625.1836541   -2362.224102   -671.3909507
624.497314   -2360.458374   -675.575614
623.6443716   -2417.6216125   -670.6532836
623.3191463   -2366.9376373   -674.5875478
624.0769299   -2369.5986271   -670.0493693
622.6731809   -2372.8268147   -672.6319194
622.6311895   -2413.8634205   -670.1481938
621.5876742   -2385.3228092   -670.1738834
620.5826821   -2419.8071957   -678.6416173
621.3435689   -2415.9460068   -674.1720438
621.8601717   -2377.1047592   -672.725141
621.1254886   -2379.7962666   -673.5426784
621.4951324   -2371.3970184   -677.1472692
620.817463   -2410.844326   -672.3268032
620.4184546   -2405.5714607   -671.4631319
620.9504316   -2375.5533695   -676.2136221
621.218429   -2388.9744282   -669.9450612
620.0871626   -2398.1020451   -671.2180972
620.5365407   -2393.3041096   -670.6880927
620.0535773   -2401.9677639   -671.5060472
620.3531409   -2387.8180981   -672.5533009
618.8350721   -2411.2327099   -676.8007278
618.8462498   -2414.7753716   -678.6249876
618.7729882   -2387.6194954   -676.7520905
619.0194944   -2408.0212116   -675.2464771
618.304181   -2395.2903748   -675.9406328
618.5276145   -2403.0816555   -675.2111912
617.6165278   -2399.189949   -677.2760749
617.1785565   -2406.1565399   -679.0685654
617.1849268   -2402.4395943   -678.4620285
1770.9101709   -2492.5439358   -669.710815
1770.6116708   -2491.9114113   -674.1383672
1770.2200683   -2491.5528297   -678.6355376
1770.7288536   -2573.2028484   -669.6688533
1769.1955837   -2496.3157177   -672.008276
1770.5421718   -2570.3620911   -672.7920771
1770.1677354   -2579.4262886   -671.7625856
1770.4792293   -2573.6157894   -674.1040349
1770.3210386   -2567.1811104   -672.8929281
1768.6511549   -2495.6982136   -677.2912741
1770.0640234   -2569.0591335   -678.0133247
1770.1089653   -2575.9935379   -678.253293
1769.6265253   -2564.0101433   -674.903512
1769.802955   -2580.71208   -677.8939962
1769.4222005   -2583.619833   -675.7943034
1769.2531618   -2584.8174095   -672.5625992
1768.9417871   -2558.4571362   -669.9012518
1769.1058191   -2560.6024265   -673.1254458
1769.110349   -2563.6436939   -678.837359
1768.3579   -2559.9184036   -677.0691276
1768.3820995   -2588.2430077   -675.8987308
1768.4647115   -2587.9929066   -670.6829667
1765.952495   -2500.7088184   -675.5050421
1767.767814   -2557.0313931   -674.2537618
1767.2194513   -2554.5423031   -670.8869934
1767.131594   -2591.9001102   -672.2789407
1766.3951191   -2593.8749313   -677.6506901
1766.4056095   -2555.7148457   -679.0444851
1765.5332359   -2552.6900291   -674.6658087
1763.4398016   -2505.1870346   -670.8308458
1765.69393   -2551.8960953   -671.430409
1765.5792507   -2595.5739021   -673.3009815
1763.9067443   -2598.9894867   -676.019907
1762.8295692   -2548.0184555   -671.8797684
1760.5752023   -2504.9433708   -678.1650186
1764.3102678   -2598.0775356   -671.272099
1761.5803751   -2602.4446487   -670.6755161
1761.3899978   -2603.358984   -676.7143607
1760.065821   -2508.398056   -671.0272431
1758.9090141   -2507.8248978   -674.862206
1759.929088   -2545.2625751   -675.6259799
1759.800938   -2544.0535545   -672.1922159
1759.3955072   -2605.8442593   -674.3338704
1758.1881555   -2606.9984436   -670.9749699
1759.1787847   -2606.4729691   -677.829504
1758.250502   -2541.1145687   -670.5844402
1757.4962648   -2511.2895966   -671.2436676
1757.6755556   -2541.7575836   -674.521327
1756.2412294   -2609.6951962   -675.5154729
1755.6408914   -2510.5957985   -677.2449613
1756.1654123   -2538.5086536   -672.7107763
1755.2434476   -2538.599968   -677.0309806
1753.9732727   -2514.3527985   -674.6965647
1755.3642067   -2535.7215405   -670.6015468
1751.7854246   -2613.7681007   -673.8517284
1753.5518678   -2612.4880314   -677.0747304
1754.1286024   -2535.3610516   -674.5339632
1752.5409731   -2519.742012   -673.7918854
1753.6804947   -2532.6545238   -671.9092727
1752.7526888   -2534.8272324   -679.1957617
1752.7394565   -2525.6853104   -671.6954112
1751.6489299   -2614.2916679   -678.516686
1752.3436817   -2531.7351818   -676.1854887
1752.5683912   -2529.5090675   -673.1831431
1751.2778314   -2516.3342953   -679.0735126
1750.8713277   -2527.3518562   -677.390039
1750.8647712   -2523.3669281   -676.6613722
1748.5307726   -2616.461277   -677.1941781
1746.3892969   -2617.3596382   -672.3219156
1744.5839914   -2618.6902523   -677.5619388
1739.7679361   -2620.1000214   -673.2401252
1741.8929609   -2619.8379993   -678.7202358
1739.5702871   -2620.5976009   -679.4236898
1738.2939132   -2620.6800938   -677.3514748
1736.3618883   -2620.9282875   -673.9540696
1734.7077402   -2621.370554   -670.1521873
1735.3254827   -2621.4666367   -677.4922013
1732.4464592   -2622.1482754   -676.0357022
1731.6154512   -2622.2844124   -672.4259853
1729.370025   -2623.4104633   -678.9660454
1731.2386306   -2622.4629879   -674.816668
1728.4515174   -2623.3830452   -674.7219563
1727.8335365   -2623.5001087   -670.7003117
1561.6122159   -2622.0049858   -671.7046499
1563.4128126   -2626.885891   -673.9929318
1565.2473243   -2628.4453869   -669.7356105
1559.1696771   -2619.1284657   -672.3479033
1560.0627931   -2623.115778   -676.5565872
1556.5830144   -2616.5943146   -672.4820733
1556.380299   -2619.4748878   -677.4817109
1553.3257397   -2615.8006191   -674.8124361
1551.5420707   -2612.9221916   -670.68398
1550.4670414   -2616.8568134   -678.9341569
1549.6319207   -2614.626646   -674.9222279
1548.5923561   -2612.9453182   -671.5331674
1547.3630103   -2616.2672043   -678.5042286
1546.535221   -2614.3689156   -674.395442
1545.9488901   -2612.5249863   -669.686377
1544.266847   -2616.489172   -677.7203083
1543.5869368   -2614.7434711   -673.3481884
1542.8955825   -2613.53302   -669.5766449
1541.3610014   -2617.2194481   -676.2248874
1540.8301028   -2615.6673431   -671.8405485
1538.9982136   -2620.2015877   -678.2118678
1539.0528115   -2618.10112   -674.3426919
1538.0414399   -2617.5420284   -670.3281999
1536.3516482   -2620.6762791   -674.6690869
1535.1309451   -2620.0640202   -669.4915891
1534.0366634   -2622.9286194   -672.3973155
1534.0431007   -2624.9451637   -676.4548421
1532.1103009   -2625.9667873   -672.6441979
781.2041017   -2623.5358715   -670.2051163
778.2152715   -2620.6772327   -672.2268462
777.2517475   -2621.5093136   -676.41747
776.3818922   -2619.3034649   -674.3163466
779.2734178   -2623.3239174   -674.8167872
775.4344764   -2616.6479588   -671.3562608
774.6623727   -2618.9682484   -678.0349016
775.9528282   -2621.2780476   -679.233551
778.4853699   -2623.9285469   -678.2174706
773.8801511   -2616.0981655   -674.4737029
772.1202048   -2612.6139164   -672.3994613
771.9400349   -2615.4060364   -678.2553196
771.9102325   -2613.8870716   -675.34554
770.1144936   -2612.2837067   -677.0217419
769.8474499   -2609.4470024   -672.7767587
769.1283198   -2607.3319912   -671.0674763
766.8328407   -2608.6540222   -678.9525747
766.5517899   -2604.6411991   -673.0548739
764.2917456   -2604.1417122   -677.8843403
763.0285444   -2600.9027958   -675.7175326
761.858848   -2596.9572067   -672.0606685
762.4580237   -2602.2689342   -679.3916821
760.0081237   -2597.1200466   -677.2795916
759.9337818   -2593.5268402   -671.2334752
758.8824453   -2593.7287807   -674.708128
757.415724   -2593.9002037   -678.9060235
757.7324482   -2590.6507969   -672.378242
756.6623809   -2587.7761841   -669.5413589
756.1279508   -2589.5843506   -675.1107574
755.9685382   -2587.7914429   -671.8553305
754.0027323   -2584.8813057   -671.2597609
753.1511905   -2587.5692368   -679.1900396
754.2393776   -2586.7507458   -674.816668
751.3996782   -2581.0790062   -670.5363393
751.8892112   -2583.2686424   -673.9875674
751.980138   -2584.7694874   -676.8622398
750.1439425   -2582.23176   -676.6321063
749.4656267   -2580.0125599   -673.7366915
749.4240227   -2578.0158043   -669.6694493
747.7622303   -2579.59795   -677.903235
747.6372244   -2576.7407417   -672.4154353
747.0038208   -2577.4862766   -675.896287
745.303181   -2573.3873844   -673.5492349
743.7672587   -2573.1298923   -677.9772043
743.2112815   -2569.7290897   -674.6582985
742.4998405   -2565.6924248   -671.5074778
741.3562509   -2566.3273335   -676.5346527
740.9446212   -2561.3052845   -671.700418
740.6346472   -2563.010931   -675.2820015
739.6124574   -2557.3348999   -671.1771488
740.5058714   -2565.7513142   -678.9045334
739.6255406   -2559.3018532   -674.4884849
738.6669787   -2559.5235825   -678.5483956
738.0227568   -2555.3936958   -675.6895185
737.2326078   -2551.8286228   -672.7231741
736.3648834   -2551.4221191   -676.5227318
735.1895841   -2547.7073193   -675.3308773
735.1467433   -2546.3411808   -672.6646423
735.1133498   -2549.151659   -678.2464981
734.0759458   -2543.1349277   -671.0669994
733.3588573   -2543.0729389   -674.8130918
733.8121655   -2545.7744598   -678.2417297
732.1042838   -2538.8538837   -671.1227298
731.9852831   -2542.1175957   -679.0986061
730.6790026   -2538.1526947   -676.3613224
728.9978834   -2533.6449146   -672.8389263
727.0069244   -2533.7121487   -679.3874502
726.4630469   -2527.7831554   -669.555068
726.3869318   -2530.6293964   -675.3519177
725.1184853   -2530.0526619   -678.1223416
724.7854593   -2528.0230045   -675.7192016
723.7862768   -2524.8880386   -674.0709543
724.5446267   -2523.4100819   -670.9388494
723.5371592   -2527.5702477   -678.7009835
723.4949144   -2526.1878967   -676.6951084
723.5939922   -2522.7761269   -672.9106307
723.1141301   -2521.3775635   -673.3492613
722.072539   -2524.0736008   -678.1591773
723.3244749   -2519.8030472   -670.8757281
723.1908711   -2518.5630322   -669.5079803
722.4226864   -2519.1581249   -673.8843322
722.1277329   -2516.2434578   -671.7976928
721.360785   -2516.824007   -675.1113534
720.9554585   -2519.8349953   -677.8194308
721.599889   -2513.6356354   -670.3871489
720.8621027   -2512.655735   -672.4429727
719.6763577   -2512.3620033   -676.4646769
719.8272171   -2516.007185   -678.7865758
719.8898169   -2511.1608505   -674.2195487
719.6283164   -2508.8908672   -671.9729304
719.2465188   -2513.0360126   -678.2633066
718.3986428   -2508.8682175   -676.5355468
718.6354818   -2506.6876411   -672.5671291
717.3292758   -2503.9668083   -673.3092666
717.370716   -2502.1755695   -669.6990728
716.4561125   -2505.8341026   -678.9027452
716.6255387   -2501.332283   -671.7073917
715.0063934   -2497.5385666   -670.8868742
715.8493745   -2500.5548   -673.4637618
715.78296   -2502.1183491   -676.1420965
715.4231789   -2502.7959347   -678.0768633
714.8686396   -2499.8092651   -675.6352782
714.359385   -2497.5955486   -673.5790968
713.1215008   -2497.9810715   -677.7178645
712.9371958   -2493.8490391   -671.9779968
712.6310515   -2495.7091808   -675.7430434
711.156671   -2490.9374714   -672.3333001
710.8118209   -2492.3377037   -675.2372384
710.9974521   -2494.9741364   -678.0706048
710.109626   -2489.4375801   -673.0128527
709.5122459   -2492.5251007   -678.4963012
709.0685713   -2489.9907112   -676.7312884
707.6695087   -2487.0660305   -676.2003303
707.9420658   -2490.1185036   -679.4244051
707.9547989   -2488.7695313   -677.8389215
707.0383178   -2487.9906178   -678.9502501
1724.675444   -2624.9365807   -677.1772504
1722.2678932   -2625.6890297   -672.8956699
1720.4474481   -2626.7149448   -677.4838567
1716.6562351   -2628.2913685   -675.6750941
1715.6927856   -2628.5381317   -671.8722582
1717.8824218   -2628.0446053   -679.292202
1713.3815559   -2629.6815872   -669.6951985
1713.2048877   -2630.0849915   -676.0514975
1712.939051   -2629.8975945   -670.5973148
1711.6612466   -2630.6548119   -672.6314425
1710.9849723   -2631.6313744   -679.0844798
1708.606747   -2632.5452328   -673.2273102
1706.9653543   -2634.0529919   -678.7346601
1707.616237   -2632.8611374   -670.0176001
1706.9181474   -2633.7573528   -673.5290289
1705.3733142   -2634.7072124   -672.1545458
1704.5194181   -2635.0531578   -670.332551
1703.5749229   -2636.149168   -675.2530336
1702.9949697   -2636.5969181   -675.8108735
1701.9309076   -2636.7518902   -670.9763408
1701.2751373   -2637.2559071   -671.9771624
1699.9820741   -2638.4766102   -676.4095426
1700.573829   -2638.1642818   -676.6715646
1698.8038095   -2638.7376785   -672.3530889
1697.5751194   -2639.6377087   -673.9429832
1696.6740163   -2640.5467987   -677.8378487
1695.8841356   -2640.3672695   -670.4744697
1696.6622146   -2640.3295994   -675.4495502
1695.6864866   -2640.8481598   -674.6772528
1694.7490247   -2641.3302422   -673.586607
1694.1814693   -2641.8848038   -675.6693721
1694.5281299   -2641.1566734   -670.0809002
1694.1865953   -2641.3180828   -669.5934534
1693.918732   -2641.9620514   -674.3870378
1690.6981739   -2643.7051296   -672.3473668
1690.7553943   -2644.3071365   -678.65628
1688.6393102   -2645.2171803   -676.043272
1688.0384954   -2645.8425522   -679.2917252
1687.7132925   -2645.2381611   -671.3058352
1684.3768629   -2647.4850178   -677.7769923
1684.036878   -2647.1986771   -674.2467284
1684.8777803   -2646.3468075   -669.8556542
1681.8810972   -2647.6554871   -669.6495414
1680.7211908   -2648.6177444   -673.6443043
1680.1154884   -2649.5370865   -678.4716845
1678.5136732   -2649.135828   -669.5745587
1676.7490181   -2650.4876614   -674.4330525
1676.1182817   -2650.405407   -671.4669466
1673.945454   -2651.9482136   -676.8888831
1673.1494936   -2651.7498493   -672.5057364
1670.1489957   -2652.6610851   -669.5112586
1670.0316938   -2653.1641483   -674.4641066
1670.2245744   -2653.4352303   -677.4647236
1666.6143211   -2654.6969414   -677.351594
1666.3039001   -2654.3405056   -672.2721457
1662.5068458   -2655.8816433   -675.0501394
1662.3852523   -2656.2809944   -678.9346933
1659.3598398   -2657.147646   -677.3989797
1657.4709686   -2657.4599743   -673.4036803
1658.1369909   -2656.983614   -670.1212525
1654.3669971   -2658.8516235   -678.1389117
1655.2398475   -2658.0467224   -671.6042161
1653.6562713   -2658.7805748   -674.5125651
1650.4539522   -2659.5449448   -671.4584827
1651.2583765   -2659.7423553   -677.1076322
1646.7876705   -2660.9375477   -675.3075719
1642.7824768   -2661.7431641   -671.3557243
1643.2527574   -2662.0209217   -676.7060161
1640.5262025   -2662.8563404   -678.3853769
1640.0597366   -2662.2812748   -669.7018743
1639.6661075   -2662.7037525   -674.0208864
1636.8937763   -2663.7554169   -679.3153286
1635.7707056   -2663.3527279   -671.6010571
1635.6179985   -2663.7301445   -675.7331491
1630.8292421   -2664.5600796   -675.0158668
1631.2135728   -2664.8509502   -679.1328788
1623.850015   -2665.5724049   -672.966063
1621.7130693   -2666.2774086   -676.5185595
1617.2247203   -2666.7404175   -673.8499403
1616.9461282   -2667.2632694   -678.7260771
1614.0314611   -2666.5945053   -669.6351171
1612.3094829   -2667.1950817   -673.296392
1611.4889654   -2667.8569317   -677.9635549
1608.627108   -2666.8076515   -670.5107093
1608.6114915   -2667.5655842   -675.2967238
1603.2542261   -2667.2363281   -675.1165986
1598.7320217   -2665.1515961   -670.6807613
1598.6719402   -2667.4363613   -679.1875958
1597.8498729   -2666.2523746   -675.3149629
1594.3595441   -2664.614439   -673.5768914
1594.5247682   -2666.0735607   -678.0827641
1590.238181   -2663.9425755   -676.7142415
1590.7582315   -2662.3835564   -671.8270183
1587.5202092   -2659.9581242   -670.3407764
1587.4510082   -2661.5738869   -674.2113829
1585.7581767   -2661.595583   -676.7262816
1585.0067409   -2659.5118046   -673.0253696
1581.6798481   -2658.1349373   -675.4166484
1579.8142823   -2654.7131538   -671.8757749
1576.5605839   -2653.847456   -676.4739156
1577.413288   -2651.8397331   -671.2207794
1575.1627358   -2649.9071121   -672.8178859
1572.9422244   -2648.8082409   -676.3743162
1573.3033093   -2646.848917   -672.4651456
1570.2429684   -2643.0234909   -675.3226519
1569.148806   -2638.8325691   -672.2299457
1567.4421462   -2637.5982761   -676.4415503
1566.3394602   -2632.6630116   -672.9245186
1564.7842558   -2632.0986748   -678.0151129
1531.7715081   -2628.9300919   -677.0144701
1529.9736532   -2630.3792   -672.1340418
1530.0526293   -2632.8577995   -677.0228148
1528.5003456   -2635.9937191   -673.8916039
1528.459278   -2633.2683563   -669.5197225
1527.5467905   -2641.430378   -676.7309904
1527.2280248   -2640.1600838   -672.3296642
1526.4139446   -2647.7761269   -678.4686446
1526.5358361   -2644.9320316   -673.3784676
1525.4842909   -2650.6578922   -673.8374829
1525.3089937   -2652.9915333   -677.0703197
1524.1894396   -2652.8425217   -669.5011258
1523.6252817   -2657.2608948   -674.051702
1523.4414013   -2659.3489647   -676.4481068
1522.9894789   -2662.6758575   -679.2728901
1520.7462581   -2663.2893085   -673.2068658
1520.7358869   -2667.3178673   -678.6683798
1517.0638832   -2673.7895012   -679.169178
1518.3008584   -2668.4081554   -674.2888689
1517.4615058   -2666.4466858   -669.510603
1515.2985128   -2670.9403992   -671.7059612
1512.6272114   -2675.3458977   -673.2307673
1512.9499706   -2678.8644791   -678.8209081
1513.0569013   -2676.6347885   -675.8338213
1509.2174681   -2678.7116528   -672.6948023
1508.4055933   -2682.7609539   -677.2810221
1505.464104   -2685.8186722   -677.3498654
1506.7431005   -2681.129694   -672.5438833
1504.2285594   -2685.1892471   -674.7105122
1503.2573017   -2682.7428341   -669.7650552
1501.3125809   -2689.4533634   -676.4122248
1502.3416551   -2685.9564781   -673.109591
1498.8182458   -2687.4921322   -670.1827049
1498.3047517   -2694.2896843   -678.41506
1496.1465868   -2692.4154758   -673.13236
1493.6025413   -2697.401762   -676.0556102
1491.6841658   -2695.4374313   -670.2837944
1490.3026494   -2703.158617   -678.930819
1488.5824593   -2700.330019   -672.1724272
1485.4032072   -2705.272913   -673.7880707
1482.1895035   -2710.039854   -675.3284931
1480.6294712   -2709.2297077   -669.7636247
1478.7689718   -2714.8811817   -677.0159006
1478.8711341   -2713.0084038   -673.042953
1476.2720736   -2716.1095142   -672.5411415
1474.5315584   -2719.2218304   -675.4506826
1470.2607068   -2724.7350216   -678.5473824
1469.2801508   -2724.2114544   -670.4577804
1467.7749547   -2726.8080711   -675.0994325
1465.7030376   -2729.5689583   -679.3985963
1462.3005661   -2732.660532   -673.7861037
1460.7582959   -2734.5514297   -678.8533926
1457.315174   -2738.0857468   -675.7911444
1455.1235112   -2740.6973839   -671.2778807
1453.5497697   -2741.964817   -678.7059903
1453.878549   -2741.818428   -675.2413511
1451.4863762   -2744.6472645   -672.3268032
1450.3265294   -2745.4514503   -675.7547259
1448.0279955   -2748.6310005   -670.7704663
1446.6634067   -2748.6169338   -679.0521741
1447.2168954   -2748.6176491   -675.3833294
1443.9730319   -2751.6314983   -675.7749915
1443.2128938   -2753.5150051   -670.391202
1439.9692091   -2755.4628849   -674.8957038
1440.0533112   -2754.7242641   -678.2214642
1439.4443902   -2756.8800449   -671.1040735
1437.1974143   -2758.2507133   -673.476994
1435.8403357   -2758.5647106   -677.0939231
1436.6149577   -2759.526968   -670.6750393
1434.1942938   -2760.8649731   -673.4746099
1433.6863431   -2762.4089718   -669.5880294
1430.8142336   -2762.5637054   -677.5120497
1430.96706   -2763.7865543   -672.4942327
1426.7761978   -2766.780138   -673.5001802
1282.9161557   -2762.2888088   -678.4483194
1280.0953659   -2761.7647648   -671.5565324
1283.1931385   -2763.3423805   -674.3342876
1284.065214   -2764.7941113   -670.1162457
1286.4803942   -2765.9447193   -672.7203727
1280.0843986   -2761.0702515   -675.6449938
1286.0794338   -2764.8239136   -676.3258576
1277.597812   -2759.7000599   -674.8962998
1276.2100967   -2759.4151497   -670.7031727
1275.7178815   -2757.9860687   -678.4935594
1276.0157856   -2758.9182854   -673.7476587
1274.7521075   -2757.900238   -675.6469607
1273.3434113   -2757.3840618   -673.6153364
1272.2294601   -2757.1594715   -670.4069376
1274.0902575   -2757.196188   -677.5541902
1272.9953798   -2756.3927174   -678.8849235
1269.100097   -2754.6107769   -675.7666469
1268.3518799   -2754.9009323   -670.7206964
1267.5071629   -2753.3824444   -678.6215901
1267.1069773   -2753.554821   -675.3964424
1264.0334638   -2751.9519329   -673.7840176
1264.5973834   -2751.7404556   -677.7170897
1261.8065747   -2750.2436638   -676.5383482
1260.1614865   -2749.7634888   -673.3017564
1258.3314451   -2747.9655743   -677.8479218
1254.6151551   -2746.6037273   -673.1489301
1254.9767169   -2746.0124493   -677.3407459
1251.4554533   -2743.6349392   -678.1634688
1252.1810802   -2744.7268963   -675.2584577
1250.9353431   -2744.6694374   -671.8541384
1250.0772747   -2743.5255051   -674.9242544
1247.9272755   -2741.6248322   -677.7920127
1246.3527592   -2742.4654961   -669.5225835
1245.246199   -2740.983963   -673.6860871
1238.7625846   -2738.0161285   -670.7743406
1238.3405241   -2736.661911   -676.846385
1235.7503446   -2736.2179756   -672.008276
1234.4001206   -2734.7064018   -676.4223576
1231.0781153   -2733.3209515   -674.3511558
1228.4291061   -2730.8578491   -679.0784597
1228.6988767   -2732.7830791   -669.8517203
1226.7232808   -2731.231451   -672.6142168
1223.4340581   -2728.8506031   -675.2753258
1221.6171893   -2726.8486023   -679.2967916
1219.5071848   -2727.2627354   -670.6061363
1219.1114696   -2725.9838581   -676.5307188
1216.0269292   -2724.9917984   -671.8441248
1216.9124158   -2724.6882915   -676.3482094
1213.3502039   -2722.5472927   -676.4199138
1210.1715478   -2721.7855453   -669.6910262
1207.6328071   -2718.5902596   -678.9570451
1204.3427499   -2717.3137665   -676.4366031
1200.7428678   -2715.7554626   -674.6354103
1196.5095075   -2713.9642239   -672.3713875
1196.4557441   -2712.8782272   -676.9393086
1193.0000456   -2711.4169598   -674.6196747
1189.97058   -2708.8861465   -676.9641638
1188.852218   -2709.3396187   -671.9543338
1186.226991   -2706.52771   -675.6696701
1184.5878037   -2706.5265179   -670.5417037
1183.2407387   -2703.1197548   -679.2162657
1182.7252778   -2704.1065693   -673.9628911
1180.6229623   -2703.250885   -669.7269082
1179.3036731   -2700.6821632   -674.737215
1177.3473891   -2699.7709274   -670.4115272
1175.731686   -2696.3322163   -676.3089299
1176.7708334   -2698.4186172   -673.2006073
1174.9942573   -2696.7513561   -671.4134812
1172.2862395   -2691.5726662   -677.4455309
1173.0430397   -2693.7820911   -673.0797887
1170.2329191   -2689.9821758   -672.0929146
1168.7909039   -2686.6059303   -676.8401265
1166.835812   -2684.6323013   -671.0205674
1165.0228771   -2680.3100109   -676.5888333
1164.1773852   -2679.48699   -673.2674837
1161.5290912   -2674.9272346   -674.9875546
1163.19218   -2678.3206463   -669.5126295
1160.7317003   -2674.1342545   -670.0398326
1158.6014303   -2670.7243919   -678.8291931
1157.2631868   -2669.5280075   -673.5106707
1154.8512252   -2667.4795151   -678.9593101
1154.1964086   -2667.0465469   -673.8499403
1151.6360315   -2665.4574871   -671.5000868
1151.8245014   -2665.7040119   -676.1071682
1148.3505639   -2664.1945839   -674.9284863
1144.6464332   -2663.4619236   -678.9674163
1143.922356   -2662.8830433   -672.7674007
1139.9499448   -2662.8849506   -676.6628027
1139.0394243   -2662.3375416   -670.5335975
1134.1303857   -2663.2273197   -675.2405763
1127.6312145   -2664.1271114   -672.4848151
1129.6437057   -2663.9971733   -676.5422225
1127.5542053   -2664.3199921   -677.1782041
1124.0122589   -2664.939642   -676.9926548
1122.8401335   -2665.1010513   -672.0335484
1117.2949942   -2666.0616398   -678.9073348
1119.6096214   -2665.7621861   -673.057735
1120.6434044   -2665.5108929   -670.1572537
1115.3060468   -2666.7952538   -672.4603772
1113.4308847   -2667.1915054   -675.7549047
1111.7610606   -2667.8833961   -672.981441
1108.1625494   -2669.3906784   -671.6775298
1105.2199873   -2670.8724499   -675.2939224
1105.0269874   -2670.7293987   -678.6093712
1103.8069995   -2671.9493866   -669.6035266
1101.7881902   -2673.0430126   -678.4837842
1100.3349694   -2674.418211   -675.2645373
1099.1676124   -2675.3692627   -669.9934006
1096.8476208   -2677.2191525   -676.9341826
1095.8863171   -2678.047657   -671.112299
1092.5944122   -2680.8102131   -672.0888615
1091.8008956   -2681.4279556   -677.5423288
1088.7616845   -2683.7992668   -674.3651032
1088.3014473   -2683.9959621   -670.2291369
1086.971012   -2685.1108074   -678.5409451
1084.3043598   -2686.8526936   -672.7198362
1081.4075442   -2688.8492107   -678.8730025
1080.2752944   -2689.1720295   -669.5637703
1078.9750489   -2690.1795864   -673.7448573
1076.7639848   -2691.5476322   -677.6936054
1075.7378014   -2691.6708946   -669.5153117
1074.9880942   -2692.3224926   -674.0734577
1072.2563239   -2693.7119961   -677.6314974
1070.9968778   -2694.0505505   -671.7798114
1066.7951676   -2695.7573891   -676.4751673
1065.1344331   -2696.1336136   -670.1644659
1060.1029965   -2697.5429058   -674.1968989
1055.9795769   -2698.0390549   -678.6232591
1056.6537055   -2698.2266903   -671.6495752
1054.9537512   -2698.340416   -674.5870709
1052.4932417   -2698.8911629   -670.0109839
1051.7009171   -2698.4803677   -678.3591509
1048.9151152   -2699.2263794   -672.1009612
1045.9708246   -2698.9195347   -678.437233
1044.9570688   -2699.3997097   -673.7216115
1039.6647426   -2700.2415657   -669.4763303
1037.0013984   -2699.87607   -674.8342514
1036.970106   -2700.1562119   -671.7555523
1030.8195623   -2699.9812126   -677.3769855
1027.54083   -2700.6123066   -671.5971828
1025.0046822   -2700.2973557   -677.7327657
1021.1848291   -2700.7966042   -672.5013256
1020.6600698   -2700.5875111   -678.5882115
1018.2864638   -2700.8516788   -675.4838228
1015.0485011   -2701.1334896   -670.1692343
1015.2538689   -2701.0471821   -678.8783073
1011.585203   -2701.2603283   -672.9803085
1008.2608732   -2701.5366554   -676.5775084
1008.3986195   -2701.3790607   -672.3808646
1002.9543909   -2701.5519142   -673.0678678
1003.8861903   -2701.7810345   -677.1911383
1000.2711984   -2701.8070221   -676.2649417
997.7689954   -2701.6096115   -673.0753183
997.024295   -2701.9498348   -677.1759391
993.3328899   -2701.7009258   -674.1534472
988.7259575   -2701.9109726   -676.2800813
985.4126545   -2701.4915943   -672.3068953
983.4278496   -2702.2006512   -678.7257195
981.0826155   -2701.3862133   -671.364069
977.6440533   -2702.0916939   -677.447319
973.9493998   -2701.4882565   -671.7936397
971.1298319   -2701.9324303   -675.2655506
971.0575315   -2701.3628483   -669.7562337
964.5597311   -2701.6320229   -670.9442139
966.1097201   -2702.0742893   -676.0993004
961.1237618   -2702.1846771   -676.0424972
957.3898586   -2701.8117905   -670.6469059
957.6433273   -2702.1965981   -675.1820445
952.4372491   -2702.1861076   -673.2763648
947.5406679   -2702.6453018   -678.0442595
944.469628   -2702.3220062   -672.2752452
941.3729879   -2702.7070522   -677.4898767
938.3982392   -2702.3537159   -671.0911393
937.7110871   -2702.56567   -674.5706797
936.2296136   -2702.7988434   -677.9890656
933.5275265   -2702.5313377   -673.5733151
931.7901107   -2702.3422718   -670.4936624
931.6709014   -2702.7859688   -678.350389
928.680596   -2702.5487423   -675.1815081
922.952381   -2702.3625374   -673.3304858
920.5187532   -2702.498436   -676.949203
919.0914305   -2702.1858692   -670.9399223
914.7794517   -2702.2435665   -674.824059
915.8277186   -2702.0969391   -670.8909273
911.0932919   -2701.969862   -670.8567739
911.0967787   -2702.1510601   -675.5187511
906.403807   -2701.887846   -673.3447313
902.5557908   -2701.8170357   -677.0757437
901.3100537   -2701.6003132   -672.2477078
896.8930813   -2701.4501095   -675.1840115
892.7452239   -2701.161623   -672.8357673
890.0187584   -2700.9754181   -669.4973111
891.7691978   -2701.2000084   -677.572906
886.6275521   -2700.8299828   -675.5827665
882.375029   -2700.5279064   -673.2429266
880.0181719   -2700.3836632   -677.35219
878.8014921   -2700.3171444   -671.3253856
877.0317408   -2700.1345158   -674.6093035
873.3416172   -2699.846983   -677.3778796
874.0770491   -2699.9790668   -669.4749594
872.0270368   -2699.7644901   -673.4930277
866.7873415   -2699.2807388   -675.5372882
859.5204326   -2698.5006332   -673.9435196
852.5640639   -2697.6866722   -677.6230335
850.8520397   -2697.2050667   -672.7489233
847.6923677   -2697.0906258   -677.7064204
846.3645252   -2696.3126659   -670.6082225
846.4327725   -2696.6013908   -673.1601954
840.7283547   -2695.941925   -674.8803258
840.6836959   -2695.337534   -670.2006459
837.656227   -2695.7552433   -677.7327657
835.9332057   -2694.7951317   -673.0058789
831.3708129   -2694.3802834   -677.1422029
830.2856656   -2692.7876472   -670.5324054
826.9530209   -2692.5568581   -674.4710803
824.7700902   -2692.7404404   -678.4856915
824.6042254   -2690.7401085   -671.4028716
823.9730271   -2691.4505959   -674.9562025
819.7246017   -2689.5859241   -675.5364537
814.3700632   -2684.5495701   -671.46492
814.2590942   -2687.0090961   -677.1594882
811.127049   -2684.5180988   -676.3901114
811.2314763   -2680.2310944   -669.8317528
809.0062263   -2680.8760166   -674.0855575
808.5620376   -2676.831007   -670.0928211
807.763693   -2683.0883026   -679.1410446
806.1707439   -2677.2112846   -674.0177274
804.6489032   -2678.9669991   -678.2140732
805.5214854   -2674.3299961   -672.2396612
803.5027506   -2667.3409939   -670.07792
803.2075288   -2671.0493565   -673.0275154
803.4294369   -2674.7629642   -675.7538319
801.4835986   -2675.5883694   -679.4451475
801.3248267   -2660.599947   -669.6284413
801.5683117   -2664.264679   -671.0475683
800.6851199   -2666.9282913   -673.9392281
800.0305565   -2671.1239815   -677.9131889
799.3025752   -2662.4858379   -673.4830737
798.5292199   -2657.4573517   -672.3282337
798.5526296   -2651.2203217   -669.9112654
798.698661   -2654.0703773   -670.7175374
797.0728549   -2664.9358273   -678.5790324
796.3767322   -2646.289587   -670.9076762
797.1889498   -2660.4487896   -675.8213043
796.7131408   -2652.6010036   -673.265934
795.962927   -2656.9027901   -676.3220429
794.1746535   -2642.295599   -671.9737649
795.4799207   -2660.2914333   -678.686142
794.4343659   -2648.5390663   -675.7743955
794.2822548   -2653.1922817   -677.8936982
793.62188   -2643.9614296   -674.6418476
792.0875373   -2645.6804276   -679.0591478
791.945708   -2639.5132542   -673.9438772
790.2463051   -2635.0553036   -670.8714962
791.563836   -2642.0881748   -677.4961948
789.2945828   -2638.7791634   -679.2850494
789.294866   -2636.043787   -675.2988696
787.8400805   -2633.3258152   -674.1054058
787.1334972   -2631.1643124   -671.1398363
786.6911712   -2633.810997   -678.1436205
785.5495187   -2630.7010651   -675.0067472
784.0844365   -2627.7706623   -672.0426679
783.8050994   -2630.1312447   -678.5829663
783.2345637   -2628.2875538   -675.8725047
781.2678041   -2625.7493496   -675.1262546
781.2778028   -2627.0949841   -678.5650849
1421.8884977   -2770.5099583   -671.0088253
1422.0192703   -2768.9256668   -676.6848564
1418.6831387   -2771.0952759   -675.1181483
1418.1567105   -2770.2314854   -679.0910959
1416.0029563   -2773.2996941   -671.6130972
1415.1761802   -2772.1464634   -677.0944595
1411.0600027   -2774.1217613   -675.5129099
1411.1438664   -2775.5653858   -670.2702641
1408.084062   -2775.7775784   -672.9014516
1406.5159234   -2775.0413418   -676.4857173
1405.0169858   -2776.412487   -673.1514335
1401.3271602   -2777.7197361   -671.0011363
1402.5110277   -2775.7775784   -676.2744784
1398.9540609   -2776.4060497   -675.6719947
1396.3809284   -2777.5425911   -673.1829047
1395.7435163   -2776.1669159   -677.3472428
1393.5320052   -2778.8891792   -670.0197458
1391.3244876   -2777.184248   -675.5933166
1385.7475194   -2777.7085304   -676.0601401
1379.7204169   -2779.3879509   -673.2486486
1375.9738477   -2778.0489922   -678.6494851
1371.0913929   -2780.0474167   -674.3497252
1369.7947534   -2778.6095142   -679.0143847
1368.2546886   -2781.733036   -670.2671647
1365.4578003   -2781.126976   -672.8569269
1362.5256094   -2780.0068855   -676.9574285
1360.2258834   -2781.6977501   -672.6222038
1358.2726987   -2779.6936035   -678.8152456
1356.0897978   -2781.7680836   -673.3685732
1350.6272706   -2781.5225124   -675.1304269
1353.3423217   -2783.1141949   -670.1373458
1344.7329076   -2780.4059982   -678.9982915
1345.1849493   -2781.8567753   -675.1384735
1340.3077396   -2781.2829018   -677.2279739
1336.8664654   -2783.4365368   -671.5779305
1333.4516557   -2782.5751305   -674.1565466
1333.2135352   -2780.7433605   -679.2673469
1329.4511112   -2783.2758427   -671.7219353
1326.8139633   -2781.6536427   -676.4473915
1323.1901201   -2782.8943729   -671.3141799
1321.7276605   -2781.4669609   -675.56566
1318.0120858   -2780.2095413   -677.7436733
1317.0867237   -2781.6503048   -672.0440984
1313.340691   -2779.8602581   -675.4068732
1311.8666085   -2780.5459499   -671.2599397
1310.4188713   -2778.2230377   -678.2401204
1308.388141   -2778.8424492   -673.5478044
1305.9098395   -2776.8819332   -677.5532365
1305.4876002   -2778.4533501   -670.6514955
1304.013935   -2777.2717476   -673.0670333
1302.8063449   -2775.2156258   -678.8645983
1302.5637539   -2775.9010792   -675.9890318
1300.1849922   -2775.4361629   -673.1265187
1300.0395568   -2774.2834091   -677.3204803
1296.2559136   -2774.0211487   -669.8207259
1297.5265654   -2772.300005   -679.3548465
1296.6504963   -2772.9051113   -675.2239466
1293.2337793   -2769.5667744   -678.7683964
1293.0588993   -2771.0096836   -673.1274724
1291.3340005   -2769.0932751   -675.1955748
1289.1233238   -2766.9408321   -676.5374541
1289.9120124   -2768.7084675   -672.3603606
