236.2104329   -1385.1447105   -1074.3465424
229.5368584   -1384.9207163   -1075.6465197
229.834077   -1385.2061033   -1077.1915913
225.1324924   -1384.6731186   -1072.7485418
226.5089723   -1384.8680258   -1075.5386353
224.8986634   -1384.8650455   -1077.005744
217.8427847   -1384.8334551   -1071.1022615
219.3480404   -1384.5831156   -1075.0639439
220.0786146   -1384.9892616   -1077.8670311
216.1487015   -1384.850502   -1077.3878098
213.6568698   -1384.6268654   -1074.5418072
210.8066949   -1384.8270178   -1070.9791183
213.1570252   -1384.7466707   -1077.8011084
208.3137008   -1384.8254681   -1072.3749399
210.6929394   -1384.58848   -1078.3977509
203.5945924   -1384.2686415   -1076.0761499
201.4684948   -1384.8512173   -1071.0048676
198.4920176   -1384.2475414   -1074.5910406
200.0269266   -1384.8314285   -1079.1326761
198.1185051   -1384.9070072   -1079.238534
192.3296126   -1383.8729858   -1077.8921843
194.1885325   -1384.9135637   -1072.0965862
190.8569904   -1384.8448992   -1079.4018507
189.328936   -1383.8355541   -1076.2372017
191.580561   -1384.297967   -1078.7898302
187.2239085   -1385.1052523   -1071.2684393
188.5858449   -1385.214448   -1079.9703598
186.4418062   -1383.9452267   -1078.0620575
186.1948939   -1383.752346   -1076.7285824
183.8566335   -1384.2315674   -1074.0792751
184.1280433   -1384.3631744   -1079.0264606
182.6293739   -1384.0210438   -1077.3477554
178.223935   -1385.2250576   -1080.1964998
179.3237897   -1383.969903   -1075.9960413
179.848698   -1384.5083714   -1078.8339376
178.6626848   -1385.2083683   -1072.6112127
176.6978475   -1383.9831352   -1078.1984329
176.2547465   -1384.7895861   -1074.4957924
175.8079799   -1384.0161562   -1077.3026943
173.9630374   -1384.6821785   -1079.5642138
172.829208   -1384.5293522   -1075.9829283
169.6464094   -1384.7109079   -1076.6183138
165.4287847   -1384.7483397   -1077.2984028
148.3809622   -1385.204196   -1076.7810345
145.3697654   -1384.8981857   -1079.3510675
142.7369686   -1384.3238354   -1077.2708654
140.6010064   -1385.0948811   -1075.1410723
140.1080462   -1384.2610121   -1079.2248249
137.4770077   -1385.0700855   -1080.9545517
137.0724114   -1383.2424879   -1077.0213604
135.6901201   -1384.8177195   -1074.6971369
135.1435157   -1383.5173845   -1079.2241096
130.6927475   -1383.59797   -1074.4843483
132.1679922   -1382.3814392   -1077.7404308
132.3516341   -1383.7786913   -1080.9431076
131.626782   -1382.6297522   -1079.3478489
129.488823   -1382.2553158   -1080.0973177
126.4878782   -1380.9657097   -1077.299118
128.5416456   -1383.1658363   -1074.285984
126.7031404   -1381.0509443   -1079.785943
127.9044124   -1382.8473091   -1081.3704729
125.1936229   -1384.1915131   -1082.7838182
124.3803772   -1381.9961548   -1074.1333961
123.7041625   -1380.5170059   -1080.5178881
121.4800151   -1383.4818602   -1072.0148087
122.1974465   -1380.1352978   -1076.7962933
120.7129928   -1383.2343817   -1082.7569962
119.089094   -1380.8145523   -1073.849082
119.4917234   -1380.5756569   -1081.1326504
118.4338304   -1378.4582615   -1079.0205002
116.1464723   -1378.8225651   -1075.4365921
117.5065609   -1382.4162483   -1071.3130236
116.2244948   -1381.5346956   -1082.914114
115.7986196   -1384.5169544   -1069.5033073
114.8732277   -1378.9294958   -1081.0468197
115.5402633   -1380.5474043   -1072.4341869
113.1161424   -1376.7716885   -1078.5582066
113.0603822   -1381.7617893   -1070.1169968
112.5371131   -1384.1705322   -1084.2058659
112.5657233   -1378.4248829   -1074.0751028
111.4955815   -1380.0188303   -1083.047986
110.2894219   -1376.9475222   -1081.3244581
108.0621751   -1382.9222918   -1066.9465065
108.4786328   -1375.3802776   -1078.8065195
108.1128391   -1378.883481   -1071.1988211
109.6911105   -1377.3523569   -1074.0033388
107.7228459   -1382.1008205   -1084.6092701
106.7824932   -1378.0896664   -1083.2891464
105.5597933   -1375.5863905   -1081.3694
106.4434918   -1376.4122725   -1073.9427805
103.7959429   -1385.0535154   -1085.8153105
103.7387224   -1379.2947531   -1068.9595938
102.9616865   -1376.506567   -1072.0860958
101.6657921   -1381.3064098   -1065.8200979
102.1446558   -1380.2039623   -1084.9752426
102.1887632   -1376.2860298   -1083.4933519
98.4753045   -1384.0942383   -1086.4108801
97.7870198   -1377.138257   -1068.9928532
99.2613109   -1383.072257   -1063.1226301
98.713276   -1375.7565022   -1084.2266083
96.4601608   -1379.7115088   -1085.8020782
97.68599   -1380.3296089   -1065.1450157
95.1727303   -1382.2004795   -1062.3561144
92.5607058   -1383.31604   -1087.0463848
94.4502326   -1378.7850142   -1065.6913519
93.7712463   -1376.8153191   -1067.8361654
90.8875736   -1377.964139   -1086.2988234
90.54437   -1383.0906153   -1059.9743128
91.1916169   -1379.8912764   -1063.4185076
91.0035642   -1377.030015   -1066.5307045
85.5594548   -1381.5478086   -1087.7840519
87.4421867   -1378.151536   -1064.268589
88.4631547   -1380.435586   -1061.9498491
85.2350267   -1376.6900301   -1086.9663954
84.6793326   -1381.0069561   -1060.3480339
81.9523605   -1375.8350611   -1065.7099485
82.5816067   -1384.7782612   -1056.1255217
81.6805633   -1378.5725832   -1087.9029036
78.8479718   -1382.155776   -1088.5438919
81.1014446   -1375.7836819   -1087.3805285
79.4913443   -1382.0297718   -1058.1511259
79.4458064   -1378.9775372   -1061.4233017
74.9241384   -1376.4637709   -1063.7795925
77.3542794   -1377.3829937   -1088.285923
76.3090523   -1379.8949718   -1059.8068237
75.3826173   -1382.448554   -1056.9188595
72.1639665   -1380.7231188   -1089.1633034
74.2887529   -1385.0364685   -1054.2749166
72.493759   -1379.8558712   -1059.2428446
71.1923512   -1382.864356   -1055.8816195
69.3481835   -1377.5465488   -1061.4423752
67.8473981   -1380.2874088   -1058.0648184
66.3743886   -1377.8777122   -1089.469552
65.7341751   -1383.6729527   -1089.7666216
66.2821802   -1383.6781979   -1054.5264482
63.487378   -1377.5578737   -1060.6381893
64.1795071   -1380.7132244   -1057.1078062
59.7824129   -1380.42593   -1090.2193785
62.1330412   -1382.3823929   -1055.3061962
61.0496672   -1380.110383   -1057.451129
57.9247745   -1378.2278299   -1059.2182875
57.4956211   -1382.0337057   -1055.3287268
56.650308   -1384.7965002   -1090.5145407
52.0616444   -1381.9638491   -1090.8402205
54.1881593   -1375.9399652   -1061.663866
52.703646   -1378.9510727   -1058.0853224
51.2897047   -1383.0150366   -1054.2160273
49.8619946   -1375.9824038   -1090.9510851
49.9733957   -1377.0867586   -1059.9006414
47.9733618   -1379.8394203   -1057.0371151
46.0112365   -1378.5192966   -1091.2646055
45.6732186   -1384.1600418   -1091.3063288
45.7755002   -1376.1819601   -1060.7117414
44.5890101   -1383.3833933   -1053.8665056
42.9922613   -1380.6455135   -1056.1827421
40.3371724   -1375.5307198   -1091.54737
42.0369776   -1380.9633255   -1091.535449
40.7520803   -1379.2337179   -1057.5239658
39.736596   -1376.5041828   -1060.2653027
37.788299   -1382.6798201   -1054.6638966
37.3744043   -1381.29282   -1091.7744637
35.3006395   -1379.1565895   -1057.7453375
33.5749658   -1376.2818575   -1091.8937922
32.1337255   -1384.6362829   -1053.1787872
31.0138138   -1383.4040165   -1054.1894436
31.4246091   -1383.1950426   -1092.0385122
28.1223925   -1378.1770468   -1058.8809252
27.6479395   -1377.3659468   -1092.1697617
28.3307704   -1384.9225044   -1052.8450012
25.5047949   -1382.6036453   -1092.2915936
23.893443   -1380.3224564   -1056.9041967
23.9088806   -1384.2220306   -1053.385973
22.8212746   -1376.6741753   -1060.2539778
23.213652   -1378.4649372   -1092.3644304
21.3286551   -1381.8045855   -1092.4423933
19.5573243   -1382.4622631   -1054.8529625
16.9821652   -1378.8431883   -1058.129549
18.3207663   -1377.4553537   -1092.4859047
17.4100073   -1384.1023445   -1092.5374031
12.7200159   -1382.1845055   -1054.8624992
11.6560134   -1380.3896904   -1092.674613
12.0720538   -1377.7706623   -1059.0097904
10.1618441   -1385.189414   -1051.8887043
8.5240277   -1380.1919222   -1056.6211939
6.3248547   -1382.7950954   -1054.0313721
6.6759857   -1377.3692846   -1059.2536926
4.4921907   -1380.3352118   -1092.8561687
4.5207413   -1380.0435066   -1056.6151142
1.867977   -1377.8026104   -1058.7022305
-0.6850091   -1381.1180592   -1055.4068089
-1.7222492   -1382.0024729   -1093.0002928
-1.016411   -1375.7796288   -1060.5831146
-3.1019179   -1384.0898275   -1052.4084568
-1.6638366   -1378.508687   -1057.9192638
-6.447467   -1376.8818378   -1093.1508541
-6.9629876   -1378.1355619   -1058.1299067
-9.2966882   -1381.9023371   -1054.3675423
-7.7899424   -1383.6934566   -1093.1171179
-7.4113933   -1384.9668503   -1051.4092445
-11.8042556   -1378.4366846   -1093.282938
-12.5113455   -1375.9908676   -1060.1027012
-11.5069477   -1379.2350292   -1056.9213629
-13.6555759   -1384.1034174   -1093.213439
-14.4224492   -1381.251812   -1054.8477173
-16.3282482   -1379.2225122   -1056.7977428
-16.8659417   -1378.9471388   -1093.3676958
-18.7061159   -1375.7863045   -1060.1522923
-16.8649284   -1384.1135502   -1051.9354343
-18.469247   -1383.7506771   -1093.2788849
-18.1138245   -1381.778717   -1054.2128086
-22.5462643   -1379.2734146   -1056.578517
-19.8303787   -1382.4275732   -1053.5250902
-22.3253695   -1379.5360327   -1093.4062004
-27.5624124   -1376.6191006   -1059.1145754
-27.6285139   -1383.6153746   -1052.1392822
-27.1150795   -1381.4040422   -1054.3493032
-28.9779035   -1381.6874027   -1093.3736563
-31.5487114   -1380.7017803   -1054.9539328
-36.2338749   -1377.822876   -1057.7634573
-34.5096914   -1383.3096027   -1052.2981882
-36.3083211   -1381.4780712   -1093.3707952
-38.9456479   -1375.895381   -1093.5406685
-43.2309238   -1381.4030886   -1054.1152954
-38.9980999   -1376.0868311   -1059.4834089
-40.4250351   -1384.3661547   -1093.2152271
-42.1822397   -1379.4121742   -1093.364954
-45.4602567   -1377.8073788   -1057.7386618
-45.5447165   -1384.9827051   -1093.0582285
-48.164579   -1377.1700859   -1093.2788849
-48.5588042   -1383.054018   -1052.4606705
-52.5302617   -1380.4240227   -1055.1502705
-53.3342687   -1382.7660084   -1092.8788185
-54.1038243   -1384.3165636   -1051.2657166
-56.0911027   -1376.4228821   -1059.2724085
-58.711919   -1380.0983429   -1055.6732416
-59.9786369   -1377.8008223   -1092.7616358
-58.5652915   -1384.6963644   -1050.9961843
-64.5568696   -1377.8907061   -1058.1870079
-64.0595285   -1384.4103813   -1051.5731573
-65.0937287   -1380.5524111   -1055.5514097
-66.5512411   -1380.8332682   -1092.3258066
-68.999621   -1377.1834373   -1059.2265129
-69.137129   -1383.2403421   -1053.16329
-69.2240325   -1376.0005236   -1092.2832489
-72.740647   -1378.3385754   -1092.0119286
-74.0388361   -1382.0723295   -1054.8796654
-76.2187568   -1378.5418272   -1058.630228
-77.1904913   -1381.3694715   -1091.6929245
-78.848931   -1375.8943081   -1061.5109205
-79.0211288   -1384.7459555   -1052.9046059
-78.0094592   -1381.6868067   -1055.7318926
-79.8887936   -1378.5303831   -1059.0771437
-82.7390877   -1381.321311   -1091.3313627
-82.7456442   -1385.0457668   -1053.3088446
-83.5903016   -1380.7229996   -1057.5370789
-86.6724578   -1378.1988621   -1060.4106188
-89.1828863   -1381.9658756   -1090.9020901
-88.6603323   -1381.4356327   -1057.856679
-89.6859495   -1377.8266907   -1061.4506006
-92.7587477   -1384.7439289   -1056.1029911
-94.1180316   -1376.9594431   -1090.456605
-93.6771361   -1380.4103136   -1060.2645874
-94.8732225   -1383.6807013   -1090.549469
-100.0231234   -1379.3432713   -1063.4903908
-98.2928006   -1384.6657276   -1058.214426
-99.8753635   -1381.018877   -1090.154171
-100.7044641   -1375.5105734   -1089.6624327
-101.5261737   -1376.2168884   -1067.0278072
-105.5916277   -1380.0139427   -1089.6536112
-105.0588218   -1378.1454563   -1066.7473078
-106.1982242   -1382.4290037   -1063.6270046
-108.8227955   -1376.1297464   -1070.407629
-110.1096598   -1384.4642639   -1089.5525217
-110.0905267   -1381.8081617   -1066.1710501
-111.6340486   -1379.7082901   -1088.6700153
-112.586352   -1375.2915859   -1087.2318745
-113.5154692   -1375.9462833   -1073.4491348
-114.2799584   -1380.3676367   -1069.5997477
-117.3073975   -1385.0905895   -1088.9950991
-117.1121923   -1379.1128397   -1087.5581503
-116.8880192   -1375.7619858   -1086.1629248
-119.1218821   -1379.2535067   -1073.5300779
-119.3174449   -1384.1574192   -1069.4855452
-119.6446148   -1375.7530451   -1084.4236612
-121.8289462   -1376.1781454   -1081.7053318
-121.4197008   -1377.2885799   -1076.9258738
-122.277352   -1382.6129436   -1087.417841
-123.3314601   -1378.4672022   -1084.9510431
-123.5605208   -1383.6753368   -1072.6130009
-124.2801277   -1380.6362152   -1075.7932663
-124.9782173   -1378.0914545   -1078.8631439
-128.4700362   -1378.0457973   -1083.2056999
-125.6060926   -1381.0106516   -1085.9401226
-127.7339188   -1379.345417   -1084.5382214
-127.6220409   -1384.3461275   -1074.9340057
-128.7141172   -1381.6610575   -1077.9844522
-128.3693043   -1377.882719   -1081.979394
-128.9112297   -1378.5758018   -1081.759572
-131.0075251   -1381.3596964   -1084.2367411
-129.5477477   -1378.7486553   -1082.7958584
-131.6233603   -1384.5012188   -1077.903986
-131.4005581   -1382.3260069   -1080.3699493
-132.7132908   -1382.3214769   -1083.1917524
-132.8766076   -1383.9837313   -1084.5602751
-133.3346692   -1383.084178   -1082.1988583
-135.4407398   -1385.0833178   -1082.1963549
-133.9033572   -1383.5492134   -1082.6570988
-135.0445477   -1384.6493959   -1083.3650827
374.0964206   -1384.1884136   -710.2643251
372.5969168   -1383.0686808   -714.7427797
372.6568343   -1380.3846836   -709.6658945
373.7744512   -1381.8750381   -707.6860666
374.9790313   -1384.3200207   -706.2613368
371.5257319   -1379.3586493   -711.3716602
370.8384307   -1382.4936152   -720.5152512
370.5716255   -1379.6181679   -716.4151073
370.7804503   -1378.0333996   -710.2571726
367.0959892   -1375.4709959   -711.3441825
367.2575029   -1376.1982918   -715.3871655
370.0158419   -1383.392334   -724.6696949
368.2567301   -1377.9342175   -720.4477787
368.7420162   -1380.4500103   -724.2648005
369.3122985   -1376.4394522   -709.5358968
371.1093786   -1377.5889874   -707.354784
368.6471405   -1382.5143576   -727.5997996
368.6519536   -1385.0197792   -730.5390239
366.8168309   -1384.5709562   -734.4344854
366.03978   -1378.2746792   -728.8463116
367.4282553   -1376.9882917   -722.5395441
366.434482   -1377.1594763   -725.3627181
366.57649   -1380.5404902   -730.8934331
367.471722   -1376.8000603   -721.7976451
366.9719221   -1376.2546778   -721.3962078
366.4465519   -1375.5639791   -719.4339633
366.7376908   -1376.3291836   -722.5453854
366.916922   -1376.729846   -723.3226299
366.1657395   -1376.2359619   -723.8301635
366.0058352   -1376.4989376   -725.0223756
364.9036261   -1380.1159859   -733.9347601
368.8669028   -1375.975132   -705.3362727
365.7769086   -1375.8107424   -704.0295005
365.5022206   -1377.4114847   -728.3599377
364.2574521   -1382.950902   -738.1728888
364.8617091   -1378.267169   -731.4585447
364.6344664   -1376.2491941   -727.7187705
364.2292889   -1376.7639399   -729.924202
362.9902127   -1377.4312735   -733.9085937
362.4890717   -1378.8721561   -737.1667624
361.8814322   -1382.6237917   -742.0036793
362.3604598   -1380.7040453   -739.5024896
361.853716   -1376.6274452   -734.6199155
361.3746139   -1378.914237   -738.9890552
360.8742031   -1379.8974752   -740.8297062
358.9539053   -1382.1235895   -746.0141778
359.2982563   -1380.053997   -743.2937026
359.6927347   -1375.9028912   -736.8418574
359.1113957   -1377.5212765   -740.131855
357.3830249   -1382.2358847   -748.2760549
358.6349609   -1380.9447289   -745.2987432
357.0369603   -1376.8072128   -742.2426343
356.7820909   -1379.0367842   -745.7543015
355.2119108   -1383.682847   -751.8544793
353.1182977   -1378.3164024   -748.6791611
354.0815683   -1375.3859997   -743.1765795
354.116452   -1380.907774   -750.5890131
354.3573888   -1382.771492   -751.9384027
352.8303178   -1376.6947985   -746.9289899
352.6067855   -1382.4945688   -753.4703612
350.8730801   -1379.4466257   -751.937151
350.8173498   -1384.678483   -757.1294308
349.2874178   -1375.8565187   -749.062717
349.9334725   -1381.172061   -754.7399402
348.1356623   -1376.7722845   -751.2375712
347.4107059   -1378.9663315   -754.3913126
347.7511378   -1381.7865849   -757.3037744
347.0294895   -1384.3797445   -760.3040338
345.316154   -1375.5446672   -751.7226338
344.7092446   -1379.779458   -757.4238181
345.2725383   -1381.8922043   -759.3228817
344.0159979   -1377.3872852   -755.0695539
344.5824804   -1383.7503195   -761.6692185
342.2849747   -1375.7590055   -753.987968
342.3629823   -1380.9149265   -760.4534626
341.2356945   -1378.0008554   -757.7831149
341.1709043   -1383.1648827   -763.7501955
340.4713842   -1384.8661184   -766.2389874
338.6728438   -1378.4788847   -760.0165606
338.4115072   -1380.1492453   -762.3339891
338.0842479   -1375.5646944   -756.1272979
337.3722705   -1381.7178011   -764.99331
335.9190794   -1384.1240406   -769.3712115
335.187492   -1376.1764765   -758.6489916
334.6697363   -1377.7638674   -761.3925934
334.4439241   -1379.5979023   -764.2529011
332.8577849   -1380.398035   -766.6148543
332.9270156   -1383.0094337   -770.4082131
331.7243131   -1375.9219646   -760.0488067
331.7548307   -1377.9728413   -763.5071874
330.2450749   -1382.7915192   -772.3453045
330.2148255   -1380.6447983   -768.856287
329.2757543   -1384.7438097   -776.6337395
329.1476043   -1378.5042763   -766.0229206
328.7661346   -1376.7156601   -763.0332112
326.0196718   -1382.5826645   -775.3650546
326.3203474   -1381.1378479   -772.600472
326.232967   -1379.036665   -768.7875628
326.4804157   -1384.9291801   -779.5619369
325.1737925   -1377.4442673   -766.409874
325.4977735   -1375.6586313   -762.4277472
323.5787126   -1380.3056479   -772.8723288
323.2983919   -1382.6196194   -777.3876786
323.4747025   -1383.8819265   -779.6984315
322.9442807   -1376.0514259   -764.4178271
321.456668   -1377.763629   -769.0448761
320.121524   -1378.9811134   -772.0786929
321.9364258   -1376.9094944   -766.7878866
319.7971853   -1383.6877346   -781.5890908
319.6479055   -1380.1856041   -774.7080922
320.345399   -1379.8538446   -773.6923099
319.2429813   -1377.7258396   -769.8717713
319.3738135   -1382.0286989   -778.5840631
319.5476504   -1383.5229874   -781.393528
318.676916   -1380.7321787   -776.2750983
319.1567334   -1376.2608767   -765.9730315
317.8757402   -1375.4091263   -763.3035183
315.8037039   -1384.1173649   -785.1085067
317.0151385   -1382.0208311   -779.8235416
315.0035711   -1376.5194416   -768.2290673
316.3903924   -1378.2529831   -772.3490596
316.2805709   -1385.1480484   -787.4299884
315.2629706   -1382.4056387   -781.6951275
314.1148957   -1381.7373514   -781.0986042
315.8144029   -1378.9340258   -773.9834785
312.7236041   -1379.2520761   -776.3980031
314.1044351   -1375.3350973   -760.5824471
313.2828148   -1375.6643534   -764.3157244
313.8587149   -1383.5706711   -785.313189
313.9090808   -1384.9787712   -789.0295982
312.6635524   -1376.335144   -755.4114461
311.1827942   -1377.8630495   -774.3681669
312.8814968   -1376.4313459   -769.1043019
313.3691522   -1375.8060932   -748.6835122
311.4210042   -1377.2979975   -755.0045848
311.7266866   -1381.5149069   -782.3414803
311.6272362   -1376.0455847   -758.7479353
311.1156496   -1383.9565516   -788.9333963
311.0200139   -1384.7706318   -791.5897965
310.9131428   -1375.9547472   -762.0583177
309.9953803   -1382.9984665   -787.4038219
311.2400147   -1377.6199818   -746.5254664
310.795513   -1378.6650896   -749.3766546
309.5555278   -1376.0441542   -765.9413815
310.3231164   -1376.5156269   -742.7543402
311.2461241   -1377.7683973   -752.6037693
310.0625547   -1376.6969442   -770.4228163
309.624848   -1379.9448013   -780.5265188
310.5519982   -1385.2437735   -793.8640714
310.2458092   -1382.0875883   -784.9105597
308.478144   -1377.0524263   -773.1425166
309.1208609   -1376.8732548   -759.1965795
310.0683662   -1384.7289085   -792.7151322
309.9231692   -1384.4851255   -792.0303345
307.8932139   -1379.3367147   -780.687809
307.4496659   -1377.4323463   -775.6969333
306.994197   -1380.4248571   -784.1812968
307.1417185   -1384.8906755   -797.0920801
308.7698492   -1379.240036   -753.5713911
309.2573258   -1380.2230358   -745.7971573
307.6842102   -1376.6849041   -762.0264292
305.7545098   -1382.9855919   -750.2546906
306.4275058   -1381.4527988   -787.3851061
308.0259236   -1383.944273   -792.470634
307.9917105   -1380.8262348   -742.2137856
307.6404008   -1378.9542913   -739.362359
306.2843057   -1376.4876127   -769.2935467
304.1098686   -1377.1905899   -765.3297782
306.6652986   -1382.7466965   -790.502429
307.0366355   -1382.9464912   -744.8548675
305.5328103   -1385.2475882   -800.7175326
307.3220225   -1378.0139685   -777.4238586
305.0959083   -1380.4420233   -756.2247515
305.3120049   -1378.5095215   -759.7894073
306.1230453   -1377.3002625   -735.8698845
305.1952394   -1377.9250383   -778.3554196
304.1934343   -1378.5039186   -781.1226249
304.2516979   -1382.9832077   -793.8976288
305.603412   -1382.9830885   -792.3869491
306.1172637   -1381.8371296   -738.2139564
305.9501918   -1383.9001656   -741.769731
302.9391738   -1378.1741858   -763.0739212
305.1758679   -1381.896019   -789.6896005
303.9984974   -1376.7732382   -771.768868
302.8558465   -1383.6523294   -797.8233695
304.5599433   -1376.060009   -733.1141233
302.6997419   -1377.1754503   -775.932312
302.3481938   -1385.191083   -802.8607965
302.9307695   -1377.0724535   -767.6969171
304.4595393   -1383.592844   -736.2299562
304.1890832   -1380.8184862   -733.8064313
301.8116923   -1379.2499304   -784.9086523
302.0398887   -1383.790493   -753.8233399
301.0380837   -1379.8087835   -761.7891431
301.4517101   -1377.9008389   -779.38658
302.1775457   -1380.2263737   -787.751615
299.2176684   -1383.6638927   -756.9960952
299.6220561   -1377.4837255   -774.7132778
303.0452403   -1384.2209578   -733.2312465
302.3003908   -1381.2812567   -790.553689
299.8979064   -1381.849885   -794.2674756
299.9423417   -1380.9462786   -791.2059426
302.6792677   -1380.9657097   -730.8503985
302.294937   -1376.0042191   -729.3115854
300.7663163   -1378.2501221   -766.3703561
302.4488958   -1377.7682781   -764.6612525
299.7711571   -1377.6221275   -770.234406
301.6184243   -1384.8155737   -730.4038405
301.2244376   -1378.506422   -782.2015285
300.5518886   -1378.8877726   -783.7455273
299.458352   -1383.5129738   -799.1039157
301.3582798   -1378.947854   -727.8034091
300.801483   -1382.4094534   -727.3500562
298.6373874   -1384.7709894   -802.7436733
300.6514581   -1380.4583549   -789.4199491
300.4872473   -1376.7105341   -725.7761359
300.2583655   -1379.8185587   -787.5728011
298.5639843   -1377.884984   -777.6561379
299.5327982   -1377.5691986   -772.9564309
298.8867732   -1379.3820143   -766.1983967
299.9171587   -1381.8347454   -724.8208523
299.1108271   -1378.8861036   -783.6974263
296.7763218   -1383.0723763   -761.0483766
296.3713082   -1381.6136122   -764.6694779
299.9120327   -1384.6492767   -725.8114815
298.9242943   -1380.0252676   -788.5075212
298.9879819   -1379.3793917   -786.534071
297.9583117   -1378.0959845   -773.1497884
299.3291887   -1378.0704737   -722.7010131
298.9807101   -1381.7560673   -721.7435241
295.8187135   -1382.755518   -796.6361046
296.0146042   -1381.5405369   -792.7445173
295.9935042   -1384.0163946   -800.1964688
298.6060651   -1378.8620234   -719.9650407
297.4328669   -1378.5825968   -780.2954912
297.9605468   -1378.0499697   -777.4930596
296.0139485   -1379.0411949   -779.3252468
297.1621724   -1380.4197311   -789.3671393
297.8726896   -1379.2351484   -785.7502699
296.6264757   -1379.3115616   -784.0081453
297.5458475   -1379.6657324   -787.2514725
298.2048961   -1381.1230659   -717.7419066
296.6730269   -1379.123807   -782.0692658
295.9006401   -1380.4866076   -768.4482336
297.0688315   -1378.4068823   -776.5434384
298.0863424   -1377.2563934   -717.3817158
298.3550402   -1382.7453852   -710.0521326
297.9986938   -1384.4313622   -716.6327834
296.1293133   -1379.4957399   -771.3298202
297.9464801   -1381.6338778   -714.564383
297.9080947   -1379.1610003   -711.8210196
298.4330627   -1379.080534   -708.3150744
296.5204092   -1378.7875175   -773.1974721
297.737387   -1376.719594   -713.7000561
296.9456586   -1379.5255423   -786.0962749
295.7682582   -1379.0781498   -775.5735517
296.4292737   -1380.1041842   -787.766397
296.6351482   -1379.7544241   -786.8531942
298.518953   -1375.9235144   -706.2163949
295.42124   -1380.427599   -787.6947522
293.1920858   -1384.7019672   -763.2470727
294.2469689   -1380.1809549   -774.4304538
292.9253551   -1383.0302954   -767.5446272
293.2689162   -1381.4995289   -771.7782855
292.5294014   -1382.1358681   -790.9088731
292.5021323   -1382.9369545   -794.5882678
293.6212691   -1385.1056099   -802.3706675
292.7461537   -1384.3003511   -799.4099259
293.2698103   -1381.2167645   -787.0261073
292.5699326   -1381.2077045   -779.7513604
291.1561998   -1381.9943666   -784.4049931
291.1201092   -1384.1533661   -797.2416282
289.7515567   -1383.5040331   -775.6177783
290.7384308   -1382.5740814   -788.0354524
288.5450395   -1384.9182129   -771.7413306
288.5860773   -1383.731246   -781.4702988
289.2017635   -1383.8829994   -791.0325527
287.8549071   -1384.3615055   -786.8594527
380.0989958   -1381.8980455   -674.7358441
380.262089   -1381.0032606   -673.5213995
378.6711367   -1384.5162392   -670.7745194
379.6257498   -1384.398222   -676.4406562
379.1988762   -1380.1053762   -671.7562079
378.4751119   -1380.7846308   -670.3857183
379.7458532   -1383.0828667   -679.1850328
379.4745477   -1380.3348541   -679.1547537
377.6615532   -1378.1297207   -673.7524271
378.6669048   -1378.1126738   -677.4464846
379.5655491   -1383.8502169   -681.4189553
379.5219483   -1383.0852509   -683.6817861
377.7684393   -1379.052639   -684.3026876
378.9870711   -1382.3385239   -685.8887076
378.5378756   -1383.9333057   -688.6104941
378.0595037   -1377.4683475   -677.4672866
377.0302209   -1382.3827505   -669.1256166
375.9997161   -1381.3319206   -669.4847345
377.8434964   -1384.940505   -692.6105022
376.3305368   -1380.5094957   -692.9908395
375.9677383   -1377.2752285   -683.5426688
375.9247484   -1378.6073923   -688.7300014
374.9116483   -1376.3084412   -678.6493063
375.7252815   -1377.3144484   -674.3587852
374.8790743   -1376.519084   -680.6747317
374.0805956   -1378.5526752   -672.1927524
376.7617168   -1383.5958242   -696.6143847
376.5475424   -1381.0417652   -693.3627725
376.4200481   -1385.1625919   -700.398922
375.1569214   -1377.10464   -686.3664389
376.0540458   -1382.4827671   -699.1467476
375.682381   -1380.5195093   -696.4469552
374.2286386   -1377.81775   -692.2671199
375.109342   -1382.7526569   -703.5822868
372.8535446   -1376.7929077   -676.3723493
374.6022405   -1380.120039   -700.5736828
371.5060475   -1376.1683702   -684.7407818
372.5101473   -1376.7607212   -690.4001832
373.2895675   -1378.1504631   -697.8749037
373.4080168   -1376.562953   -686.3633394
373.3970942   -1377.5700331   -694.8299408
374.2077472   -1380.1660538   -702.7626634
371.5160909   -1376.1216402   -681.5688014
373.0314942   -1378.464818   -702.152133
373.1294992   -1379.445076   -705.7857513
371.2196323   -1382.8436136   -669.3668365
371.1462887   -1380.954504   -670.4886556
369.4392266   -1377.3281574   -677.1045327
371.6971251   -1376.1585951   -687.0741844
370.7972141   -1376.4973879   -695.104301
371.916947   -1377.6643276   -703.256011
369.2149641   -1378.792882   -673.8471985
370.858741   -1376.2658834   -690.4672384
369.4533082   -1376.2888908   -700.760603
369.6489903   -1376.5364885   -681.0911298
368.8010248   -1376.2185574   -696.1003542
367.9391714   -1382.4472427   -670.7051992
368.8389035   -1376.259923   -691.0427213
367.5999316   -1376.6901493   -682.7613711
366.8555739   -1377.6932955   -678.1603098
367.7684786   -1376.3855696   -686.5949631
367.7941235   -1376.1088848   -698.9070177
367.011589   -1376.2723207   -693.3707595
367.0674684   -1376.2911558   -689.6649003
366.3089099   -1379.0329695   -675.5818725
366.674644   -1380.7786703   -672.9454398
365.985212   -1376.2247562   -697.8627443
366.4270314   -1376.7473698   -684.7011447
363.8821515   -1382.7496767   -672.4745035
364.9018975   -1376.7498732   -687.3112917
362.0015057   -1384.6217394   -671.9223857
364.3619838   -1376.7552376   -691.2179589
363.5636839   -1376.8465519   -695.6846714
363.5783317   -1376.502037   -700.0983357
362.7214851   -1380.879283   -674.9084592
363.3950772   -1377.2809505   -685.0634813
363.2090958   -1378.0455589   -680.8755398
363.5578575   -1379.2083263   -677.3767471
360.9991791   -1376.5075207   -701.8811107
361.9544777   -1377.3012161   -688.9525056
361.7195459   -1377.3100376   -692.3273802
360.8863177   -1378.2180548   -683.0738187
360.4014488   -1381.6363811   -675.3526926
360.2950247   -1377.2826195   -697.2972155
359.0431633   -1377.8942823   -694.3622828
360.3405627   -1379.652977   -678.7231565
359.7213598   -1378.1279325   -686.1121058
358.6315336   -1378.2565594   -690.7473803
356.4377102   -1376.0545254   -703.353405
357.375932   -1384.4121695   -674.3462086
356.3755127   -1377.4250746   -698.3332038
357.3614927   -1380.6245327   -678.6980629
355.7120087   -1379.3678284   -684.3200326
355.9189262   -1379.0158033   -688.4324551
356.7165109   -1382.4878931   -676.3563752
355.3088131   -1378.5617352   -693.3072805
354.7896268   -1381.4356327   -678.830862
354.3946268   -1380.2030087   -682.0945144
352.9577079   -1383.5642338   -677.0716906
350.9722921   -1376.6392469   -699.70119
352.1400514   -1375.3186464   -703.4715414
351.3514968   -1377.9942989   -695.9223747
353.0358049   -1379.7426224   -687.0293617
353.6199453   -1379.0421486   -691.2501454
351.4757725   -1381.5073967   -680.5420518
350.3293964   -1378.745079   -693.4185028
350.3366979   -1380.5423975   -684.4081879
350.0813665   -1383.4331036   -678.5467863
350.7947447   -1379.4858456   -690.5320883
349.2542031   -1380.2881241   -687.4188185
349.6899279   -1377.2834539   -697.5176334
348.7041565   -1375.9012222   -699.9742389
349.0174683   -1381.2395334   -682.8578711
347.517726   -1382.7381134   -680.3189516
347.2342464   -1379.2846203   -691.3938522
348.5293957   -1377.8797388   -695.60498
346.1594852   -1376.3481379   -697.6165771
346.2402495   -1381.3613653   -684.3782067
346.2568941   -1379.9819946   -689.111352
346.7112007   -1377.8647184   -694.9772835
342.2748419   -1383.705616   -681.5847754
344.5476713   -1377.330184   -695.1674223
344.4758775   -1380.2446127   -688.3954406
343.198088   -1379.0001869   -691.4123893
339.4222828   -1381.2615871   -686.5359545
340.9743281   -1380.1288605   -688.786447
340.9287902   -1378.5192966   -691.9581294
338.9608534   -1376.9232035   -694.0324903
338.1425115   -1382.9330206   -684.2509508
339.6285745   -1376.0008812   -695.5610514
337.2395905   -1379.6448708   -689.0751719
337.8387066   -1379.0961504   -690.1527047
337.1495279   -1378.3966303   -691.1290288
336.2177881   -1381.1149597   -686.4546537
333.7639841   -1384.0250969   -684.1231585
334.727672   -1380.2851439   -687.2355342
336.3427492   -1377.5705099   -692.0719147
334.9863561   -1376.880765   -692.5040483
335.501221   -1377.9257536   -691.1330223
333.321658   -1375.5191565   -693.6048269
330.7974907   -1378.4581423   -688.3704066
333.5039588   -1379.5038462   -687.9909635
334.5042142   -1381.3320398   -686.0938072
332.5493904   -1381.5982342   -685.7478619
331.5951499   -1379.1596889   -687.8457069
329.8156532   -1384.7882748   -685.3768229
329.6122821   -1380.3930283   -686.9794726
330.9930237   -1375.5942583   -692.1378374
330.0791355   -1377.0375252   -689.7901893
328.3496173   -1376.1467934   -690.2163029
328.8715752   -1379.3931007   -687.6716614
328.4557732   -1377.9683113   -688.6718869
326.8208178   -1383.9492798   -686.5030527
327.3082348   -1379.2316914   -687.8890395
326.6036781   -1377.7205944   -688.8115406
326.4589878   -1380.1475763   -687.562108
324.9662789   -1381.1495304   -687.6289248
326.0781737   -1375.4731417   -690.5827522
325.9094628   -1376.5262365   -689.6270514
325.6006511   -1379.0787458   -688.2100105
322.6087662   -1384.454608   -688.0351305
324.8243006   -1377.48456   -689.0016198
323.4692784   -1378.8201809   -688.5564327
320.3591379   -1381.449461   -689.1033649
323.27908   -1377.1263361   -689.2772913
322.1662911   -1375.901103   -689.9676919
321.0078748   -1377.0365715   -689.7448897
322.0450255   -1378.9499998   -688.9333129
318.2115527   -1384.0523958   -690.479815
320.6483396   -1378.7981272   -689.3675327
318.4154304   -1376.9278526   -690.3036833
316.1350163   -1380.227685   -691.0974979
315.0978657   -1376.0126829   -691.429019
314.3570694   -1383.4711313   -692.8879619
313.762066   -1378.3903122   -692.224443
313.1654235   -1376.7677546   -692.376256
310.4126724   -1381.259799   -695.4096556
310.9395178   -1375.5844831   -693.3926344
310.0505742   -1377.9629469   -694.6519017
307.6831969   -1379.0775537   -696.6478825
307.4321719   -1382.0109367   -697.8369951
305.0030442   -1383.677721   -700.3548741
305.0960275   -1375.8585453   -697.4727511
304.361132   -1380.3936243   -699.7953057
302.2708269   -1378.7540197   -701.1483908
302.4445149   -1382.8290701   -702.5980949
300.8353087   -1384.3083382   -704.7013044
300.4329177   -1377.0780563   -702.7532458
299.9139103   -1381.6356659   -705.3968906
299.1393479   -1379.1401386   -706.1504126
