627.2374439   -1776.9057751   -403.6106467
627.8168383   -1743.4090376   -286.3218486
627.3221756   -1742.3331738   -302.7385473
627.74326   -1747.2894192   -352.4266779
627.8161565   -1759.6944571   -376.3816059
627.7147169   -1761.2627745   -378.9277375
628.1414079   -1743.0020571   -290.5057371
627.2685873   -1771.2606192   -395.0810432
627.1835613   -1742.5466776   -332.4688077
628.0534165   -1741.7396307   -307.4999154
627.9442059   -1757.0295334   -372.0062971
627.2809701   -1741.6229248   -317.4926639
626.6813698   -1745.9180355   -347.855866
627.4763169   -1744.6448803   -343.9269364
627.6079687   -1762.9916668   -381.7289174
627.4022656   -1765.3875351   -385.5583966
626.4810162   -1768.5477734   -390.5695677
626.582955   -1754.6895742   -367.6083386
625.3932985   -1752.5340319   -363.3266687
625.8067908   -1743.5871363   -337.3843133
627.2008019   -1742.9205179   -295.2626944
625.9153048   -1744.7104454   -268.8305378
625.3484125   -1742.2325611   -324.0415156
625.5553523   -1742.0806885   -320.5456436
625.9249123   -1744.3369627   -341.3724303
625.9633536   -1743.1851625   -298.4792888
625.3553527   -1742.5092459   -328.4459412
626.371474   -1744.3214655   -273.8296092
624.4922849   -1750.4330873   -358.638823
626.117521   -1744.2362309   -283.3867669
625.4290203   -1744.6639538   -278.9084315
625.2965304   -1773.8169432   -398.4491229
625.409768   -1775.8119106   -401.3485312
624.0641186   -1742.8572178   -310.8073175
624.8722831   -1742.3667908   -314.6579564
625.0258917   -1748.724699   -354.8599482
624.7859868   -1744.1132069   -293.317169
624.9110597   -1744.3649769   -289.5985544
624.8303214   -1742.8435087   -307.6714575
625.6633187   -1758.5635185   -374.1654158
623.2561404   -1756.9204569   -370.8225787
624.5364407   -1760.3518963   -376.8799603
623.7276839   -1747.6713657   -351.3861299
623.4005923   -1762.5234127   -380.1145256
624.1776878   -1764.1146183   -382.9064369
624.1412247   -1745.4093695   -344.2352116
623.3431297   -1765.7552958   -385.3909373
623.2328983   -1744.2231178   -300.0110388
622.8106777   -1744.0024614   -304.1892052
623.2967722   -1742.7772284   -317.6930249
621.5988892   -1771.1148262   -393.5807049
621.4697464   -1773.3941078   -396.9505727
623.883714   -1744.2657948   -296.1756885
623.9834736   -1743.239522   -332.5645328
622.5272352   -1745.6604242   -285.3553295
622.2450836   -1746.7594147   -347.5760221
622.873609   -1753.7629604   -364.993602
621.3202281   -1767.3037052   -387.4509633
622.5523325   -1769.0855265   -390.6748295
622.4336541   -1746.1128235   -272.3070681
622.9231106   -1745.7927465   -276.8934667
621.8479453   -1746.1262941   -281.2300622
622.6871359   -1744.9089289   -340.5805826
620.5568901   -1746.9924688   -268.330574
625.0876459   -1745.162487   -266.0203576
621.5950968   -1744.4968224   -336.833775
622.0722283   -1759.1609955   -374.3345439
622.033407   -1743.1286573   -321.6522336
621.2284891   -1743.4977293   -326.2338936
621.6995856   -1743.6476946   -330.6850791
621.9818192   -1775.7064104   -400.2965093
620.8113721   -1749.6391535   -354.8897803
621.0566489   -1745.7529306   -294.2028046
619.2488531   -1747.0847368   -288.0917192
621.4223495   -1743.6503172   -313.7663007
620.0534078   -1744.7310686   -308.8665903
620.7306395   -1761.7021799   -378.1864047
619.4205126   -1752.3081303   -360.5075479
619.2682023   -1763.7265921   -381.1632395
619.9378549   -1746.3780642   -343.9677358
619.9618644   -1748.2124567   -350.4691124
620.5805177   -1744.3187237   -333.8440657
618.804547   -1744.3835735   -318.058908
619.0944808   -1757.2727203   -370.1383173
619.921106   -1745.5964088   -301.545918
620.2321658   -1746.9713688   -279.1043222
619.1014769   -1747.635603   -276.2372196
618.7912571   -1745.7774878   -304.8835695
618.8213183   -1745.7631826   -339.5752907
618.3795827   -1747.808218   -282.4310064
624.0194859   -1745.7207441   -264.0286088
619.4389211   -1747.4375963   -264.4504607
627.1153996   -1747.3756075   -238.5249436
626.6665953   -1745.9509373   -203.4102082
627.4359161   -1746.8698025   -212.0639384
627.3807334   -1747.7351427   -234.5567644
628.0061389   -1770.177722   -125.4766732
625.5658055   -1746.4672327   -206.7357302
627.5729584   -1756.2695742   -139.1877979
627.2954354   -1748.0449677   -227.9521078
627.6170845   -1746.6093302   -243.3880121
627.7371096   -1750.5971193   -148.0778009
628.0392232   -1748.9131689   -151.2359083
627.1613064   -1744.9234724   -180.3010106
627.0196075   -1752.7937889   -144.8761821
627.6910091   -1762.7162933   -132.3492974
624.746752   -1746.6452122   -248.8205731
626.7051706   -1748.401165   -154.3134004
625.3931346   -1745.7356453   -255.9323609
625.0664862   -1745.5313206   -259.9520683
625.5073967   -1748.2813597   -231.5962613
623.115127   -1746.0020781   -196.6425925
624.2289292   -1745.7270622   -192.7488446
626.7734403   -1745.1838255   -190.0552213
625.295599   -1745.8572388   -200.3207952
626.1849972   -1745.1910973   -173.0676591
624.8436878   -1745.6679344   -175.0592142
625.7220814   -1755.2597523   -142.3898637
625.0789771   -1772.5771666   -124.983862
625.4048245   -1774.0693092   -121.9353825
625.9609098   -1759.4239712   -136.9144917
625.5491646   -1747.5557327   -215.8919424
624.4994672   -1745.7478046   -184.1161996
623.1319653   -1745.9721565   -189.5105541
625.7125298   -1745.5433607   -169.5272028
626.209789   -1746.5248108   -161.183238
626.0293024   -1747.521162   -157.9001695
625.1399639   -1748.2303381   -222.2648263
625.3014142   -1748.349309   -225.0050902
624.9309378   -1746.3797331   -165.0163978
622.6183335   -1746.8006611   -253.2154322
625.6021494   -1747.89536   -218.9359367
624.1070042   -1770.7314491   -128.1448305
623.0893145   -1765.6650543   -133.7275058
621.5961641   -1769.6632147   -131.4799041
625.2543005   -1762.5693083   -134.5471293
624.2471422   -1751.1972189   -151.1993855
624.98903   -1752.5849342   -147.5277692
623.8816427   -1747.5602627   -242.6789254
623.356537   -1747.2435236   -246.0612655
624.286295   -1757.8293085   -140.3627396
623.6459436   -1747.3205328   -211.5923315
623.1737333   -1748.4322786   -235.488534
624.2144825   -1745.8752394   -178.1954318
623.7358982   -1748.632431   -228.2216251
621.839366   -1748.3830452   -238.9787138
623.8827641   -1754.5963526   -145.3507841
621.7423519   -1746.5951443   -181.4130992
623.2676926   -1749.789834   -155.8919698
622.2140128   -1746.5610504   -203.0963153
621.5746189   -1747.1427917   -207.4018866
622.7541501   -1748.5092878   -160.5655551
623.6660714   -1746.2910414   -171.8011796
622.1466968   -1762.9451752   -136.907205
622.7064627   -1760.2068186   -139.1045451
622.6762357   -1756.8874359   -143.2534903
622.3426098   -1747.1263409   -168.7443107
622.1124521   -1748.3733892   -219.2278355
622.3888556   -1748.7981319   -231.2259972
622.392199   -1774.8376131   -123.3159304
623.6787672   -1775.865078   -119.5116192
621.4544578   -1748.8650084   -224.5431542
621.3863595   -1746.4492321   -199.5781809
621.512278   -1773.5170126   -127.0721853
620.8602442   -1747.0291853   -259.7721517
622.2512154   -1753.9868355   -148.2980996
620.7701164   -1748.5506535   -164.8484766
622.1469464   -1771.196723   -129.4076443
620.6314294   -1747.6865053   -248.6190945
621.9776413   -1746.3443279   -186.0949099
621.0518098   -1748.0472326   -243.7593937
620.7341226   -1758.7604523   -142.7916735
620.7599463   -1747.8116751   -211.8946016
620.559779   -1752.3750067   -153.7544131
619.7740054   -1754.0215254   -151.3954103
619.9916629   -1746.555686   -193.1809038
621.2179969   -1746.9607592   -177.3254126
619.269968   -1747.6065159   -256.5049231
620.9798949   -1756.3221455   -145.9804326
620.7684568   -1749.0708828   -228.7037373
620.7169714   -1747.4486828   -172.8982478
619.6802119   -1751.2530088   -157.8236818
619.1105275   -1749.2272854   -232.2229892
618.5692316   -1749.0938902   -236.3714129
619.1892336   -1746.7327118   -197.3612607
618.5581228   -1767.4007416   -136.2362206
618.7394979   -1769.1949606   -134.4739348
619.2236832   -1750.2052784   -161.670357
620.0323804   -1761.8345022   -139.9686038
618.6275101   -1747.9909658   -251.3951063
619.0019185   -1775.6594419   -125.1603067
619.5460288   -1777.3088217   -120.5136329
618.9812767   -1748.7416267   -168.7241644
618.973787   -1755.9595108   -149.0370333
618.4889982   -1747.369051   -205.3407133
619.5888212   -1772.572279   -130.146578
618.8715259   -1746.9685078   -188.9172196
618.6127412   -1747.2848892   -184.9357337
618.8410083   -1748.8106489   -240.0959432
627.6325146   -1776.5171528   -114.3969595
624.8846585   -1776.4419317   -116.8691963
625.9051571   -1775.0403881   -52.3282476
623.2498447   -1775.0265598   -55.0316609
622.0523334   -1774.4714022   -49.7928187
627.8407248   -1775.7985592   -56.5256737
627.8512897   -1775.2361298   -47.9092821
618.8751096   -1774.3579149   -54.5362532
621.0833164   -1775.1349211   -57.7339754
625.4895749   -1775.9262323   -58.3095588
623.2271092   -1774.9680281   -44.2589968
618.8218249   -1774.2898464   -45.9208228
619.3307033   -1774.8562098   -42.3554927
621.9921271   -1775.9367228   -38.5245904
627.4418468   -1775.6785154   -42.8168587
624.8207139   -1775.6123543   -41.2593149
619.3412384   -1775.763154   -61.0300079
627.1946924   -1883.2228184   -568.1152344
627.3587393   -1877.8777122   -567.0890808
627.11968   -1892.0810223   -568.3926344
628.2338174   -1896.202445   -568.7978268
626.5172074   -1873.6271858   -565.1582479
625.9919489   -1909.9510908   -567.3492551
628.0568848   -1915.4261351   -568.2752132
625.6141263   -1903.6695957   -567.2671795
624.8042966   -1897.4508047   -567.0315623
625.1882213   -1869.4705963   -562.5844598
625.3117705   -1864.5781279   -559.8735213
625.0431324   -1887.8186941   -567.4005151
623.8779175   -1915.4640436   -566.223681
626.2936527   -1918.2673693   -567.3602819
623.9977638   -1880.3110123   -566.1174059
623.5727827   -1876.5642643   -564.9358034
621.6671607   -1884.5721483   -565.5930042
620.8872339   -1891.7229176   -565.2858615
623.2027198   -1873.1559515   -563.4917617
622.0956287   -1906.4825773   -565.4867887
622.1897835   -1910.990715   -565.4589534
621.5643334   -1901.3730288   -565.3190613
620.7413534   -1871.1346388   -561.4327788
621.6756618   -1867.410779   -559.8971248
620.4522169   -1897.2965479   -564.92275
620.4517605   -1879.4367313   -564.2876625
619.5310513   -1913.9333963   -564.0969872
620.3838746   -1918.2589054   -564.4618869
623.8220791   -1921.3955402   -566.1100745
620.1781435   -1875.1657009   -562.8828406
618.7967202   -1909.1800451   -563.8155937
618.4991422   -1899.9091387   -563.847065
627.4993243   -1815.834403   -540.4491425
627.493673   -1846.8450308   -554.0106893
627.7432153   -1822.1768141   -545.1378226
626.1128793   -1791.1001444   -427.3661375
627.5549615   -1803.9525747   -525.8244276
627.0365799   -1797.5627184   -507.0008636
627.2485825   -1794.321537   -438.6823177
627.8310763   -1794.9082851   -443.1950152
627.450672   -1838.8994932   -552.036047
626.4192919   -1835.0769281   -550.3398776
627.7412856   -1795.8743572   -477.5131643
627.4344484   -1796.8169451   -473.6334383
625.7999214   -1842.7349329   -552.1335006
627.7987371   -1795.1395512   -497.9857504
627.5929856   -1794.9918509   -490.4846251
624.9637576   -1859.868288   -557.3008657
626.5303502   -1819.6302652   -542.5766706
626.4877888   -1793.2218313   -433.4579706
626.6779835   -1812.8888607   -536.8469954
626.0124976   -1797.4511385   -447.6859272
624.904112   -1830.2824497   -547.5844741
627.6299069   -1795.384407   -482.1641743
626.3824264   -1785.6850624   -416.4773822
626.1587525   -1783.5360765   -412.6598239
626.8331418   -1796.1394787   -494.3661988
626.8092441   -1800.0580072   -515.8362985
626.1488358   -1802.1737337   -519.4454193
626.1246996   -1799.4681597   -463.4375274
625.7310668   -1807.6007366   -528.9741158
625.433621   -1825.7256746   -545.6525087
626.3056966   -1798.9382744   -470.6334472
626.8233741   -1798.9518642   -511.9464993
625.5988265   -1810.6706142   -533.1463814
626.2610862   -1798.3065844   -454.0258944
624.6892373   -1855.1191092   -554.9857616
625.6560618   -1798.2279062   -501.291573
626.437814   -1796.8553305   -486.8627489
626.0608519   -1803.7905693   -522.7934718
622.9245821   -1788.4156704   -418.5972512
623.5083426   -1789.9112701   -421.8676984
624.226139   -1850.5557775   -553.3007383
624.2236318   -1797.5594997   -441.9736266
625.5429844   -1798.01476   -496.8260527
623.6004057   -1823.0988979   -542.7113771
625.0821138   -1799.9682426   -480.1370203
626.2979554   -1798.3385324   -476.3588011
625.9838911   -1797.881484   -483.7590754
624.0087571   -1800.4597425   -492.4606383
624.2867457   -1806.5741062   -524.7235894
623.9692206   -1816.2740469   -537.4116302
623.8405863   -1819.3362951   -540.0999188
623.8309341   -1846.4359045   -552.0994067
623.5732334   -1838.871479   -550.0516891
624.9404038   -1800.6970882   -474.1602838
623.1571297   -1796.4936495   -436.5507662
624.2854307   -1801.3393879   -510.0260377
623.8569888   -1801.1096716   -505.3423643
624.7026781   -1801.7455339   -513.8923526
624.189728   -1803.38943   -517.4477696
624.196847   -1802.1094799   -467.0765698
623.9252659   -1813.9293194   -534.9280834
622.1601563   -1794.8733568   -431.0225248
624.9917606   -1799.321413   -486.3242507
621.8021932   -1835.288167   -547.8968024
623.2059831   -1785.6677771   -414.2186344
624.5112429   -1801.6318083   -470.8171785
623.0047914   -1800.9473085   -451.1319697
622.4938119   -1802.6224375   -456.517458
622.8810037   -1805.9850931   -520.4268098
620.3201795   -1793.0890322   -425.2848923
620.826249   -1801.2126684   -445.856899
623.517924   -1802.2596836   -483.6596549
621.6154816   -1843.3113098   -550.1521826
623.1381679   -1811.0884428   -530.2270055
621.7401037   -1810.4220629   -526.8124342
623.8888773   -1800.4566431   -498.0000257
623.3042414   -1801.43857   -501.2481809
622.2819435   -1813.5621548   -532.4192643
623.1053556   -1803.2281399   -464.1706944
622.0583683   -1804.0188551   -461.4692926
621.7583018   -1827.5499344   -544.1951752
619.899272   -1863.7626171   -556.8665266
622.6362968   -1804.3234348   -476.4062464
622.1035859   -1804.9921989   -481.2271893
621.9663294   -1804.7304153   -486.7096841
620.4041643   -1858.3786488   -554.3664098
622.4384262   -1804.672718   -471.3937342
619.7907934   -1831.8561316   -545.15481
622.8731359   -1804.033041   -514.3899322
620.5679449   -1853.7305593   -552.4150133
621.2545941   -1808.7990284   -522.415936
621.381375   -1804.8985004   -508.7457299
619.9590573   -1848.6742973   -550.5673289
619.8153282   -1799.8520136   -440.0006831
620.4186054   -1806.4492941   -465.6835496
621.4130959   -1804.7599792   -498.1348515
620.8469021   -1806.4271212   -491.5455282
620.8213261   -1806.1662912   -495.0014651
619.8790754   -1788.1857157   -416.2368178
621.2790115   -1816.4305687   -534.6567035
620.8435232   -1819.4594383   -537.2568369
621.9678624   -1803.5775423   -503.6753416
621.0177103   -1822.1036196   -539.7539139
619.3314242   -1825.5672455   -540.9961343
619.3620759   -1839.7195339   -547.9915142
621.4068616   -1806.4675331   -516.6200399
619.8465424   -1790.6440496   -420.3332365
618.4720947   -1798.2919216   -434.4132543
620.5538595   -1813.4009838   -529.6376944
619.0719298   -1804.2924404   -451.7515898
621.1833293   -1806.4800501   -474.2083848
619.7903464   -1808.4989786   -477.1476388
619.8538589   -1807.7176809   -513.3277774
619.6018542   -1808.1972599   -471.7551172
619.4641395   -1816.1058426   -531.7249894
619.2269447   -1809.5370531   -482.8700721
620.2482591   -1808.7376356   -519.3050504
618.8586085   -1809.5661402   -499.4267821
619.4718434   -1807.8495264   -505.6411624
618.3969202   -1810.7734919   -487.8570437
619.0955295   -1812.0977879   -524.3213177
618.4980935   -1814.78405   -528.2017589
618.8012241   -1809.9461794   -517.0016289
618.8782072   -1809.8824024   -493.1076467
619.6409474   -1785.3341103   -411.8924439
626.2111226   -1781.3637257   -409.4279408
624.9915073   -1779.6038389   -406.3872993
622.2323822   -1778.4737349   -403.9083421
623.0056743   -1783.151865   -410.3672206
619.2527498   -1777.7992487   -402.2531807
622.0147843   -1778.0761719   -115.7828793
627.8364258   -1777.9860497   -33.5894674
626.9419613   -1784.7067118   -97.6602286
627.8322237   -1795.7550287   5.5520772
628.096045   -1786.285758   -12.7719929
627.8733658   -1780.3273201   -71.1048692
628.1185942   -1777.0681381   -61.9653836
627.9138336   -1784.8826647   -93.3115929
627.9184828   -1779.0466547   -30.3216055
626.8894384   -1781.7511559   -74.9497339
626.7962056   -1800.1884222   13.5578318
627.030355   -1802.2682667   16.7668499
626.334657   -1776.4452696   -38.1674506
626.5967461   -1778.773427   -67.1122819
626.674966   -1797.9089022   9.6285958
626.9606809   -1791.7933464   -2.0249144
626.5525157   -1779.7716856   -108.8365763
627.1228241   -1777.7664661   -112.2010648
626.7538416   -1785.0574255   -90.0279358
626.6738521   -1783.5828066   -18.3944106
624.5626109   -1784.3258381   -16.681945
626.8166351   -1806.4537048   22.3295186
624.5172369   -1789.2186642   -6.9940039
627.2236975   -1781.1170816   -106.4085662
624.5897124   -1803.8468361   19.0700833
624.0184801   -1780.1722288   -26.6250018
626.6949857   -1782.7906609   -103.8788185
626.3292777   -1783.5490704   -80.5796087
625.7168735   -1782.7857733   -77.7960196
625.0314722   -1784.3911648   -82.9641148
624.9191473   -1782.2299004   -21.4915387
625.5964945   -1784.4545841   -100.6975695
624.8069341   -1785.2133512   -87.0593339
625.3259452   -1787.5912189   -10.2394046
624.0850361   -1810.3317022   26.4745504
626.8352988   -1811.1776114   27.5256727
623.6506636   -1794.6785688   3.704539
624.7127587   -1792.6208973   -0.3109985
625.0169659   -1785.4582071   -95.6485122
622.180176   -1777.1087885   -63.6939108
623.0650181   -1785.6520414   -13.9700342
624.4438524   -1778.6357403   -30.8316909
625.1776563   -1785.5178118   -92.607066
624.2777529   -1781.1224461   -72.8637129
623.1386336   -1779.9012661   -69.9766651
624.1921122   -1777.2631645   -34.7761549
622.177125   -1796.4880466   7.231568
624.5890344   -1778.6581516   -112.1844724
623.7411732   -1782.3631763   -106.3529253
623.0163062   -1801.4113903   15.6761408
623.4385679   -1791.0891771   -3.3053402
622.7234202   -1782.3435068   -75.9475455
622.7869736   -1807.2226048   23.1321584
622.2561701   -1798.8260984   11.4964088
621.7491283   -1786.1433029   -90.4228315
623.1987598   -1783.7328911   -104.2716354
623.1616708   -1783.6070061   -79.5458183
623.9427561   -1777.4397135   -115.36742
623.1795745   -1784.9251032   -84.521383
623.5182034   -1785.5319977   -98.5205844
620.9754674   -1785.7501507   -101.1827886
623.6787932   -1781.4860344   -107.722573
623.2187422   -1780.7028294   -109.3493551
621.606729   -1787.4115705   -10.6422491
621.8468389   -1786.3502502   -93.1554884
621.3876447   -1786.3514423   -96.189104
620.4769584   -1782.0848227   -21.8213107
620.3937857   -1785.8450413   -87.207824
621.5816448   -1792.5134897   -0.5126042
620.8320586   -1780.629158   -111.367926
622.8517676   -1779.1246176   -112.669833
620.9548703   -1811.0640049   26.9338824
621.4132449   -1803.4894466   18.5924768
621.1868385   -1778.4719467   -30.8271553
620.3481043   -1794.3987846   3.1800021
620.8016379   -1780.9453011   -72.5508556
619.2661869   -1776.990056   -34.5880538
618.868812   -1779.8423767   -27.1813162
620.6109869   -1784.5960855   -82.4404955
620.6422793   -1783.8572264   -17.8107489
620.7895382   -1782.3108435   -108.2693487
619.7804967   -1786.5152359   -98.8766253
619.9189453   -1805.1872253   20.6511971
620.109587   -1807.1286678   22.8783395
619.0857338   -1790.5669212   -4.4081681
621.2954624   -1781.2794447   -109.7434238
619.8389111   -1785.1840258   -104.0543765
619.7365718   -1783.4136486   -78.6522925
618.9876581   -1777.4499655   -65.6406805
619.1017656   -1779.3542147   -69.6325079
618.984201   -1799.3582487   12.4615952
619.0585541   -1801.9731045   16.478939
620.9422378   -1779.7448635   -113.1547838
618.4637035   -1782.1234465   -75.5221918
619.0100173   -1809.3310595   25.0377096
627.5882023   -1829.1816711   48.9506908
628.1471895   -1835.3848457   58.0459125
627.3174109   -1839.9630785   64.3161386
626.9402104   -1827.0848989   45.7876399
628.3424618   -1870.6007004   138.5922432
627.4157027   -1873.1013536   141.8887675
626.8707486   -1848.2116461   78.7988454
628.0041309   -1851.2965441   89.01456
627.0452971   -1831.9936991   52.5831096
625.9295205   -1855.7240963   97.6510197
627.1834048   -1844.5391655   71.8453154
626.4538551   -1825.1926899   43.0573486
627.6384974   -1818.721652   35.5769768
626.49138   -1821.4305639   38.4073965
627.3746947   -1855.3974628   100.5115882
627.0457926   -1816.0507679   32.5696319
628.2047788   -1882.1091652   163.6636108
625.7638121   -1854.3721437   93.0137411
626.5175948   -1862.0449305   112.6839742
627.7643899   -1863.9554977   119.4411218
627.5413642   -1862.4933958   115.8299521
626.5764581   -1866.6317463   122.3222017
627.3012767   -1867.4162626   126.4587492
626.1581825   -1878.64995   150.6385803
626.6410323   -1880.0572157   154.9593955
626.68096   -1871.1197376   134.2455894
626.3740557   -1875.7517338   144.8999345
625.7694001   -1852.0107269   86.100392
627.2417615   -1882.0009232   160.3624821
626.7609159   -1887.2851133   166.9943929
626.1575306   -1877.3300648   147.8153169
623.6797916   -1842.9073095   65.921858
625.2730014   -1844.2977667   69.5437118
627.0093555   -1889.9940252   171.089828
624.9063472   -1823.662281   40.5805223
626.0178583   -1859.5947027   106.8155617
624.5762306   -1859.4993353   103.5828143
624.4335072   -1814.2818213   30.4113533
625.6686571   -1850.5278826   82.2638869
625.3963868   -1870.5575466   128.5533905
625.4115524   -1834.5965147   55.1355891
624.2408203   -1846.396327   72.1437111
623.5570209   -1849.1574526   76.5062273
624.6010075   -1875.0270605   137.3618394
627.1546344   -1893.6499357   175.6215841
624.4446868   -1887.5221014   160.6374085
624.3289123   -1836.6396427   57.2686791
624.9795379   -1853.4611464   88.5844529
622.5545993   -1840.8168554   62.0261021
621.1204129   -1839.4962549   59.2848733
624.4075606   -1867.3596382   118.0803776
623.9456842   -1817.5940514   33.5793458
623.9974732   -1865.7169342   113.8321757
625.0618557   -1869.8678017   125.8054972
625.2973872   -1884.4871521   158.5815996
624.358357   -1862.4857664   108.7492853
623.9190074   -1832.4398994   51.4308624
624.8540813   -1890.9424543   165.9573168
626.0354454   -1894.3133354   172.8046834
624.5805966   -1894.5423365   168.9542979
624.1249973   -1828.7256956   46.6255583
622.701657   -1851.3829708   79.9352676
624.1277391   -1877.2499561   141.1192268
624.6225508   -1872.5463152   131.2167197
623.5700371   -1882.5739622   150.3858119
624.6029409   -1883.5381269   155.0248563
620.8805172   -1830.6558132   47.7635898
623.8102364   -1869.9244261   122.3197654
622.0220486   -1821.2946653   37.0757654
622.7371069   -1825.4189491   41.9922359
622.9586462   -1880.7141781   145.0175494
623.0054507   -1857.4719429   95.4722688
624.0960071   -1880.3366423   147.6925015
625.1919987   -1898.1956244   174.3813008
623.2179115   -1862.1000051   105.8472544
622.6154687   -1865.2439117   110.2319062
622.3896584   -1853.4359932   83.8953406
622.3091865   -1835.2024555   54.1889481
622.7669428   -1876.0457039   134.016186
622.4929477   -1888.2724047   156.2031209
622.1386688   -1845.633626   69.0656453
620.9719656   -1856.9450378   90.2194828
622.6338195   -1872.4112511   124.8558909
619.805404   -1861.872077   99.32933
621.6608761   -1855.2008867   87.035425
620.4439076   -1823.693037   39.3678062
622.5600886   -1895.1255083   164.2484963
622.4341123   -1891.5506601   160.0853801
619.9793173   -1820.0206757   35.2864191
622.0282959   -1874.3623495   127.7221739
622.4543667   -1885.5922222   152.2545069
622.9654411   -1896.7645168   166.9910699
622.817901   -1899.2028236   168.9611822
620.8624794   -1863.0081415   103.3588126
620.147259   -1813.3707047   29.0019978
619.8917022   -1816.4057732   31.7835137
621.403982   -1864.8563623   107.3993295
621.8314795   -1848.2538462   73.1348097
621.2676978   -1879.8363209   138.1245553
621.0256918   -1827.8157711   44.2970283
621.1262932   -1869.582653   115.033634
619.9410642   -1868.0034876   110.0461856
620.1513252   -1833.7099552   51.2751751
621.4489779   -1871.9259501   120.540157
619.8826088   -1842.2496319   62.4092855
619.291856   -1844.7570801   65.7470375
620.9572191   -1850.4210711   76.1588737
620.9524116   -1837.2528553   56.19945
621.4006814   -1884.71663   147.9238868
623.3557435   -1902.0245075   173.2094437
621.2624321   -1903.3303261   169.1048592
621.9565357   -1904.8732519   172.6227254
619.612339   -1860.0524664   95.258683
621.8750636   -1898.2594013   165.6665951
620.3660788   -1884.4360113   144.6058899
619.3987923   -1883.9809895   141.1072165
620.8582847   -1877.6170015   131.9368631
620.3901405   -1901.6147852   165.3349549
619.9464193   -1879.8063993   134.1296136
619.3045294   -1826.4539242   42.1119966
618.4168188   -1854.3204069   81.1091885
618.9987576   -1875.3145933   121.8124107
620.8598065   -1895.7071304   160.6314331
620.5323199   -1898.4925747   162.7386212
619.4875846   -1890.6315565   151.4838338
619.8020308   -1894.6577311   156.9561362
619.4470572   -1892.5870657   153.6991745
620.3003126   -1887.4872923   149.2650807
619.1652706   -1836.1909389   53.9611168
619.5922299   -1907.5050354   169.4709659
620.7170105   -1908.9493752   174.3625253
623.0533505   -1905.2302837   176.512897
618.6655881   -1856.2864065   85.3501856
618.7527506   -1874.0266562   118.422389
618.9125786   -1865.8572435   104.9747765
619.177037   -1887.2070313   145.8787322
619.3961138   -1905.0465822   166.4361805
618.6621143   -1878.7953854   128.3656359
618.7042119   -1899.9156952   159.6790105
618.5589182   -1911.0894203   171.1367816
618.6126797   -1913.0883217   174.1144657
620.1939462   -1911.8398428   177.2470921
618.5783344   -1915.165782   177.5383204
627.9679472   -1866.5648699   276.5828669
627.6253323   -1830.8502436   290.8657491
628.3269795   -1895.7556486   247.0438331
627.9286528   -1835.2873325   288.2252336
627.9555234   -1824.4842291   294.3849266
628.2127547   -1804.7417402   315.4837489
628.2858635   -1894.8637247   250.7585287
627.1411972   -1894.5095539   259.4839334
627.0495626   -1891.4929628   263.4821236
627.2086772   -1810.755372   306.8425059
627.0673359   -1870.4420328   276.1881351
628.1584772   -1903.7613869   217.1822637
627.9596286   -1882.139802   268.8045204
627.4363818   -1879.1979551   271.4601457
628.2240199   -1897.2071409   183.9606613
627.4886923   -1806.6029549   312.8878474
627.550968   -1808.0348969   310.0794852
626.4782483   -1821.9958544   297.6364493
628.0081729   -1901.8810987   197.9403496
627.7689385   -1885.4620457   266.7824924
626.5380541   -1818.123579   300.6054759
626.2775744   -1814.66043   303.94876
626.878866   -1841.1898613   286.6011858
626.3133297   -1838.4064436   288.2381082
626.0860535   -1846.3665247   285.6771946
627.2880929   -1904.3002129   205.258444
628.2776269   -1897.1341848   242.7024841
626.6588318   -1827.8058767   293.5644388
627.3805062   -1902.4473429   233.4397137
626.5246021   -1853.6294699   283.038646
625.6156685   -1850.248456   285.0035727
627.2417317   -1905.5994749   212.006107
626.4509494   -1860.1870537   280.9768319
625.4990297   -1857.0159674   283.1315398
627.5395463   -1895.6474066   179.1630685
627.5798874   -1904.6833515   223.3026922
627.1559755   -1901.5899897   237.9265428
626.9357922   -1805.8768511   318.5688257
627.9578256   -1899.4938135   186.9084239
627.3619803   -1904.4746161   207.7773213
626.8668482   -1897.0582485   256.0973763
627.4694959   -1876.2513399   272.9540169
626.4682087   -1874.4882345   275.308907
626.70339   -1888.8846636   266.5765882
626.9070031   -1903.2120705   191.3972348
626.4926689   -1904.4501781   195.0095445
627.1104934   -1904.5367241   229.053542
626.8992061   -1902.3418427   187.894091
626.9206601   -1863.9582396   279.0096998
625.9681592   -1806.9887161   321.7411339
627.6624361   -1805.2841425   324.4653046
626.8769997   -1898.337841   252.0545125
626.9575218   -1900.5306959   242.7977324
626.281959   -1902.7582407   185.2390319
626.235717   -1899.881959   179.992035
625.7876801   -1807.9150915   315.7795072
626.5584873   -1908.0194235   216.5978849
626.7497363   -1904.4001102   199.1562992
625.9047958   -1867.9212332   278.7901163
624.7317838   -1826.3353109   296.4042425
624.564332   -1834.8624706   291.6576564
626.0459246   -1901.7955065   246.8212843
626.1389265   -1900.7922411   249.8302907
626.0348009   -1885.8213425   270.0006962
623.689537   -1830.8552504   294.7337627
626.4289143   -1907.8006744   224.400416
625.6551454   -1911.0100269   220.0814486
625.2560923   -1809.8299503   312.7150238
625.2931031   -1811.2467527   309.8439276
625.4963959   -1878.1648874   275.0504315
625.6422149   -1882.3839426   272.6686299
625.510891   -1907.1903229   201.1210918
626.5422115   -1905.8160782   205.4695338
625.6478476   -1906.4074755   236.3346219
625.6879615   -1907.3548317   233.3150655
625.745588   -1908.3405733   208.4080875
627.0264136   -1904.9841166   206.6137493
625.4440556   -1895.5774307   263.9665306
625.6810101   -1909.7357988   212.4311626
623.9824379   -1814.2448664   307.9758286
625.8990886   -1904.7461748   239.1873747
625.6531747   -1892.0480013   266.4714158
625.6792816   -1903.71418   244.2025095
625.6481233   -1898.1146812   260.1467669
624.4254532   -1809.0084791   319.0896213
624.2265785   -1864.0887737   282.3884785
624.894389   -1906.4348936   187.8693253
624.5314638   -1907.8148603   191.8236762
623.7703348   -1842.9993391   289.1353965
625.5102503   -1900.8088112   255.7657361
624.4634325   -1874.5981455   278.2374918
623.7373548   -1870.0526953   280.9446752
624.6219511   -1890.9214735   269.3789601
623.5844652   -1817.9545403   304.6689332
625.4360723   -1909.5931053   229.6504229
625.2488094   -1911.9027853   215.5121416
624.6705177   -1904.2077065   180.8198392
624.6228265   -1905.8127403   183.993116
624.8466904   -1909.2743397   204.205811
623.6913735   -1821.6284513   301.134944
623.137665   -1853.2428741   286.8532836
623.6150051   -1909.853816   194.4817305
622.5082269   -1824.626565   300.1471758
622.2569449   -1858.0110073   286.5229249
625.0594492   -1912.317276   225.1094282
624.6267381   -1902.0112753   177.2301644
625.060332   -1903.8918018   249.503538
624.5763982   -1904.1950703   253.3598542
623.1256212   -1847.3527431   288.5172665
624.5937692   -1905.9990644   247.0818311
623.9014799   -1886.3307238   273.5173702
624.8554634   -1906.5794945   242.7923381
624.6792647   -1908.3824158   239.6392077
622.9114803   -1811.7871284   316.0547614
624.6104623   -1912.3626947   211.1855894
624.0674975   -1912.0103121   206.6521943
624.693201   -1909.5585346   236.3097519
624.7509094   -1911.2178087   231.6212654
623.9815401   -1912.5483036   235.1092398
624.4717772   -1914.9985313   222.4915475
624.6117512   -1914.3861532   217.544347
624.2194483   -1895.0555325   267.4566507
623.9151033   -1899.630785   264.3957138
624.6240521   -1901.3953209   259.5606446
622.8755424   -1881.4218044   277.6848078
623.954718   -1910.1855755   200.1792789
624.1360763   -1904.0757418   256.9871545
622.2882448   -1878.0249357   280.0123394
624.2189678   -1913.9866829   229.7436893
622.4060273   -1814.5329952   310.734123
621.8581396   -1838.7680054   292.6511168
623.1064024   -1918.8133478   215.0424868
623.9742721   -1906.9416523   250.1996756
622.3092014   -1910.6650352   184.4288558
622.8874224   -1910.3928804   188.8480783
623.7491118   -1909.8424911   243.7203676
623.3644346   -1912.2672081   202.6525587
620.74338   -1828.6086321   299.4146943
623.8196502   -1911.3337994   239.3463552
622.0801706   -1868.6259985   283.6206853
623.7098473   -1917.0271158   226.3766378
622.3105463   -1908.7567329   179.6264648
623.2980313   -1904.307127   261.0907555
622.8255267   -1894.1332102   271.0400522
622.713496   -1890.8596039   273.1238008
623.7862604   -1917.2070026   217.9248482
623.3334812   -1915.520668   209.5702291
623.1088089   -1910.0425243   248.8246113
623.1113682   -1907.3601961   256.3747466
620.7269049   -1836.3060951   294.8834002
623.394833   -1918.7834263   222.4406451
622.1711012   -1873.3808994   281.9451094
621.8977934   -1812.4065399   320.5126822
623.2372793   -1810.5226755   322.9367435
622.9640888   -1916.6327715   234.6050739
622.8753897   -1918.9277887   230.3605974
621.6727896   -1903.0101299   267.5073445
622.6288239   -1915.0658846   204.8228234
621.7969666   -1817.1144724   308.257997
622.3776518   -1910.8337164   253.1588078
622.6958046   -1912.4637842   198.4185427
622.6603622   -1899.3269205   267.8809166
621.3145061   -1898.8837004   271.2174058
622.3676885   -1884.6254349   276.9615948
620.9561592   -1888.8636827   277.2209346
622.302874   -1912.0475054   192.3873276
622.6327094   -1913.670063   243.5230166
622.9549582   -1914.7171974   238.6710346
619.7158685   -1844.8667526   292.8305864
622.0360911   -1913.5375023   248.7242967
621.4860762   -1864.3776178   285.6875658
620.8974375   -1822.69454   303.8599789
620.5369244   -1832.7054977   297.0144153
622.029909   -1913.1270647   195.3812391
619.620909   -1820.7812309   307.8990579
620.65594   -1851.9949913   289.8608148
620.9133016   -1849.1293192   290.3558612
622.1871479   -1914.642334   201.2781799
621.6278496   -1905.7445526   265.3359473
621.747776   -1918.6245203   206.4624131
622.2791067   -1920.3138351   212.2692466
622.0914359   -1909.8274708   257.5878799
621.0246114   -1910.5141163   262.0140016
622.1455438   -1916.3070917   241.5464967
622.2288115   -1918.1286097   237.2737974
620.3008416   -1875.9691715   283.5376859
620.3926327   -1815.5734539   314.8012161
620.4221165   -1814.5889044   317.8918958
620.7266441   -1914.2404795   186.7565066
620.8017888   -1914.6921635   190.2679503
621.2017099   -1893.9635754   274.2102742
620.2822691   -1817.432642   311.2365007
619.1525637   -1859.9880934   289.4382179
620.4635138   -1891.836524   276.5885592
621.0727441   -1916.0120487   197.9096234
621.2140946   -1917.4889326   202.0856142
621.3263898   -1912.5752449   256.6953599
620.7559659   -1916.8723822   250.95734
620.2131967   -1884.9138021   280.2976966
620.4008116   -1913.0939245   180.6872338
620.2269877   -1914.4189358   183.8075817
620.8322524   -1915.3951406   193.7882304
620.9464753   -1918.5678959   245.8063215
620.8468313   -1867.9367304   285.3704989
619.4507992   -1881.9971085   282.550782
619.6942265   -1871.4505434   285.7666612
621.3503117   -1920.4466343   239.2337173
620.8377472   -1920.7518101   242.2754765
619.391867   -1815.7129288   320.4641044
620.2162197   -1815.0910139   324.2625296
618.906227   -1856.8384647   290.4664874
619.3529731   -1905.6839943   271.241039
619.1454893   -1903.0470848   273.2138336
619.1161732   -1912.3632908   266.836077
619.1300797   -1908.6534977   269.7708607
619.7089823   -1825.9171247   302.6385605
618.6886197   -1867.814064   287.9253924
618.6327255   -1836.2716436   297.252208
620.1992492   -1914.6889448   259.6075535
620.0209307   -1917.4605608   255.4154992
620.0871291   -1898.5537291   273.8457322
618.897398   -1896.1796761   277.2037983
619.5404372   -1918.828249   195.1030642
619.6753113   -1920.3612804   199.2636174
619.2182182   -1915.1039124   263.6111975
619.5823169   -1917.6914692   191.8136925
618.8012725   -1918.4455872   188.0730987
618.5061122   -1832.91471   299.230963
618.6070731   -1918.0395603   184.9185675
619.121342   -1917.7172184   260.2643669
628.2777386   -1863.6299372   384.7206235
628.2442408   -1915.5768156   444.9144304
627.3843991   -1852.9723883   375.7306933
628.0705342   -1850.2668142   373.9731014
628.0032704   -1891.9355869   428.9306104
627.1452578   -1878.0483007   405.3417742
626.5247735   -1876.9370317   401.6137719
627.9645721   -1816.9087172   343.185097
627.6518973   -1822.0376968   347.5907147
628.1470964   -1857.5100899   379.7546625
625.8072677   -1856.600523   377.7981699
626.4547157   -1872.4882603   394.1102922
627.6805001   -1834.8456621   359.449178
627.1963651   -1831.820488   356.0187221
627.253105   -1886.7239952   424.2986441
628.2341564   -1884.3412399   420.2390909
627.6237788   -1879.6739578   411.9118154
627.6138807   -1880.7113171   414.9939418
628.1666616   -1889.1295195   426.0584712
627.2902759   -1909.0563059   442.310214
627.4294043   -1867.9136038   388.757199
627.3329007   -1826.2810707   351.1030078
627.4003694   -1808.9653254   333.3070874
626.8028217   -1878.264904   408.4120095
627.3831921   -1906.0747623   440.4989779
626.1649626   -1821.026206   344.5798457
627.7035186   -1812.6564026   338.6463821
622.6999397   -1851.0369062   370.6716597
625.9668256   -1866.060853   386.2111568
624.1504448   -1874.1599321   397.7513611
626.4638836   -1911.9731188   444.2028701
626.6487027   -1881.2925816   417.7646637
625.7203566   -1841.027379   363.2062674
625.2290542   -1837.8536701   359.4114184
626.0015043   -1903.2495022   439.3309355
626.2786771   -1816.0960674   340.044111
625.5475739   -1900.0284672   437.2661114
625.3259415   -1896.6834545   434.7566664
627.1212632   -1806.5098524   327.1663189
625.0651339   -1870.0629473   390.7590806
624.7729296   -1845.1856375   366.4557338
624.4178461   -1830.5894136   351.210773
625.7877993   -1809.0302944   329.1380107
624.2832439   -1863.7206554   383.2029402
625.0740709   -1859.5064878   379.8809052
625.779708   -1884.2654228   422.799021
624.1260702   -1892.4262524   431.8981767
625.0331188   -1881.6567659   420.2624261
624.5445321   -1914.6676064   446.1842477
624.6514144   -1888.2681131   427.9307425
624.810827   -1818.661809   340.4052258
626.3289461   -1811.8082285   335.2605999
624.4785274   -1815.2022362   336.283803
624.3711422   -1834.4789743   354.9160361
625.0222633   -1808.6178303   325.0893354
625.8175904   -1824.3739605   347.2545743
625.4817667   -1878.1853914   413.3416116
624.9277266   -1876.816988   408.934474
624.0557777   -1878.0624866   415.8502817
623.5485236   -1828.3413649   347.9010463
622.327718   -1868.2807684   387.8522813
624.1294155   -1812.5474453   331.9020867
623.8192702   -1905.6661129   441.9697821
622.5614315   -1909.7416401   444.9110627
623.737243   -1875.7110834   404.6522677
623.170835   -1879.2657852   419.0487564
623.0168092   -1874.7427464   400.8967876
622.6435239   -1871.4978695   392.8385079
621.9488932   -1872.8109598   396.0726559
623.3314323   -1855.2391529   375.1815259
623.5694522   -1825.0007629   344.6891904
623.6533309   -1820.6657171   340.6377435
623.8769563   -1822.6561546   342.892766
623.5772716   -1884.6430779   425.1384437
621.0888746   -1900.9518623   440.0722086
622.0251704   -1866.7650223   385.9248161
621.0907279   -1858.4264517   376.7793179
622.9856881   -1812.0366335   327.2311091
622.9422996   -1881.8174601   422.5233495
621.9941704   -1841.9487476   359.8821461
623.215762   -1839.0344381   358.1628501
622.7431493   -1897.9634047   437.1350706
623.8891902   -1877.2337437   414.3345654
622.9059594   -1875.5375147   411.4100635
621.596803   -1895.0340748   435.4256988
622.5093557   -1860.8498573   379.7664344
620.7041787   -1869.8796034   390.0267184
622.3124946   -1843.883276   362.4455333
621.4465695   -1846.9010592   364.9516404
622.1954236   -1874.506712   406.9573879
621.8295368   -1837.7001286   354.9935818
621.0595342   -1818.8201189   334.6149325
620.9514542   -1888.4620667   430.3868115
621.0369664   -1885.1897717   427.469641
619.4838239   -1912.9735231   447.71263
620.2309905   -1918.0765152   448.9283264
625.761495   -1920.0065136   447.1753836
621.7759243   -1816.3319826   332.6866925
622.6371723   -1848.8380909   368.3178723
622.8488768   -1833.3798647   351.872772
620.8093027   -1831.7370415   347.4819064
619.9160824   -1863.5131121   381.3846409
620.188809   -1865.4818535   383.908689
620.6618352   -1815.8336878   329.0818334
619.6561149   -1891.503334   433.5387051
621.3067761   -1877.10917   417.8602993
622.2832771   -1875.8590221   414.0697122
621.1591876   -1824.9704838   341.2662745
621.1662842   -1853.1655073   371.6436923
620.6974043   -1873.7654686   403.0836523
620.5335008   -1823.3302832   338.7076557
620.5743747   -1882.1114302   424.7179925
620.9075833   -1828.5417557   344.4341719
621.5071073   -1874.6883869   412.3127759
619.7319897   -1855.5625677   373.1420338
620.1021532   -1840.8578634   356.324017
620.0413304   -1873.0391264   399.3848562
620.6283113   -1873.4732866   408.2655609
619.895597   -1875.0631809   416.1650538
620.5370734   -1878.215909   420.4047024
618.8452272   -1838.4224176   351.9713879
619.6520077   -1834.7959518   349.1147757
619.9688418   -1897.2891569   437.8553033
619.4523471   -1871.1789846   393.3528364
618.9019634   -1849.514842   365.4698133
619.3146194   -1872.6066351   409.8974764
618.5129816   -1844.2420959   358.4467769
619.2241284   -1847.3422527   363.1058037
620.7811488   -1874.612689   413.759023
618.49692   -1820.153594   331.5072656
618.8846203   -1852.4436951   369.0401614
619.7768702   -1873.4580278   412.5108123
619.4698895   -1876.303792   418.7890887
618.9827258   -1822.82722   335.7389569
619.2557132   -1873.8011122   414.3514633
618.757031   -1832.2892189   345.2992141
618.6616449   -1872.2420931   411.1779034
628.2754476   -1937.4493361   -568.1353211
627.2927085   -1926.641345   -567.7597523
627.7283626   -1956.6224813   -567.7628517
626.3094331   -1951.0990381   -567.1057701
626.3667653   -1997.1176386   -559.5403314
625.0949847   -1991.0340309   -560.2137446
626.1141831   -1977.3045778   -564.94385
626.7093206   -1981.1513424   -564.5940304
626.2635673   -2002.1135807   -557.8882098
626.2890557   -1961.7072344   -566.8254495
625.9913193   -1942.8794384   -567.0173764
626.5076111   -1969.553709   -566.3530827
623.9422607   -1932.9247475   -566.0697222
625.0925186   -1984.8300219   -562.1495247
624.4996833   -1965.495348   -565.4856563
624.7525746   -1947.0785856   -566.3396716
624.5035576   -1973.1174707   -564.3998384
622.8664006   -1939.2155409   -565.5225515
623.7863684   -1954.272747   -565.7445192
623.4125579   -1958.2613707   -565.3544664
621.5190655   -1927.4426699   -564.9554133
623.7894306   -1980.0313711   -562.2672439
622.5200231   -1969.0411091   -563.5688305
621.5402997   -1950.0749111   -564.6714568
622.8042664   -1961.9743824   -564.7593141
622.9772577   -1976.3052464   -562.4754429
621.7579907   -1944.5422888   -564.9030805
620.3121236   -1972.9657173   -560.9265566
620.0996256   -1964.4622803   -562.4805093
619.3963876   -1936.2647533   -563.8315678
619.4777517   -1931.8948984   -563.9531016
620.247704   -1955.0290108   -563.6990666
619.786569   -1959.4852924   -562.9727244
620.2471862   -1978.4909487   -559.3199134
618.5209053   -1941.2813187   -563.2144213
619.0931229   -1968.4970379   -560.8250499
627.5694305   -2021.998167   -554.5809269
628.0780221   -2052.91605   -538.8966203
626.9716071   -2043.0719852   -548.4126806
625.8619512   -2033.9224339   -551.9401431
627.1677884   -2055.7441711   -535.377562
627.1316121   -2017.1525478   -555.0165772
625.5317005   -2027.5807381   -552.6741147
626.6503679   -2048.3036041   -543.9651608
625.3399374   -2051.1403084   -540.7444835
626.4997097   -2058.6333275   -531.8313241
626.0581734   -2006.4661503   -556.522727
626.1867257   -2010.2763176   -555.7034016
625.1674565   -2045.851469   -545.9192395
622.5557747   -2039.0799046   -549.1544008
624.1631853   -2013.6404037   -553.4018874
624.0943382   -2054.4629097   -536.8337631
624.4112114   -2018.3699131   -552.9229641
622.6728531   -2022.2153664   -551.4810681
623.7984384   -2057.1272373   -533.6782932
621.9675513   -2043.6708927   -546.6324687
622.6842376   -2048.9935875   -542.7774191
622.7693679   -1998.7004995   -555.5782914
622.8678311   -1994.6012497   -556.8896532
622.7138164   -2003.4368038   -554.3859005
623.0154233   -2008.2969666   -553.5445213
622.5640094   -2030.6510925   -550.9682298
619.6253589   -2033.7467194   -549.3741035
619.5326606   -2027.081728   -549.7488379
620.0711457   -2052.8123379   -538.8079286
621.1908767   -2046.5631485   -544.5417762
621.7186032   -1986.5517616   -558.2479239
620.7569531   -1990.8372164   -555.9919477
621.9321257   -1982.5741053   -559.8172545
620.2971908   -2016.8492794   -550.6211519
619.2176519   -2010.9272003   -550.637722
619.2352614   -2057.2965145   -533.7187052
622.2129977   -2059.6008301   -530.551374
619.3662351   -2005.3861141   -551.499486
619.6196983   -1994.9694872   -553.8529158
618.6829517   -1999.9337196   -551.9731641
618.5559659   -2045.3076363   -544.7829366
619.3020763   -1982.9550982   -556.9784045
618.4543753   -1986.7924452   -554.936111
622.6116019   -1921.2636948   218.9056724
622.0749179   -1922.7421284   227.6331782
621.4043079   -1925.3921509   223.6359864
621.5718622   -1921.5863943   235.494718
621.0393189   -1924.4430065   212.8152996
621.4688896   -1923.7254858   231.7375392
620.5188623   -1922.8075743   206.9113702
620.8711705   -1926.6220331   218.4759378
620.7152615   -1926.4674187   215.7902569
620.6992334   -1927.0464182   229.889974
621.156483   -1926.1287451   226.5012115
620.4335532   -1920.5378294   203.1513304
620.0305084   -1927.8154373   234.6860468
620.4099199   -1923.735261   239.9140894
619.7825326   -1927.0892143   238.0163968
620.2735799   -1928.7737608   220.8501101
620.2940988   -1929.0114641   224.5820165
619.7399656   -1930.7121038   227.7120501
619.612488   -1927.644372   209.9535912
619.7346514   -1923.4076738   244.9711859
619.5713701   -1921.54634   249.7524917
619.2662614   -1920.9887981   253.2007098
619.5745049   -1930.2974939   217.2364444
619.2288297   -1930.4386377   214.0135467
619.4573408   -1930.8688641   231.7030877
619.0671167   -1923.9575863   201.8563002
619.0735745   -1926.6070127   205.4188848
618.5092582   -1928.2927513   243.9175248
619.0706427   -1925.5064726   245.3736514
619.091562   -1932.7483177   223.2147306
619.0710375   -1932.3997498   219.8900133
618.6920135   -1931.7814112   235.9960675
618.9084454   -1933.2604408   229.030624
618.4814675   -1930.4705858   240.1845008
618.4915612   -1931.3240051   210.1825774
618.55412   -1924.5489836   250.6353855
618.5770398   -1923.2852459   198.7313777
627.4325187   -1997.5527525   448.8066137
627.9159421   -2057.5060844   437.3621941
627.0203153   -2044.9140072   439.0999675
627.8120214   -1959.535718   450.4491687
625.887313   -1966.6212797   450.923115
627.676514   -2020.5888748   443.6740875
627.7725222   -1926.9100428   447.5763142
626.5357556   -2003.0274391   447.6641417
626.7669546   -2016.0663128   444.6673989
627.2554296   -1923.2083559   447.2250044
627.5264779   -2034.7797871   440.73686
625.6976696   -2030.2965641   441.4477348
625.9809183   -2039.0746593   439.9159551
627.1524625   -1976.0673046   451.0245621
626.2716884   -1983.9410782   450.5828917
626.5464733   -1979.8521996   450.8789182
624.5714436   -1954.3781281   450.4776895
626.0479065   -2025.0639915   442.5409436
625.5738   -1988.3013964   450.0808418
624.5185333   -2007.5974464   446.4957714
623.994411   -1992.5807714   449.3941665
624.6370273   -2050.252676   438.1613731
625.7248084   -1936.1424446   449.1166472
623.5527108   -1931.6790104   449.3994713
624.6226104   -2054.7597408   437.4952316
625.4939186   -1940.4129982   449.4844973
626.0701428   -1944.2007542   449.624151
625.1276108   -1948.2210875   450.0588477
623.2025186   -1973.338604   451.0614872
622.1714793   -2012.5641823   445.1724887
621.282178   -2058.3722591   436.7962778
625.6804737   -2061.7911816   436.5207255
623.4129789   -1961.8473053   450.9156346
623.9836747   -1958.75144   450.7412016
622.0322168   -1924.7403145   449.3094087
623.3701157   -2017.3988342   444.0930486
622.1342581   -2021.0907459   443.1611896
622.9940066   -2034.6367359   440.4910207
623.2071268   -1999.8296499   448.0573833
621.4059042   -1996.1875677   448.644489
623.6893395   -1977.6074886   450.9219825
620.9852109   -2043.0173874   439.0676618
622.8354844   -2046.9005108   438.5448694
621.8348658   -1981.2524319   450.68115
621.3310631   -2003.0400753   447.2800195
622.4538489   -1985.432744   450.2828717
621.8669052   -1944.3281889   450.456351
620.1341758   -2025.810957   442.0333505
620.9271523   -2038.1333828   439.8154914
619.3220942   -1964.9611712   451.2652159
620.3270732   -1969.6747065   451.1775076
621.2241697   -1937.966466   450.3504336
620.3991445   -2030.8499336   441.0476685
620.7516482   -1988.7754917   449.8105645
620.5864037   -1950.252533   450.8569241
620.981765   -2053.5027981   437.5271797
619.0247676   -2048.7663746   438.1864667
619.506537   -1954.7096491   451.1314332
618.5623007   -2006.862402   446.3017881
619.3019292   -1992.415905   449.211657
620.2697875   -1959.0634108   451.1286616
620.271585   -1977.2042036   450.9419203
619.5421135   -1929.6859503   450.5232871
619.121003   -1933.6585999   450.7640898
619.3860965   -1999.2095232   447.9758143
628.3522183   -2085.2539539   -505.6881309
627.7044798   -2063.6911392   -526.2377858
628.0840496   -2103.634119   -490.7729626
626.093288   -2150.5215168   -434.4989955
626.4125603   -2149.0256786   -437.512219
627.1172921   -2125.0765324   -469.7030485
626.0842951   -2121.0663319   -473.1873572
626.5184665   -2098.552227   -493.5938716
626.4825026   -2141.0493851   -450.378567
626.3636174   -2088.350296   -501.788497
627.0612041   -2154.6092033   -427.0305037
626.3004849   -2134.5121861   -458.4359527
626.3238015   -2068.8419342   -520.2402472
626.6093785   -2108.7617874   -485.4098856
627.1313662   -2105.5123806   -488.527
627.842539   -2060.97579   -529.3611884
627.0428757   -2074.9206543   -514.3550634
626.3628649   -2158.4994793   -418.271929
625.458696   -2078.1829357   -510.4550123
626.6614842   -2128.0677319   -466.0728872
625.2669404   -2081.9411278   -506.817162
626.097736   -2117.5467968   -476.8105447
625.0863979   -2146.668911   -440.6869411
626.9682842   -2131.262064   -462.6945257
623.0163547   -2135.0519657   -455.4286599
625.2742159   -2112.5478745   -481.0525477
624.7561733   -2094.6192741   -495.5083728
622.6332048   -2090.5835629   -497.5609779
624.5441297   -2071.9184875   -516.3662434
625.9783926   -2156.5430164   -422.2985804
625.7159869   -2066.0905838   -523.0610967
623.0646121   -2140.5911446   -448.4932423
622.7049055   -2142.8053379   -445.0684488
624.7537928   -2084.8195553   -503.8641691
623.0044039   -2098.3977318   -491.419673
624.6974739   -2061.5329742   -528.2278061
622.7553869   -2064.5077229   -524.4986415
621.1399632   -2152.3866653   -427.8347492
624.6597777   -2151.9737244   -430.7634234
623.7620535   -2125.9248257   -466.3637877
622.9558746   -2122.6677895   -469.3186581
623.1973367   -2153.8493633   -426.194787
622.2522473   -2074.8391151   -512.5790238
622.0908007   -2129.1718483   -461.5601897
619.6985236   -2104.077816   -484.7299457
620.4698095   -2108.5677147   -481.4724922
623.3803342   -2096.1518288   -493.3990836
621.2747908   -2146.2688446   -438.7735426
622.0220561   -2086.1737728   -501.1646152
621.1736957   -2155.6475163   -421.4578867
622.9430782   -2158.198595   -417.068094
625.874416   -2159.8112583   -415.0764346
623.1098296   -2067.1701431   -521.3416815
621.8933324   -2069.532156   -518.4267759
621.7239993   -2149.3582726   -433.7850213
620.4724694   -2101.4318466   -487.3472452
621.7896762   -2117.6815033   -473.7733006
621.9587354   -2112.6015186   -478.7935913
620.3977215   -2119.5061207   -471.0208774
621.7733669   -2079.4746876   -507.5694919
621.9613115   -2077.288866   -509.9180341
621.574265   -2082.7395916   -504.2334795
621.9808059   -2093.7702656   -494.4996834
621.1334346   -2062.1991158   -527.3682475
619.4524086   -2149.7924328   -431.6971004
620.8136278   -2072.0062256   -515.4169798
620.3784766   -2123.9247322   -466.2843943
620.5245397   -2095.5688953   -492.1660423
620.7821491   -2154.1230679   -424.3026376
618.9658763   -2067.3031807   -521.0059285
618.7218419   -2130.8100224   -457.5876892
619.5744714   -2098.0424881   -489.5834625
618.4588084   -2121.3338375   -467.9244757
619.2586283   -2157.0291519   -417.688787
621.4421234   -2159.3289375   -413.8776064
618.8999629   -2088.1974697   -497.8245497
618.4338769   -2076.9872665   -509.3051791
619.3904998   -2110.9616756   -478.6538482
618.6049926   -2117.0079708   -472.4602699
618.6406622   -2147.6652622   -434.9174798
627.6370669   -2183.1228733   -350.4753411
627.7154172   -2164.4155979   -404.9596786
626.0604682   -2196.2053776   -305.585593
626.9939365   -2195.4863071   -309.600383
627.8856816   -2169.2035198   -391.346544
627.9532845   -2196.9769001   -301.4464974
627.7422244   -2177.3607731   -366.6357398
625.4202174   -2191.6246414   -323.6901164
627.6573437   -2173.9988327   -376.0488033
626.2794109   -2193.3352947   -318.1636631
625.934002   -2198.6989975   -286.1719131
626.6093636   -2166.6960716   -398.1348872
624.2290708   -2164.7553444   -402.2690356
623.7927499   -2194.5648193   -312.276721
625.2612221   -2162.3926163   -408.7615013
626.7886209   -2198.086977   -292.6236093
626.301297   -2168.0791378   -393.9516544
626.0304274   -2179.7597408   -359.1510057
626.6704807   -2180.9709072   -356.1340868
625.0554892   -2184.5333576   -345.1786339
624.4221451   -2170.0122356   -386.9472146
626.607948   -2186.2585545   -341.0208523
624.5309161   -2187.3335838   -336.7699981
624.4881237   -2198.4174252   -288.9378667
626.0607811   -2190.5839443   -327.4012804
625.0308054   -2177.7219772   -364.2474115
623.3494813   -2161.0682011   -410.9208882
623.275497   -2197.412014   -297.1059978
624.6051649   -2188.6179447   -332.8781724
624.2377432   -2182.1403503   -351.4186144
624.5224188   -2172.3446846   -379.6747923
624.0975419   -2171.2927818   -382.7910721
624.7435632   -2175.0805378   -371.5532422
623.4240244   -2189.3503666   -330.0824165
622.5029519   -2198.8856792   -284.3284607
627.2559325   -2199.170351   -280.4143727
623.6217404   -2196.7206001   -301.5447557
623.5993514   -2176.2959957   -367.541492
622.747765   -2162.7085209   -406.7524672
621.5318637   -2173.4824181   -374.8236895
623.2093247   -2183.0050945   -348.3712673
623.7137663   -2178.6205769   -361.0774279
623.4365935   -2166.6138172   -396.7539072
622.8988739   -2195.3384876   -308.4770739
622.5381783   -2167.9468155   -392.3794627
622.2707453   -2197.9775429   -292.5097942
622.339082   -2193.716526   -314.9637282
621.633309   -2192.6209927   -318.548888
623.4523738   -2180.7045937   -355.0083935
622.9370581   -2185.1289272   -342.2357738
623.125271   -2190.7355785   -325.6084919
621.544431   -2187.5748634   -334.4864547
619.5847774   -2191.1013126   -322.6666152
620.0724254   -2183.8583946   -344.1964686
621.109345   -2177.2313118   -363.4831607
622.3943821   -2179.2297363   -358.5071266
619.01714   -2174.0906239   -371.555537
621.8934069   -2196.1352825   -304.1983545
620.6934369   -2188.4140968   -331.6646218
619.6816462   -2170.3934669   -383.3844066
618.9111574   -2172.0733643   -377.7148128
619.1698173   -2198.8251209   -284.914881
619.2455972   -2168.1084633   -390.2270198
619.7772222   -2169.4452763   -386.3896728
621.4021547   -2181.3325882   -351.9741595
620.0529552   -2194.7731972   -309.5215857
619.9774752   -2196.5684891   -301.0482192
619.2634525   -2175.5356789   -367.3993945
619.9349603   -2179.5804501   -356.0350239
619.3747735   -2166.187048   -395.9056139
619.4186947   -2189.2237663   -328.5885453
619.4833508   -2162.7938747   -404.9862027
618.6281322   -2161.2324715   -408.2872868
620.0873508   -2185.3661537   -339.9559855
618.5574988   -2182.0247173   -348.3330905
618.5415639   -2195.6167221   -305.0602674
620.2898669   -2199.3000507   -279.8945308
628.1943182   -2198.7748146   134.794876
628.2784539   -2193.703413   152.7816653
625.8427436   -2186.7594719   170.5075055
627.7531954   -2195.4283714   147.4351287
627.8468417   -2197.1745491   141.4169818
626.8260042   -2196.3324547   144.3964839
627.6940601   -2189.8696423   163.2933617
627.0024004   -2191.0889149   159.7970128
627.6402483   -2192.7211285   155.4441005
625.1581246   -2197.9026794   138.6962384
625.8311505   -2194.5888996   149.7638971
625.2025823   -2185.0790977   174.2725223
624.7944245   -2188.583374   165.3680503
624.1675588   -2193.3295727   153.1135291
621.8749406   -2198.5788345   136.3147646
623.7094375   -2199.0420818   134.3222409
625.8735592   -2199.7015476   130.9159845
624.0714165   -2192.3415661   155.7934582
622.9775558   -2190.9592152   158.8753164
624.0925314   -2196.5117455   143.6103731
621.981456   -2189.3320084   162.340343
623.4095702   -2187.2951984   167.769298
621.413718   -2185.8386993   169.7226167
622.2940078   -2194.8590279   148.4506577
622.1393096   -2197.722435   139.4137442
620.2452565   -2196.5372562   143.1625336
620.8557496   -2183.8071346   173.5164225
621.7105752   -2182.1610928   177.448675
626.0175268   -2183.9213371   177.8206527
620.9492786   -2187.4451637   166.0474241
620.2621805   -2199.6450424   132.4046105
618.7589756   -2189.6851063   160.3451073
619.1605823   -2193.3722496   151.8656611
618.417454   -2188.2855892   163.1381214
618.5587543   -2184.2546463   170.8905399
618.4676374   -2180.3832054   177.3914993
626.7491104   -2144.7453499   307.3983788
628.0339184   -2120.716095   289.7425294
628.3687884   -2177.0796776   194.0657049
627.8505931   -2181.5569401   185.075298
627.3840489   -2183.0472946   181.194514
627.8226907   -2149.0468979   232.7377647
627.8187381   -2113.2547855   283.9313447
627.6561665   -2122.351408   259.5781386
626.8147538   -2134.3858242   300.0157177
628.1369413   -2157.2844982   316.5474832
628.0166516   -2127.4762154   294.4979966
625.0455687   -2130.4934025   298.3988225
628.0190098   -2110.8148098   267.7593231
627.5667111   -2141.8881416   242.4986511
626.8115649   -2133.452177   249.8029619
627.1898682   -2137.4025345   246.7185259
626.0374869   -2158.3573818   318.6009526
627.548107   -2155.8389664   221.1488038
627.6105093   -2116.2896156   263.0548775
627.015316   -2166.9244766   205.628112
627.7314136   -2146.1701393   237.0783836
626.8307465   -2153.5384655   313.999027
627.8366754   -2150.06423   310.7700646
625.8222992   -2151.5541077   312.9104376
626.9266056   -2139.7790909   303.7565351
624.9524886   -2178.0314445   188.4937435
626.8541674   -2151.7205238   225.3907621
626.0034377   -2162.4574661   209.0754211
627.1168823   -2172.7223396   198.8086253
625.9936327   -2174.6294498   194.8177814
626.8475736   -2124.8645782   256.9112182
627.2254484   -2107.8355312   269.6782351
625.8802461   -2141.7295933   305.6950271
625.3597821   -2160.9685421   321.5711117
627.0478452   -2143.386364   239.4530624
625.8235881   -2176.6581535   191.6681081
625.9776252   -2127.9232502   253.2555759
626.6879151   -2112.3514175   264.3802464
626.8225769   -2158.4346294   215.7416642
627.0517568   -2107.3105335   277.2663832
626.8648813   -2105.5781841   273.0593979
626.1761571   -2138.1673813   244.1039085
625.1780177   -2159.4789028   210.9228075
625.252408   -2169.4939137   200.2016008
624.9698261   -2122.2612858   293.1185365
624.4873228   -2125.2789497   295.3455746
626.3729902   -2155.7199955   218.2857394
626.7797882   -2149.5182514   228.7493944
625.7922212   -2118.637085   259.4631016
625.622564   -2110.4269028   283.9367688
626.4754357   -2117.6211834   288.7978256
625.0677603   -2113.6159897   287.138164
624.3887591   -2106.0504913   281.573534
625.2411912   -2155.7219028   316.6432381
626.1465   -2146.7249393   231.5146029
624.9458725   -2119.0948486   291.0555899
625.6874511   -2108.6761951   265.7378614
623.1164122   -2128.0069351   297.9610562
622.9776154   -2180.1300049   182.5944036
622.7395991   -2148.8468647   312.3463988
625.8593584   -2144.7238922   234.0047508
625.6387094   -2142.6432133   236.8670106
624.8081001   -2120.6018925   257.0408881
624.9048571   -2114.4990921   260.8846724
625.6537894   -2139.8334503   240.9578562
624.462043   -2150.6807804   219.967559
623.2877644   -2181.6489697   180.1009476
623.8799924   -2162.6901627   205.07209
624.3325444   -2104.4809818   267.0488954
624.7526454   -2134.8407269   244.8222637
623.2162575   -2170.7594395   195.9016025
625.09494   -2104.783535   278.1156003
622.837049   -2136.4223957   303.6211431
623.4735558   -2139.5590305   305.416286
624.1882528   -2101.7615795   275.8356631
624.0062761   -2100.5339622   271.8600929
624.7335421   -2146.5649605   226.9079685
624.0829686   -2122.7145195   254.3937564
620.9694548   -2150.3031254   314.286083
622.3395048   -2154.2010307   316.7727292
625.2944218   -2155.503273   216.0122097
624.3380504   -2156.14748   213.0333483
622.8310885   -2131.8862438   300.6196022
623.6253987   -2128.5843849   248.6624271
623.8628151   -2132.1177483   245.7415015
623.580684   -2165.8296585   201.5265524
622.1476654   -2141.5777206   307.4897826
621.5413018   -2144.4344521   309.7485602
624.4344907   -2110.0854874   262.9489303
624.0075836   -2116.1224842   289.8033261
624.3994544   -2143.51511   231.0492694
622.0455179   -2160.179615   322.5098848
621.761893   -2156.5093994   319.0873563
624.1734447   -2160.5501175   207.7974528
623.4934451   -2173.7396717   192.7786767
623.1873567   -2125.0190735   251.0411143
624.1026828   -2141.4146423   233.9438051
622.8107745   -2176.0134697   188.8958961
623.7778711   -2136.6765499   240.3416038
622.919702   -2115.9849167   257.3515475
622.9408095   -2107.0196629   262.9330456
623.967913   -2139.4600868   236.8781269
622.8763136   -2107.6347828   284.6757472
622.628049   -2110.3520393   286.8976295
625.4977258   -2163.2378101   324.0158856
622.8298182   -2152.3008347   213.9546871
622.2594595   -2167.4499512   197.9903281
622.0941907   -2156.2800407   208.2117051
622.7832707   -2101.0038853   278.9621651
621.9924735   -2112.8363609   289.2156839
621.6937537   -2119.4131374   293.6582863
619.6670412   -2124.2141724   297.8591025
621.6900768   -2177.7555943   184.9499792
621.5213174   -2115.6995296   291.4789915
622.5612024   -2112.1284962   259.2001259
622.987465   -2145.8399296   221.9726294
623.074391   -2142.3676014   228.1001359
622.1545199   -2142.1339512   224.6373445
622.6593079   -2148.0681896   218.2762176
622.1976197   -2109.1427803   260.5450451
622.3264737   -2139.3859386   230.7021171
622.4633372   -2153.4304619   211.8743807
622.1537581   -2099.5473862   267.0541108
621.0115618   -2103.3034325   262.3975277
621.624182   -2101.4409065   264.6808028
622.193723   -2149.6739388   215.2064741
622.7780106   -2098.0019569   273.7932205
622.0266903   -2158.0543518   206.3395381
622.4060161   -2132.4930191   241.9663221
622.8202777   -2138.7367249   234.1493219
622.0555632   -2118.5371876   254.2091012
621.4114791   -2121.2048531   250.9390116
621.5362745   -2096.0407257   269.9974477
622.3104922   -2136.5535259   236.1159921
621.6965327   -2162.4758244   201.6664296
621.3352634   -2128.2556057   244.0707982
621.3897607   -2133.3551407   238.0238026
621.2391211   -2101.2988091   281.5695703
620.0064337   -2104.4440269   285.385251
621.1957159   -2124.4568825   247.5816905
620.1308435   -2163.3403301   198.3964592
620.2310017   -2171.3342667   191.1421716
620.1044554   -2136.2023354   304.8935235
620.2836773   -2179.58498   180.5111617
620.3205614   -2167.7079201   194.9021518
620.21768   -2128.316164   299.9289334
621.5948062   -2140.0594711   226.0430157
621.832992   -2144.0596581   220.6415981
620.619827   -2106.0767174   259.929657
621.0006876   -2112.8826141   256.4318478
620.8027462   -2115.1092052   254.5511127
620.6607344   -2152.5976658   208.8457346
619.4482921   -2106.8387032   287.5853479
620.5208069   -2149.34659   211.549893
621.6786569   -2136.8274689   233.0760956
620.7234161   -2175.565958   186.8486851
619.2493542   -2174.1542816   186.7227852
620.6867481   -2095.3063965   276.8701315
621.6139114   -2095.4015255   272.8281021
619.0188872   -2146.2352276   312.2695982
620.5671588   -2146.3463306   214.5518512
620.2093112   -2142.9331303   216.9609666
619.5979072   -2110.9776497   290.043056
620.2506842   -2109.4276905   257.4057281
620.3317373   -2129.6961308   239.7689223
620.1749472   -2153.1713009   316.9887662
620.4327373   -2135.3199482   230.2656919
621.0545963   -2137.6783848   228.225708
620.0896511   -2097.8872776   280.3219557
620.6817655   -2134.1171265   234.1180891
620.5953854   -2140.7916546   220.6571549
620.471227   -2138.9830112   223.013863
620.2205392   -2097.8631973   264.4322217
620.9901022   -2096.4741707   267.1212852
618.8487476   -2142.4021721   309.7022772
619.5563535   -2116.4636612   251.1166334
620.38494   -2157.4971676   203.8238049
619.2123881   -2159.4064236   200.1740187
618.7247662   -2116.8072224   294.226706
618.3810803   -2120.6078529   296.628952
619.0600722   -2099.0488529   261.8545592
620.6086306   -2092.9071903   272.3575234
620.2507494   -2136.7146969   226.0871232
619.4990809   -2092.6532745   267.036289
618.9175966   -2119.7178364   246.891588
619.3663543   -2130.3298473   235.4795486
619.1941547   -2123.718977   243.5703576
619.3667343   -2126.4395714   240.9368008
619.7593818   -2154.7765732   205.0473094
618.5046407   -2099.5194912   283.6747169
618.8206384   -2102.3130417   259.4223917
618.8103995   -2111.4945412   253.4261644
618.9314975   -2094.5546627   264.3621564
618.6354505   -2095.1566696   280.4953158
619.0055954   -2091.8002129   277.3043811
619.2158712   -2131.8809986   231.4035147
618.5468259   -2105.7543755   256.7789555
618.7109361   -2139.8069859   215.7203257
619.1880396   -2143.0819035   214.0811086
618.8364132   -2134.5613003   222.8749096
618.9878183   -2133.0020428   227.0609289
618.4065091   -2155.3823948   202.0648122
618.6073712   -2127.0017624   237.7719432
618.9951646   -2089.9291039   269.1726089
618.8540375   -2088.6387825   271.8697786
618.5663743   -2108.3028316   255.1913559
618.8503998   -2160.5365276   324.6634901
625.901592   -2065.2451515   436.0805452
627.6443834   -2069.5548058   435.65014
628.2621073   -2178.545475   369.8005974
628.3122348   -2173.4700203   392.6231563
628.3641765   -2177.0000458   381.3900948
628.2209019   -2176.1853695   384.7149014
627.5426941   -2175.7581234   345.8076119
627.4805824   -2177.6943207   376.860708
627.9292601   -2168.0965424   329.0700614
627.8349208   -2121.1371422   433.8503182
627.8966153   -2166.9049263   403.6552012
628.3611963   -2154.4754505   416.8293178
627.6069144   -2151.4172554   419.1764295
627.3894916   -2175.0552654   388.0821466
626.9223253   -2164.2582417   406.6034555
625.2034242   -2155.1482677   415.1529372
627.1161521   -2178.4772873   366.5050268
627.3586238   -2177.601099   353.8320661
628.2330575   -2173.4256744   338.8656676
627.2133636   -2073.0626583   435.1138175
627.6535513   -2139.4729614   427.8122485
626.3255189   -2171.6675758   336.329639
628.2756152   -2130.3112507   432.5029254
626.7575594   -2094.2144394   433.5048795
624.731225   -2089.3065929   433.0436289
627.5768178   -2135.9727383   429.8120141
627.7070465   -2098.0911255   433.8595569
626.7855177   -2102.6935577   433.5420132
627.0646314   -2148.2923031   421.4572906
626.3587783   -2132.5700283   430.6872189
625.2770471   -2176.0413647   348.8081992
626.4273273   -2117.3639297   433.2451522
625.9810413   -2177.9308319   358.3862484
625.9740116   -2110.5606556   433.1905842
626.7016465   -2113.7158871   433.5254729
626.1077794   -2124.3526936   432.5496554
626.0360899   -2178.0233383   372.5038767
626.5794272   -2161.6594791   409.358114
626.7629834   -2107.6664925   433.5929751
626.436905   -2145.0669765   423.5362411
624.4554865   -2084.7856998   433.3418608
625.964311   -2082.2136402   433.8891208
622.8309917   -2079.6062946   433.7503612
625.0504302   -2174.3278503   343.5109556
624.266387   -2169.5947647   398.5121846
626.2067752   -2165.4491425   326.3302743
624.8415383   -2159.1920853   411.2786651
625.0839727   -2176.8083572   380.2449107
625.5887272   -2169.3458557   332.5103223
625.8483762   -2171.6537476   395.4631984
625.615702   -2128.8993359   431.4618111
624.1952638   -2177.9193878   363.2851243
623.1058771   -2142.1477795   424.0034521
624.7947636   -2172.7585793   392.8110301
624.51733   -2178.0033112   369.184494
622.7695877   -2175.2359867   385.3603601
623.8651285   -2101.1929512   432.3749542
624.1125288   -2096.580267   432.5561523
625.063573   -2152.2023678   417.604655
623.145164   -2166.8455601   330.1239312
624.3018033   -2164.9518013   404.9606025
622.2004304   -2167.170763   401.4158547
625.8447813   -2120.3448772   432.8066409
624.5513009   -2137.8793716   427.1955788
622.3180974   -2068.6993599   435.320437
624.2682049   -2148.4234333   420.2463329
624.3441338   -2134.6795559   428.7107885
624.4549724   -2172.7464199   339.9535418
622.9988048   -2173.6321449   390.0205195
624.3536035   -2176.8682003   353.6031842
622.0223746   -2177.6287556   366.4961457
622.9480701   -2162.3449326   407.451421
624.9218369   -2104.891777   432.7728152
622.4786723   -2107.6655388   431.6707551
623.0592439   -2093.2364464   432.3574901
623.728388   -2113.8548851   432.0345819
621.9348172   -2177.2015095   359.659642
622.5978537   -2145.0507641   421.8864143
621.1657478   -2132.3409081   428.0614257
621.9338896   -2169.2218781   334.6894085
622.3752955   -2171.2751389   338.2746279
620.8025059   -2073.9505291   434.4533682
622.1531304   -2177.4487495   372.695893
622.0875411   -2177.0217419   376.6753376
621.939444   -2163.5248661   326.3482451
622.6309063   -2120.922327   431.0509562
622.4081992   -2126.809597   430.159986
621.4516843   -2111.5369797   431.0545325
620.0246243   -2064.7642612   435.8461797
621.724491   -2175.7946014   351.6046405
621.7132053   -2176.5334606   355.2788496
623.026968   -2116.9381142   431.5145016
619.8763894   -2175.5609512   382.7502429
619.2077389   -2176.240921   379.1260719
621.3130793   -2150.2993107   417.6933169
621.4765842   -2174.3714809   346.7092216
620.9033011   -2172.4963188   342.1030343
620.0753255   -2159.5470905   409.420222
621.6601218   -2155.721426   413.4345651
619.2665724   -2156.1927795   412.2353196
619.9599328   -2087.3565674   432.2888851
620.0504518   -2091.0348892   431.8110347
621.1418705   -2135.0722313   426.9378781
620.191996   -2138.8890743   424.572885
620.4479905   -2177.3333549   369.7051704
619.549946   -2164.0648842   404.5173824
619.9693485   -2146.3134289   419.9303389
618.7162521   -2169.4669724   396.8850374
619.3878828   -2168.2391167   399.0350366
620.5984122   -2177.2422791   363.273263
620.8156469   -2098.6135006   431.4312041
619.682462   -2095.1020718   431.3231707
620.2237858   -2153.4245014   414.8548543
620.3360418   -2116.2865162   430.3124249
618.9309555   -2164.7446156   329.8232853
619.7270742   -2166.9697762   332.4823678
619.512518   -2142.7097321   422.0296144
619.8551814   -2083.5740566   432.8393638
620.7413255   -2174.1280556   387.8342509
619.9404253   -2161.9951725   406.948477
619.9014401   -2174.9103069   385.1187229
618.7400623   -2124.6051788   428.7340641
619.2403576   -2120.4807758   429.4785559
618.6378515   -2109.869957   430.0506711
619.3443323   -2129.9901009   427.9670417
619.1737345   -2175.5316257   353.4934819
618.4166363   -2174.4427681   349.9809802
627.923985   -2200.1059055   -270.9086537
626.0373863   -2199.770689   -274.1532624
624.1742084   -2199.511528   -277.1782279
623.7819652   -2200.2770901   -269.1717446
627.39293   -2200.6924152   -264.6172345
621.9977262   -2199.870348   -273.2872963
618.8036213   -2199.7187138   -275.0927508
618.3942585   -2200.1318932   -270.2291012
620.0169484   -2200.504303   -266.6971982
623.9037374   -2200.5901337   -265.9305632
627.386977   -2203.9849758   -234.4235927
628.262193   -2206.4840794   -175.6086797
627.1739984   -2204.4560909   -220.0564146
627.4214099   -2204.5190334   -216.9346064
626.4874386   -2204.5383453   -206.2700838
628.3350485   -2205.619812   -183.9580536
628.057831   -2208.1723213   -162.8053337
627.1812851   -2206.8407536   -171.6081798
627.0458112   -2204.2393684   -229.1536182
627.1751533   -2214.1983509   -126.2042224
626.9692229   -2213.4582996   -130.1861554
627.4576197   -2201.5535831   -257.4414611
625.1358102   -2202.080965   -252.8471649
627.1024915   -2214.9455547   -122.3512888
627.1928409   -2215.536356   -119.2522347
626.9530477   -2204.7264576   -196.5579391
625.7193545   -2210.1237774   -148.2332349
626.1085803   -2210.9153271   -143.8830197
626.6901428   -2210.5982304   -146.1938173
626.1445554   -2212.4540806   -135.245502
626.6083466   -2204.5021057   -210.7530236
626.311292   -2209.4044685   -153.1212777
626.3002167   -2208.7974548   -157.215476
626.4155368   -2203.1755447   -243.2491779
624.4249875   -2203.5000324   -240.0395423
626.8258477   -2211.9162083   -138.9282048
625.540291   -2211.3757133   -140.8667713
624.37768   -2207.7171803   -164.3962562
624.297102   -2207.1328163   -168.1227386
626.5163208   -2202.8100491   -246.6092408
624.3939335   -2205.119133   -187.597245
625.8087317   -2204.5323849   -203.0767798
625.8794004   -2208.2850933   -160.6409103
623.9308538   -2201.1189461   -261.1431777
624.3883344   -2204.5948505   -200.1490742
625.7698024   -2204.8277855   -192.7367598
624.8672353   -2204.4796944   -222.8944004
625.3445121   -2204.3645382   -226.5420705
624.7622716   -2205.5294514   -182.0962727
624.9761479   -2205.9428692   -177.8897792
625.0403719   -2206.332922   -174.4621247
624.2461326   -2202.788353   -246.5287745
622.531672   -2202.3286819   -250.3582537
622.9257817   -2201.6170025   -256.7121089
624.9714019   -2204.5068741   -213.6271
623.5362599   -2204.5581341   -217.9623544
623.4292845   -2204.1864395   -230.2545458
623.4315569   -2203.8941383   -235.572353
623.3870769   -2206.6807747   -171.4752167
623.075665   -2214.3170834   -123.8534972
623.6438388   -2213.5233879   -127.9909015
623.8616268   -2215.2299881   -119.6248829
623.294984   -2212.7668858   -131.6361725
623.7431514   -2204.6813965   -195.9388852
623.5503042   -2211.568594   -138.4497732
622.038181   -2210.2892399   -146.1312473
622.3416077   -2204.6144009   -208.7654024
623.1798875   -2212.1443748   -135.0698322
619.7258337   -2203.0024529   -243.2282269
623.1169524   -2209.0616226   -154.7781527
622.9883703   -2209.5620632   -151.2324661
621.3958199   -2208.4965706   -159.3285203
621.6406851   -2210.9358311   -141.8416202
622.0324552   -2204.8332691   -191.8402463
621.921503   -2204.4546604   -224.4884223
621.2718217   -2206.1815262   -175.492391
622.0768737   -2205.6875229   -179.7382534
620.2965482   -2204.6992779   -213.6157304
620.2509115   -2204.5714855   -221.8086869
620.3798606   -2205.3849697   -183.5963279
618.906756   -2204.8699856   -202.3735493
618.8408258   -2204.8141956   -208.216697
619.3657136   -2203.3882141   -239.1937673
620.693597   -2205.0151825   -189.0341938
619.6835274   -2205.2226067   -186.0779226
620.832962   -2204.7650814   -198.6085474
620.0815617   -2207.4453831   -166.9759899
619.5314424   -2208.0483437   -163.1518304
620.430342   -2202.5713921   -247.7230281
620.0720584   -2202.0702362   -252.0576417
620.1115335   -2200.9863853   -261.9712353
619.2341959   -2201.2789249   -258.9512765
619.1283549   -2204.9229145   -194.760561
620.1955537   -2213.0937576   -129.4073015
620.8152166   -2213.7312889   -126.4159828
620.6132407   -2211.8046284   -136.5267634
619.815561   -2211.4014626   -138.8949156
619.708228   -2204.6780586   -216.8639451
621.2849142   -2204.0383816   -232.6540202
619.3435574   -2203.826189   -235.0261807
619.1158081   -2204.2088509   -229.6563834
620.3207439   -2207.0636749   -169.5134491
619.2982244   -2206.5756321   -173.1292158
619.2954714   -2212.3234272   -133.4058493
618.6006023   -2209.6173763   -152.851969
618.7545462   -2214.3771648   -123.4913021
620.4263391   -2215.0840759   -120.4758063
618.6216521   -2201.571703   -256.0183108
618.4052257   -2206.1569691   -177.069664
618.9302104   -2205.8110237   -179.5700341
620.7288644   -2215.7948017   -117.1688735
627.6041689   -2223.1011391   -52.9816002
627.6391047   -2219.9249268   -9.9450098
628.0275444   -2223.3347893   -66.4770603
627.3084106   -2223.2775688   -72.4363625
628.3582123   -2222.1028805   -36.3293774
627.7227709   -2221.0428715   -20.8140183
627.6167566   -2220.2804089   -13.040036
627.3871409   -2221.6720581   -28.0602314
626.4058696   -2223.4330177   -61.9205087
627.1870742   -2218.5070515   1.7004947
626.6259486   -2215.1076794   25.9494334
628.2848949   -2214.2910957   30.3241536
627.5001252   -2221.9524384   -32.3701166
627.33188   -2222.9084969   -48.2741185
625.6749342   -2222.8446007   -43.7480845
626.9483241   -2217.3016071   10.4818204
626.9881623   -2216.8374062   13.6950873
626.310275   -2217.8390026   7.3961429
625.9523975   -2223.0648994   -78.7611157
627.334931   -2222.7165699   -82.6086327
628.1522969   -2218.8715935   -2.0475856
626.2297305   -2217.3168659   -110.9459773
627.6410455   -2216.3469791   16.4062139
625.311629   -2223.4232426   -56.7242764
624.8345087   -2221.9154835   -26.5320446
627.476872   -2215.8026695   20.3377157
625.4023286   -2216.0613537   -116.1760166
625.1980747   -2215.7382965   22.7742102
624.7727955   -2219.6681499   -4.4145188
625.6073425   -2220.0741768   -8.674195
623.4421218   -2221.6012478   -92.3977047
626.6583698   -2221.2498188   -94.0222889
625.6761151   -2219.5448875   -101.7707363
626.5790584   -2218.7936306   -104.6569124
625.4103901   -2222.561121   -85.2208957
625.3475855   -2220.9510803   -16.2214357
625.2905848   -2220.887661   -95.9833711
625.3151196   -2218.3246613   -106.7991778
624.6547411   -2223.3529091   -74.6780485
625.0182437   -2222.476244   -35.68675
622.3129044   -2223.0010033   -39.3300578
624.0449706   -2218.6915874   3.56134
624.1407777   -2223.5307693   -70.4366863
624.2543916   -2223.5984802   -65.737389
623.5945048   -2219.3119526   -0.4457605
622.7772953   -2221.4791775   -17.7758429
623.6666525   -2221.7316628   -22.0426451
624.4016411   -2216.3925171   19.0274306
623.5745335   -2220.8926678   -13.1906718
623.6451613   -2223.4447002   -52.7242161
621.3677777   -2222.5618362   -29.3766856
621.1871794   -2222.7888107   -32.7335373
624.0848909   -2222.9180336   -82.0130706
622.648188   -2223.3290672   -47.2075865
622.1770933   -2217.8826332   10.9091317
622.4521781   -2215.713501   25.2798554
624.060792   -2214.9102688   29.5775831
621.8521176   -2219.0792561   -103.889823
623.3751895   -2223.6311436   -59.4753847
622.5312828   -2218.3594704   7.370255
623.2371936   -2216.3667679   -114.810288
621.6704222   -2217.7767754   -109.088704
622.7382468   -2217.0953751   -111.8726432
622.6779567   -2220.5781937   -97.5865573
622.3091772   -2223.2525349   -44.6800254
621.923239   -2217.3001766   14.9854086
622.3698287   -2220.5343246   -8.6522661
620.9262247   -2222.8882313   -83.8247538
621.621552   -2222.3031521   -88.335067
620.7124396   -2219.9203968   -1.995333
621.4428554   -2216.4685726   20.9679678
619.4742201   -2223.2232094   -37.0469131
619.5378872   -2222.566843   -25.5559795
621.8079767   -2218.8768387   4.41493
621.2457633   -2223.7963676   -64.3162802
621.7601626   -2223.4232426   -76.5784606
620.8883198   -2223.6738205   -72.376281
619.0800155   -2217.0639038   18.8564248
620.2563355   -2221.2693691   -12.1417865
619.4893541   -2220.7212448   -6.7430953
620.8595829   -2223.7758636   -68.4914291
620.7182901   -2223.762989   -55.8156036
619.205446   -2222.0368385   -18.249929
618.8044018   -2222.4473953   -22.4832706
619.3466066   -2223.7374783   -50.4205748
619.8436926   -2219.5210457   1.849615
619.586804   -2221.2696075   -94.5443138
619.4330277   -2223.9232063   -60.7588179
620.2325868   -2216.7224884   -113.4150028
619.5672499   -2221.7111588   -15.3681431
619.4310403   -2220.2558517   -99.1218612
619.976529   -2223.528862   -45.5626398
618.90304   -2218.3532715   10.5077401
619.4888959   -2218.9347744   6.1672931
618.6064398   -2216.4216042   23.49592
619.7277336   -2215.3356075   30.1271845
628.0552829   -2204.0655613   103.6123782
628.3228109   -2209.2871666   67.6258877
626.0604011   -2208.6861134   74.1706342
627.0761164   -2209.0213299   70.7526654
628.0993382   -2213.0215168   39.7996716
627.3791651   -2200.3848553   126.8785447
628.2851259   -2210.7901573   56.4484596
627.5597448   -2210.4654312   59.6089959
628.2187896   -2203.4213543   107.6525897
628.200599   -2209.5973492   65.4203817
627.2321614   -2212.6228809   43.6164215
626.3180236   -2207.2114944   84.4651982
626.6466873   -2205.5368423   95.3158662
624.956009   -2206.2313557   92.3623443
625.85158   -2205.0662041   99.3416831
624.5331699   -2212.0599747   50.3919125
624.1404908   -2212.6605511   46.167627
625.3998848   -2208.2836628   77.6894465
626.2255507   -2206.6082954   88.7765512
625.8130344   -2201.7319202   120.1728284
625.7087561   -2201.1332512   123.6149147
623.9907453   -2202.5520802   116.7557761
623.9927235   -2211.5571499   54.701522
624.886618   -2213.8383389   36.6271585
625.8509616   -2214.2527103   32.7184275
624.7168156   -2207.7872753   81.9923803
622.7478208   -2203.4995556   112.0999753
624.6249872   -2209.8224163   67.1184584
624.98884   -2211.0085487   57.9357669
623.1986704   -2204.3402195   106.450364
621.98387   -2210.8592987   61.7149621
622.7584975   -2213.2208347   43.1868583
622.6079921   -2213.6640549   39.9696156
623.954718   -2209.3708515   71.1497068
621.1085441   -2205.1138878   103.2856703
623.8252791   -2205.5606842   97.9597047
623.803013   -2200.8109093   126.3084114
622.6403797   -2207.4592113   86.4543244
622.6061089   -2206.9940567   89.4696191
620.8544867   -2209.0859413   76.0586634
621.454007   -2209.4388008   72.7471188
621.1503009   -2205.4955959   100.7812321
622.0610543   -2214.3397331   35.3724808
621.160389   -2214.7715092   33.0318511
621.8716959   -2202.2471428   119.9591234
621.0404979   -2208.5256577   80.0966993
620.8385891   -2211.5404606   57.6153994
620.4706403   -2206.9172859   91.9780508
620.2893136   -2208.0991268   83.8965327
621.5511235   -2209.9893093   68.6112791
621.8183125   -2210.4096413   65.2824864
618.7077659   -2212.9781246   48.5942215
620.3151225   -2212.1200562   53.6510274
619.0580884   -2203.1545639   116.752699
619.6539821   -2201.0164261   126.8528551
619.3007669   -2206.2842846   97.1336812
618.9807123   -2201.9231319   123.0980903
619.3148708   -2203.9964199   111.8617952
618.5872341   -2205.1033974   105.4295525
619.3123451   -2214.4834995   36.6737992
618.6867273   -2202.5761604   119.9897453
618.5680917   -2210.1852894   69.5640221
