627.1992149   -2399.6524811   -604.6949029
627.2290657   -2394.2275047   -608.3655357
627.1610456   -2396.8999386   -605.6374311
628.2568286   -2411.2722874   -606.6474915
628.2765465   -2378.9484501   -601.2579203
627.9691169   -2407.7150822   -610.6917858
628.3628466   -2380.6703091   -618.0526018
628.1764666   -2402.9784203   -619.8627949
628.2503503   -2401.9422531   -590.8282399
628.228833   -2399.0306854   -591.7232037
627.9985505   -2410.4681015   -601.8221974
627.9872815   -2381.1204433   -605.3366065
628.0512819   -2380.9711933   -610.0429893
628.2065818   -2380.8550835   -597.8018641
628.1962404   -2393.6297894   -621.4399338
628.3106925   -2396.8601227   -623.062253
628.2926472   -2386.5737915   -620.6368804
628.1469809   -2384.4361305   -595.5135822
628.0710632   -2390.0499344   -595.3931212
628.0764202   -2406.0742855   -592.2035575
628.0220123   -2398.7247944   -620.1822758
628.1614537   -2393.8295841   -594.0821171
627.9059323   -2397.403717   -594.8401093
627.7689087   -2403.4011364   -614.8244739
627.7295286   -2406.5179825   -597.8553891
627.9675411   -2383.3966255   -614.4735217
627.9479089   -2390.9564018   -617.847383
627.7798647   -2387.845993   -614.3581271
627.8936798   -2383.0449581   -600.5283594
627.7484903   -2407.8307152   -605.6019664
627.7723061   -2401.6661644   -595.2119231
627.7209605   -2395.7328796   -616.6556478
627.7615251   -2400.0365734   -616.9819832
627.6914748   -2390.8991814   -598.5706449
627.6301528   -2394.8040009   -597.9372859
627.707758   -2387.6795769   -599.3090272
627.7201819   -2384.8385811   -609.6532345
627.557979   -2406.0537815   -602.5000215
627.7011978   -2384.0870857   -603.6852598
627.4686205   -2402.5378227   -610.7606292
627.3864778   -2403.5067558   -606.2767506
627.6189695   -2391.8819427   -614.140451
627.5299685   -2398.6158371   -598.1555581
627.3680078   -2390.0682926   -608.871758
627.373227   -2401.8955231   -600.9428501
627.463148   -2399.269104   -613.2908463
627.3577745   -2395.1051235   -611.7756963
627.4014237   -2389.2300129   -603.1189561
627.3776936   -2393.2819366   -601.629138
627.2698539   -2397.1204758   -601.9251347
627.2294568   -2398.7646103   -608.6978912
627.2411393   -2393.3086395   -604.763329
