1575.6389769   -2855.7884693   -1014.7861242
1573.1184753   -2859.0331078   -1017.4010992
1575.3617557   -2856.7447662   -1022.1060514
1572.9024085   -2855.6666374   -1013.376832
1571.831611   -2860.0046635   -1017.6579952
1571.8938383   -2860.0840569   -1020.5434561
1571.533111   -2859.4498634   -1023.4155655
1571.3260444   -2857.6333523   -1025.6942511
1570.5134543   -2858.0563068   -1014.7579908
1568.936673   -2856.4763069   -1012.2590065
1568.0695447   -2862.6685143   -1019.6722746
1568.1543621   -2862.9007339   -1023.042798
1566.9213804   -2861.7148399   -1026.3330936
1567.8350004   -2857.9697609   -1027.6689529
1567.0570406   -2859.8401546   -1014.6981478
1565.3867992   -2863.1715775   -1017.2461271
1563.5059746   -2857.7179909   -1010.7250214
1562.5092062   -2860.6028557   -1029.7243595
1562.6955899   -2855.8213711   -1030.8958292
1561.6820129   -2862.5648022   -1014.4894123
1561.6580518   -2865.1285172   -1027.9808044
1558.4098371   -2856.3299179   -1006.3115358
1559.3612465   -2859.6491814   -1010.6897354
1557.9319867   -2858.7167263   -1032.3017836
1558.6222681   -2865.0507927   -1030.0517082
1556.4496192   -2863.5118008   -1031.8683386
1557.3005947   -2863.6536598   -1013.361454
1555.6499036   -2860.3312969   -1009.5798969
1552.0400675   -2858.2625389   -1005.4712296
1552.6201399   -2861.7832661   -1033.8134766
1552.967635   -2864.1307354   -1011.9717121
1551.2045892   -2861.4187241   -1008.7405443
1548.4935316   -2859.2321873   -1035.2197886
1549.1137179   -2863.8756275   -1010.3116035
1547.0703515   -2865.2515411   -1035.427928
1546.4287075   -2860.9173298   -1005.9646368
1547.8313836   -2857.3148251   -1001.4765263
1542.803553   -2864.8216724   -1008.6544752
1543.1560548   -2860.2576256   -1036.8177891
1541.0836013   -2862.5738621   -1005.4460764
1542.398599   -2859.7259521   -1002.0649433
1537.8861102   -2861.8838787   -1038.4401083
1538.1703647   -2861.5903854   -1002.9087067
1532.3924693   -2860.0418568   -1040.0856733
1527.663556   -2865.0252819   -1004.8468113
1533.07983   -2861.6478443   -1000.9442568
1525.8379849   -2857.4924469   -1041.9498682
1522.02746   -2864.2950058   -1001.9104481
1525.7823738   -2861.9382381   -998.5448718
1520.9356817   -2861.5701199   -1043.644309
1520.2654275   -2855.2801609   -1043.4557199
1514.5566734   -2857.7020168   -1045.2715158
1509.1495784   -2863.6240959   -1047.3197699
1507.6973113   -2855.9732437   -1047.0634699
1502.9425891   -2859.6024513   -1048.7222672
1497.8074106   -2862.195015   -1050.3752232
1497.8017481   -2855.8943272   -1049.6926308
1493.1187304   -2858.2940102   -1051.1385202
1492.7922758   -2864.3167019   -1051.9016981
1488.6909398   -2860.6345654   -1052.4675846
1488.9534982   -2855.4842472   -1051.7750978
1484.4180616   -2856.7793369   -1052.9074669
1484.2732223   -2862.9970551   -1053.7096262
1479.2124303   -2859.136343   -1054.2262793
1472.8724035   -2861.2439632   -1055.6015968
1468.1014093   -2859.2116833   -1056.1327934
1466.66756   -2864.439249   -1056.9374561
1463.5007056   -2857.1455479   -1056.5240383
1459.5643552   -2863.2221222   -1057.6946735
1458.4598216   -2857.3832512   -1057.2116375
1455.4485949   -2859.4286442   -1057.7658415
1453.2184871   -2863.8548851   -1058.3804846
1451.4994892   -2858.4523201   -1058.0245256
1446.3961395   -2861.5067005   -1058.6926937
1438.9758381   -2861.7727757   -1059.2395067
1435.8558925   -2856.8301201   -1059.0963364
1432.5954589   -2861.2442017   -1059.625268
1426.0611209   -2860.0533009   -1059.9800348
1419.4947156   -2859.7249985   -1060.4293346
1416.954008   -2864.6378517   -1060.803175
1412.9235419   -2860.7218266   -1060.9583855
1408.3669456   -2864.2854691   -1061.394453
1406.7479046   -2859.2767715   -1061.3917112
1404.3644937   -2864.0108109   -1061.7030859
1403.4361514   -2856.9111824   -1061.5593195
1401.8236669   -2860.3682518   -1061.829567
1397.6050886   -2860.7583046   -1062.1762276
1393.761185   -2864.0332222   -1062.5649691
1393.6466249   -2858.2038879   -1062.3838902
1388.5501894   -2861.5796566   -1062.9155636
1382.8454288   -2857.7775955   -1063.1812811
1378.3781203   -2862.1342182   -1063.7507439
1375.8068355   -2856.4581871   -1063.6447668
1374.039975   -2862.2334003   -1064.0952587
1370.4632195   -2864.8793697   -1064.307332
1369.4964322   -2858.7889671   -1064.2279387
1365.5413064   -2865.156889   -1001.0615587
1364.3467101   -2862.7176285   -1064.6033287
1364.2315539   -2856.7993641   -1064.4290447
1359.0078028   -2858.8187695   -1064.7989511
1358.2917722   -2864.2458916   -1064.9130344
1352.7304205   -2860.5856895   -1065.1358366
1356.2163981   -2864.8834229   -1003.3178329
1348.6923846   -2864.3686771   -1064.9104118
1348.2807549   -2865.039587   -1005.5884123
1351.8402847   -2863.3546829   -1002.5686026
1346.1745056   -2859.8828316   -1065.3110743
1343.8580903   -2863.1944656   -1065.0246143
1343.2067903   -2862.8282547   -1004.4207573
1347.7536114   -2862.2412682   -1002.5470257
1339.8509892   -2859.5819473   -1065.3586388
1339.9296673   -2864.4683361   -1064.883709
1338.7716087   -2864.6996021   -1007.9188347
1335.305837   -2862.2822762   -1065.1327372
1334.3598517   -2858.4399223   -1065.4155016
1333.4712657   -2863.8248444   -1008.4433556
1336.840895   -2860.8515263   -1003.9818287
1330.9843811   -2865.0827408   -1064.6487474
1330.4429921   -2860.0533009   -1065.3276443
1328.3480676   -2863.3172512   -1009.4137192
1330.3929242   -2860.7983589   -1005.7526827
1325.1748952   -2861.1667156   -1065.2108192
1327.1655711   -2857.9747677   -1065.3977394
1324.8752626   -2860.7137203   -1007.3168278
1326.8881115   -2858.4287167   -1004.1754246
1332.0692452   -2857.5289249   -1001.8969774
1323.263255   -2855.5910587   -1065.4146671
1323.0685862   -2862.3533249   -1009.9658966
1322.0255049   -2865.1607037   -1014.3254995
1320.3115138   -2863.558054   -1064.6945238
1319.1197785   -2859.2638969   -1065.3809309
1320.476559   -2860.001564   -1008.020997
1322.8021535   -2857.2080135   -1003.9666891
1319.6035894   -2862.2660637   -1011.21068
1317.3771771   -2863.8584614   -1014.390707
1316.2260922   -2860.0621223   -1009.6991062
1316.9688257   -2857.0713997   -1005.6577921
1315.8105286   -2861.8042469   -1065.0520325
1314.8316415   -2858.6761951   -1065.4633045
1314.9621757   -2864.1545773   -1016.0002708
1313.9977726   -2861.0577583   -1012.0013952
1313.8378533   -2856.7402363   -1006.4232349
1319.3000229   -2855.5908203   -1003.2442808
1312.1254119   -2863.3143902   -1064.730525
1311.280218   -2857.2251797   -1065.5398369
1312.4032887   -2860.3713512   -1065.3083324
1312.9161271   -2864.587307   -1017.898798
1309.6872243   -2859.4317436   -1011.8886232
1312.2883113   -2857.9809666   -1008.6398125
1310.7861551   -2862.4966145   -1015.8245564
1310.4248913   -2856.7080498   -1007.7790022
1309.1592463   -2864.2277718   -1019.6688175
1308.0163272   -2860.7418537   -1065.3336048
1308.2188042   -2864.6845818   -1064.2724037
1306.2741431   -2855.7062149   -1065.6501055
1305.9567484   -2861.8543148   -1017.7521706
1306.25501   -2857.0082188   -1010.1345778
1304.3319853   -2864.2315865   -1023.2223272
1301.0123046   -2858.6301804   -1015.8754587
1304.0713342   -2863.0321026   -1064.904809
1303.0507835   -2859.4744205   -1065.5736923
1301.927534   -2856.2407494   -1065.793395
1302.0970496   -2861.65905   -1020.0579166
1300.2188476   -2864.6452427   -1064.4841194
1298.3448776   -2864.3298149   -1027.4304152
1296.0158261   -2861.9847298   -1024.2916346
1300.5492958   -2861.6020679   -1065.2155876
1298.5338839   -2858.536005   -1065.7792091
1298.1111082   -2859.331131   -1018.7834501
1295.8953651   -2857.0518494   -1016.3220167
1296.869305   -2862.2920513   -1065.1888847
1295.1718243   -2855.3762436   -1065.9987926
1293.8391241   -2859.3375683   -1065.7742023
1293.019739   -2863.8041019   -1028.7992954
1291.8785485   -2857.4531078   -1018.7215805
1292.1307357   -2861.2127304   -1024.5591402
1292.3794063   -2863.0905151   -1065.1737452
1292.6204475   -2855.4935455   -1015.4101849
1291.3735779   -2856.5578461   -1066.1008358
1288.6889251   -2860.0025177   -1065.9132004
1288.0266579   -2863.0683422   -1028.2166004
1287.8304394   -2864.0594482   -1064.9564266
1285.8876856   -2859.1198921   -1022.2666264
1287.4208363   -2855.5757999   -1066.2240982
1285.961953   -2864.7201061   -1031.1866999
1283.1518921   -2861.9759083   -1065.5062199
1283.2957181   -2858.5977554   -1066.100359
1282.3290499   -2863.4641171   -1028.5881758
1279.8739942   -2856.2595844   -1018.6021328
1279.6505364   -2860.7523441   -1024.4065523
1278.8043889   -2858.5526943   -1021.4426517
1278.3311876   -2859.7142696   -1066.1147833
1278.0083688   -2863.6934757   -1065.232873
1277.6958021   -2865.270853   -1031.1080217
1276.5600952   -2862.5910282   -1026.7891884
1274.8943242   -2856.6596508   -1019.081831
1275.2772244   -2860.0091934   -1023.2263803
1274.6008905   -2862.128973   -1065.6657219
1273.4176787   -2859.4548702   -1066.1433935
1273.4472426   -2865.0496006   -1064.7308826
1273.8541635   -2864.1309738   -1028.8704634
1271.198717   -2862.1118069   -1025.9586573
1270.6314596   -2859.1244221   -1022.1449137
1269.207743   -2856.8098545   -1066.262722
1269.9362906   -2857.0327759   -1019.6334124
1269.7276744   -2862.128973   -1065.4780865
1270.1272043   -2865.0894165   -1030.1446915
1265.6198414   -2860.5499268   -1024.2967606
1266.5143283   -2862.8964424   -1027.1475315
1266.8668898   -2857.9683304   -1020.9989548
1265.9797343   -2864.7069931   -1029.6537876
1264.5063671   -2859.9648476   -1065.734148
1264.7791775   -2863.8362885   -1064.8995638
1264.1207846   -2855.8139801   -1066.1572218
1263.5368379   -2855.4601669   -1017.9783106
1261.5308436   -2858.6263657   -1022.0749378
1261.615661   -2865.1783466   -1030.5666924
1264.1828331   -2863.2919788   -1027.8490782
1262.4789151   -2861.7241383   -1026.0111094
1259.5431479   -2862.8387451   -1064.9137497
1259.7120675   -2857.5260639   -1065.8887625
1261.7704543   -2863.7275696   -1028.6628008
1259.117988   -2862.5907898   -1027.4164677
1258.3685788   -2860.5585098   -1024.7045755
1257.1938308   -2864.8915291   -1030.5291414
1255.6337389   -2857.9306602   -1021.3149786
1254.2499574   -2860.0654602   -1065.2598143
1254.7517093   -2864.2034531   -1064.6055937
1255.6645545   -2862.3344898   -1027.1965265
1252.4933489   -2860.2461815   -1024.5400667
1251.8108758   -2863.4259701   -1028.7538767
1251.6650828   -2857.1834564   -1020.421505
1250.2724799   -2856.6477299   -1065.5378103
1251.5055808   -2863.28578   -1064.5077229
1248.927203   -2860.9323502   -1064.9499893
1247.5348981   -2861.8135452   -1026.7524719
1246.8337091   -2858.8616848   -1022.7544308
1247.3293217   -2864.5739555   -1030.5395126
1247.8367957   -2864.521265   -1063.9601946
1245.6743392   -2857.7666283   -1065.0435686
1244.2118796   -2861.8068695   -1064.2441511
1243.829635   -2863.0714417   -1028.5695791
1242.8969415   -2860.7304096   -1025.3232718
1241.6518601   -2857.3594093   -1020.1486349
1240.8463033   -2858.5612774   -1064.5982027
1238.6204871   -2862.9946709   -1063.3087158
1238.8737472   -2863.1386757   -1028.5260677
1238.5759624   -2859.5757484   -1023.3718157
1238.4259375   -2857.5136662   -1020.0661421
1234.8578843   -2858.114481   -1063.8990402
1234.9143895   -2860.2058887   -1024.0770578
1233.0012592   -2864.1591072   -1029.722333
1232.0527705   -2863.1067276   -1062.6538992
1235.051361   -2858.0992222   -1020.7124949
1234.1959747   -2856.5921783   -1018.0864334
1231.1987551   -2859.0443134   -1021.9926834
1229.6940955   -2861.4163399   -1025.5194902
1229.572204   -2856.1120033   -1063.6060238
1230.6999239   -2859.4386578   -1063.2275343
1229.1015061   -2856.4171791   -1017.4182653
1227.4773391   -2864.3167019   -1029.6833515
1226.3330492   -2860.2221012   -1062.6059771
1226.1281284   -2859.1089249   -1021.6650963
1225.4658612   -2861.8392944   -1025.8535147
1224.7817787   -2856.8203449   -1017.8917646
1221.4835557   -2863.3275032   -1027.9093981
1221.0470112   -2863.4746075   -1061.2096786
1220.1265963   -2858.404398   -1062.1858835
1221.3029536   -2860.8419895   -1024.0707397
1220.6001552   -2857.2697639   -1018.2855129
1220.1746377   -2855.5519581   -1015.4160261
1217.2869714   -2865.2532101   -1030.7739973
1216.6240486   -2861.76157   -1025.13659
1218.3828624   -2859.7667217   -1022.1419334
1214.7990736   -2861.7265224   -1061.0017776
1214.591411   -2858.638525   -1019.9118853
1214.9710926   -2856.0483456   -1061.8282557
1212.6680883   -2860.4066372   -1022.572279
1213.2841619   -2863.899231   -1028.3964872
1210.8323248   -2856.3804626   -1015.5701637
1209.8093899   -2858.3784103   -1060.9718561
1208.83545   -2863.2483482   -1059.9886179
1207.8352841   -2858.4692478   -1018.6882019
1210.4689153   -2861.7646694   -1024.5931149
1209.5271619   -2864.8452759   -1029.7290087
1206.4416083   -2860.6116772   -1022.211194
1205.8062228   -2855.9880257   -1014.1017437
1205.6654962   -2864.4900322   -1028.8007259
1204.8771056   -2862.1132374   -1024.6400833
1205.7885202   -2855.6230068   -1060.6172085
1203.8921388   -2860.3634834   -1059.9088669
1202.3269805   -2859.991312   -1020.7505226
1202.9984864   -2857.5725555   -1016.5292025
1201.0985883   -2855.8261395   -1012.7364397
1201.0284933   -2856.1646938   -1059.8999262
1199.6524008   -2864.1340733   -1027.6545286
1198.7611326   -2861.2263203   -1022.6355791
1199.0439566   -2863.5847569   -1058.6183071
1199.0876468   -2859.8296642   -1059.3110323
1197.8560361   -2857.8138351   -1016.1085129
1196.2359222   -2857.2840691   -1059.1100454
1194.2038807   -2862.9784584   -1025.1441002
1195.2256831   -2861.3436222   -1058.5106611
1193.8419613   -2865.2756214   -1057.3675632
1193.7251361   -2860.5234623   -1020.8883286
1192.6572593   -2855.9966087   -1012.2488737
1190.6214031   -2858.7133884   -1017.1654224
1192.524341   -2858.9401245   -1058.3566427
1190.5590566   -2862.3788357   -1057.6227903
1191.1614212   -2861.9916439   -1023.1996775
1189.8125084   -2863.6889458   -1025.8891582
1189.9972828   -2860.6541157   -1020.6958055
1187.8272565   -2856.7140102   -1013.594985
1188.2652315   -2858.6306572   -1057.6505661
1187.4802383   -2861.9582653   -1022.7051973
1187.2334155   -2860.0854874   -1019.5178986
1185.3522929   -2858.6111069   -1016.9402361
1185.67988   -2862.6797199   -1056.7572117
1186.1509951   -2863.7192249   -1025.5124569
1184.6900853   -2856.4453125   -1057.0710897
1184.1620477   -2859.790802   -1056.8220615
1184.3956383   -2856.6188812   -1014.0447617
1185.4236992   -2865.2634621   -1027.8614759
1183.708516   -2860.5194092   -1020.3002691
1185.9249743   -2862.7545834   -1023.9278078
1184.1485175   -2862.5640869   -1023.5846043
1181.1095747   -2864.5093441   -1026.403904
1181.2180551   -2862.3507023   -1056.0350418
1181.9136413   -2858.2921028   -1016.9962645
1180.9324297   -2857.8774929   -1056.2731028
1182.0084723   -2861.107111   -1021.365881
1181.0060414   -2862.6055717   -1023.6576796
1179.6560558   -2859.3220711   -1019.0634727
1180.7890805   -2863.9736176   -1025.6477594
1179.7727021   -2865.2002811   -1027.4266005
1177.5142225   -2864.9699688   -1055.0012589
1178.7537607   -2855.4470539   -1013.9194727
1177.3574027   -2860.5279922   -1021.1738348
1179.4677051   -2863.5466099   -1025.0995159
1176.8683466   -2857.5570583   -1017.3158646
1176.8312725   -2860.8226776   -1055.2611351
1177.6877316   -2863.1896973   -1024.7906446
1174.8550209   -2862.8373146   -1024.6765614
1172.8943857   -2864.2959595   -1054.1359186
1172.9083928   -2857.6188087   -1019.0494061
1171.351281   -2855.5271626   -1017.4970627
1171.9887527   -2859.3688011   -1054.4312
1171.8471917   -2859.8001003   -1021.8983889
1171.1463603   -2864.1347885   -1026.9601345
1169.4201501   -2861.9215488   -1024.9625444
1169.0178784   -2857.4492931   -1020.575285
1167.003599   -2863.2905483   -1053.1220436
1167.434779   -2857.375145   -1053.7730455
1169.7126301   -2860.1858616   -1023.0408907
1168.2355674   -2859.6947193   -1023.0622292
1168.5253056   -2863.8105392   -1027.2680521
1168.1272062   -2856.0025692   -1019.5248127
1166.3396629   -2865.1692867   -1029.3207169
1166.1136421   -2857.0823669   -1021.3891268
1166.7605313   -2861.839056   -1025.6299973
1165.5478152   -2862.2894287   -1026.4258385
1164.4037636   -2856.153965   -1021.2184191
1164.3516692   -2859.4853878   -1024.1553783
1163.245407   -2859.713316   -1052.8888702
1160.7646617   -2863.9609814   -1052.0278215
1163.230625   -2862.197876   -1026.990056
1161.7173227   -2865.1206493   -1030.4238796
1161.9027527   -2857.1681976   -1023.0075121
1161.592749   -2859.7207069   -1025.2412558
1160.5275544   -2861.9587421   -1027.5527239
1157.9339179   -2858.6773872   -1052.2047281
1159.7557338   -2859.842062   -1025.8543491
1156.9444808   -2857.2571278   -1024.5250463
1155.4358276   -2864.4583225   -1051.2378216
1156.8593057   -2860.6987   -1027.3393393
1155.9887203   -2863.5797501   -1030.197978
1152.001408   -2860.8708382   -1051.2800217
1153.0061635   -2859.2531681   -1027.2516012
1151.7647775   -2856.1418056   -1025.2070427
1153.6309394   -2862.2531891   -1029.5904875
1150.2487334   -2860.7809544   -1029.2969942
1149.2492231   -2858.2100868   -1027.5335312
1147.6798924   -2857.817173   -1051.1730909
1149.2526802   -2863.2040024   -1031.5680504
1147.143391   -2863.2538319   -1050.5392551
1147.2556861   -2860.5935574   -1029.9932957
1144.7276744   -2863.9867306   -1033.2690477
1145.4520496   -2857.4604988   -1028.18501
1142.8324851   -2860.5494499   -1050.5285263
1143.7632712   -2860.5577946   -1031.0050249
1143.3192166   -2862.5767231   -1032.5576067
1139.6484049   -2858.4916592   -1030.4857492
1140.2676972   -2861.7694378   -1032.6324701
1138.3089098   -2857.8402996   -1050.560236
1138.7107047   -2862.6334667   -1050.0640869
1137.1930512   -2857.3191166   -1030.1115513
1135.7000145   -2863.2595539   -1034.1684818
1135.9985741   -2859.5862389   -1031.8200588
1133.6617144   -2861.9306087   -1049.9548912
1133.0980333   -2855.9813499   -1029.5972824
1131.1581405   -2860.3110313   -1032.8189135
1131.7355307   -2863.9769554   -1035.1231098
1128.5020979   -2859.3337536   -1050.1737595
1128.7417086   -2864.0236855   -1049.6412516
1128.1884583   -2857.0747375   -1030.9398174
1127.6835474   -2862.4479771   -1034.7216129
1126.287547   -2860.0325584   -1033.2626104
1126.069096   -2864.8042679   -1036.3698006
1124.9754699   -2862.480402   -1049.8435497
1123.526481   -2857.7923775   -1050.3636599
1123.6139806   -2856.8031788   -1031.5437317
1123.3052882   -2862.6728058   -1035.6655121
1121.9854029   -2859.1330051   -1033.6356163
1119.3824681   -2862.9250526   -1049.9196053
1117.9725798   -2855.8926582   -1050.7115126
1120.8731207   -2862.2248173   -1036.0914469
1117.5067695   -2863.026619   -1037.7238989
1117.9665001   -2856.3191891   -1033.057332
1118.5602816   -2859.7354889   -1035.2370739
1112.2892769   -2860.2321148   -1050.5795479
1114.7533926   -2858.8883877   -1036.2696648
1112.0088967   -2861.7985249   -1038.8929844
1110.7527884   -2858.2265377   -1037.3566151
1108.2386645   -2864.4268513   -1041.1659479
1108.1033023   -2856.0163975   -1051.2994528
1105.5262955   -2860.5635166   -1051.0498285
1107.2070869   -2859.7767353   -1039.3646955
1108.0887588   -2856.4271927   -1037.2164249
1102.1719845   -2865.1547432   -1050.7792234
1104.3015393   -2862.4889851   -1041.4252281
1104.5378121   -2856.304884   -1038.3187532
1102.3881706   -2859.130621   -1040.4201746
1099.1202267   -2859.7764969   -1051.753521
1100.5338105   -2855.6275368   -1039.1080379
1100.1090082   -2862.5507355   -1042.5132513
1097.5567373   -2858.2684994   -1041.2465334
1097.6304682   -2864.2883301   -1051.2815714
1095.2962907   -2862.0200157   -1043.4026718
1095.1541337   -2856.7965031   -1052.5288582
1093.9218672   -2860.1951599   -1052.3004532
1093.3299931   -2864.8941517   -1051.5440702
1092.9699215   -2855.9052944   -1041.1514044
1093.3333906   -2858.5047722   -1042.3294306
1091.7712124   -2865.1204109   -1045.1818705
1091.4944681   -2861.0086441   -1043.7666178
1089.9024578   -2856.3308716   -1053.2383919
1089.3948945   -2861.730814   -1052.7154207
1089.6887454   -2858.0543995   -1042.84513
1089.9246009   -2865.0472164   -1051.6387224
1087.4548825   -2861.3996506   -1044.6435213
1087.1469649   -2864.4924164   -1045.9758043
1085.8969363   -2863.8398647   -1052.3321629
1083.2365426   -2859.7912788   -1053.797245
1086.2996253   -2857.550621   -1043.213129
1083.141801   -2862.7357483   -1045.9007025
1082.9094323   -2859.0548038   -1044.4123745
1079.871771   -2864.3686771   -1051.9644022
1080.5653306   -2865.1902676   -1048.7809181
1078.860906   -2855.3712368   -1055.0371408
1078.8640054   -2855.8764458   -1043.4750319
1076.333222   -2858.8788509   -1054.7311306
1078.4496637   -2860.771656   -1045.7646847
1078.882006   -2864.8636341   -1048.6609936
1075.8537623   -2861.8171215   -1053.3771515
1074.9700638   -2863.6608124   -1052.1025658
1076.33352   -2863.8420105   -1048.9561558
1074.0352245   -2857.8045368   -1045.0303555
1073.6151608   -2861.8707657   -1047.2155809
1074.6776136   -2863.8622761   -1050.2719879
1072.356877   -2859.8127365   -1054.6267033
1071.4887353   -2861.56106   -1053.5889864
1071.8638273   -2863.1649017   -1050.2706766
1068.739173   -2860.8515263   -1047.5581884
1070.3227492   -2856.5278053   -1055.9427738
1068.1015822   -2859.3666553   -1055.2238226
1067.6973435   -2860.8179092   -1053.7542105
1063.6832687   -2855.3323746   -1057.1049452
1065.1174458   -2861.017704   -1049.5749712
1067.0531365   -2857.9792976   -1045.8717346
1064.927009   -2857.0423126   -1045.4754829
1064.9082037   -2859.4944477   -1047.1998453
1063.8639601   -2858.9420319   -1054.9468994
1064.9440261   -2860.727787   -1052.7848005
1061.5379485   -2860.3103161   -1051.2603521
1060.2610382   -2857.4421406   -1046.0817814
1060.435501   -2859.0886593   -1048.7593412
1059.1559085   -2856.9815159   -1056.2685728
1058.7665709   -2859.3251705   -1053.3925295
1057.4212345   -2859.0722084   -1050.5635738
1054.1839572   -2857.3279381   -1048.304677
1056.1902794   -2857.5465679   -1055.8576584
1054.874775   -2858.6289883   -1052.811861
1053.2017621   -2857.9599857   -1055.2834272
1052.833614   -2856.5189838   -1056.5960407
1052.137998   -2857.9528332   -1054.0777445
1050.5223247   -2857.0702076   -1050.4975319
1049.4140061   -2855.6506634   -1047.7925539
1050.0452193   -2856.6172123   -1049.172163
1050.0395866   -2856.8058014   -1055.7775497
1048.6163469   -2857.1419716   -1053.1914234
1046.1588474   -2855.9436798   -1050.0169992
1045.5756756   -2855.8719158   -1055.7726622
1041.5855321   -2855.4122448   -1055.4610491
1544.3088683   -2856.8816185   -998.4955192
1538.6115583   -2856.4152718   -993.4569001
1538.5349663   -2858.5751057   -997.9642034
1536.0351475   -2856.0762405   -990.9296036
1534.8795923   -2857.9497337   -994.2531586
1534.1364416   -2859.4651222   -997.2090721
1531.4883264   -2857.2463989   -990.3514385
1526.4585885   -2856.1980724   -984.120369
1530.6893262   -2859.6072197   -995.4380989
1525.6254347   -2859.2295647   -991.1325574
1523.0726274   -2855.2925587   -979.7238111
1519.8905142   -2859.3611717   -987.3322845
1519.296852   -2857.1510315   -981.186986
1521.0320028   -2862.5001907   -997.6939559
1519.9745568   -2860.667944   -991.2876487
1517.2170075   -2864.3298149   -1000.3211498
1514.5355137   -2863.2025719   -995.7569242
1516.6127952   -2855.9169769   -976.6795039
1513.2383379   -2862.2174263   -991.5017486
1514.4886049   -2859.8668575   -984.8009348
1513.5745081   -2858.0460548   -979.416728
1511.8937763   -2865.2334213   -999.9478459
1512.5432285   -2855.984211   -974.4032025
1507.5068148   -2864.634037   -995.7240224
1510.2287205   -2860.0859642   -982.4100137
1509.9490555   -2861.6313934   -986.9652987
1508.0923112   -2858.5922718   -977.3138762
1504.5205625   -2864.0010357   -991.3310409
1509.1424259   -2856.1198711   -972.8609324
1504.9211653   -2856.6322327   -971.8115926
1507.1907314   -2861.6275787   -984.8498106
1507.3733004   -2860.3720665   -981.2633395
1503.78975   -2861.0043526   -980.7646871
1503.115383   -2859.2777252   -976.1815071
1502.668229   -2862.850666   -985.5601192
1500.3895434   -2856.3930988   -969.3884254
1499.5090636   -2858.7334156   -973.4262228
1498.0778369   -2864.4697666   -988.0487323
1499.5883378   -2860.8791828   -978.1196117
1499.2199811   -2862.6675606   -982.7917814
1496.8741807   -2857.4512005   -969.9081779
1496.5823563   -2860.5623245   -976.0441184
1495.8728226   -2862.3447418   -980.0490737
1495.0768622   -2859.3389988   -972.89747
1494.5797595   -2863.904953   -983.77949
1493.0910143   -2865.2787209   -987.3031974
1494.6794184   -2856.5628529   -967.651844
1493.7583479   -2858.0822945   -970.038116
1492.9971369   -2861.2272739   -976.1790037
1491.3682612   -2863.130331   -980.1170826
1490.6652244   -2859.5433235   -972.0039368
1491.4744171   -2857.2149277   -967.9157138
1489.3656643   -2865.0496006   -984.5245481
1488.5055693   -2855.8576107   -965.0517702
1488.3708032   -2861.8865013   -976.2743115
1487.7065691   -2858.1371307   -968.7818289
1485.5695637   -2863.9447689   -980.2240729
1485.1041111   -2860.2106571   -972.2526073
1482.746807   -2857.4652672   -966.9044614
1482.0097955   -2862.7812862   -977.0436883
1477.3122939   -2860.5399132   -972.2343683
1481.8768772   -2864.7480011   -981.2983274
1479.7773036   -2856.7855358   -965.4255509
1477.1550568   -2858.3076   -968.01579
1476.8814715   -2864.0697002   -979.2522192
1475.3405126   -2862.0126247   -975.0251174
1476.6922864   -2855.6621075   -963.3800387
1475.247887   -2856.7168713   -965.0663733
1473.664132   -2859.7691059   -970.7342982
1472.4644693   -2863.5632992   -978.0610204
1471.8343886   -2856.1096191   -963.9130831
1471.3740619   -2861.8962765   -974.797368
1469.5024165   -2859.7588539   -970.6842303
1465.6036171   -2865.0057316   -980.2516699
1465.8229025   -2858.2921028   -967.859447
1464.0475782   -2862.257719   -975.1926661
1462.1064337   -2856.9567204   -965.1647806
1461.613861   -2859.1611385   -969.3303108
1460.312632   -2865.1616573   -979.5084596
1457.3329362   -2860.5868816   -971.3352919
1457.1526917   -2863.5413647   -976.2153029
1457.920638   -2857.5675488   -965.7796025
1451.6896876   -2859.051466   -967.4012661
1451.843706   -2856.5516472   -962.836802
1451.6362818   -2862.6058102   -973.7569094
1453.3147486   -2864.8104668   -977.6551723
1446.8629631   -2857.3873043   -963.2541537
1447.2945603   -2861.328125   -970.6656337
1445.7423361   -2859.6975803   -967.1697617
1445.5461176   -2863.7123108   -974.5431542
1442.9772171   -2855.7641506   -959.7716331
1441.9136318   -2861.900568   -970.2166915
1441.0039457   -2858.7422371   -964.3506408
1439.9434002   -2865.008831   -975.2415419
1438.7946399   -2856.7814827   -960.8219266
1435.8930858   -2861.0889912   -967.5490856
1437.7620491   -2863.7104034   -972.4372625
1436.360267   -2858.4165573   -963.1881714
1435.4214939   -2856.6496372   -960.3863955
1433.1224235   -2855.3440571   -958.4635496
1433.3987506   -2863.5258675   -971.4444876
1430.7775172   -2858.4017754   -963.2102251
1430.5436286   -2862.0009422   -968.9151645
1429.7707351   -2864.3960953   -972.9731083
1427.1654161   -2860.8253002   -967.3576355
1425.0968369   -2856.4062119   -960.9618783
1424.7711571   -2858.954668   -964.8621678
1426.3832244   -2863.2106781   -971.3671803
1423.4666499   -2861.1700535   -968.7045813
1422.2791465   -2863.483429   -972.8581309
1421.320227   -2864.9027348   -975.5635262
1421.3037761   -2857.1410179   -963.1265998
1421.1161407   -2859.2092991   -966.3404822
1419.20307   -2860.8572483   -969.7352052
1417.9020794   -2863.3611202   -974.4004607
1417.12859   -2857.5470448   -965.5774832
1413.7532981   -2859.8036766   -970.93606
1413.7264761   -2862.6961708   -975.5990505
1411.4185842   -2855.3826809   -965.5820131
1411.8938717   -2863.5892868   -978.4607291
1409.6997651   -2865.2067184   -982.6847911
1409.9591645   -2860.8295918   -975.340426
1408.0307754   -2857.2337627   -970.9146023
1408.7873968   -2862.0493412   -978.10179
1406.7543419   -2864.5567894   -983.8209152
1405.8891209   -2859.2305183   -975.6290317
1404.3414863   -2861.4761829   -980.2002311
1402.6137265   -2864.5782471   -986.6725206
1403.0428799   -2856.1000824   -972.4960327
1403.3786925   -2862.9741669   -983.3120108
1401.2441906   -2858.5093021   -977.5899649
1399.8594555   -2860.9573841   -982.4693799
1396.8599113   -2855.7417393   -975.3502607
1398.4245332   -2864.6395206   -989.2344475
1396.7551859   -2862.4649048   -986.5657687
1396.535662   -2858.0267429   -979.4584513
1393.5893448   -2859.3885899   -983.2138419
1394.9895772   -2863.7597561   -989.5121455
1391.0194906   -2855.8764458   -978.467226
1390.9477862   -2861.8061543   -988.0818725
1392.5233158   -2864.325285   -991.3842082
1385.997382   -2857.9463959   -983.8777184
1388.4120258   -2864.0036583   -992.3126698
1384.3157562   -2861.287117   -989.5427823
1383.2116397   -2864.459753   -994.4543839
1380.1400932   -2855.5691242   -982.0169806
1377.2170814   -2858.0813408   -986.9948626
1379.7940286   -2861.8798256   -991.7234182
1376.4558109   -2864.2492294   -996.042788
1375.0334056   -2860.6157303   -991.5012717
1371.7739256   -2855.966568   -985.8157635
1372.9105266   -2858.3257198   -989.0116453
1372.3264011   -2861.4945412   -993.7550426
1370.7115921   -2862.9946709   -996.4914322
1371.5358647   -2859.6026897   -991.363287
1369.3831237   -2857.5387001   -989.3001914
1367.9973158   -2859.8906994   -993.244648
1367.9274591   -2863.8586998   -998.6839294
1367.0487078   -2861.9551659   -996.455431
1365.1849302   -2856.746912   -989.9961948
1363.9419349   -2860.396862   -995.4999685
1363.8507398   -2858.4318161   -993.046701
1364.6358522   -2862.6306057   -998.1684089
1360.3340062   -2863.2833958   -1000.3407001
1361.6994294   -2856.3585281   -991.0812974
1361.6571697   -2861.0920906   -997.2560406
1359.4439896   -2858.1769466   -994.4546819
1359.4017299   -2855.5474281   -991.0242558
1358.303574   -2860.6922626   -997.7709055
1353.5105857   -2861.2806797   -999.8527765
1356.0713204   -2857.0535183   -994.3097234
1353.8361462   -2858.7706089   -997.0178008
1349.5831164   -2858.1283092   -997.6268411
1349.4904312   -2860.6610298   -1000.3138781
1345.8912047   -2858.9081764   -999.6176362
1341.3549336   -2858.2997322   -1000.2506971
1337.1950658   -2857.7523232   -1000.7760525
