-562.1384112   -2607.0439816   -964.2764926
-562.3800484   -2605.0300598   -961.0975981
-562.8912178   -2611.3705635   -935.5031252
-563.1855456   -2616.1103249   -930.1143885
-563.2703034   -2610.6114388   -967.4514532
-563.5550944   -2604.1173935   -957.5304985
-562.5657765   -2603.9090157   -952.0062804
-563.5695187   -2608.2811356   -939.9766922
-563.2822243   -2621.1988926   -969.0515399
-564.0549389   -2621.1209297   -924.7711301
-563.691589   -2614.5803928   -968.9192176
-563.4877411   -2617.4516678   -969.407022
-563.8361899   -2606.6741943   -963.8580084
-564.343783   -2606.341362   -943.723619
-565.1378361   -2608.5312366   -965.6643867
-565.2920929   -2603.7557125   -954.5814991
-566.6948286   -2604.2377949   -950.9308338
-568.5250489   -2605.2372456   -946.6016889
-567.3310486   -2604.2947769   -958.1170678
-567.3596589   -2605.8030128   -962.2431993
-566.8236939   -2610.5639935   -967.1809673
-563.073012   -2637.3991966   -958.9220881
-566.989514   -2612.8501892   -933.765173
-562.9015891   -2634.2720985   -915.3380394
-562.6016585   -2638.260603   -913.9758945
-562.1310202   -2648.5524178   -945.1910853
-563.5487763   -2646.2371349   -948.4062195
-562.6177517   -2654.4773579   -932.6198697
-563.1805388   -2645.4164982   -914.1052961
-562.63611   -2648.2789516   -914.9563909
-563.6605946   -2654.8025608   -926.7435074
-563.4028641   -2650.5458355   -941.9993758
-564.3527237   -2630.3188801   -917.3845649
-565.9517971   -2642.9831982   -952.4614215
-564.366552   -2641.8297291   -913.384378
-562.7373186   -2651.2060165   -917.2360897
-564.6239249   -2652.4376869   -938.2340908
-569.2220656   -2617.0015335   -929.2433262
-565.2088848   -2654.4151306   -923.8592386
-566.4725033   -2654.7658443   -930.361867
-565.7516447   -2653.878212   -934.4789982
-565.507981   -2634.1216564   -961.8423581
-565.7366244   -2639.7943497   -956.1668634
-566.3033453   -2648.7660408   -944.6138144
-565.9334389   -2648.563385   -914.8546457
-567.6187006   -2637.8400326   -913.9158726
-568.1447712   -2607.2635651   -942.0304298
-568.7945811   -2633.1474781   -915.5934453
-568.1556193   -2637.4661922   -958.4472179
-567.6128594   -2644.9120045   -913.5534763
-568.0541722   -2651.1454582   -940.6557083
-569.2133633   -2646.3418007   -947.8387237
-568.2531325   -2652.8072357   -919.0741777
-568.6354367   -2654.0441513   -922.1336842
-569.0835444   -2654.7794342   -925.9112477
-568.5045449   -2651.0839462   -916.7589545
-569.0005747   -2628.9064884   -917.9763794
-569.8479144   -2642.0166492   -913.1063223
-569.15054   -2652.8298855   -936.9305372
-565.1069609   -2625.8437634   -920.4372764
-569.3200556   -2622.3273277   -923.5422611
-569.1317049   -2649.2435932   -915.1091576
-569.9968068   -2640.581131   -954.9418092
-570.3285662   -2654.0379524   -933.3641529
-571.4078871   -2649.1901875   -943.5690641
-570.1135126   -2647.1710205   -914.057672
-571.5281693   -2634.4635487   -961.1206055
-568.4555499   -2631.6533089   -963.5947943
-570.3493086   -2603.9085388   -954.4312358
-570.8704916   -2616.4677143   -968.8444138
-571.4763132   -2610.8825207   -967.2510624
-571.3273016   -2605.1104069   -960.7262611
-570.9560839   -2604.3996811   -957.8223228
-571.3826147   -2608.6418629   -939.8226738
-567.522618   -2609.8351479   -937.7725124
-570.5998866   -2625.9272099   -966.9650197
-570.1759783   -2625.8158684   -920.3718305
-562.7742735   -2628.4854412   -966.1899209
-563.5976521   -2653.6641121   -920.7230806
-565.5470816   -2617.1243191   -969.2914486
-568.7473742   -2622.3914623   -968.4224725
-565.3754202   -2625.3154278   -967.520237
-568.2176081   -2613.432169   -968.3356881
-568.1457249   -2608.123064   -965.2379155
-565.1524989   -2630.9914589   -964.3535614
-567.5052134   -2628.7369728   -965.6902552
