-568.9358441   -2250.8132458   -431.6700101
-566.6919676   -2313.4195805   -485.5235815
-567.1887127   -2307.7850342   -486.3794446
-567.5782887   -2259.5930099   -448.8730729
-567.8257672   -2261.9860172   -453.6805153
-566.247913   -2317.6085949   -484.3111932
-567.8581921   -2256.9448948   -443.8891709
-567.9304329   -2322.3352432   -484.0196669
-565.9615723   -2304.0845394   -485.3663743
-566.1109415   -2290.8437252   -482.5518429
-566.9680563   -2287.0028019   -481.6415906
-567.9514138   -2294.1153049   -485.2240384
-567.0157401   -2269.6866989   -465.5449986
-567.4985377   -2271.658659   -468.8484371
-567.5424067   -2327.3699284   -481.4677238
-568.2525364   -2254.7409534   -439.6814704
-568.5059754   -2264.1804218   -458.3853781
-569.9152676   -2266.3185596   -463.799566
-568.9040152   -2282.1772099   -480.7916582
-569.6760146   -2332.4701786   -479.8370302
-569.633576   -2244.3454266   -416.6000783
-567.1764342   -2242.9349422   -411.5931392
-568.3645932   -2302.9398918   -487.1114194
-568.9116446   -2298.7115383   -487.079531
-570.7813231   -2338.0599022   -476.1004746
-568.5246912   -2289.5023823   -484.2534661
-569.7232214   -2317.2907829   -486.8969321
-570.826861   -2252.4096966   -436.7570877
-570.6507889   -2275.5100727   -477.1308005
-570.9173409   -2270.9991932   -472.1924365
-570.5580441   -2312.0098114   -488.5689318
-569.8264567   -2247.2362518   -423.9832759
-570.4911677   -2285.8095169   -484.2968881
-569.5903031   -2269.1149712   -467.8224325
-569.5852963   -2278.8689137   -479.0064991
-571.3437525   -2259.2074871   -451.9638121
-571.4637963   -2256.9053173   -447.2331405
-571.1260764   -2261.3158226   -455.9940994
-571.2978569   -2300.8191586   -489.2054498
-571.6247288   -2242.8164482   -413.2626355
-561.9036881   -2238.3713722   -392.8934634
-561.7592064   -2300.4739285   -317.1006739
-561.7433516   -2312.7162457   -319.5845187
-562.0442358   -2240.4329777   -401.3445377
-561.8502823   -2324.9945641   -324.9866962
-562.2366396   -2275.8507729   -321.9426274
-563.2484881   -2237.0588779   -380.26914
-563.2846085   -2237.5276089   -387.811929
-563.2716147   -2249.8486042   -342.1933353
-562.2000424   -2237.9863262   -368.0224121
-563.2014004   -2265.7179832   -327.7372122
-563.31906   -2241.9593334   -406.7666531
-561.8875948   -2289.3183231   -317.6310062
-563.052508   -2284.9028111   -319.3098903
-563.3693663   -2243.0763245   -353.6499143
-562.7022711   -2293.1821346   -317.632705
-563.1385771   -2239.2413616   -397.4572718
-564.1182391   -2334.2459202   -332.3883712
-563.8787476   -2329.0908337   -328.4551501
-564.553949   -2320.306778   -323.8805532
-564.132425   -2237.2479439   -384.185791
-563.9278618   -2280.1394463   -321.3559091
-564.5268885   -2237.8008366   -371.8844354
-562.9532067   -2247.0266819   -346.1896777
-564.4995896   -2245.64147   -349.6701121
-563.2271496   -2296.8709469   -317.7880347
-563.2161824   -2261.1334324   -330.7591379
-564.6469323   -2304.4261932   -319.1643357
-563.1677834   -2241.2538528   -357.6110005
-563.8662306   -2240.1821613   -361.107111
-563.5363785   -2239.0069962   -364.7733927
-564.1237227   -2363.9235497   -425.6346524
-564.9693934   -2271.3487148   -325.8672655
-566.550943   -2237.596035   -376.6756356
-564.4721714   -2258.0058575   -334.1394067
-565.3297631   -2309.9598885   -320.6725121
-565.1328293   -2314.9240017   -322.0433295
-570.1830117   -2321.2387562   -327.1023333
-565.3255907   -2254.15802   -338.4774327
-565.6778542   -2299.1969585   -319.2468882
-566.5050475   -2324.837923   -327.0986974
-566.1898581   -2289.4253731   -320.2365041
-566.7590825   -2238.7404442   -396.2260783
-567.6097599   -2238.0347252   -391.8237984
-566.2935702   -2239.559412   -399.9965787
-566.6489331   -2240.531683   -403.8947821
-566.6391579   -2238.8954163   -368.3818579
-566.6939942   -2276.5431404   -324.6208131
-566.0680262   -2294.7661877   -319.5179701
-567.3206774   -2248.5525608   -347.1134007
-568.0519072   -2282.6485634   -323.1888115
-567.9914681   -2242.3202991   -358.9548469
-567.201945   -2262.2876167   -332.7706754
-567.3954216   -2267.4479485   -329.6059668
-567.2073094   -2237.4274731   -382.2472095
-567.5873486   -2251.8277168   -342.847079
-568.7403408   -2237.6608849   -386.3517046
-567.8113428   -2241.4593697   -407.5009823
-568.8967434   -2245.5506325   -353.1244993
-567.5799576   -2240.2508259   -364.2302155
-569.2312447   -2296.8947887   -321.3284314
-568.2514635   -2327.7418613   -329.6338618
-567.9723946   -2330.8343887   -331.5508664
-567.862126   -2257.9345703   -336.6489708
-570.381972   -2238.8286591   -373.0198443
-569.3227974   -2292.6938534   -321.6907382
-568.5413805   -2317.0926571   -324.5587051
-569.4124428   -2306.5371513   -322.1673667
-569.0587489   -2301.4855385   -321.3338256
-569.4216219   -2271.8317509   -328.6750615
-569.9989525   -2312.2575283   -323.7748146
-561.6980521   -2359.454155   -436.9626343
-570.4472987   -2255.3563118   -340.9368992
-563.1842343   -2352.9586792   -451.3321519
-569.7312085   -2239.7668362   -401.9850492
-569.4157807   -2239.1290665   -398.9194334
-563.0762307   -2345.7827568   -462.3323381
-563.996288   -2356.3733101   -445.4167783
-564.7387234   -2350.0573635   -457.287848
-570.5868927   -2240.6058311   -405.5999219
-571.2355105   -2240.162611   -368.0779338
-571.2768761   -2241.6682243   -409.5599353
-567.9003922   -2348.2136726   -462.2160196
-567.9682223   -2356.5733433   -447.6801157
-567.7553145   -2353.8961411   -452.7163804
-564.3024174   -2358.5767746   -440.8488274
-568.2073561   -2359.1594696   -442.203939
-570.9317652   -2352.8616428   -456.7159414
-571.2104765   -2251.7080307   -345.6345201
-567.3877922   -2360.970974   -437.0969832
-571.2105957   -2346.2862968   -467.2330916
-570.9919659   -2363.2304668   -433.1211746
-563.8503758   -2365.2722836   -419.9775755
-569.40684   -2366.3241863   -419.250071
-570.1031414   -2367.4185276   -412.398845
-565.277311   -2367.2058582   -408.7899923
-562.3055426   -2366.915226   -390.5414939
-562.7146689   -2366.0469055   -384.5528364
-561.6299836   -2367.3269749   -399.214983
-564.1423193   -2367.3629761   -395.4087794
-571.2122647   -2277.2119045   -327.3864388
-562.9462925   -2367.3436642   -403.375268
-562.9461733   -2363.9883995   -376.1670887
-561.85064   -2362.9910946   -372.8150427
-563.6718003   -2361.5057468   -369.4216907
-564.2022816   -2364.9060726   -379.6820641
-563.3928505   -2352.7576923   -352.9690504
-566.1463467   -2354.5372486   -356.6910923
-565.4655424   -2367.5894737   -399.4559646
-565.092179   -2362.8556728   -373.3271658
-571.3863102   -2260.2586746   -337.2024
-566.1444394   -2362.5226021   -431.7765236
-566.6672913   -2357.2573662   -361.4946008
-567.9298369   -2359.534502   -366.3061261
-565.3073517   -2366.5993214   -387.9900277
-567.3471419   -2367.0487404   -391.0702169
-565.0163618   -2366.3611412   -415.2408242
-568.8631264   -2366.1472797   -385.8321607
-567.1112267   -2365.2100563   -381.5026581
-568.0178133   -2367.7995205   -402.7604163
-567.8962199   -2363.7983799   -376.8152595
-570.4887835   -2367.7444458   -396.6722488
-571.293327   -2367.9971695   -406.6143036
-568.9891306   -2361.7088795   -371.4883327
-569.8873726   -2355.4649353   -359.4698906
-571.3755814   -2353.2004356   -356.4379811
-571.5719191   -2347.4495411   -348.7560749
-569.9925152   -2344.6345329   -344.8568583
-568.8595501   -2342.1623707   -341.7322636
-562.187883   -2359.4856262   -364.4148707
-562.0404211   -2350.0988483   -348.6388326
-561.9899956   -2356.8840027   -359.3034446
-562.5602929   -2346.7814922   -344.4655538
-570.8225695   -2334.3296051   -335.4746997
-565.7418696   -2344.3686962   -342.8484797
-566.6740862   -2347.4423885   -346.8562961
-567.9824082   -2350.8954048   -351.8886566
-570.1839653   -2325.3002167   -329.1398585
-566.3348166   -2337.624073   -336.2664282
-565.4912917   -2341.0799503   -339.2184973
-569.7768656   -2339.0967846   -339.1114175
-561.7136685   -2277.9462337   -469.4409668
-562.3552529   -2338.1271362   -470.2176452
-561.9060723   -2250.2627373   -425.3560603
-563.4395806   -2252.3124218   -430.7147861
-562.5890223   -2247.1721172   -419.2411602
-563.4871451   -2263.0093098   -450.9659111
-563.9561144   -2256.7033768   -439.8681223
-563.6740652   -2259.7799301   -445.4168677
-562.592837   -2254.9645901   -435.2732301
-563.814613   -2273.0579376   -466.3633406
-564.4691912   -2268.4090137   -460.7502818
-563.4782044   -2310.4894161   -483.3933115
-563.6917082   -2305.5398464   -483.6130738
-563.9420477   -2324.5406151   -480.2859724
-563.6759726   -2319.7131157   -481.8570018
-563.7234179   -2294.2354679   -481.583178
-563.7014834   -2289.4802094   -479.7248542
-564.756128   -2245.1174259   -415.854305
-561.8374077   -2244.0106869   -411.4204049
-563.380572   -2280.5879116   -473.7188518
-563.506457   -2315.243721   -482.8145802
-564.8884503   -2300.109148   -484.0321839
-564.6784035   -2329.7843933   -478.0961275
-564.5329682   -2284.4305038   -477.7779281
-563.8928143   -2248.3329773   -422.6790071
-565.9690825   -2335.2482319   -475.1909077
-565.133187   -2264.8510933   -455.8098316
-566.3338629   -2275.5298615   -472.1842408
-566.8055741   -2248.996973   -426.1209965
-567.9692952   -2340.6612873   -471.6500044
-565.5300347   -2343.5447216   -466.7864144
-567.1802489   -2246.6056347   -420.8621383
-566.3197962   -2253.6017895   -435.6739521
-567.1179024   -2279.4699669   -476.8820703
