1371.7680248   -2340.129137   141.6952163
1370.3374537   -2337.4574184   143.5948908
1370.5609115   -2340.937376   146.3445127
1372.9069503   -2343.5468674   141.4233744
1371.8413385   -2342.9584503   144.1867203
1369.367865   -2334.0158463   143.1987584
1368.7036308   -2334.9478245   146.5158314
1368.051258   -2328.6805153   141.7844445
1367.1511086   -2330.9440613   147.7458775
1367.5892027   -2334.1286182   149.6204138
1366.0524162   -2326.0095119   146.0473239
1366.3256439   -2323.5838413   142.0004517
1369.9859651   -2341.9380188   149.074614
1364.9841817   -2324.8038292   148.8446444
1365.5421408   -2323.6999512   145.1563835
1364.8287328   -2320.3356266   143.275708
1364.1187819   -2321.8667507   148.3239084
1364.0523823   -2320.3315735   146.342054
1364.1582998   -2317.3689842   141.4392442
1362.6876744   -2316.587925   145.7851082
1362.4959859   -2314.0981197   142.4862742
1362.9074963   -2319.231987   149.0997374
1361.0513481   -2310.8546734   141.7217851
1361.5265163   -2316.4505959   149.699688
1360.8204397   -2312.2298717   145.1782435
1360.4483875   -2313.5375977   148.6667693
1359.4079288   -2309.1938496   144.3430483
1358.9613708   -2307.2097301   141.656816
1358.5000309   -2309.5974922   147.9790211
1357.4270877   -2306.3442707   145.0863481
1356.7929538   -2304.1114807   142.1752721
1355.4607304   -2305.4285049   149.0695924
1354.375151   -2300.132513   140.5861825
1355.0269278   -2302.7989864   145.1495141
1353.4813198   -2302.031517   148.1227726
1352.187601   -2299.1235256   145.6397325
1351.4371785   -2296.8287468   142.3225105
1351.4476689   -2300.121069   149.7195661
1349.8828682   -2297.3892689   148.3421922
1349.149731   -2294.948101   145.0700462
1349.6997031   -2294.2752838   141.3208097
1347.1944007   -2294.8279381   149.6647
1347.052184   -2291.0673618   141.6167766
1345.9596904   -2291.605711   146.3001668
1343.9711603   -2291.34655   150.0029117
1344.3242582   -2288.6893749   144.0481991
1344.7252186   -2288.0806923   141.1040723
1343.5122641   -2289.2224789   147.1480131
1342.2068032   -2285.4299545   142.1735883
1342.1594771   -2287.0316505   145.7826048
1340.8605131   -2287.6925468   149.4535804
1339.6220478   -2284.371376   145.9655613
1338.8633998   -2281.3909054   141.7590231
1336.5744027   -2283.980608   150.3848284
1336.6098674   -2281.1546326   145.9647864
1336.1276659   -2279.0849209   143.1228071
1334.225622   -2276.5684128   142.2115415
1333.9419039   -2280.2901268   148.6790925
1334.0285691   -2278.2840729   145.62051
1331.7171606   -2273.4444141   141.1633939
1331.4277204   -2275.3186226   144.942373
1331.9371613   -2278.6407471   148.9229351
1328.1635913   -2271.6295719   144.1661566
1328.5833868   -2274.80793   147.7176398
1328.3763798   -2277.0409584   150.3122598
1327.466813   -2269.2008018   141.419962
1325.7336887   -2274.9865055   150.1422375
1326.0028633   -2272.690773   147.664845
1325.6328972   -2268.3048248   142.7315176
1323.9319595   -2269.9465752   146.4676261
1324.0737589   -2265.8069134   141.1865056
1323.5056671   -2272.5250721   149.2583007
1322.7815302   -2266.764164   143.8897699
1321.4319619   -2263.8542652   141.6938603
1319.9632438   -2270.9488869   149.9724388
1320.5834302   -2267.5833702   146.628961
1319.1170963   -2265.2015686   145.403266
1318.3481964   -2261.1045837   141.5101886
1319.1552433   -2263.5540962   143.5896307
1317.4826177   -2268.7616348   149.521485
1315.9974488   -2262.9246712   145.3678012
1315.161136   -2260.5400085   143.5318291
1315.5506524   -2265.7351494   148.0234563
1312.2006329   -2257.2891712   142.3750967
1312.0588335   -2264.3425465   148.5587806
1312.0700391   -2260.7793808   145.7119584
1310.0340041   -2254.2347908   140.7499164
1308.6244734   -2258.4600449   145.5445886
1308.1071051   -2255.4113865   143.1563944
1308.9867505   -2261.3916397   147.64072
1307.5754913   -2263.7650967   149.7490555
1307.2338375   -2252.5129318   140.893206
1304.5488866   -2259.909153   148.1571943
1305.5913123   -2256.6382885   145.4132199
1304.6598109   -2253.7653446   143.4954554
1303.6385449   -2250.2474785   140.8098489
1301.8504652   -2255.9559345   146.3122219
1300.9819063   -2252.2857189   143.8893974
1299.7963699   -2261.7154121   150.4944265
1299.4480404   -2257.7114105   148.2122838
1299.9350699   -2249.3023872   141.8286115
1297.8703054   -2254.1177273   146.2772638
1297.2548278   -2250.7796288   144.0881193
1296.707836   -2247.2846508   141.5108442
1297.2295555   -2259.0982914   149.5321989
1294.4758209   -2256.5169334   148.6036479
1294.0570387   -2252.7117729   146.3667005
1293.6177524   -2249.3498325   144.1881508
1294.8874506   -2259.2771053   150.0477195
1292.9230603   -2246.4663982   142.2495842
1291.9325503   -2258.9492798   150.4045576
1290.5586632   -2255.7697296   148.8763541
1292.118934   -2244.5094585   140.9331113
1290.0651368   -2251.1789799   146.2573111
1289.7857698   -2247.8382587   144.1587806
1289.2049225   -2245.1970577   142.4141079
1290.0893959   -2243.3772087   140.6948566
1286.0563072   -2253.9029121   148.5409886
1287.1330651   -2250.0069141   146.103695
1285.3814634   -2246.6068268   144.314155
1283.7425741   -2242.5742149   141.9314742
1282.4228676   -2253.8020611   149.0083784
1282.267836   -2248.1780052   145.8807141
1281.8455371   -2245.5813885   144.3679035
1279.4307145   -2240.342617   141.4609551
1280.2849682   -2255.4597855   150.2295732
1278.0348929   -2251.283884   148.366794
1279.5559438   -2247.0228672   145.6656903
1277.5298627   -2243.3991432   143.9717412
1277.0623239   -2254.4648647   150.2151042
1276.2235077   -2246.6139793   146.1880803
1276.6135009   -2240.4849529   142.3610896
1274.9274644   -2250.3888607   148.4927833
1274.0395936   -2241.1189079   143.5688734
1273.0016383   -2244.8456287   145.9870189
1272.5118669   -2236.3092899   140.9159005
1272.6633223   -2247.4796772   147.4944949
1272.0179232   -2249.5257854   148.7273127
1271.9407352   -2242.6803112   145.1247334
1270.7335027   -2238.9376163   143.3374286
1268.1862982   -2244.3826199   147.2276896
1268.6850103   -2248.2016087   148.978442
1268.3045539   -2234.1685295   141.3820684
1269.7698744   -2240.7639027   144.7869837
1266.8268355   -2237.5917435   144.1520154
1264.7236856   -2240.3597832   146.5356052
1265.1820453   -2232.0361137   141.5850371
1264.7925886   -2245.9635735   149.2071897
1263.1846937   -2233.7753773   143.7447965
1263.4843858   -2242.939949   148.3007222
1261.3621029   -2236.4327908   146.069169
1260.6424364   -2231.2941551   143.5369253
1261.1602219   -2228.7561893   141.660586
1259.9264654   -2243.6335087   150.0445455
1260.10367   -2240.3740883   148.5361159
1258.633581   -2234.2028618   146.2024152
1256.123093   -2236.8838787   148.5679746
1257.8752311   -2228.582859   143.3285177
1257.2638067   -2231.2963009   145.2440172
1255.4489049   -2239.9816513   150.1688659
1255.2520307   -2233.3199978   147.1994817
1255.471495   -2226.4046669   143.1548297
1254.0558847   -2223.7560749   142.1036273
1253.8199695   -2229.3150425   145.6293315
1253.0268701   -2235.9511852   149.2751092
1251.901296   -2224.8306274   143.7970847
1252.4950179   -2232.5181961   147.8399783
1251.429406   -2220.9944725   141.4685249
1248.8795789   -2226.4983654   145.8775997
1250.3525289   -2230.5583954   147.573173
1249.9392303   -2233.641386   149.2082179
1250.1284155   -2236.4652157   150.4271924
1247.8148612   -2217.7021503   140.7318413
1248.1954964   -2221.916914   143.4293687
1246.5313943   -2231.0373783   148.9186585
1244.2669543   -2222.8770256   145.2776939
1243.7333139   -2227.0879745   147.6772428
1244.7783621   -2218.8923359   142.7467912
1241.9377836   -2230.62253   149.7846991
1242.8617152   -2219.7239399   143.8326091
1240.9262332   -2224.4169712   146.9686031
1239.5800027   -2220.7961082   145.27601
1240.8430251   -2217.2999382   142.8830326
1239.7173914   -2227.3545265   148.6888826
1238.8596805   -2214.1807079   141.3899362
1238.3411201   -2230.3233147   150.2366364
1237.2435006   -2224.1504192   147.5407481
1236.2990054   -2216.9013023   143.6925977
1235.9453114   -2227.6854515   149.4092196
1234.4841632   -2220.5443382   146.0937858
1235.6033   -2213.7448788   141.8683082
1232.6504263   -2224.3180275   148.224026
1233.4516319   -2211.6575241   140.9019232
1232.549158   -2214.5910263   142.9599226
1232.067612   -2217.4992561   144.7522938
1232.693878   -2228.4119129   150.0720531
1228.9787801   -2219.8989391   146.3943869
1229.8435243   -2212.2430801   141.8413818
1229.6700152   -2226.319313   149.3576616
1228.6846908   -2223.3715057   148.1198072
1227.9789718   -2215.7709599   144.2367136
1227.288154   -2210.1535797   140.7233775
1225.5924615   -2211.9936943   142.144233
1225.4908951   -2225.7187366   149.3722349
1225.5682024   -2219.686985   146.5260684
1224.728969   -2213.8109207   143.3363557
1223.2718738   -2216.2365913   144.8212862
1223.0314287   -2223.4063148   148.4367102
1220.5562266   -2219.1035748   146.4400291
1220.741001   -2227.1413803   150.178045
1221.2062749   -2213.196516   143.099308
1221.6170105   -2210.0732327   140.9814209
1219.9624451   -2216.1381245   144.8968649
1219.0615209   -2223.6452103   148.686856
1217.1137007   -2210.4926109   141.1982179
1217.4407514   -2214.6496773   144.0306008
1216.227022   -2226.6936302   150.1051635
1217.6078828   -2220.5076218   147.2180188
1217.656103   -2217.8153992   145.8343267
1213.9237197   -2223.8121033   148.8199085
1214.1010436   -2219.8536396   146.8736976
1214.9312767   -2216.6495323   145.169884
1213.8379487   -2213.9558792   143.4815973
1212.5283154   -2211.3208771   141.5584832
1211.8942412   -2226.9847393   150.2707303
1211.5360769   -2217.1447277   145.3483403
1211.8760022   -2222.4602699   148.1489539
1207.4415954   -2220.6282616   147.0637619
1209.5384868   -2213.8674259   143.0770457
1209.0421589   -2225.3894806   149.5410353
1207.80876   -2217.4427509   145.2821493
1205.6450518   -2212.2426033   141.3284093
1206.1640891   -2215.1868343   143.6064541
1205.9049281   -2225.1284122   149.3469179
1204.7066959   -2217.6101208   145.0584531
1203.5768899   -2220.7438946   146.8472779
1203.3047947   -2224.1842747   148.7333477
1203.1811746   -2215.0247097   142.9905891
1201.9690546   -2212.7492428   140.8638805
1201.2464079   -2217.8559303   144.668594
1199.954656   -2221.3094234   146.721974
1198.5551985   -2224.8063087   148.66063
1199.5227607   -2214.9820328   141.9964433
1196.9031962   -2218.0552483   143.7895745
1196.5416344   -2221.9674587   146.5678811
1196.5333494   -2228.1503677   150.3426731
1195.2660354   -2225.2213955   148.5089213
1193.4161457   -2220.0133801   144.2619264
1192.6586302   -2216.9265747   141.0475373
1192.8414973   -2223.1338024   146.5875208
1193.3616074   -2228.0342579   149.9797404
1192.2086152   -2225.5928516   148.1948197
1189.942685   -2221.8253613   144.5653439
1191.6062506   -2218.7571526   142.3591375
1189.5898851   -2227.1933556   148.7382352
1189.1342672   -2229.820013   150.440976
1189.8135217   -2224.5998383   146.8779594
1187.9214319   -2219.8529243   141.5274143
1187.3130473   -2223.8562107   145.356223
1186.9226965   -2222.1677303   143.544361
1186.633912   -2226.1121273   147.0603347
1186.3048943   -2229.0945053   149.3200064
1185.1436766   -2221.0264206   141.0701275
1183.8951381   -2224.2770195   144.2061812
1183.1761273   -2228.0330658   147.4141777
1182.9117211   -2231.5518856   150.0171572
1180.3830536   -2227.1432877   145.3321129
1179.3071302   -2225.1713276   142.4248219
1178.9806756   -2230.4215431   147.8635222
1176.6912016   -2228.0933857   144.4812119
1175.7825287   -2233.6044312   149.2514461
1174.3383082   -2231.3592434   146.5200335
1173.1108101   -2229.3744087   143.5521692
1171.8756827   -2234.7257137   148.6266106
1170.3094514   -2229.4447422   141.2777901
1169.8803576   -2232.3412895   144.9601054
1167.4926551   -2235.9545231   147.6826966
1167.0553955   -2231.7724228   142.1714723
1165.2719649   -2234.3101501   144.4338858
1164.0919121   -2239.6128178   149.6874094
1163.4886535   -2237.4677658   146.9251066
1163.6180552   -2232.981205   140.8432722
1160.7101234   -2236.199379   143.3663517
1159.6804532   -2239.9139404   147.2876519
1158.2419547   -2243.5107231   150.0754654
1156.1544808   -2238.9540672   143.2979405
1157.9315337   -2236.5813255   141.1879808
1154.8028859   -2242.5808907   147.0925659
1154.7394069   -2245.6941605   150.2061784
1152.9326113   -2239.4824028   140.8660412
1152.0507606   -2241.7168617   143.6033696
1151.6182097   -2244.5600033   147.1440941
1151.1345776   -2248.1102943   150.3517479
1149.0788134   -2246.3750839   147.3010629
1148.16269   -2244.3890572   143.7443048
1147.0356854   -2249.2852211   149.0410715
1145.2140483   -2247.7703094   145.7269043
1144.6435126   -2252.0468235   150.1570046
1144.7105082   -2246.0036278   142.6780075
1144.0483602   -2250.275135   147.8811502
1142.0127424   -2248.1820583   143.1606263
1141.7928012   -2250.2803802   145.8884031
1141.8903144   -2254.3692589   150.4781246
1141.7919072   -2252.2625923   148.3081877
1139.2281326   -2248.6064434   140.5888796
1138.8328346   -2250.7245541   143.6094642
1139.4117149   -2255.4521561   149.7555524
1139.0638026   -2252.7065277   146.4312077
1136.6036209   -2255.5570602   147.5343108
1135.501233   -2251.573801   140.7844722
1135.9542283   -2253.4527779   144.3613023
1136.1411484   -2258.3737373   149.890542
1133.4334882   -2258.1698895   147.565946
1133.4194215   -2256.0582161   145.0984925
1131.2443288   -2319.3171024   145.653978
1131.5356763   -2323.744297   145.6677467
1132.8547271   -2254.5530796   142.2577053
1130.7341727   -2314.3901825   145.725742
1132.7111992   -2305.7677746   149.2609978
1129.3399008   -2309.4754219   145.387277
1129.8759254   -2301.2595177   148.1211185
1133.0316933   -2337.2461796   148.995474
1133.1799301   -2341.9654369   150.1816809
1132.6582106   -2332.7167034   147.8747576
1130.052832   -2327.5785446   143.523261
1131.0182484   -2262.8810406   149.6798843
1130.9561404   -2259.4456673   146.6773599
1130.5346759   -2256.6411495   142.7330375
1129.8812302   -2336.6808891   143.4402466
1131.2505873   -2341.5031433   146.4540362
1126.8962892   -2296.3600159   147.8893012
1126.8494996   -2305.0026894   144.7421312
1128.4870776   -2331.3863277   141.2470341
1129.1202577   -2266.4248943   150.4019052
1128.3722194   -2264.0762329   148.3644545
1127.2086176   -2291.8901443   149.6318877
1128.8288506   -2258.3320141   142.8737938
1128.6800178   -2261.4865303   146.5718001
1125.8718642   -2312.787056   141.5982097
1125.2939972   -2288.0487442   149.3529975
1124.1354021   -2300.6458282   144.6751356
1126.141158   -2268.9011097   149.4987309
1123.6666115   -2308.9344501   141.0811841
1126.4428767   -2266.7164803   148.5577673
1126.1970075   -2263.915062   146.2832242
1126.50117   -2260.1952553   142.3954666
1125.5555423   -2270.7614899   149.7542709
1125.1952323   -2273.1881142   149.9631703
1125.1392039   -2262.5954151   143.7167823
1125.4285844   -2284.8181725   150.0461251
1123.1371435   -2292.5572395   146.9543427
1121.2141188   -2296.6792583   144.4267929
1121.1284669   -2304.4376373   141.2089467
1123.4673532   -2280.2751064   149.0508467
1123.6363324   -2275.0060558   149.0660012
1122.2729953   -2277.4572372   148.161903
1124.0287694   -2267.4429417   146.9686329
1122.5240501   -2284.2776775   148.0999589
1123.8987716   -2271.8012333   148.8488615
1123.8550218   -2270.4703808   148.3833343
1120.2745112   -2288.8708115   145.9845603
1123.033789   -2265.005827   143.8918114
1123.077658   -2266.4740086   145.3548819
1122.1228512   -2273.8380432   147.7442533
1122.5675019   -2263.7507915   141.7794824
1123.0091127   -2269.4480419   147.1986473
1119.3460497   -2300.4767895   141.9624686
1121.81398   -2268.4617043   145.3618109
1122.0633658   -2271.604538   147.1796036
1120.0725707   -2280.8258533   146.5489566
1118.4674772   -2293.3712006   143.85131
1120.6156286   -2267.5714493   143.2744265
1119.9240359   -2266.2789822   141.0890371
1121.6767701   -2270.0679302   146.2126523
1117.4136671   -2285.0592136   144.5070803
1118.9723285   -2277.4264812   145.5245465
1120.269266   -2272.767067   145.8289027
1120.064524   -2270.9267139   144.8110342
1116.6182431   -2297.734499   141.3962841
1118.0759343   -2274.2023468   144.0375894
1115.4227527   -2289.8955345   142.540738
1116.1819371   -2280.5511951   143.4611231
1117.4094947   -2271.2903023   141.9345587
1116.484073   -2277.1658897   143.5070485
1114.6685155   -2294.3921089   141.1301047
1114.5355376   -2275.0196457   140.7210678
1114.8457798   -2276.6098976   141.833961
1114.1384514   -2285.5520248   141.9605762
1409.7582372   -2477.288723   141.6492909
1410.5009111   -2480.9718132   142.346248
1409.1658267   -2479.8130989   145.3703493
1410.2605256   -2484.4388962   145.7726359
1412.2020277   -2488.1489277   142.8335458
1408.3041819   -2474.853754   144.0013796
1406.9994362   -2475.110054   147.9785591
1407.4893268   -2479.0918827   149.6843398
1408.7675484   -2483.7837219   149.623245
1407.2347554   -2467.5872326   141.4134204
1407.2150858   -2470.4840183   143.7517405
1406.7358645   -2472.4268913   146.6615498
1406.0396823   -2465.965271   143.6393708
1405.3090485   -2468.0531025   147.3844498
1404.8950943   -2470.2117443   150.2279937
1405.582753   -2462.5864029   142.3207819
1404.5701893   -2459.4416618   142.8068578
1403.7755998   -2463.6940956   148.3813822
1403.3069881   -2461.3332748   147.8886753
1403.1838449   -2453.3586502   142.0525759
1402.9060873   -2456.0534954   144.9183077
1402.6335152   -2458.2843781   147.4470496
1401.114312   -2444.8711872   141.3842887
1401.4118584   -2451.5194893   145.6518918
1400.946525   -2455.7888508   150.2660364
1400.2964767   -2446.9234943   145.2475786
1400.1578959   -2452.2602558   149.7436911
1399.4222554   -2448.2095242   148.6872137
1398.9205035   -2439.2311573   143.2048529
1399.0695151   -2441.9732094   144.8887885
1398.3397754   -2443.8676834   148.3822614
1398.4302553   -2436.2592697   142.2763765
1397.6381096   -2439.5830631   147.054404
1397.4625739   -2436.3555908   145.0675875
1396.4048298   -2432.2943687   144.8559314
1396.5286883   -2427.7751446   140.9601271
1396.927205   -2440.8962727   150.0461102
1396.265951   -2436.0387325   148.154363
1396.0194858   -2438.1780624   150.4972726
1394.9289592   -2429.5852184   146.8500197
1393.8777121   -2424.6449471   145.8875239
1393.7415155   -2419.7952747   142.3928887
1393.1914838   -2425.2152443   148.2766569
1393.1724104   -2427.5720119   150.1952857
1392.5600918   -2416.6300297   143.1819797
1392.1231302   -2419.1923141   146.4698315
1392.2883543   -2423.0148792   149.0574479
1391.2026557   -2411.7004871   143.0265456
1390.1188048   -2416.0876274   149.6358365
1390.5510577   -2413.664341   146.4597881
1391.2028345   -2419.6078777   149.4075805
1390.1526602   -2407.4897766   142.5966024
1389.7106918   -2404.2541981   141.2328333
1389.346567   -2408.5109234   145.7324475
1388.8114365   -2411.7381573   149.8403847
1388.2463249   -2404.3858051   145.5658674
1388.0403312   -2398.4360695   141.3885355
1388.0161913   -2401.1843204   143.6507106
1386.8295225   -2403.6612511   149.0507424
1386.2557086   -2399.7781277   147.6014704
1386.8198069   -2399.1622925   145.4881728
1386.7783817   -2395.772934   142.9160386
1385.7074054   -2390.5322552   141.8742985
1385.4325684   -2394.7451115   145.9858716
1384.3285116   -2390.9497261   146.2073624
1384.4035538   -2387.755394   143.4919536
1383.0850991   -2391.6120529   150.3211856
1382.9802545   -2383.0153942   143.9353228
1382.9415115   -2386.5871429   146.8275338
1381.9835456   -2379.812479   144.3490386
1381.8542036   -2376.6505718   142.2562003
1381.8015131   -2383.5120201   147.7514356
1380.7182582   -2371.4060783   141.4708048
1380.0900253   -2373.862505   145.2429146
1380.9651407   -2380.710125   148.0098218
1379.5807036   -2376.9261837   149.10537
1378.8115057   -2367.0172691   143.5962468
1378.4404667   -2374.2523193   150.3520012
1377.7345689   -2368.252039   147.7466524
1377.3849877   -2359.4582081   141.7034566
1377.7188333   -2363.8854027   144.31867
1376.6054782   -2356.3501835   141.4446235
1376.935211   -2365.470171   147.8819102
1375.3158721   -2351.4258862   141.1394477
1375.2988847   -2356.924057   145.8116174
1376.0080608   -2361.6828918   147.5806534
1374.3794831   -2357.9549789   149.3800431
1373.9865693   -2351.5820503   145.2536732
1373.6542734   -2354.0902138   148.3590752
1373.3465942   -2347.1519947   143.3700919
1372.3986419   -2351.4711857   149.9270499
1372.3123344   -2348.8023281   147.9424834
1371.6879757   -2344.9335098   146.4740187
1138.3844288   -2481.4074039   149.9666572
1135.9259757   -2438.986063   149.6490091
1136.2573775   -2470.5815315   148.0173618
1136.8912729   -2464.5493031   148.9591449
1137.5687393   -2456.5663338   150.1164585
1136.2760933   -2453.2091618   148.9941031
1136.1370357   -2432.7993393   150.3645629
1135.4148062   -2477.9036045   146.866262
1135.4245218   -2459.3029022   147.7366537
1134.6465024   -2419.832468   149.9789059
1134.7559961   -2485.5344296   146.037966
1138.2692727   -2487.5824451   149.8958766
1133.7043913   -2449.0582943   146.6448605
1133.5641416   -2442.4433708   146.982342
1133.474079   -2454.7941685   146.0026801
1133.4560784   -2407.217741   149.7904658
1133.6274417   -2465.8899307   145.5255449
1132.3206099   -2426.6524315   147.0763236
1132.0181759   -2473.4578133   143.4687972
1132.8875693   -2435.6222153   146.8748599
1132.4504884   -2392.0228481   149.9584913
1133.0722245   -2414.2329693   148.8526464
1131.1733397   -2459.8565102   143.3084011
1131.6446336   -2481.3706875   142.8098828
1130.4692896   -2384.0901852   148.4223157
1131.3513192   -2418.6661243   146.7615962
1129.942027   -2422.0147133   145.0534612
1130.6568655   -2399.0783691   147.6033628
1131.8095001   -2347.6741314   148.715362
1130.6082877   -2373.4564781   149.1441876
1130.5375966   -2445.6036091   143.6329931
1130.673972   -2452.4288177   143.2740539
1129.9007209   -2467.3309326   141.5571123
1130.5895122   -2439.599514   144.1943944
1130.1989826   -2411.771059   146.1419463
1130.0362619   -2405.6196213   146.4538574
1130.9384974   -2362.5562191   149.4883299
1128.3117803   -2378.5479069   146.1109519
1131.4439448   -2353.6715508   149.2114812
1128.7904652   -2433.3319664   142.9081708
1130.9588822   -2358.2131863   149.0980834
1129.4471296   -2391.6139603   146.9270289
1128.1157406   -2425.1494408   142.9096758
1129.1639479   -2365.9613132   146.9913721
1129.3233307   -2370.1403141   147.426337
1129.6626004   -2351.7348766   145.4997659
1128.8365992   -2345.703125   142.7000761
1131.1537894   -2487.7083302   142.1017647
1129.6255859   -2356.574297   146.5200633
1128.0604275   -2417.7401066   143.4754282
1130.1558288   -2362.6489639   148.249194
1129.7234567   -2363.9822006   147.680074
1129.0316256   -2361.3929749   146.2805271
1127.7990612   -2402.6277065   144.3911344
1127.2695335   -2395.772934   144.3491727
1127.5260123   -2373.1200695   144.8531598
1127.1549138   -2441.0355091   140.532583
1126.7272504   -2388.0741596   144.0054774
1125.5175146   -2383.1784725   142.4450427
1128.2516392   -2407.6972008   144.4454044
1127.4190219   -2411.5798473   143.2523131
1127.5987896   -2368.4015274   144.6005404
1127.3857626   -2357.8965664   142.3213035
1127.2005113   -2363.5072708   143.2893127
1125.9998354   -2407.1722031   142.084077
1125.0335845   -2400.7935524   141.4318532
1125.7581981   -2365.6229973   140.6986415
1125.4568966   -2371.1111546   141.0673708
1124.5741519   -2393.4676647   141.2786394
1124.0648898   -2388.0152702   140.5887157
1027.39912   -2481.2223911   143.6833739
1025.8191498   -2478.3494473   142.9446042
1029.3167504   -2484.888792   142.93845
1026.4870795   -2479.7782898   146.094203
1027.9931398   -2482.5441837   146.9316781
1026.3456377   -2480.2846909   150.1886547
1024.6632072   -2476.8264294   146.5366334
1028.4005376   -2483.7520123   150.5279541
1024.1883966   -2475.4738808   142.6569521
1022.7800878   -2473.436594   144.3621218
1022.3755809   -2474.0231037   148.386851
1020.4946669   -2469.7268009   142.8841949
1020.8058032   -2471.1463451   146.0634023
1020.0061174   -2471.7009068   150.1636356
1018.5806724   -2468.6338902   146.6829628
1017.7360746   -2466.0184383   142.6613778
1015.99094   -2465.6279087   146.691829
1015.0034102   -2462.7447128   142.7164972
1012.8541561   -2462.2058868   146.4400738
1012.8768357   -2460.1240158   142.5640583
1011.8298801   -2457.9136372   140.6800598
1010.5642649   -2458.2357407   143.9212114
1009.9834772   -2460.0396156   147.6307958
1007.3579224   -2459.6405029   150.3140479
1007.8896853   -2457.0975304   146.3821679
1008.1268521   -2454.9868107   143.0953592
1007.0978674   -2452.6193142   141.3936168
1005.8397325   -2453.971386   144.9866742
1005.1330598   -2455.9237957   148.1610984
1004.002926   -2450.7138729   143.2060301
1003.2203766   -2452.7957439   146.5131789
1002.4638446   -2454.647541   149.2376626
1001.3015839   -2447.2959042   142.3863024
1001.5701028   -2450.0648975   145.1572478
1000.025061   -2451.6627789   148.151204
999.8697313   -2444.1480637   140.5853629
999.0661415   -2448.0376244   145.3858614
998.3600052   -2444.9338913   143.0055797
996.6343614   -2448.8172531   147.974968
997.3336133   -2441.5528774   140.6665891
996.2435039   -2445.6679821   145.4598606
996.0730942   -2443.1347847   143.3727592
994.0177771   -2440.3822422   142.6095665
994.4227906   -2449.6760368   150.0837505
992.8854974   -2445.9688663   147.8663683
994.1986772   -2443.333149   144.9626684
992.7000078   -2437.1449947   141.0337538
991.5781888   -2441.6987896   145.3338861
990.8691617   -2438.2109642   143.1596279
990.4344948   -2434.8971844   141.0031617
989.4448491   -2443.1684017   147.5492865
988.7669059   -2446.2387562   150.0199586
987.8327819   -2439.3451214   145.6335634
988.4177717   -2436.0320568   143.1114525
987.4507161   -2432.7366352   141.4249688
985.9954389   -2442.7492619   148.702383
985.3112372   -2435.1680279   144.1238672
982.9696985   -2438.6241436   147.1699625
983.9843186   -2430.9978485   142.229259
982.1520122   -2442.7449703   149.9495655
980.9977981   -2433.4914684   144.9036449
980.5226596   -2428.9288521   142.6134109
979.8814925   -2440.1807785   149.0368247
978.4036251   -2436.8898869   147.5412548
978.1342419   -2430.711031   144.3859488
977.4354371   -2433.3443642   145.9194869
976.5584739   -2427.0281792   142.9708451
976.1112305   -2422.5382805   140.7778561
976.4298471   -2438.9507771   149.0929276
974.4927856   -2434.851408   147.27211
974.7418138   -2441.0984516   150.4585892
975.0131043   -2430.9141636   145.2459395
973.5162529   -2424.3309498   142.3857808
972.0974537   -2427.7186394   144.2693025
972.517577   -2420.8450317   140.8288181
972.1721681   -2437.877655   149.0476578
971.2198051   -2431.9889545   146.3192403
971.5833934   -2435.0123405   147.7159262
970.1741906   -2423.7163067   142.6601708
968.3853062   -2419.6679592   140.8535391
968.3717164   -2435.4088306   148.0401009
968.8461991   -2439.7068024   150.0666887
969.693807   -2429.3353558   145.2902555
968.2357582   -2426.9087315   144.3031132
967.1592387   -2430.8536053   146.0288018
966.0862955   -2423.145771   142.6429749
965.8880802   -2438.5762215   149.4602561
963.4732576   -2418.8406467   140.6731308
965.6817587   -2433.5186481   147.1867114
964.2730626   -2435.8623028   148.1365412
963.9430615   -2427.0241261   144.3407536
962.8257426   -2432.0254326   146.3525146
962.2392925   -2422.9595661   142.52083
962.2737738   -2439.6708012   149.6825665
960.443941   -2436.0060692   147.8292197
960.068849   -2428.5616875   144.6439475
959.2702361   -2425.6291389   143.387422
959.5830711   -2421.8103886   141.8067962
957.9556259   -2432.4946404   145.9570527
958.1353637   -2439.4640923   149.0475386
956.9698545   -2436.4190102   147.5060582
956.9579037   -2420.7684994   140.8938169
956.8712088   -2428.8008213   144.2488432
955.5861326   -2443.1331158   150.318101
956.2515291   -2423.6471653   142.0066953
953.9585682   -2439.0590191   148.1370479
954.1297229   -2434.841156   146.2913007
953.9941224   -2430.6693077   144.4573849
954.2268189   -2426.3908863   142.7122205
953.2360109   -2422.4481583   140.8112943
951.3348313   -2442.3866272   149.1455734
949.8588117   -2428.1365871   142.4572319
951.52801   -2425.1046181   141.5542811
950.6692263   -2433.0797195   144.79433
950.9277614   -2436.9235039   146.5585381
949.4287046   -2439.1758442   147.2595036
948.263553   -2444.7631836   149.6199816
946.4812549   -2425.784111   140.6337619
947.9590925   -2441.3635731   147.9462534
947.7767023   -2435.6749058   145.3071237
947.0869871   -2431.8058491   143.4245408
945.9935399   -2428.5926819   141.750142
945.098904   -2447.0381737   150.0099897
944.6028741   -2438.7977123   146.0113525
944.8879632   -2443.353653   148.1921524
944.8126825   -2434.4038963   144.064948
943.2166489   -2430.7293892   142.0553774
941.7181285   -2449.4636059   150.4090279
941.8113502   -2445.5161095   148.5065371
941.9100257   -2442.1989918   146.9624192
941.1370429   -2434.8781109   143.4404254
939.9164888   -2439.4137859   145.2196389
938.9640065   -2432.2240353   141.7509764
938.4602579   -2443.6275959   146.833986
939.12932   -2447.1416473   148.6536562
937.8921362   -2450.044632   149.7808695
936.97643   -2436.4645481   143.2100236
936.2380477   -2440.3874874   144.8266357
935.965118   -2447.0069408   147.8637308
934.332219   -2443.6399937   145.9117979
935.4515048   -2433.4175587   141.4953023
934.3050393   -2450.5655766   149.2218524
933.770177   -2439.6429062   143.9331025
933.2165691   -2435.759306   142.0549303
931.7189129   -2447.2370148   147.0541209
930.2422675   -2443.0463314   144.7730958
930.1324459   -2451.5917301   148.8493383
931.2579008   -2438.9467239   143.0815011
928.911564   -2435.6739521   141.0764009
928.4712645   -2447.7655888   146.6352046
927.45882   -2440.2573109   142.8951323
925.6801876   -2444.2703724   144.4474161
925.9106191   -2454.1831017   149.3038237
926.5648695   -2450.0329494   147.3724693
925.0630709   -2438.028574   141.3394213
923.7403842   -2448.0040073   145.8622664
923.5469969   -2441.8871403   142.8341866
922.652212   -2457.6210976   150.3728032
922.6462515   -2451.6675472   147.4132836
921.9401451   -2455.1486969   148.9744484
921.2189289   -2446.1259842   144.5520967
919.7306903   -2439.6419525   140.9862489
918.4963378   -2449.7027397   145.6600875
920.1932522   -2444.2062378   143.3845013
919.3896028   -2453.4504414   147.5873142
918.704507   -2456.7804337   148.9920616
916.2906083   -2445.1098442   142.8504139
915.5624779   -2454.2160034   146.8937248
915.404317   -2458.8801861   148.9008665
913.219479   -2450.4003525   144.3148404
911.6551252   -2443.9563751   140.7270581
911.9376513   -2446.9826221   142.235592
912.2222634   -2456.8943977   146.5174407
912.4694439   -2453.8757801   145.4851627
912.0292338   -2461.3130093   148.0649412
911.700842   -2466.3760662   149.6748328
909.7667011   -2470.6587791   149.6883631
909.2232557   -2454.2226791   143.7753886
909.3250605   -2449.4524002   141.9703513
909.0399715   -2459.0959549   145.4644501
908.6516174   -2463.4411335   146.6915756
909.4518992   -2446.3219643   140.7689303
907.8552099   -2467.6287174   147.4715769
908.1669422   -2474.2133617   149.443239
908.1913801   -2478.6901474   150.2207518
907.1718427   -2471.0354805   147.781834
906.0969623   -2451.587677   140.7906264
906.4762267   -2457.6609135   143.2605684
905.4632755   -2455.1415443   141.6044235
905.9984656   -2461.2114429   144.0726966
905.6867334   -2465.1787281   144.9618638
906.2966677   -2477.3321152   148.1896937
905.4755541   -2473.4425545   146.7206776
905.3650471   -2480.0131321   147.4791914
906.7552062   -2483.3128452   149.2066383
904.9416157   -2469.2928791   145.2692747
903.1677517   -2458.8794708   140.8944428
903.822002   -2476.2732983   145.3486085
902.661142   -2462.8558159   141.5236741
903.5325321   -2466.3827419   143.3113664
903.0091735   -2472.5649357   143.83699
902.2292467   -2468.8825607   142.4602419
902.6877256   -2478.8775444   144.1051364
902.707723   -2481.3497066   144.0123618
901.4946195   -2475.8312702   142.2963291
901.658562   -2465.4166698   141.0303265
900.5775126   -2471.7078209   140.5681074
900.6574424   -2478.3124924   141.0147101
902.2619399   -2483.7443829   142.6189393
1424.7966083   -2544.699192   142.7400708
1424.9004992   -2549.236536   143.2105303
1424.5613488   -2539.9694443   141.2892938
1424.8886975   -2554.8942089   140.5626386
1424.8412522   -2552.8309345   143.0207789
1424.4835051   -2552.4680614   146.0122764
1424.1451892   -2546.9620228   147.5208998
1424.440709   -2556.5237999   144.067198
1423.9424142   -2541.3279533   145.6021219
1423.8139661   -2536.8447304   142.6596791
1424.1336259   -2555.7789803   147.3270804
1424.0252646   -2552.0970821   149.004519
1423.8684448   -2560.6827736   143.9015269
1423.8133701   -2559.5326424   146.9517499
1422.9237112   -2565.0365353   141.9645548
1423.5587987   -2557.9292774   150.5092084
1422.9174527   -2537.1127129   147.1603662
1423.3439239   -2563.0521774   146.1226791
1422.9682954   -2533.1072807   143.1449205
1423.1785806   -2562.6006126   149.5105028
1422.316459   -2529.2732716   142.2049999
1422.4444898   -2567.0247078   148.2824832
1422.0554503   -2534.3065262   148.2404619
1421.6329726   -2529.689312   145.5508918
1421.7632683   -2569.4680214   145.178467
1421.2674173   -2570.371151   141.4884627
1421.3605198   -2525.2258778   142.2880739
1421.2019714   -2571.7642307   149.0461677
1420.7791957   -2531.062603   150.2686292
1420.050052   -2521.2473869   143.7136084
1419.4597872   -2517.3606873   142.4469799
1420.5652746   -2573.0202198   145.1252699
1419.7558435   -2524.2943764   147.766158
1419.8755296   -2526.9677639   149.817273
1419.6822914   -2574.1713047   141.0525739
1420.0602444   -2574.9635696   148.6144066
1419.16689   -2513.9455795   140.5497789
1418.6818274   -2578.5396099   150.2262801
1418.9126762   -2576.8842697   144.9963897
1419.2003282   -2521.6212273   147.2726613
1418.6587008   -2518.5775757   146.4490145
1417.8037318   -2512.8462315   144.4189101
1418.0613431   -2510.7820034   141.7707205
1417.7606376   -2515.7296658   147.0645815
1417.3078211   -2580.7003975   147.0654905
1417.4734624   -2579.3421268   142.9384649
1416.6087779   -2506.8540573   143.4134543
1416.9942411   -2510.682106   145.283401
1416.2392291   -2511.0516548   148.102805
1415.4256257   -2584.8157406   148.6792117
1415.7592925   -2582.2229385   142.0449466
1415.067819   -2584.2401981   144.8180676
1415.801731   -2500.9765625   141.3686723
1416.1807569   -2503.8044453   142.3388422
1414.3868955   -2502.304554   146.8803287
1414.4741567   -2505.4306984   149.1223723
1414.6563085   -2496.9296455   141.8838054
1414.1030582   -2498.8882542   145.0920552
1413.4794148   -2588.6700153   150.3673345
1413.4789976   -2587.208271   145.0051218
1413.6026772   -2492.8104877   142.0483738
1413.5775837   -2495.670557   144.279018
1412.6190218   -2498.8160133   149.622649
1412.473646   -2495.1832294   147.3169327
1412.1927293   -2490.8709526   144.9147612
1411.9665297   -2590.4684067   147.062704
1410.4399952   -2591.991663   142.9222077
1411.1209186   -2491.4691448   148.6023217
1410.3772911   -2487.7493382   147.9696482
1410.1735028   -2593.9750671   148.6014277
1408.6274179   -2596.9603062   150.2493471
1407.7084335   -2597.0227718   144.5230395
1408.1600579   -2595.2866077   141.0322636
1406.6016348   -2599.4317532   147.1503526
1405.6549939   -2599.8809338   142.8277642
1405.4003032   -2601.3221741   147.2326815
1403.9931568   -2603.7755013   148.3410299
1404.1729244   -2602.6890278   144.9941993
1401.9395383   -2606.3830853   146.9361931
1401.1201533   -2606.4479351   142.0218647
1399.4850787   -2609.1673374   143.8030154
1399.5383056   -2610.0258827   147.343263
1397.9581269   -2612.9961014   149.4654268
1397.24907   -2613.0082607   145.758152
1396.8274864   -2612.1361256   140.5513138
1395.8698782   -2616.0593033   148.296535
1395.7822593   -2614.5586967   143.2787329
1393.5238393   -2618.2935238   143.0013329
1394.1853317   -2620.2003956   150.2515078
1392.528859   -2621.5934753   145.808652
1392.5819667   -2623.4784126   149.1601914
1391.4821418   -2622.4970818   142.8685337
1390.5322822   -2626.5804768   145.2657878
1389.4266757   -2626.9192696   141.1527395
1245.218602   -2622.7719784   148.6589313
1242.2625097   -2620.1605797   147.9446739
1244.6339401   -2623.1424809   145.0571269
1247.735289   -2625.6222725   147.3096907
1241.5095838   -2620.9387779   143.3748752
1239.0218052   -2618.2079315   145.4820335
1239.4152554   -2617.3477173   149.1642296
1238.5796579   -2619.3454266   141.3742453
1243.6073097   -2623.7318516   140.5336857
1236.2414273   -2615.2148247   148.0034739
1235.8826669   -2616.7283058   143.1933045
1233.0153259   -2614.1643524   144.9703723
1232.795504   -2612.5380993   148.8905847
1230.177668   -2611.9194031   146.3194788
1230.3303751   -2613.3775711   143.0554539
1230.1496538   -2610.6030941   149.5820731
1227.5987538   -2611.6890907   143.7347233
1226.9334468   -2609.613657   147.8179097
1224.511412   -2611.6147041   141.0597414
1223.8548072   -2609.9796295   143.9619213
1223.6906561   -2607.8035831   148.8305926
1222.6386937   -2608.55937   146.1472958
1220.9585579   -2610.5911732   140.6915486
1220.6571373   -2606.5211296   149.5465934
1219.1181453   -2609.0328693   142.8929716
1217.2432812   -2607.1846485   146.0379213
1215.410498   -2608.1135273   143.064782
1214.5950469   -2605.3709984   149.0273178
1213.6493   -2606.420517   146.0687816
1210.4420932   -2607.2027683   142.7888572
1210.8432921   -2604.0997505   150.3944397
1210.4631933   -2605.51548   146.8427926
1207.4048194   -2604.4492722   148.0876952
1206.4494761   -2605.9572697   144.0081447
1203.834978   -2603.8262844   148.0746567
1199.895409   -2604.9435139   143.5389221
1200.0551494   -2602.6785374   149.3022144
1200.0357183   -2603.9960384   145.9954679
1196.4233192   -2605.4663658   140.6496912
1196.1453827   -2603.5077572   145.5259621
1196.7295083   -2601.8080711   150.0530988
1193.9498457   -2604.2416096   142.7490413
1193.2237419   -2601.2170315   150.1686722
1191.3474473   -2602.7550697   145.5533952
1187.9154118   -2603.3813953   142.6848769
1190.9600171   -2601.323843   149.0833312
1184.852806   -2601.380825   146.9905525
1187.9516514   -2600.4796028   150.2155662
1182.9390796   -2603.1658649   141.6075677
1181.4623746   -2600.2333164   149.1096467
1181.9797429   -2601.6869545   145.4025209
1177.6317628   -2602.5183201   141.9604719
1178.8648637   -2600.061655   148.9874274
1178.3043417   -2601.1517048   145.955056
1175.7982644   -2600.1243591   148.2140571
1174.7713955   -2601.4072895   144.4791704
1173.2713255   -2602.6079655   140.7378614
1169.9011   -2600.9538174   144.9272484
1169.3336042   -2602.0150185   141.7642534
1167.6783832   -2599.0424156   149.9411911
1165.7445105   -2601.4101505   143.099755
1165.001181   -2600.2254486   146.460712
1163.6808189   -2599.0507603   149.5642364
1161.2788709   -2600.5549431   145.380497
1158.9200171   -2598.9234447   149.7851163
1156.9237383   -2601.1514664   143.6799169
1158.443776   -2599.9939442   146.9418108
1154.4824513   -2602.2117138   140.8825368
1155.9549841   -2600.0742912   146.7815787
1152.147797   -2600.9178162   144.8794454
1149.3509086   -2599.7962952   148.0990797
1149.3258747   -2601.3944149   144.0583318
1146.4585932   -2601.3879776   144.5164382
1144.1746625   -2603.0950546   140.8410966
1145.6773552   -2599.8649597   148.2042372
1142.213014   -2600.4300117   147.2049206
1141.8072852   -2601.8016338   144.3389952
1139.3775018   -2602.2315025   143.8190937
1136.6221579   -2598.8087654   150.4908055
1135.7723745   -2601.0494232   146.5236545
1138.2878693   -2494.1425323   150.3632516
1136.1198696   -2500.5178452   149.3134797
1135.3585991   -2603.6047935   141.8227553
1136.2682255   -2602.4119854   143.9015269
1135.175434   -2491.6892052   146.6983557
1134.2621716   -2497.2553253   146.2848783
1134.0315016   -2504.1396618   148.5845596
1133.7681087   -2599.8382568   148.7493366
1132.0013078   -2602.4188995   144.5336342
1132.5267824   -2501.5726089   145.3441083
1131.2291893   -2604.6729088   140.8214718
1132.9035433   -2490.4069901   144.0607458
1132.2863372   -2494.5015907   143.6689198
1131.6948804   -2507.591486   148.2723355
1130.8928403   -2498.562336   142.6550597
1130.1846775   -2505.3472519   144.5689052
1130.5936845   -2599.8809338   148.9586532
1130.9148344   -2492.0268059   141.8979019
1129.0629181   -2502.4812222   141.5271312
1129.0347251   -2510.620594   147.7784365
1127.6448043   -2603.8453579   142.9381967
1127.9329332   -2601.6578674   146.4508325
1128.9707097   -2508.392334   145.2899277
1127.717522   -2599.3382931   150.230974
1126.079944   -2600.0580788   149.365738
1127.3457678   -2506.485939   141.6414678
1126.4596256   -2510.3774071   143.847242
1125.5613836   -2513.0746365   146.2654471
1123.8304647   -2515.5627728   149.0581781
1123.9283951   -2604.5708656   142.8030729
1122.77433   -2602.1203995   147.0549852
1125.6212267   -2605.2107811   141.2074864
1123.3094605   -2512.4018192   142.0111954
1121.2963732   -2515.1715279   143.9564228
1119.3760904   -2604.1157246   145.35743
1119.704512   -2605.6549549   142.692253
1120.3735741   -2517.3902512   150.0423253
1120.2910813   -2516.856432   146.725446
1119.4929751   -2601.8133163   148.9533633
1117.4983057   -2518.3827877   150.4448652
1117.412475   -2607.4357033   140.9200281
1117.3795136   -2517.6355839   143.749401
1118.0137666   -2516.0777569   140.6484842
1117.9935011   -2517.8689957   147.1698135
1116.4958151   -2605.4372787   144.6963847
1116.6003021   -2602.8091908   148.952961
1114.6976622   -2519.0517902   146.3463753
1114.4852909   -2519.3071365   150.1226872
1113.6470111   -2608.1409454   142.1797276
1113.8624223   -2518.9218521   142.75226
1112.1974858   -2606.3392162   146.4340538
1110.7735308   -2520.1516151   147.9729563
1110.9357747   -2520.1461315   143.7820047
1111.6808327   -2519.52672   140.5722201
1109.8550829   -2609.5540524   143.2851404
1110.1717623   -2606.2757969   148.6449987
1108.4415587   -2608.4830761   146.8077898
1108.3219918   -2612.0166779   140.8642232
1108.2418235   -2520.8899975   144.4588304
1107.45689   -2520.8411217   149.2641419
1107.6942357   -2607.4433327   149.6038437
1106.0671481   -2611.8412018   144.1604942
1105.062333   -2521.8701363   140.8964545
1105.3959998   -2521.5301514   145.1647878
1105.0054105   -2609.9677086   149.1757482
1104.1831049   -2521.5041637   149.963215
1103.1041416   -2615.3988838   142.9709345
1102.81643   -2613.5032177   146.886915
1101.4670404   -2522.6569176   143.0782378
1100.8572849   -2522.5193501   145.784393
1099.9205979   -2522.5868225   148.0106562
1100.807813   -2616.5986061   145.5717534
1100.933698   -2618.5398102   141.8588609
1100.6309661   -2615.0913239   148.7831622
1098.9337238   -2523.5631466   140.8540756
1099.3175181   -2620.9857464   141.4941102
1096.9608697   -2523.7827301   143.5292959
1099.0084084   -2619.6522713   144.6856409
1098.9551219   -2617.6884174   148.494795
1097.2323092   -2523.2827663   148.2962966
1097.3758372   -2623.1853962   143.440634
1097.3555716   -2621.0415363   147.5578994
1095.9818634   -2622.8480339   149.8442143
1094.5244106   -2524.0664482   149.086684
1095.8868536   -2624.502182   146.6661543
1093.9260992   -2524.4884491   145.8648294
1092.0994552   -2525.4895687   142.5927132
1094.8717865   -2626.0778904   148.9772499
1091.4583477   -2525.1705647   147.7068514
1091.5256413   -2525.3510475   145.4280764
1088.6882218   -2526.4453888   145.5684602
1087.9762145   -2527.1184444   142.417714
1088.5119113   -2526.2050629   149.259761
1084.9316689   -2527.8410912   147.5529075
1084.491727   -2528.4061432   144.0731883
1082.3646756   -2529.8035145   140.9908235
1081.7492875   -2529.0038586   147.2762972
1080.2721056   -2530.1117897   143.7103897
1079.7317895   -2529.0672779   150.2038389
1078.3052119   -2530.0042629   147.0014751
1076.2754651   -2531.0387611   143.6019242
1076.849279   -2529.561758   149.5754123
1074.8865875   -2530.3275585   147.2538859
1072.5218328   -2531.2049389   144.2510039
1071.4644762   -2530.1244259   147.7580667
1070.0216564   -2531.9378376   141.5936053
1069.2807706   -2530.9169292   144.8954344
1068.4777471   -2529.6487808   147.7298886
1066.9853064   -2531.5461159   142.1554834
1065.7235058   -2528.2418728   149.3418068
1066.2403079   -2530.0862789   145.4347074
1062.7428862   -2530.2114487   142.7329928
1063.0654069   -2529.0017128   145.6664503
1061.1764165   -2526.7856121   148.9648968
1059.8317953   -2528.1836987   144.6513087
1059.3810054   -2529.3998718   141.5823549
1058.035967   -2524.8992443   149.7216821
1057.5168403   -2526.2579918   146.506995
1056.4744743   -2527.6138783   142.1790421
1054.9958321   -2523.8549709   148.3004838
1054.7850402   -2525.4845619   144.8688954
1052.8217825   -2525.6135464   141.807273
1052.2815558   -2523.6270428   145.340547
1052.2398325   -2522.0382214   148.3178139
1050.9062084   -2519.9625492   150.2843052
1049.6687564   -2523.0810642   142.0535743
1049.54308   -2520.8613873   146.3010162
1047.7619144   -2517.7140236   149.332732
1047.3664077   -2521.1298466   141.783908
1046.8569072   -2518.7184811   145.5747485
1045.4774769   -2514.9688721   149.8709321
1044.8408397   -2515.9561634   146.4145035
1045.5913814   -2519.2961693   141.7968273
1043.3017882   -2512.7937794   148.6732066
1042.5652536   -2514.7960186   142.4324661
1042.5686809   -2513.2699013   145.4328299
1040.9385534   -2509.0482235   148.1792629
1040.4101285   -2510.9572411   141.4885223
1039.9602326   -2508.177042   145.6800103
1038.7695702   -2504.8346519   147.9627937
1039.0072735   -2507.7474117   141.4661407
1038.6777493   -2505.712986   144.6360201
1037.4304625   -2503.6859512   141.1805749
1036.8642481   -2501.2130737   145.0059414
1035.776225   -2497.9052544   149.3820995
1035.8419689   -2499.4244576   141.5213048
1035.3508862   -2497.5569248   144.6682662
1034.1666313   -2495.2566624   140.6297684
1034.701434   -2495.5954552   147.5078613
1033.7908836   -2493.8628674   144.418031
1033.3676311   -2492.69104   150.3229588
1033.110139   -2492.1112061   147.3646462
1032.3280367   -2490.7426834   142.9930478
1031.6567989   -2489.5956516   150.3879875
1031.4613851   -2488.9061451   145.3767866
1029.819307   -2486.011982   148.1294781
943.1540044   -2623.0909824   149.9193311
941.9865879   -2620.8930016   147.8459537
940.9534606   -2617.9850101   147.5103199
941.3601132   -2620.3064919   144.7821856
942.9834159   -2624.2365837   145.8934397
940.622625   -2615.4413223   149.9696225
940.2969452   -2617.2838211   144.6407288
940.2728947   -2618.5436249   140.735805
942.0619579   -2623.0845451   141.7676061
939.3915506   -2613.7163639   146.1111009
939.3527182   -2611.8228436   148.8501728
939.2850669   -2614.6748066   143.3249116
938.1481083   -2607.8636646   148.4750956
938.3186074   -2610.0921631   146.1033076
938.0108985   -2610.833168   142.7369118
937.3207959   -2607.4137688   144.823432
936.9846257   -2604.8362255   147.0224559
936.6757246   -2607.1779728   141.1940157
935.9983178   -2601.2420654   147.2989619
935.9663697   -2603.6276817   143.3266997
934.8323616   -2597.0983505   147.7098465
934.5137747   -2598.6485481   143.3576345
933.6495372   -2593.0171013   148.0311453
933.2982572   -2593.8153267   144.7960138
933.007923   -2594.4490433   141.7503953
932.8884753   -2589.4722939   149.7180313
932.2784515   -2589.6861553   146.008715
931.7125651   -2590.1074409   141.6343004
931.6634508   -2586.4629745   147.9924619
931.1332973   -2583.2738876   150.2446532
931.042579   -2586.5571499   144.1129595
930.5067929   -2586.4927769   140.6490356
930.4069253   -2583.2073689   146.1979449
929.9450787   -2580.2636147   148.465097
929.8269125   -2583.3752155   142.1436816
928.8199218   -2576.2267113   148.5395133
928.9811524   -2579.2958736   144.1722512
927.9978844   -2572.3090172   150.0629187
927.7194115   -2574.8198032   144.0894455
927.6157292   -2572.8714466   146.8965113
926.8153282   -2569.4403648   147.4230438
926.8622073   -2571.5389252   144.3164647
925.7774623   -2568.2258606   142.8108513
925.6549152   -2565.6137466   146.1657882
925.321308   -2562.5157356   148.3138353
924.9227317   -2559.1049194   149.9260962
924.7898432   -2563.7130737   143.8970268
924.2456826   -2559.5977306   146.1079717
923.9655706   -2561.3875389   142.317459
923.7795147   -2556.1461449   147.4119574
923.3655008   -2552.4408817   148.8771737
922.9694875   -2548.3527184   150.3379643
923.08369   -2556.9691658   143.0861354
922.0370027   -2543.8122749   150.1405239
922.5794645   -2553.1971455   144.8315829
922.1019717   -2549.6618748   146.1505294
921.8346151   -2553.5240173   140.8254653
921.3668676   -2545.8950996   146.5184689
921.2266775   -2539.6776199   150.196746
921.4269193   -2550.4140854   142.5702125
921.0197004   -2547.6441383   143.6928362
920.1928648   -2541.3467884   146.0544765
920.000908   -2544.5258617   142.65275
919.6570488   -2537.2481346   147.3946124
918.9176532   -2529.6134949   150.034979
919.1068383   -2533.6418152   148.1973976
918.4583398   -2540.2538776   141.1508471
918.7534722   -2537.9779339   144.2280412
918.1490513   -2534.8331928   144.8762864
917.5091954   -2531.349659   145.597145
917.4255105   -2536.1871719   141.5853202
916.926411   -2527.8453827   146.392554
916.9667336   -2521.1491585   150.0945836
916.5909561   -2532.5593948   142.1531588
916.3980754   -2523.9315033   147.4176198
915.2526828   -2517.332077   148.4832913
915.914801   -2528.983593   143.0642158
915.2682396   -2519.8359489   147.1536607
915.2979525   -2525.5351067   143.8791752
914.2994257   -2521.7454433   143.8139975
914.1916009   -2525.3252983   141.2395686
914.0613052   -2514.7073269   147.1998692
913.8136777   -2508.5113049   150.4566073
912.8635498   -2510.2906227   147.0190436
913.5520431   -2517.4450874   144.5096135
912.8645929   -2520.6747055   140.9544796
912.1868285   -2513.045311   143.6251253
911.8878814   -2505.5348873   148.221314
911.8753346   -2502.4385452   150.513351
911.9490357   -2516.0405636   141.369909
911.4330085   -2508.6772442   144.3164498
910.5467173   -2509.4048977   141.4320469
909.952757   -2500.7755756   147.7328241
910.2487537   -2503.8278103   145.0480521
908.8934036   -2495.7630634   148.684144
909.3951257   -2504.6789646   141.4523274
908.664492   -2500.6952286   143.5187459
907.835302   -2497.5104332   145.5694288
907.5994762   -2491.345644   148.5850662
907.2630676   -2484.8899841   149.5960951
906.8051847   -2486.7742062   148.8294303
905.8056744   -2492.8143024   144.5462704
906.6796871   -2497.043848   142.1010345
905.6642028   -2488.5129929   146.6001868
904.2944881   -2485.1310253   145.5692649
903.6616953   -2487.803936   143.4424669
1390.5846151   -2629.7619343   149.2911428
1388.9215859   -2635.3156567   148.9482969
1389.5440968   -2630.78022   146.156311
1388.4797963   -2630.951643   142.3384547
1388.121632   -2635.5905533   145.7010359
1387.5450166   -2638.1993294   146.578148
1387.4667557   -2640.8243179   150.0841081
1386.7779645   -2636.3315582   141.4399147
1386.1183199   -2643.3112621   147.3857611
1385.632542   -2641.7245865   143.0852711
1384.7688111   -2646.9709873   146.7553079
1384.1219815   -2645.4563141   142.0134008
1384.3165907   -2649.6138573   149.1665244
1383.0557736   -2650.6054401   144.8375881
1382.6218518   -2653.935194   148.433581
1382.542816   -2649.2476463   140.8151239
1382.1943673   -2656.3835144   150.3698081
1381.4792307   -2655.469656   145.7462162
1381.26376   -2653.2325745   141.4297819
1381.0715946   -2658.2753658   148.3630389
1379.2821439   -2660.1278782   143.6169147
1379.1405829   -2663.0520821   147.335425
1379.3790611   -2664.01577   149.6073157
1378.2668384   -2666.3861275   148.3045667
1377.2340687   -2670.9747314   150.1900703
1377.2717985   -2669.1019535   147.901237
1377.7000578   -2665.7874584   145.2833712
1376.6051801   -2666.1276817   141.485393
1375.3508004   -2669.9991226   141.7037845
1376.1244687   -2671.485424   146.4941055
1376.3614567   -2673.0446815   149.3464559
1374.7783574   -2674.5905876   145.1054364
1374.6236833   -2677.9234409   148.0720639
1374.9949607   -2672.3906994   143.2395428
1374.3348392   -2680.9790134   150.2281576
1373.6534389   -2675.1196384   141.4854825
1372.8645714   -2678.6155701   142.3560977
1373.4913739   -2680.7603836   146.9305456
1372.0184835   -2684.9534512   146.0503489
1372.3070296   -2681.5960407   143.1129873
1371.6460737   -2687.2515678   149.1331756
1371.0468682   -2685.7159138   143.2297528
1370.5790313   -2688.0836487   145.8942443
1369.9278506   -2690.1004314   148.6735344
1369.5367845   -2689.0747547   142.8732276
1369.820741   -2687.7055168   141.2052959
1368.8935908   -2690.9496784   145.3366727
1368.0507811   -2692.7468777   148.0005831
1367.6297935   -2691.9760704   141.6885108
1367.0866164   -2693.6759949   145.5138624
1365.374771   -2695.2631474   142.6414698
1363.8519319   -2696.6679096   149.1021365
1363.9993938   -2696.4969635   145.3336626
1362.6889857   -2697.5052357   142.4923986
1360.863653   -2698.5342503   145.5806345
1360.8725937   -2698.2495785   148.5981196
1360.6401952   -2698.6954212   143.0358291
1359.1800006   -2698.5795498   150.2478421
1358.9603575   -2699.0783215   147.9659379
1357.5516614   -2700.1545429   141.2821114
1357.7688011   -2699.5050907   146.5887725
1357.2715791   -2699.7933388   144.3682164
1357.1911129   -2699.2037296   148.8669664
1356.6146167   -2700.2923489   142.0463622
1355.5237921   -2699.9998093   144.8533833
1354.141322   -2699.4721889   149.4351029
1351.2846502   -2700.0505924   145.0096071
1350.29718   -2700.4430294   142.2375441
1350.7682355   -2699.4485855   148.1305063
1348.077205   -2699.1565228   146.9204873
1348.1173786   -2699.5978355   143.4616745
1344.6362885   -2697.7431774   147.47715
1345.7199606   -2698.5323429   145.2752948
1344.4596799   -2698.284626   143.1694776
1342.1634706   -2696.2544918   149.1079926
1343.1837829   -2697.5476742   143.1363225
1342.8043398   -2697.4265575   141.7409778
1341.6030677   -2696.5136528   143.3571577
1342.3005017   -2696.9883442   142.8826898
1339.4842418   -2694.7994232   147.1629739
1338.8968381   -2694.6792603   143.8933164
1336.1185464   -2692.3360825   147.0647454
1335.7426795   -2692.5392151   141.8093294
1333.7067636   -2690.8631325   144.3052441
1333.7138566   -2690.3629303   148.1010467
1332.3194655   -2690.2620792   140.89185
1330.9699567   -2688.8532639   144.3673372
1329.8224481   -2687.6442432   147.3276764
1328.1356367   -2686.2053871   149.430871
1327.7935656   -2686.573267   143.9611465
1326.8767866   -2685.6265068   146.5855241
1325.5175027   -2685.3723526   141.3347572
1324.8843225   -2684.002161   148.5015452
1324.754146   -2684.3116283   144.8494047
1322.0731886   -2682.861805   142.3645765
1321.305004   -2681.7314625   146.6584206
1318.9738067   -2679.8045635   149.9180347
1318.6834129   -2680.5026531   143.0747956
1317.1476396   -2679.0857315   145.7602978
1315.682319   -2677.863121   148.3067572
1312.6625093   -2676.5003204   145.7100809
1311.8231567   -2676.8963337   141.4494067
1309.2047843   -2674.1485596   147.622928
1309.0753826   -2674.9005318   143.459782
1306.6826137   -2672.6269722   148.276329
1306.8215521   -2674.0083694   141.8294162
1304.489282   -2672.3453999   143.4832662
1302.2457036   -2670.2034473   148.1823921
1301.5274676   -2671.0319519   142.3156112
1299.9403747   -2669.5096493   145.5076635
1299.353567   -2668.5798168   148.7681717
1297.3349365   -2669.3401337   140.6486332
1296.1455854   -2667.1037674   148.2957304
1295.7254323   -2667.8843498   143.7078565
1293.7710556   -2667.4780846   141.5924877
1291.3073572   -2666.0451889   143.1446522
1291.7615446   -2664.9215221   149.3369341
1288.4617122   -2664.1921997   146.1856365
1286.8361147   -2664.7279263   140.9922093
1286.3931926   -2662.3969078   150.391683
1285.0160273   -2662.3568535   147.7923691
1286.2167033   -2663.7034416   144.1656798
1283.5151228   -2663.2905006   141.0507709
1282.2879823   -2661.8175507   144.8565423
1281.4665111   -2660.6225967   148.1284052
1280.0547751   -2661.4339352   141.7418867
1277.6412042   -2659.071207   145.8125263
1273.3952077   -2656.8846703   142.8681463
1273.1016549   -2655.5936337   146.9556987
1270.2632817   -2653.9714336   143.8474953
1270.054725   -2652.8465748   147.5129128
1269.3271311   -2651.4570713   150.3163874
1268.6031135   -2651.9620419   145.566687
1266.9068845   -2650.7065296   143.12011
1267.2919305   -2650.1057148   147.6716399
1264.4447359   -2646.3320255   149.4376957
1265.0371464   -2647.9046345   145.6281245
1263.8914856   -2647.0220089   142.2078311
1262.8305825   -2644.9232101   145.5552578
1261.8949088   -2643.2216167   148.4903693
1261.6964253   -2644.0179348   142.3014849
1260.304478   -2641.541481   145.1438218
1260.0978883   -2640.4421329   149.9639004
1260.0336941   -2642.0164108   140.9172714
1257.9216632   -2637.8736496   147.1274495
1257.6973113   -2638.6229992   141.7993158
1255.6273016   -2634.3781948   149.9623954
1255.0577792   -2634.5667839   144.6689367
1253.4657391   -2631.9510937   147.7095783
1253.0676397   -2632.9181194   141.3669437
1252.1277341   -2631.0067177   144.5355117
1250.9908351   -2628.9246082   148.3473778
1250.0598701   -2629.8732758   140.5856609
1249.6646317   -2628.2646656   144.6834952
1247.0977577   -2626.2042522   142.7344531
1096.3459881   -2626.5718937   140.7872885
1095.1518091   -2626.8820763   145.1879591
1094.7161587   -2629.1282177   143.05076
1093.4029492   -2633.1632137   142.5173432
1093.8867601   -2629.0152073   149.3558884
1093.661693   -2630.8393478   146.1568177
1092.9685505   -2632.525444   149.4457126
1092.3859748   -2637.7968788   140.5360997
1092.6595601   -2634.9174976   145.5285698
1092.2635468   -2636.2178326   148.7618983
1091.7198332   -2639.591217   145.5804855
1091.0789641   -2643.9995766   141.9873685
1091.6587981   -2639.6918297   149.592489
1091.4446982   -2641.272068   148.0399221
1091.1225053   -2643.5790062   145.846501
1090.8272537   -2646.3928223   148.6417651
1090.7629701   -2646.6653347   145.3982443
1090.3429659   -2650.4254341   144.9575424
1090.1389392   -2651.8547535   142.3067451
1090.0443467   -2653.1822681   145.7947046
1089.9233492   -2655.0662518   149.5823115
1089.737651   -2655.112505   142.4841732
1089.4179019   -2658.6749554   145.5756873
1089.424816   -2657.797575   141.0048008
1088.7798043   -2663.8047695   147.0789611
1088.9124545   -2662.1100903   143.0081278
1085.5221721   -2760.1258755   149.6358067
1088.3842083   -2665.554285   141.1886215
1088.2917317   -2667.2270298   146.0382342
1088.4059342   -2666.9514179   149.4169384
1087.9583331   -2670.5281734   149.8316973
1087.679294   -2670.9563732   143.2469785
1087.5430676   -2672.5847721   145.7448751
1087.6301797   -2672.8990078   149.2496282
1085.092214   -2765.3310299   149.9351561
1086.8567499   -2676.1415005   141.6702718
1087.1745022   -2675.463438   146.130085
1086.8937048   -2678.6243916   148.656249
1085.5067941   -2751.2042522   149.1456926
1086.7170664   -2678.5635948   145.194158
1084.3321355   -2755.2165985   147.6926357
1086.3412889   -2683.3474636   148.5007107
1086.2198444   -2681.0641289   142.8917348
1085.6557461   -2692.4517155   150.480181
1085.574803   -2689.4750595   147.940442
1085.7175561   -2685.1463318   143.9685374
1084.1108831   -2744.2908287   147.3922729
1084.2173966   -2747.9419708   147.4175006
1085.351375   -2688.1697178   144.6207911
1084.833202   -2741.4207458   149.7126818
1085.1495834   -2693.0258274   147.6237327
1084.7519013   -2689.3973351   140.7431662
1081.7109915   -2759.4320774   145.6790417
1082.7469798   -2763.2200718   147.2314149
1083.0826434   -2750.9760857   145.832777
1084.5871242   -2696.9268322   146.9584703
1084.4911607   -2693.2556629   143.3590949
1084.3617292   -2701.6723156   148.2951641
1084.2377814   -2706.1021328   149.4236141
1084.0883227   -2739.8843765   148.2425034
1084.1214033   -2730.2761078   150.5040824
1083.6423906   -2717.8537846   149.6329606
1083.6001309   -2711.1539841   148.1163949
1083.6160453   -2733.1900597   148.173362
1083.5484239   -2698.0531216   141.8468356
1083.6747559   -2724.5528698   149.8203278
1083.3557221   -2737.370491   146.8508393
1083.2992765   -2703.5512924   144.1998929
1080.8156999   -2754.2529106   143.75633
1082.2154554   -2746.8252182   144.2470849
1083.1174823   -2728.4426689   147.377044
1082.4037763   -2741.9381142   144.4419771
1082.8175517   -2722.8288651   146.721527
1082.7050181   -2719.0935612   146.0037678
1082.705197   -2713.6764526   145.2013999
1082.4517878   -2734.369278   144.8728442
1081.6805931   -2730.1771641   143.1276798
1082.0300253   -2712.487936   142.1887875
1082.1996304   -2706.9108486   140.7235563
1081.5567645   -2739.2823696   143.0115104
1082.0317837   -2725.6903648   144.1880018
1080.4075273   -2748.924017   142.4303204
1081.5625163   -2723.3326435   142.457962
1079.7993215   -2762.4013424   144.7587311
1080.215809   -2764.9259567   145.7920223
1082.1464928   -2767.2069073   147.8458792
1082.0271643   -2715.9740925   143.1694925
1081.7438336   -2719.3295956   142.5874531
1080.0083252   -2742.5441742   140.9397721
1081.1875733   -2727.7235985   141.6945755
1081.4042362   -2716.480732   140.8117265
1078.3330473   -2758.2836151   142.6008642
1078.4230205   -2751.3916492   140.8790052
1077.0396861   -2754.743576   140.7311112
1076.0840448   -2760.8990669   141.8094635
1075.0918361   -2764.3141747   142.4052715
1077.6423784   -2765.7599449   144.4195956
1071.6670724   -2764.2359734   140.8203244
1071.5728077   -2766.805172   141.7723149
1075.1977535   -2768.6891556   144.0649927
1066.8642493   -2767.5461769   140.7340467
999.8474094   -2764.108181   143.9054459
997.6939233   -2760.4432106   142.5513327
1002.2476288   -2765.8140659   142.3043162
997.5856217   -2762.2385025   145.9621787
999.2965432   -2765.0325298   146.9285339
1002.1307739   -2768.2266235   146.2565809
995.1205226   -2756.4547062   141.955331
995.7485469   -2759.1505051   145.309031
997.5245269   -2763.6573315   149.1398513
995.8685311   -2760.6720924   148.2494473
996.3071915   -2761.9822025   150.1119882
999.537942   -2766.8237686   149.437204
994.3423244   -2757.3943138   146.7230618
994.3688186   -2758.1410408   149.3211538
992.9870041   -2753.619194   143.3608234
992.6377805   -2754.6789646   150.4062414
991.8055507   -2752.3186207   146.4096904
991.3984808   -2750.3693104   142.7820176
990.909216   -2750.5166531   149.8898268
989.9906787   -2748.0895519   146.0507214
989.682314   -2746.6883659   142.1025544
989.6924468   -2746.830225   149.353385
988.7735816   -2744.21525   147.8524059
988.930014   -2745.1291084   144.7836161
987.8290566   -2742.5355911   141.6808516
988.0784722   -2741.3113117   149.1002291
987.2938367   -2740.2839661   145.3288645
987.1908399   -2738.3539677   148.7794369
986.3795313   -2735.0182533   149.4554132
985.7399436   -2735.1913452   145.2845335
985.3199097   -2735.6915474   141.1148757
984.3462976   -2731.5397263   144.1363692
983.9868816   -2728.7595272   146.9020844
982.8893515   -2728.9252281   141.0607249
982.7232631   -2726.9451618   143.7103897
982.3755892   -2724.0126133   146.7081457
981.1831387   -2718.7662125   148.8297284
981.038359   -2722.8932381   142.5627023
980.6843968   -2719.8271751   145.123288
980.0956818   -2716.3681984   147.3314166
979.5771512   -2719.5789814   141.055122
979.2944761   -2716.561079   143.6517686
979.0936383   -2713.6898041   146.4990675
977.6696535   -2709.0921402   146.6575861
977.9034825   -2712.6185894   143.0068463
976.4758917   -2705.3294182   146.7679888
976.3194593   -2703.3340931   149.1401047
976.6894551   -2709.2351913   141.9914663
976.1384698   -2706.3260078   143.4013098
975.0887426   -2701.0753155   146.7552334
975.0978025   -2703.1636238   143.363893
973.3042689   -2695.7645416   146.7287242
974.0954014   -2699.7654438   143.9761817
973.0650457   -2697.2184181   143.0355608
972.7804037   -2692.731142   149.3248492
972.1633764   -2694.4382191   143.2123631
972.0202657   -2691.6046143   147.5534737
972.2487899   -2690.6573772   150.4050791
970.4193445   -2687.5898838   146.8661577
971.2884399   -2691.3073063   144.4551051
969.7424444   -2688.4326935   141.7848766
968.7561961   -2682.1362972   148.7892121
969.2686173   -2686.259985   143.5235739
968.4154364   -2683.3155155   144.8521763
967.37915   -2682.8827858   140.5790597
967.5745936   -2680.5791855   145.9488571
967.1075019   -2678.037405   148.5731155
965.4366644   -2676.4955521   143.3771998
965.0212499   -2673.3763218   147.4890709
963.6760326   -2671.7534065   143.9487636
962.7298983   -2668.3235168   146.1854726
962.2096988   -2669.4545746   141.1583126
961.231974   -2663.5987759   148.4564245
960.5554017   -2661.4317894   149.6331692
961.3587233   -2665.3904915   145.1449543
960.9082016   -2666.1241055   141.1121786
960.0806507   -2662.1468067   145.3768909
959.7915085   -2662.7082825   142.3654854
958.6529108   -2657.8626633   147.552833
958.7782594   -2659.7685814   143.3994025
956.7517015   -2652.5709629   150.1102298
957.5237008   -2656.6748619   143.3317065
956.576732   -2653.3567905   146.6296166
956.6327008   -2655.4200649   140.6425685
955.3079876   -2651.3791084   143.7041759
955.3159448   -2650.2242088   147.8933692
953.8489851   -2648.0615139   143.9727992
953.2901617   -2645.578146   148.8839537
952.1464976   -2644.2656517   144.1258937
951.8340202   -2642.1823502   150.2626389
951.0147246   -2641.3264275   146.7496157
950.8626731   -2642.1124935   142.0020908
949.3035349   -2638.5326385   143.8094825
949.2407414   -2637.5467777   147.389248
948.343602   -2634.9625587   150.0199288
947.940019   -2636.3224983   141.1899328
947.246966   -2633.9197159   145.6112415
946.4453133   -2631.1044693   149.6595293
946.1494955   -2632.502079   141.7800784
944.9356767   -2628.9148331   146.2804228
945.4054209   -2630.3818226   144.3977654
944.5910724   -2627.0992756   149.1130888
944.0825256   -2627.9489994   141.8763846
1084.5052572   -2770.169735   150.4761577
1081.8879279   -2774.9006748   150.328055
1080.9183689   -2770.8835602   148.216635
1078.8901719   -2768.5115337   146.0981369
1078.2673331   -2778.3644199   149.6691853
1076.8625113   -2773.5002041   146.8082666
1075.8497389   -2781.2001705   149.7419178
1074.2521556   -2778.3865929   147.8039026
1072.9161175   -2772.1443176   144.4352418
1071.728048   -2775.5875587   145.5067694
1072.7489563   -2781.9731236   148.7903148
1070.2769133   -2769.616127   142.4773484
1071.3562938   -2785.0131989   149.8339772
1069.9129077   -2779.5455456   146.6427594
1068.9164969   -2773.1685638   143.5444057
1069.0943869   -2787.5461578   150.4551023
1069.8104473   -2782.71842   148.1285542
1067.3038932   -2776.4976025   144.5038617
1068.4140893   -2784.8107815   148.7549245
1066.5523978   -2782.1483612   146.8248069
1066.8060454   -2779.2341709   145.5730796
1065.2009221   -2786.5180969   148.7421542
1066.0195919   -2770.6632614   141.8053806
1063.0831393   -2772.5372314   142.0333833
1063.452092   -2778.6622047   144.5342004
1062.8844472   -2789.9000645   150.2172351
1062.0937022   -2783.1749916   146.1861581
1060.5515512   -2787.2848511   148.0269134
1058.8524016   -2774.330616   142.0811862
1058.7055954   -2779.548645   143.9474672
1058.672932   -2791.3899422   150.2254456
1057.8634413   -2784.3666077   145.8322704
1056.449798   -2787.9810333   147.5468874
1054.883984   -2775.0201225   141.6275799
1055.1487776   -2782.3479176   144.3015933
1053.7860366   -2779.1209221   142.8379416
1054.2250248   -2790.7986641   148.9419192
1054.0842386   -2785.4936123   145.6280053
1053.2096597   -2788.2471085   147.0664889
1051.1969598   -2782.9298973   143.7561363
1051.2089702   -2793.1523323   150.1618028
1049.7394177   -2776.279211   140.9931183
1050.6916317   -2789.9389267   147.7904469
1050.5460771   -2786.78298   145.740822
1049.9165925   -2779.2108059   142.0708299
1048.2133003   -2791.6173935   148.6932784
1047.3225387   -2785.0189209   144.1767514
1047.3988923   -2781.8481922   142.5604671
1046.7044386   -2788.7928486   146.4660615
1046.6634902   -2778.750658   141.2316412
1044.9187728   -2791.9275761   148.7793177
1044.6669432   -2782.194376   142.2265619
1043.0989238   -2785.8994007   144.2001015
1042.1358319   -2789.5145416   146.7763782
1042.5911518   -2782.9096317   142.3780471
1040.8852967   -2792.6647663   149.3626833
1040.9136089   -2780.4460526   140.8554465
1039.5964357   -2783.7314606   142.5216645
1038.45602   -2787.1465683   144.9438184
1038.7958857   -2790.1830673   147.3945081
1037.3026105   -2781.1775208   140.758276
1036.9513603   -2792.0308113   149.2275596
1035.3797647   -2783.9467525   142.6473558
1035.6102856   -2789.2599106   146.9555944
1034.6686514   -2786.7748737   144.8963583
1034.2702242   -2780.9841633   140.5760646
1032.6999994   -2791.1360264   149.2703855
1032.1572693   -2787.979126   146.3254392
1031.8659814   -2785.1321697   143.9697593
1031.591353   -2782.0615768   141.5801048
1028.8600894   -2788.7234688   147.8929371
1029.4159027   -2786.3097191   145.4555094
1028.0812653   -2783.3719254   143.2719976
1026.2544128   -2785.9785557   146.1465657
1024.1629156   -2788.9602184   150.0151008
1024.660972   -2780.5938721   141.6571587
1024.5889398   -2783.3681107   144.1444904
1022.5663158   -2784.7661972   146.4513838
1020.6322046   -2778.0776024   140.6119019
1021.6089758   -2781.6157341   143.657133
1019.9644538   -2785.7995033   148.9405632
1018.9361545   -2782.6170921   146.0521966
1018.4714171   -2779.8216343   143.4659362
1016.6005763   -2777.0161629   141.7141855
1016.6198882   -2783.5395336   148.831442
1014.7658559   -2779.4160843   145.6235647
1013.2899257   -2781.9223404   149.769038
1013.4411129   -2775.7616043   142.4619108
1010.3468569   -2775.4771709   144.7764188
1010.7731792   -2778.6695957   148.3604312
1011.1819776   -2772.9363441   141.1965489
1008.3340975   -2771.9779015   142.6719278
1008.240995   -2775.9854794   147.8607208
1006.2170597   -2772.7284431   145.9352225
1005.2616569   -2768.7644958   141.952619
1006.2722536   -2774.9397755   149.1612792
1003.8388344   -2772.4485397   149.7533172
1001.3207766   -2769.6003914   150.1713395
