-522.2503868   -2452.4316788   362.1606827
-523.6202208   -2455.3499222   363.0551398
-523.0056969   -2453.6845684   362.6752198
-524.7695176   -2451.7712593   363.6892736
-524.4226185   -2458.060503   363.0704284
-525.360438   -2460.4520798   363.5054231
-525.1377551   -2454.8614025   365.0894761
-527.1373717   -2450.409174   360.5825901
-526.0650841   -2458.0523968   365.9121096
-526.2042014   -2451.3449669   363.0169332
-526.2920586   -2452.4350166   364.8861945
-527.1179406   -2463.391304   364.7701144
-526.7762867   -2453.5992146   365.9819961
-527.2093741   -2456.7818642   367.3763871
-526.8634287   -2454.7486305   366.8608367
-527.7473656   -2461.7424011   367.0479655
-528.630468   -2459.5479965   368.8713014
-528.3840624   -2452.2428513   363.7721241
-528.7592141   -2451.603651   361.6482913
-527.7294842   -2452.8048038   365.0182486
-528.4330574   -2467.9942131   362.0781302
-527.8315274   -2454.3867111   367.0460284
-527.473065   -2453.4699917   365.940541
-527.9260603   -2456.0348988   368.2647943
-528.1491009   -2455.3625584   367.9347336
-528.7782875   -2457.5781822   368.9487875
-529.8181502   -2454.1070461   365.8860326
-528.7363259   -2454.133749   366.7626083
-529.931995   -2471.5137482   361.7357016
-529.853913   -2466.3205147   368.7186539
-530.2761523   -2462.9952908   370.3365624
-530.4454295   -2470.3068733   365.3196096
-529.2432038   -2455.5799961   367.9000437
-529.1028944   -2456.5608501   368.7498271
-529.8677412   -2457.7085972   369.7612882
-530.1096169   -2459.1078758   370.0842261
-531.1318365   -2455.8677673   367.4355149
-530.7258097   -2457.2677612   369.3828285
-530.9550492   -2474.4427204   360.8782589
-530.9653012   -2458.7101936   370.2200949
-531.887385   -2474.1470814   364.6519482
-531.7581622   -2470.7272053   369.4165945
-533.4204165   -2454.9071789   362.6380265
-532.8948227   -2458.0564499   369.0970838
-532.3284594   -2477.6434898   361.1239195
-533.4516493   -2475.8236408   368.2306111
-534.7224203   -2457.0372105   365.5653298
-533.4051577   -2478.1694412   364.5578623
-533.6186615   -2480.7157516   361.7750704
-536.7105929   -2459.556818   368.4090674
-535.7063738   -2482.6042652   368.1179285
-534.6848694   -2481.6381931   364.8977876
-537.0509354   -2457.5164318   363.2326722
-535.7310501   -2486.3314629   363.2863462
-538.4449688   -2461.738348   370.0691462
-537.0738236   -2458.782196   366.2790954
-540.0978056   -2460.4797363   365.314126
-542.5510136   -2463.4232521   368.2379723
-545.1609818   -2463.116169   363.2682562
-546.5949503   -2466.152668   367.9515719
-550.4530398   -2467.1084881   364.2725646
-551.4725176   -2469.3231583   367.5640821
-554.1734425   -2470.8492756   366.8337166
-556.0205904   -2473.3974934   369.6643412
-556.204888   -2471.99893   366.374284
-556.8501679   -2471.405983   364.1203046
-559.4180552   -2472.135067   361.379832
-559.0828387   -2474.8334885   369.253248
-559.0446917   -2473.3173847   365.6108379
-561.3844124   -2475.0254154   366.8241501
-563.2717339   -2474.1227627   360.6265187
-563.2617203   -2476.7949581   369.159162
-566.4635626   -2477.3523808   366.3870096
-566.3443533   -2475.7561684   361.1670434
-570.5727068   -2478.1956673   362.503618
-569.9963299   -2479.3889523   367.4314916
-573.4989373   -2481.5866947   368.4349358
-572.6389614   -2480.162859   365.6238317
-575.6544796   -2480.5202484   361.1378372
-576.2133328   -2481.7142487   364.1678095
-577.4293867   -2483.6170673   367.4709201
-578.9482323   -2482.863903   362.5742197
-536.9729725   -2490.9548759   363.7714088
-537.8621546   -2490.0631905   369.0328896
-537.6096693   -2493.9413071   363.7741208
-538.3316008   -2498.4667301   363.2398248
-538.4278027   -2501.2874603   361.5315557
-538.9823643   -2494.9510098   369.4187701
-538.3860794   -2496.4413643   365.3125465
-539.5149914   -2501.6667843   366.4190769
-539.8751227   -2498.6431599   370.4074323
-539.2784802   -2505.4411888   362.8484607
-539.7890536   -2514.4543648   361.3914847
-539.7816626   -2511.0476017   362.552166
-540.7818285   -2504.938364   369.9899614
-540.6874148   -2509.0260506   367.5205112
-540.0500027   -2523.3716965   361.6151512
-540.299627   -2520.6778049   363.0437255
-540.4146639   -2501.8050671   370.4555631
-540.2606455   -2528.0542374   362.7189696
-540.585014   -2533.7622166   363.066256
-540.6758515   -2512.5095844   366.1878407
-540.5072895   -2517.4565315   364.46473
-540.9687487   -2523.8473415   366.3958907
-540.964934   -2538.6192799   362.3884916
-541.2230221   -2530.7633877   366.7417169
-541.1513773   -2526.7958641   367.1036363
-541.5404765   -2542.996645   361.3258302
-541.3772789   -2520.5321312   368.2436347
-541.5203301   -2513.2029057   369.6325421
-541.714522   -2537.3282433   366.0361469
-541.612002   -2534.2330933   367.1728969
-542.2839848   -2541.1472321   365.3515577
-541.8356387   -2524.6682167   369.9213564
-542.01183   -2528.9850235   370.2338338
-542.2349898   -2532.7198505   370.0329363
-543.5704914   -2545.7720757   365.4933274
-542.6962105   -2536.4522934   369.8306382
-542.7731005   -2539.5145416   368.2222962
-543.644282   -2542.5350666   368.4952259
-544.2436663   -2550.3270626   362.8183007
-545.2496735   -2554.536581   360.6523275
-544.4264141   -2544.8069572   368.7734306
-545.6639258   -2549.9343872   366.8946326
-545.407149   -2546.9815731   369.3021834
-546.3509289   -2553.396225   364.7827208
-547.7300612   -2556.0736656   364.7066653
-546.9146696   -2549.7703552   370.0677156
-547.9879109   -2553.150177   368.7076271
-549.7991768   -2559.1449738   364.8048043
-549.6319262   -2561.3820553   361.3298833
-549.7950045   -2556.5125942   368.1888878
-551.8028466   -2562.8786087   363.1409109
-552.2950617   -2559.2465401   369.2959547
-553.4764258   -2562.0520115   367.292285
-553.1989066   -2565.561533   361.3520861
-555.072519   -2565.03582   365.1992977
-555.763456   -2568.146944   361.0540032
-556.8746058   -2563.9853477   369.4806397
-557.7913252   -2568.0887699   364.1188145
-558.7796894   -2566.8890476   367.4163222
-560.7654778   -2569.766283   364.9331927
-562.3378483   -2568.5822964   368.8295484
-562.2793166   -2572.6277828   361.2921536
-564.8729531   -2571.6710091   365.922302
-566.1393134   -2574.2049217   362.2218072
-565.8311573   -2569.8692799   370.1407313
-568.4101311   -2571.9876289   368.5159981
-568.7241284   -2573.959589   364.9765551
-569.7185723   -2576.3971806   360.8703017
-571.5278117   -2573.6768246   367.6293492
-571.8581406   -2575.3836632   364.4664884
-574.1528002   -2577.2702694   361.9278669
-573.8934008   -2573.1332302   369.946897
-575.325462   -2575.2260685   366.5826023
-578.6514012   -2577.8303146   362.6709878
-580.0467459   -2575.3669739   368.0705726
-579.3031184   -2486.1452579   370.423615
-579.1990487   -2484.3549728   366.3737476
-580.8171955   -2484.7941399   364.63359
-582.9082457   -2579.0984631   361.7219627
-582.3098151   -2577.4283409   364.8021817
-581.5611807   -2484.4136238   362.2570336
-582.1333853   -2487.2558117   368.5078323
-584.935042   -2576.5421391   367.4025536
-584.2903582   -2575.0834942   369.9231744
-583.6652247   -2486.8125916   364.7553921
-586.135122   -2489.367485   366.7595685
-585.8008591   -2578.492403   364.0054464
-586.4811865   -2487.6899719   362.2387946
-589.0072314   -2577.6078701   366.9852018
-590.8168284   -2579.4239044   364.3032014
-589.700791   -2490.0667667   363.0625606
-590.1196925   -2492.4154282   368.1443334
-593.9954249   -2577.6100159   369.366467
-593.4132067   -2581.7370415   361.0678017
-592.5821988   -2493.0520058   365.8871353
-593.3447806   -2491.6400909   361.8570566
-593.334171   -2495.028019   369.2913353
-595.6657854   -2579.685688   366.3682044
-595.7126347   -2495.3358173   367.189765
-595.2790705   -2493.6921597   364.0635908
-597.1754519   -2497.1988201   369.7555661
-597.1914259   -2493.4101105   361.3067865
-598.3562199   -2582.1125507   363.0924523
-599.0545479   -2495.4097271   363.5311723
-598.6516205   -2580.1997185   367.1456277
-599.5601145   -2497.3165989   367.167294
-601.137015   -2583.9135647   360.9090447
-601.4598338   -2581.4471245   366.353035
-601.7284123   -2582.993269   363.2463217
-602.7215449   -2497.7457523   364.3117547
-603.4773318   -2496.8147278   361.2737358
-602.2343365   -2499.8242855   369.7187006
-605.6022374   -2584.0988159   363.1621301
-604.2525498   -2581.202507   368.7011302
-604.1520564   -2582.7438831   365.3354347
-605.9260098   -2500.695467   367.0922816
-606.5818993   -2499.3569851   363.1330729
-606.7367522   -2582.7457905   366.9086695
-607.7171294   -2581.7198753   369.8132932
-609.0826718   -2502.9900074   369.0272272
-609.0982882   -2501.5571117   365.2291298
-609.7143618   -2500.4014969   361.7709577
-610.8087031   -2584.4128132   365.6029701
-612.0540825   -2586.3153934   361.4872396
-611.655089   -2503.3116341   366.7781055
-612.3139588   -2504.8418045   370.2653944
-611.7716757   -2502.1953583   363.738209
-613.3942334   -2502.1128654   361.8654013
-613.8311354   -2583.5998058   369.40974
-615.540835   -2586.2367153   363.5645211
-613.9095751   -2503.9997101   366.1906421
-615.0676934   -2505.9537888   370.4458475
-616.3502661   -2502.7022362   360.6772721
-615.7861678   -2503.9916039   364.3672466
-618.2667939   -2585.3340626   367.4434721
-617.9173914   -2505.7108402   367.0887649
-617.9033247   -2586.3838196   364.3864989
-618.8126532   -2504.503727   363.0654812
-621.8492714   -2585.2310658   369.6190119
-621.9790903   -2507.7118874   368.8060939
-620.5177037   -2587.5442028   362.3700738
-621.646258   -2586.401701   366.2067056
-622.5597588   -2507.3037148   367.2100902
-621.6802327   -2507.3180199   367.9915965
-623.5750643   -2506.0758591   363.1494939
-626.0457961   -2587.5036716   365.0707304
-625.3382889   -2588.5987282   361.4562452
-622.0441786   -2507.5304508   368.1963384
-625.113341   -2509.3493462   370.2127635
-626.7492501   -2586.3528252   368.8221574
-625.7900921   -2508.0955029   366.3813174
-628.931853   -2507.8265667   362.6244962
-629.6683279   -2588.9651775   362.2120917
-630.1623312   -2510.0431442   366.8985665
-629.9203364   -2511.3155842   370.3975379
-628.6319224   -2587.3889923   366.622448
-632.3038069   -2587.928772   366.6362166
-632.9021183   -2510.2405548   364.7194505
-632.6482026   -2508.8641644   361.7421687
-635.545942   -2588.975668   364.7529185
-633.005592   -2511.6178989   368.2425022
-634.260389   -2512.9351616   370.5001771
-637.5341145   -2587.798357   369.4851696
-636.2637011   -2510.4572773   362.5141382
-636.4574162   -2512.1223927   366.4605618
-638.3015839   -2590.4614925   361.2905145
-638.5591952   -2513.8978958   369.6322441
-640.4111115   -2589.9677277   363.7760282
-639.4698349   -2512.4268532   365.1054502
-639.7392479   -2511.2361908   362.0758355
-642.078015   -2588.7010098   368.6532378
-641.4365498   -2514.6126747   369.3759143
-641.2559477   -2512.1424198   363.3057177
-644.3915097   -2513.1759644   363.7789786
-645.2648369   -2514.5361423   366.6521311
-643.7146393   -2590.4598236   363.7410998
-644.2440478   -2515.5792236   370.1433539
-645.7388131   -2590.082407   365.8419847
-647.4017826   -2589.402914   368.8591421
-646.8031136   -2512.5565529   360.9022796
-649.1349665   -2591.3581848   363.2564247
-647.6434199   -2516.1583424   369.025141
-648.6178366   -2514.51087   364.0298247
-650.1353709   -2590.6589031   365.9015
-651.6669718   -2589.6031857   370.2780008
-652.2708861   -2517.6692009   368.3127165
-651.4239041   -2514.1077042   360.6390655
-651.8679587   -2592.2510624   361.4813089
-653.8750855   -2516.9055462   364.5911217
-654.5328823   -2591.0329819   366.5696084
-655.2793709   -2516.6580677   362.1513546
-657.1871964   -2590.7063484   368.8402474
-655.6696621   -2592.43083   362.3776436
-656.0419527   -2519.4036961   367.9140508
-657.4804512   -2521.2666988   370.3318238
-658.2660405   -2591.7334557   365.6640947
-657.5627057   -2519.1221237   364.7660315
-657.7813355   -2517.9219246   361.4322841
-659.9039761   -2592.9002762   362.4646664
-660.6422392   -2521.7823982   365.9378588
-662.2676579   -2591.5424824   367.8259552
-659.9436728   -2519.8297501   362.423867
-663.3002488   -2592.6866531   364.238441
-664.363238   -2523.8466263   363.6396527
-664.2995802   -2525.3508091   367.505461
-666.3347212   -2591.6359425   368.7412739
-667.6338641   -2593.6233997   362.3194695
-668.30537   -2592.2932625   366.7959869
-666.8264595   -2526.3500214   364.7624552
-668.0334536   -2529.0563107   368.7698245
-668.2346789   -2526.1921883   361.4376187
-671.0996357   -2529.8390388   364.6383584
-670.187327   -2531.3632488   370.2101409
-671.5681282   -2591.5586948   369.9526787
-671.4865891   -2593.44697   363.4968102
-672.4054543   -2532.0971012   367.4524128
-671.9208685   -2592.4563408   366.7282462
-672.8013483   -2529.6494961   360.9416485
-673.7893549   -2534.3453884   370.1379597
-674.703571   -2593.5769081   363.301903
-673.9375321   -2532.0563316   364.2664254
-677.9631106   -2592.3480988   367.1132624
-675.342652   -2534.5780849   367.6102161
-675.3277508   -2531.7909718   361.0156476
-676.9451825   -2536.8680954   369.9511588
-677.2556034   -2535.1643562   365.326941
-677.5345532   -2594.3672657   361.1028194
-678.3191887   -2536.7219448   366.913408
-679.8144308   -2538.9225483   369.1984117
-680.2087752   -2535.8009338   361.1106575
-681.1852185   -2538.3388996   365.2433753
-681.2648503   -2593.100071   364.3912673
-683.4666459   -2593.7819481   362.307936
-680.4718701   -2591.5472507   369.2589402
-682.5134484   -2592.3643112   366.3535416
-683.8060347   -2540.6963825   366.4329052
-684.1147868   -2539.1335487   362.357378
-684.7026078   -2591.6244984   368.3191836
-687.8591505   -2592.3316479   365.6418324
-686.9940487   -2593.6067104   362.462908
-687.757465   -2542.5229073   364.4834757
-687.9884926   -2543.9472198   367.4098849
-689.5261732   -2591.6242599   367.4094975
-690.2222363   -2546.4105606   369.9174225
-690.4711453   -2590.7130241   370.0418472
-690.4585091   -2593.5430527   362.2363508
-692.5803152   -2546.1435318   365.6340539
-691.681358   -2544.0616608   362.3644412
-693.9002005   -2594.0294266   360.9108627
-694.8743788   -2548.8603115   368.6602116
-695.7838265   -2592.3769474   364.7458851
-693.8738552   -2591.0403728   368.6664701
-695.1505867   -2545.8228588   361.5019321
-695.8194701   -2547.952652   365.1651144
-697.4959103   -2591.5327072   366.984725
-697.304341   -2593.2438374   362.6262248
-698.1643168   -2550.5859852   367.8857982
-697.9640452   -2547.973156   362.3849452
-699.9851195   -2552.0727634   368.8750267
-700.1595227   -2592.4022198   364.6998703
-701.7954317   -2594.1376686   360.7602417
-703.3934323   -2590.9469128   368.6282039
-701.3462511   -2549.1952896   360.6325984
-703.4799782   -2552.3927212   364.7527993
-702.6606528   -2553.9500713   369.6138263
-703.7936179   -2592.5228596   364.5282984
-706.6209046   -2593.5983658   362.2591197
-706.0889927   -2552.5481701   361.6283536
-708.0042092   -2556.0929775   366.97945
-706.9586245   -2591.7308331   366.8123782
-708.6214749   -2593.0144787   363.7959659
-709.3270747   -2555.0546646   362.7883196
-709.2300383   -2553.9698601   360.6003225
-710.0914446   -2593.9824581   361.8927002
-710.6137005   -2592.5400257   365.1002049
-712.9604546   -2591.3891792   367.965728
-710.2664439   -2556.8122864   365.3798699
-712.8550736   -2559.7093105   368.4724569
-712.7612559   -2594.6416855   360.9668612
-712.4112574   -2556.2691689   361.2151444
-713.1677596   -2558.331728   364.7274971
-715.6877247   -2593.1317806   364.274025
-715.6977383   -2590.4526711   369.8769212
-715.1875225   -2557.7626228   360.6365323
-716.1251036   -2560.2812767   364.9135828
-716.9676749   -2562.3137951   368.6539233
-716.6503397   -2591.4099216   367.8825498
-717.7875964   -2559.9360466   361.7087603
-719.7731463   -2594.4085121   362.3974323
-720.0821368   -2592.5590992   365.636915
-720.1947895   -2590.4881954   369.3534732
-718.9987627   -2562.2720718   365.2651906
-720.5363242   -2564.3763542   368.1000769
-720.7478014   -2562.2551441   362.7235591
-724.1000859   -2566.9784546   369.4660664
-721.9474045   -2563.9925003   365.0441468
-723.8416401   -2594.3944454   362.8840744
-725.4576413   -2591.9287205   366.8004572
-725.0858275   -2590.170145   369.2776263
-724.3925063   -2566.0250187   366.5387034
-723.9740816   -2564.2397404   362.8515303
-727.3845402   -2595.5262184   361.6521955
-728.8572518   -2593.2908058   364.9814427
-727.892491   -2566.7102337   363.4031117
-728.1697718   -2568.9439774   368.2888746
-729.0459601   -2588.599205   370.5004156
-729.7074524   -2591.575861   367.2146201
-730.6196419   -2595.4353809   362.221837
-730.6581465   -2569.0617561   365.0821745
-732.2392193   -2568.3102608   361.6085351
-732.7908007   -2571.816206   368.170321
-731.86824   -2593.5592651   364.8777008
-732.3314873   -2589.2221928   369.7293699
-735.4297367   -2597.2597599   360.6925011
-735.0520817   -2592.1461582   366.7247891
-735.089275   -2595.2961445   363.1299436
-733.363959   -2570.237875   364.315927
-735.8042923   -2575.4928589   370.0962067
-736.1488072   -2570.4967976   361.7795408
-736.2968651   -2588.5767937   369.934082
-736.1712185   -2573.066473   366.7933345
-739.4766537   -2592.9327011   365.9688532
-739.5385233   -2590.2104378   368.3773279
-738.8602225   -2597.0196724   361.5734577
-739.9862734   -2595.0820446   363.8589084
-738.7563912   -2574.7642517   367.0207262
-739.8627726   -2578.0472755   369.038105
-740.4858796   -2573.1673241   362.6548052
-739.3686501   -2587.3339176   369.7249591
-741.2205664   -2584.7649574   369.8918223
-742.6981656   -2576.30229   365.7111526
-741.194698   -2581.3755989   369.4920242
-743.7616316   -2596.2710381   362.9797697
-744.2588536   -2586.8468285   368.7083721
-743.1891886   -2591.1233425   367.4337268
-742.6483361   -2593.6422348   365.3470278
-744.0118519   -2579.6875954   367.6697016
-745.0425354   -2575.1879215   361.9998097
-744.1686121   -2583.067894   368.3588505
-746.215078   -2588.2418156   367.8342998
-746.8310324   -2592.6134586   366.2818074
-746.6602055   -2578.0410767   364.5747304
-748.7143008   -2596.2607861   363.6221588
-747.6471392   -2581.8891525   366.2302494
-746.4556424   -2584.9268436   367.6934838
-748.3418909   -2576.7095089   361.6242409
-749.6403185   -2585.6921673   366.5387332
-749.5677201   -2589.3507004   366.7253554
-751.6282526   -2599.1091728   361.428231
-750.4963604   -2579.2019367   363.0059063
-751.7114607   -2592.3433304   365.7722771
-751.6208617   -2582.7317238   364.9558127
-753.7902323   -2596.2991714   363.5821342
-752.4109808   -2587.5310898   366.1198616
-753.3428399   -2580.8916092   362.5401258
-755.2742688   -2583.9834213   363.974005
-756.135079   -2599.480629   361.55352
-755.8756796   -2593.6706066   365.0947213
-756.6143004   -2590.6531811   365.1821017
-756.8130223   -2587.8310204   364.85219
-758.9026419   -2596.5657234   363.9529645
-759.0138642   -2582.4782848   361.0050976
-758.8067976   -2585.5600834   363.258779
-760.1002184   -2592.6036835   364.659071
-759.5585314   -2599.6184349   362.0196879
-760.6717078   -2588.6411667   363.8225794
-762.0897023   -2601.3071537   361.2340689
-762.0485751   -2584.9928856   361.4794016
-762.7824274   -2598.3338356   363.40487
-763.1853548   -2594.8150158   364.1053438
-764.0473572   -2591.2334919   363.8187051
-764.946076   -2587.716341   362.2698784
-767.1004263   -2600.1002789   362.9745841
-766.0336224   -2596.6308117   363.9385998
-767.1823231   -2593.5771465   363.6927307
-768.0501667   -2590.1260376   362.9921675
-768.6215369   -2603.7108898   361.0512018
-768.7960593   -2586.9619846   360.9637022
-769.8459355   -2596.3306427   363.4510636
-770.4457966   -2600.456953   363.2335663
-771.8902556   -2592.3304558   363.0689383
-771.1839405   -2588.9754295   361.664623
-772.6227967   -2604.2807102   361.8787229
-775.1102177   -2596.2524414   363.4851575
-775.5136219   -2601.092577   363.3239269
-774.6343342   -2589.0405178   360.8510494
-776.9413916   -2592.0627117   362.1598184
-777.2288052   -2605.4558754   362.4115288
-779.7002522   -2598.3891487   363.635838
-779.9529759   -2594.6702957   362.7047539
-780.9698311   -2602.5495529   363.5552227
-780.2458731   -2607.462883   361.9976342
-781.1380354   -2591.4449692   360.6005609
-783.3274332   -2596.4884758   362.9197776
-783.2518546   -2599.5166302   363.4573817
-783.5242478   -2610.5270386   361.0780239
-783.3074061   -2593.7213898   361.4260256
-784.5520703   -2606.2357426   363.0664945
-785.6340138   -2601.899147   363.5037243
-786.5816084   -2598.4265804   362.8239334
-786.978933   -2594.6986675   361.2889051
-786.6644589   -2609.5426083   362.2985184
-788.9059512   -2604.1083336   363.7248874
-789.5117728   -2607.842207   363.3657992
-789.5157067   -2600.6782055   363.6410236
-790.7575098   -2597.3482132   361.9014323
-789.1663042   -2611.1843586   362.4894619
-791.9722525   -2612.7684116   362.2989655
-793.7862603   -2614.8564816   361.8894219
-792.9862467   -2604.3629646   363.610208
-792.353603   -2609.9877357   363.4383082
-794.2983834   -2607.7346802   363.9686406
-793.1759087   -2600.4071236   362.8083467
-794.5027081   -2598.0317593   361.533016
-795.2587334   -2603.4536362   363.1587327
-796.8684164   -2616.1103249   361.8069291
-797.0673767   -2600.489378   361.9814515
-796.7631546   -2608.9384556   363.6913002
-797.8807417   -2612.6112938   362.9190326
-798.1185643   -2619.1248894   360.547632
-798.9499298   -2605.8249474   363.1494939
-799.368116   -2602.7493477   362.2083962
-800.7306782   -2609.744072   363.2562757
-801.4490334   -2614.1059399   362.8681004
-799.4532315   -2617.5324917   361.6629839
-800.0746695   -2599.4260311   360.7925177
-800.4996506   -2619.1515923   360.9556258
-802.8812138   -2605.492115   362.5344634
-801.7822234   -2607.4638367   362.9110157
-801.744434   -2619.3220615   361.0802591
-802.7178971   -2615.7124043   362.5847697
-805.357906   -2602.8347015   360.7755303
-803.6613194   -2611.5436554   363.1654978
-804.5624224   -2608.7977886   362.6717627
-804.6672074   -2614.1488552   362.6337051
-805.5090634   -2617.9525852   361.4824116
-806.8749634   -2605.6773663   361.2832725
-809.7394434   -2610.0976467   361.2481058
-808.3798615   -2614.6378517   361.6305888
