-1012.8620592   -2340.2125835   -727.8978825
-1013.0885569   -2340.4564857   -732.8131795
-1012.5980107   -2340.5954838   -737.3231649
-1013.9428107   -2341.9361115   -742.0992851
-1015.1926009   -2342.0431614   -722.4897146
-1013.2426945   -2341.7117596   -716.4934278
-1013.6692253   -2343.3580399   -711.5012407
-1017.3818795   -2343.080759   -730.0074697
-1012.1400086   -2377.9761791   -886.6403103
-1012.173268   -2379.9190521   -891.2960291
-1012.0624033   -2400.7861614   -937.112391
-1011.9473664   -2370.8255291   -866.9611216
-1011.8682114   -2428.0776978   -967.8936601
-1012.4480454   -2376.2147427   -881.8733096
-1015.1946274   -2373.73209   -872.3319769
-1012.0979277   -2410.0697041   -952.903986
-1011.8868081   -2374.3908405   -877.6677847
-1012.3580424   -2439.7881031   -971.973896
-1014.0372244   -2384.9246502   -901.3867378
-1012.8388134   -2419.1739559   -961.2907171
-1013.6187998   -2449.1696358   -972.6875424
-1013.0336014   -2407.5317383   -948.7591982
-1012.9774538   -2369.5762157   -858.9000702
-1013.5580031   -2395.0252533   -921.6535687
-1013.8982264   -2397.4947929   -926.9323945
-1013.6320321   -2434.1883659   -969.6198106
-1015.5218569   -2424.7102737   -963.2192254
-1013.4174553   -2471.1174965   -970.6606865
-1014.2473904   -2467.4451351   -971.27527
-1015.9568516   -2400.3715515   -932.2080016
-1016.1955086   -2388.7109756   -907.9680443
-1014.3469302   -2403.5425186   -940.8527017
-1014.2262904   -2370.7709312   -863.006115
-1015.3623549   -2474.7920036   -969.160676
-1014.3373934   -2382.6208115   -896.1905837
-1015.5234066   -2444.0610409   -971.3417888
-1014.4974915   -2391.1795616   -913.5723114
-1015.1877133   -2463.1977081   -971.6953039
-1015.1375262   -2478.9230824   -967.7997231
-1012.6025406   -2482.3465347   -966.7629004
-1014.1097037   -2393.0819035   -917.5255299
-1015.8821074   -2413.8336182   -953.7962675
-1015.9446923   -2417.5252914   -957.3501945
-1016.7274205   -2407.2084427   -944.696486
-1016.7029826   -2458.2955837   -971.6479182
-1017.2106949   -2452.8689384   -971.5166092
-1016.9030157   -2430.4959774   -965.7655954
-1017.1730248   -2377.048254   -879.8273206
-1017.8698031   -2372.9357719   -866.0977483
-1016.1834685   -2402.4839401   -936.8669391
-1016.4251057   -2410.5548859   -949.5961666
-1017.1240298   -2380.546093   -889.3921971
-1016.2863461   -2378.8156509   -885.4781389
-1017.1967474   -2439.163208   -969.2896605
-1016.8616501   -2421.1146832   -959.5995545
-1018.0160729   -2371.7722893   -860.1822853
-1016.79382   -2370.7103729   -855.9275866
-1013.1094185   -2369.1539764   -854.1261554
-1017.6576105   -2470.1659679   -969.8325992
-1017.9238049   -2396.8167305   -922.2198129
-1019.2256895   -2395.0500488   -917.8833365
-1018.6162917   -2447.9994774   -970.5896974
-1018.3877674   -2435.0452423   -967.0191407
-1018.4614388   -2398.9174366   -926.2803793
-1016.6458813   -2384.3796253   -898.9005685
-1020.0037686   -2387.0611191   -902.7653337
-1018.6593262   -2465.7495022   -970.3743458
-1018.1446997   -2383.1272125   -895.1579928
-1019.1632239   -2405.2112103   -939.0163422
-1020.5665556   -2390.8274174   -909.6103907
-1020.6025568   -2392.8487301   -913.0811095
-1019.2094771   -2477.7197838   -967.336297
-1017.5826279   -2481.5433025   -966.2319422
-1019.0065829   -2461.9412422   -970.70086
-1020.1616017   -2376.1832714   -874.0478158
-1018.8182322   -2374.1509914   -869.0541983
-1020.9463564   -2473.4151363   -968.1683183
-1020.6048218   -2424.239397   -958.820343
-1019.9107853   -2428.396225   -962.2520804
-1020.3785626   -2443.4990883   -968.8630104
-1019.4047419   -2417.2794819   -954.1230202
-1019.8338953   -2414.0644073   -950.4883885
-1019.0742937   -2420.1579094   -956.9737911
-1019.0559355   -2402.9686451   -934.9610806
-1021.4910237   -2388.2977962   -904.4629335
-1020.782086   -2380.5463314   -886.6382837
-1020.4438893   -2411.0972881   -946.4712739
-1020.5971924   -2455.340147   -970.3528285
-1021.6088025   -2408.7822437   -942.1705604
-1021.471831   -2432.9574108   -963.8226032
-1020.4390017   -2484.1706753   -964.4693136
-1015.9589974   -2485.3122234   -964.773953
-1011.676046   -2359.52878   -797.0637083
-1012.0010106   -2346.5168476   -763.0066276
-1012.7191273   -2355.6156158   -787.855804
-1014.1638247   -2343.9593315   -751.4384389
-1013.6108128   -2369.7023392   -827.0781636
-1012.5031201   -2348.7989902   -769.7072625
-1013.0704371   -2368.9484596   -850.0653505
-1012.396547   -2354.1417122   -784.732461
-1012.2993914   -2349.8811722   -773.2203603
-1013.3990971   -2369.355917   -839.4049406
-1012.7744404   -2344.6860313   -756.1792731
-1013.3509365   -2345.7729816   -759.082973
-1013.0519596   -2369.456768   -835.5688453
-1015.035483   -2370.1200485   -832.3631287
-1014.1288964   -2362.1714115   -801.0562658
-1013.7694804   -2365.8559322   -809.9047542
-1013.7042729   -2363.9116287   -805.2713871
-1014.1594139   -2368.2541847   -816.6725636
-1013.7059418   -2366.7094707   -812.3315573
-1015.4032437   -2353.6736965   -780.8718681
-1013.42127   -2369.3819046   -823.3206272
-1013.9728514   -2351.4223099   -776.1471868
-1013.7674538   -2342.6499367   -746.486485
-1015.4344765   -2369.7311878   -847.3485112
-1016.410443   -2370.1264858   -843.1842327
-1014.7219626   -2358.7822914   -793.2823896
-1015.969607   -2357.489109   -789.5128131
-1015.4142109   -2348.6316204   -765.6897902
-1015.8887831   -2360.5439663   -796.1280942
-1016.7586533   -2347.7039337   -760.7751489
-1016.1709515   -2351.0975838   -772.682786
-1015.8673254   -2355.6149006   -785.3093147
-1017.5113408   -2350.3978252   -768.6974406
-1016.7842833   -2342.8497314   -736.9280457
-1016.0289732   -2346.1480141   -756.508112
-1015.8301321   -2370.2616692   -835.8799815
-1017.4039332   -2370.598793   -851.3524532
-1017.4183575   -2345.1478481   -715.6928182
-1018.1704489   -2370.9332943   -838.1173611
-1018.5197321   -2370.6331253   -822.6224184
-1018.5528723   -2369.6763515   -817.3807263
-1017.9576603   -2370.975256   -829.584837
-1015.0754181   -2346.0421562   -707.9267502
-1018.3717934   -2366.4324284   -807.4467182
-1018.0556504   -2364.7925854   -803.8601279
-1017.6143376   -2367.9246902   -812.2915626
-1016.8134896   -2344.0918922   -746.1042404
-1017.881724   -2343.9862728   -741.8683767
-1019.2821947   -2353.4986973   -776.0642171
-1019.9253289   -2362.3569012   -796.7610955
-1020.7987753   -2364.5894527   -800.9417653
-1018.4616772   -2346.5812206   -753.9156079
-1020.0340477   -2346.547842   -750.1220703
-1018.946859   -2360.013485   -792.579174
-1019.4370476   -2371.4418411   -833.6794972
-1019.7279183   -2344.9428082   -725.6325483
-1020.1750723   -2345.9534645   -721.3875055
-1020.0942484   -2356.4574718   -783.2608819
-1020.3432766   -2355.1812172   -779.5668244
-1021.3857619   -2350.8791924   -764.3302679
-1019.3273751   -2371.2141514   -846.7037678
-1018.7711445   -2357.3420048   -786.7209315
-1019.7633234   -2358.7751389   -789.0359759
-1020.570728   -2348.5894203   -757.6413155
-1021.1752383   -2372.038126   -841.8462276
-1021.045777   -2345.3943729   -734.6864939
-1020.7795826   -2345.4420567   -739.6553159
-1020.8106963   -2346.0087776   -744.5086837
-1021.5816227   -2372.2276688   -849.9425054
-1020.5752579   -2349.6994972   -711.0007405
-1021.0572211   -2348.4706879   -715.0481343
-1021.328303   -2348.0370045   -753.7786961
-1021.4862553   -2353.8551331   -705.4443359
-1018.5055462   -2349.9894142   -706.7696452
-1012.4453036   -2448.5616684   -669.8671579
-1013.7741295   -2358.7195873   -691.6955113
-1011.8285147   -2346.3308811   -701.6013861
-1013.3220879   -2375.7703304   -684.8968863
-1013.4043423   -2462.4080658   -675.5287051
-1013.0657879   -2457.1502209   -672.7330685
-1014.9852959   -2477.4749279   -687.7577305
-1014.4513575   -2427.6146889   -672.2609997
-1014.8132769   -2433.4642887   -671.8092561
-1013.6810271   -2369.0979481   -687.0162487
-1013.5572878   -2351.2496948   -697.5908875
-1014.3282143   -2416.1999226   -674.2290854
-1012.1284453   -2405.7044983   -675.4752994
-1015.6250922   -2412.4085903   -676.2604713
-1013.4818283   -2393.0337429   -680.4836988
-1016.0623518   -2388.078928   -683.8023663
-1014.1216246   -2419.6519852   -673.3195782
-1015.0999752   -2399.1723061   -679.9833179
-1016.7468516   -2424.5107174   -674.4312644
-1013.7113062   -2363.5675907   -689.0997291
-1016.4909092   -2471.6734886   -683.6704612
-1014.944884   -2405.3297043   -677.9195666
-1016.4144961   -2452.6572227   -673.316896
-1014.2421452   -2354.7976017   -694.9971914
-1015.1434866   -2382.8442097   -684.5185161
-1015.4856173   -2438.4820461   -671.8093157
-1017.3904625   -2445.2803135   -672.9645729
-1017.7410571   -2465.8677578   -680.2365184
-1016.6741339   -2350.5725861   -702.8301358
-1016.632053   -2458.0504894   -675.3543019
-1015.7654015   -2374.276638   -687.0051026
-1017.031881   -2378.3152103   -686.9421601
-1018.7120167   -2460.9932899   -678.1105399
-1017.8389279   -2394.5376873   -683.3667159
-1018.5291497   -2356.883049   -698.0954409
-1016.6506497   -2364.0134335   -691.3651228
-1019.9151961   -2374.0708828   -690.1236176
-1020.3994242   -2368.6659336   -692.4034953
-1017.8388087   -2360.8133793   -694.3356395
-1017.9913966   -2418.4677601   -676.5921116
-1017.7750317   -2431.8733215   -674.0851998
-1018.2794062   -2404.9479961   -680.709064
-1017.9966418   -2409.2099667   -679.2476773
-1016.6740147   -2479.7921181   -691.8786764
-1019.9261633   -2477.7519703   -691.5215254
-1021.6170279   -2401.1933804   -684.3827367
-1019.5456473   -2387.7112865   -686.4408851
-1020.4827515   -2438.9843941   -675.1530766
-1019.7965828   -2414.7517681   -678.9610982
-1019.5015398   -2391.1166191   -685.5071783
-1021.5990273   -2449.9731064   -676.2990355
-1019.7707144   -2363.6221886   -694.4825649
-1020.575854   -2480.2765846   -695.6977248
-1016.1066977   -2482.2313786   -695.7537532
-1021.0034577   -2427.8841019   -676.897049
-1020.7588402   -2421.888113   -677.9100299
-1020.0379816   -2361.1609936   -696.293056
-1021.3668076   -2394.6144581   -685.9498024
-1021.1496083   -2417.9739952   -679.1675091
-1020.176026   -2481.9383621   -699.0587711
-1011.7834536   -2532.4625969   -929.4654727
-1012.0482174   -2510.6613636   -947.348237
-1013.6166541   -2492.8946495   -960.5212808
-1013.0574433   -2550.4615307   -906.6903591
-1011.9287697   -2555.8509827   -865.2091026
-1013.4939877   -2523.3347416   -937.0793104
-1011.7915598   -2502.884388   -953.343153
-1013.80572   -2498.6162186   -956.3463926
-1013.513538   -2536.9365215   -925.2058268
-1012.1110407   -2553.9348125   -893.6668634
-1013.1697384   -2554.7111034   -889.1047835
-1013.2561652   -2506.3951015   -950.5306482
-1012.3924939   -2540.4322147   -921.7171073
-1013.7309758   -2555.6056499   -860.322237
-1013.9012066   -2553.4720421   -897.6144195
-1013.618919   -2546.1816788   -914.5083427
-1013.3874146   -2548.2933521   -911.1072421
-1013.434383   -2518.5816288   -940.9733415
-1013.5754076   -2544.2647934   -917.1390533
-1014.2944781   -2556.1723709   -869.5536256
-1015.7628981   -2528.7108421   -932.4409366
-1014.9712292   -2555.5808544   -883.4513426
-1015.9163205   -2488.8474941   -962.8548622
-1015.520188   -2556.0929775   -877.5461912
-1016.2315098   -2552.5946617   -901.9356966
-1015.8467022   -2514.6627426   -943.9160824
-1016.2132708   -2556.3213825   -873.3573556
-1018.1002346   -2533.557415   -928.1116724
-1016.3676468   -2503.247261   -952.6211023
-1016.9635741   -2556.2200546   -865.4265404
-1018.2127682   -2508.8405609   -948.220253
-1017.0405833   -2554.8913479   -892.4567699
-1017.2254769   -2539.7737026   -922.2015142
-1016.5844885   -2542.7587032   -918.9649224
-1017.9474083   -2549.8230457   -908.9214802
-1018.2592598   -2551.5241623   -905.4697156
-1017.0798031   -2555.5107594   -887.5816464
-1018.3213679   -2547.7502346   -912.420392
-1018.2107417   -2519.4659233   -939.9189353
-1020.5470053   -2524.8467922   -935.4037046
-1018.5487   -2537.2288227   -924.6778488
-1018.828365   -2545.3858376   -915.7212377
-1018.0521933   -2495.759964   -957.9241276
-1020.8320347   -2491.2977219   -960.5162144
-1020.5810992   -2555.9852123   -861.1453772
-1017.1389309   -2555.1764965   -855.6303978
-1018.7763897   -2499.5539188   -955.0868869
-1019.4766251   -2554.2705059   -897.5576758
-1019.7823969   -2556.5812588   -870.2766895
-1019.4430081   -2556.353569   -880.3035021
-1019.2295042   -2556.060791   -884.5055699
-1020.0123516   -2556.6065311   -875.4158616
-1020.8637444   -2529.7386646   -931.2770963
-1019.3052021   -2487.2872829   -963.1314278
-1020.6404654   -2541.3901806   -920.3972816
-1021.4401213   -2556.466341   -866.0809994
-1020.9543435   -2555.9773445   -888.1396055
-1021.4470354   -2539.0760899   -922.7378964
-1011.8214814   -2491.2977219   -732.6371074
-1012.5350682   -2515.8333778   -786.7759466
-1011.647555   -2497.8280067   -753.403008
-1012.6218525   -2495.5174923   -748.0614185
-1013.0599467   -2502.7108192   -766.3318515
-1012.365791   -2548.2807159   -829.7068477
-1012.5455586   -2546.3881493   -825.1733184
-1012.6234023   -2550.2283573   -835.1682425
-1012.5940768   -2552.9584885   -844.6213603
-1012.9455058   -2489.6943569   -727.4645567
-1015.0268999   -2522.6306915   -795.8683968
-1015.8503977   -2517.8637505   -792.0592427
-1013.5324923   -2487.0626926   -715.1827216
-1013.9388768   -2537.6832485   -810.405612
-1013.8092963   -2540.6589508   -814.812839
-1012.6112429   -2535.2468491   -806.2410355
-1013.8425557   -2543.0390835   -818.8079
-1013.7723414   -2544.7814465   -822.1452236
-1013.0701987   -2488.7251854   -723.2105136
-1013.5513274   -2499.3185997   -759.2351437
-1015.1670901   -2551.8217087   -840.6139612
-1013.9878718   -2532.1056843   -803.5562634
-1015.0088993   -2527.5878906   -800.0838161
-1012.9898516   -2507.8017712   -775.9000063
-1015.6860081   -2487.4033928   -720.0571895
-1015.4344765   -2493.142128   -743.4715033
-1015.7607523   -2491.3051128   -737.1183038
-1013.310763   -2500.9202957   -762.7183199
-1014.6157471   -2554.4638634   -851.6359329
-1014.8213831   -2553.8041592   -848.2593298
-1015.004727   -2509.5238686   -780.5528045
-1015.0809018   -2505.5556297   -773.9291787
-1015.2853457   -2503.8626194   -770.8702087
-1015.2663914   -2512.2616291   -784.6887112
-1015.6707493   -2495.5322742   -751.4128685
-1016.4669482   -2496.8607426   -755.8933496
-1017.9072348   -2489.3856049   -731.4350605
-1016.1747662   -2547.0461845   -827.9237151
-1016.7542426   -2548.7232208   -832.2113156
-1017.8463189   -2513.6408806   -788.7728214
-1015.9233538   -2545.5172062   -824.6113658
-1017.4684254   -2553.0734062   -845.4252481
-1016.1143271   -2534.2907906   -807.5796962
-1017.1912638   -2493.7944412   -747.5603819
-1018.2928769   -2550.342083   -836.9325995
-1017.3963038   -2488.070488   -725.1509428
-1016.8055025   -2506.5484047   -777.3370147
-1016.502711   -2499.9477863   -763.6286616
-1017.997357   -2501.5711784   -768.530786
-1018.4009997   -2486.1557484   -716.6696787
-1017.3126189   -2485.4540825   -711.7750645
-1017.5657002   -2498.005867   -759.8966956
-1017.198774   -2543.6739922   -821.8739033
-1018.0732933   -2540.8406258   -817.7087307
-1018.2196824   -2538.6991501   -814.5863414
-1019.3596808   -2535.9072685   -811.9049668
-1020.24779   -2529.5763016   -806.5423369
-1019.0918175   -2554.255724   -850.5918384
-1020.0066296   -2509.632349   -785.0708365
-1018.6969963   -2507.522583   -780.6393504
-1019.7514025   -2523.5910416   -801.0630012
-1019.8378292   -2519.3297863   -797.1166968
-1019.5064274   -2503.7088394   -774.2637396
-1020.4875199   -2551.7969131   -841.8232799
-1019.2554919   -2491.2662506   -740.2237058
-1021.4227168   -2491.9812679   -744.5960045
-1018.0804459   -2494.2548275   -749.8447299
-1019.3704096   -2494.9731827   -753.0961633
-1020.2095238   -2490.1082516   -736.4006042
-1021.5711323   -2515.0809288   -793.7722802
-1019.847366   -2545.2723503   -826.1290789
-1019.4815127   -2547.3024845   -829.9968839
-1021.31066   -2496.2162971   -758.0757737
-1020.2525584   -2498.1770515   -762.4899149
-1020.2051131   -2499.6099472   -765.9452558
-1021.5097395   -2548.5804081   -833.7527514
-1019.8695389   -2505.7184696   -778.480649
-1021.6088025   -2542.2093868   -822.0616579
-1021.0498301   -2483.8736057   -707.5446248
-1015.486571   -2485.1431847   -706.7692876
-1021.0405318   -2493.4389591   -749.5191693
-1012.2943846   -2485.6338501   -703.8139701
-1015.7443015   -2484.048605   -701.0437846
