516.2133323   -2052.1993637   -317.1796501
516.047013   -2051.735878   -320.3369379
515.7864364   -2053.686142   -323.122561
515.7717066   -2055.0928116   -323.618561
515.9193101   -2053.2479286   -312.4145567
515.8617245   -2047.0619202   -315.6087399
515.3888511   -2049.1731167   -310.5323315
515.597743   -2045.4740524   -320.8677471
515.3811993   -2051.1028767   -324.472338
515.3223174   -2047.5461483   -323.8585293
515.1759359   -2052.5927544   -308.8205457
514.4257294   -2053.784132   -328.5347223
514.578824   -2050.1806736   -327.5562525
514.5379799   -2046.1604595   -326.908946
514.3364938   -2048.3798981   -306.286484
514.523861   -2054.662466   -306.1225414
513.9113265   -2052.0977974   -304.4866621
513.7366178   -2047.1534729   -329.7686577
513.252643   -2049.3738651   -331.4375579
513.4881558   -2054.9943447   -302.9818535
512.2773247   -2052.1190166   -333.9704275
513.0066546   -2048.0747223   -301.9740582
512.4629708   -2052.6080132   -300.3903627
511.7612826   -2045.538187   -298.2334495
511.4086168   -2050.7214069   -297.6062
511.4031332   -2047.1291542   -335.4160786
511.1526074   -2055.0215244   -296.9657183
510.4695755   -2049.5042801   -337.4822736
509.7461613   -2053.910017   -339.2156959
510.240634   -2046.5693474   -294.3769097
510.0620436   -2051.2149334   -294.331789
509.3328851   -2045.9225178   -339.2250538
508.3381283   -2049.2575169   -341.2929177
508.1132399   -2049.4086742   -289.8774743
508.6381184   -2053.0936718   -291.0934687
506.7471015   -2045.899868   -343.4938788
507.4146288   -2053.9250374   -343.2647586
505.9998082   -2052.0906448   -286.3093317
506.5724748   -2048.7310886   -344.0629244
505.6346776   -2048.009634   -285.6407464
505.7112174   -2051.7907143   -345.7430005
504.7360706   -2047.5337505   -346.6038108
503.2046633   -2050.6896973   -282.6063931
503.5076337   -2049.7443676   -348.6436903
502.6297616   -2053.221941   -350.3081799
502.9505762   -2046.8435287   -282.3109329
502.6424872   -2046.9264984   -349.4746089
502.0014318   -2053.5502434   -281.5049291
501.2217807   -2048.6209393   -351.5637219
499.9664026   -2049.3915081   -279.487282
499.5307969   -2054.4626713   -354.5449972
499.8003962   -2050.3480434   -353.6415398
499.1578805   -2046.1165905   -353.8942635
495.9097477   -2050.385952   -276.2746215
496.4153814   -2052.1380901   -358.0385447
497.3013075   -2048.2182503   -356.4617634
494.6243288   -2048.7689972   -359.7258329
493.4244501   -2045.6318855   -274.3848264
492.1745109   -2052.5817871   -362.9440963
491.9217425   -2050.817728   -273.6013234
492.6220151   -2045.580864   -361.6389632
490.3365644   -2048.1314659   -364.3993139
489.4839721   -2046.2059975   -272.0434964
489.7675189   -2053.3590317   -365.7203615
488.0165505   -2051.4023304   -271.4543939
487.4921115   -2046.4761257   -367.2917783
486.4949854   -2050.8282185   -368.8893616
487.4925809   -2053.7722111   -368.2883084
485.3145527   -2047.0166206   -269.9794471
484.0984987   -2052.2856712   -269.6309984
485.1656752   -2053.7836552   -370.8687425
485.2317842   -2046.9181538   -369.7919846
483.295423   -2055.0718307   -373.3890653
482.7954891   -2050.5356789   -373.0849922
481.0222509   -2048.0289459   -268.1889534
479.4425564   -2053.0223846   -267.6545382
480.7209717   -2047.1291542   -374.9266863
480.6871163   -2052.8903008   -376.3000369
480.5389019   -2049.9794483   -375.8274019
475.8203151   -2048.6521721   -266.2016451
478.424442   -2053.8775921   -380.0962865
478.7836047   -2049.7770309   -378.1882823
476.2830781   -2050.0440598   -382.3240399
473.9884781   -2051.2006283   -387.7629936
472.7681997   -2053.2588959   -392.9102421
471.7453318   -2047.4839211   -391.2638128
471.8400585   -2053.3471107   -397.1672356
471.0397469   -2049.4225025   -395.9799409
471.2488549   -2053.2996655   -409.7006321
471.7931124   -2055.0210476   -400.8241594
470.6734838   -2051.3503551   -403.9099514
470.8832996   -2050.9974957   -399.5478749
470.1743545   -2045.3522205   -395.0570822
469.6933674   -2046.5152264   -408.2741439
469.5837843   -2045.9029675   -400.0847936
392.9635855   -2045.5887318   -266.7871118
387.5006261   -2049.1213799   -269.8590159
385.883865   -2046.9505787   -272.5597024
387.5004324   -2052.5085926   -268.0506706
384.2230561   -2051.0158539   -271.8960941
391.5015581   -2051.1162281   -265.6954527
383.646247   -2046.746254   -274.9517262
381.1128261   -2049.0317345   -276.1040628
380.788398   -2052.3400307   -274.217844
380.8011087   -2046.1776257   -278.2280743
375.8233758   -2053.7657738   -277.8710127
375.9203526   -2050.4727364   -280.2292109
375.1111748   -2046.5576649   -283.8875353
373.8932731   -2049.2155552   -283.2499444
371.7807206   -2052.3412228   -283.0790579
372.9438009   -2047.3423004   -285.6539488
370.7866194   -2046.9820499   -288.4319425
370.4790743   -2049.8549938   -286.506474
369.0673681   -2046.1640358   -291.2643254
369.4131794   -2054.7783375   -283.7917507
368.4920194   -2052.6371002   -286.6848409
368.475047   -2049.4308472   -289.3558443
367.4642118   -2045.6764698   -293.8371897
366.3647147   -2048.5534668   -292.9717302
365.8588054   -2051.9587994   -290.7752991
363.8591441   -2047.696352   -297.7945507
364.07083   -2051.6228676   -293.8457131
362.1145459   -2046.4060307   -302.4221063
361.7866161   -2050.3833294   -299.0641296
362.3385104   -2053.1928539   -295.3894734
360.6795045   -2053.2126427   -298.5225022
360.3196266   -2047.4431515   -305.3713739
360.2260026   -2049.6277809   -303.0971289
358.9941832   -2053.8334846   -301.5137613
358.7761643   -2048.8488674   -307.7221811
357.7461066   -2048.365593   -311.7962182
357.6137694   -2053.2228947   -305.6043983
358.4477427   -2045.3817844   -314.1092956
357.1642014   -2047.1429825   -317.4952567
356.8695458   -2047.1820831   -329.6227455
356.4844253   -2052.8850555   -309.610635
356.4114841   -2047.7337837   -343.2511389
356.5794649   -2048.2792854   -338.9204144
356.7872169   -2047.2640991   -325.4956305
355.7780506   -2050.8234501   -333.9951932
356.2804582   -2051.0368347   -313.7188852
355.8193716   -2050.0686169   -322.1353292
355.7067784   -2051.6462326   -315.715909
354.8825356   -2053.0729294   -319.0709054
355.1420393   -2049.4439602   -346.0370898
354.6651276   -2048.150301   -350.6091237
355.0907197   -2052.1833897   -326.2066543
354.9030098   -2053.1582832   -331.232816
355.094743   -2051.1834621   -341.9671953
354.9677702   -2052.5076389   -337.7166986
354.6218099   -2055.2692413   -314.0405416
354.532701   -2053.7276268   -323.2724667
354.4782671   -2054.1591644   -334.451437
353.907642   -2053.7924767   -341.4998949
352.9888066   -2053.6668301   -346.0990191
352.8942587   -2051.8426895   -349.9713242
353.0045571   -2049.5779514   -353.5542786
352.6125523   -2047.2915173   -358.433187
351.7596992   -2046.4186668   -362.1256351
350.7194939   -2045.6621647   -365.5872345
350.9028675   -2051.1720181   -356.6676378
350.6701859   -2053.3351898   -353.9222777
350.3811481   -2049.4527817   -360.6772721
349.3090393   -2048.90728   -363.801837
348.0004939   -2052.4280071   -361.3444269
348.5320928   -2047.8274822   -366.8475151
345.967603   -2045.5622673   -373.3659089
346.1785736   -2048.4969616   -369.6876764
345.2879759   -2052.1469116   -366.6445613
343.7113734   -2055.0625324   -365.3387427
342.8537073   -2050.6465435   -371.6638088
342.8704562   -2047.755003   -374.6709824
341.3634571   -2055.044651   -368.8576519
340.6700464   -2045.3879833   -379.3129623
340.1094946   -2051.9258976   -373.6743033
338.7796255   -2050.3160954   -376.6981065
338.7298258   -2047.4300385   -379.4029951
335.4931148   -2048.9287376   -381.3623488
334.8607691   -2052.8686047   -378.5593212
334.3612226   -2046.8225479   -384.3342364
332.6798352   -2045.7265377   -387.0415986
332.787809   -2052.4964333   -381.0867667
332.7323171   -2049.7963428   -383.48943
330.8038684   -2049.3118763   -385.9840333
330.5369588   -2052.2828102   -383.7374151
330.0592276   -2054.9139977   -381.9640279
329.3537172   -2046.6349125   -389.9590671
328.1451436   -2049.5173931   -388.8550103
325.8750709   -2047.9032993   -393.1999505
325.5751701   -2051.0325432   -390.7607794
324.1452547   -2054.0850163   -389.9137676
323.29717   -2046.8039513   -398.0281651
323.6338469   -2051.0993004   -393.3759332
322.7909478   -2049.7324467   -395.9336281
321.9969245   -2046.343565   -400.698185
320.8931061   -2052.0544052   -396.7020512
320.7071396   -2049.9358177   -399.1779089
320.2446076   -2046.5865135   -403.727144
318.745968   -2049.4177341   -403.5146534
318.6393949   -2052.3943901   -400.3793895
317.7689286   -2048.4287739   -406.896323
316.3126978   -2053.0054569   -404.6226144
315.0453242   -2052.2766113   -408.8414907
475.3748449   -2053.7657738   -266.0615146
471.3052111   -2051.8784523   -264.5527124
470.413317   -2045.8798409   -264.2801106
465.6979265   -2050.0094891   -262.6752853
462.1483805   -2055.0665855   -261.3254488
462.4583247   -2046.3290215   -261.8318796
459.8999592   -2049.8678684   -260.9535456
456.5308663   -2054.1872978   -259.7032189
454.1394981   -2048.6836433   -259.5175803
451.8908086   -2053.1203747   -258.6165071
450.7027837   -2046.040535   -258.9201033
448.3554634   -2049.446106   -258.2195401
447.8873434   -2055.0165176   -257.5003803
444.1897395   -2052.3908138   -257.1693957
442.6435205   -2047.8894711   -257.4422657
439.4541802   -2052.2639751   -256.5028369
436.8689331   -2047.5325584   -256.8927407
434.018937   -2051.8586636   -256.096065
431.9203021   -2047.7747917   -256.600529
428.1207892   -2051.3832569   -255.9924722
427.4319979   -2045.4735756   -256.8907738
421.7696907   -2048.7046242   -256.7395866
423.4527471   -2053.5378456   -255.6334138
418.7316271   -2053.4274578   -256.008476
415.701163   -2049.4897366   -257.3286593
413.6177274   -2053.3905029   -256.6970885
411.9894477   -2046.4997292   -258.6460412
411.5424278   -2050.1728058   -257.9346001
408.8841947   -2052.6049137   -257.8534484
407.894251   -2048.545599   -259.2024207
403.680888   -2051.0771275   -259.7495019
403.883514   -2046.3478565   -260.977447
401.3687941   -2054.8570156   -259.2462599
399.8662057   -2047.7702618   -262.2061074
398.6466201   -2051.2602329   -261.6195083
396.6504904   -2054.1677475   -261.4063025
395.6963243   -2049.5061874   -263.7102306
393.5990902   -2048.4516621   -265.3505206
473.7852412   -2054.6915531   -434.0485036
473.3570265   -2050.4410267   -437.340647
473.6529561   -2052.8166294   -443.1612194
472.847295   -2050.1658916   -431.2882721
473.0356755   -2052.5782108   -449.5501816
472.9739549   -2046.4930534   -440.9748912
473.1011438   -2048.5081673   -445.4922676
472.2761484   -2051.4001846   -424.1479337
472.2367721   -2053.7846088   -419.7544754
472.4483164   -2045.2928543   -435.4240894
472.6857664   -2046.8206406   -448.5891759
472.4342274   -2048.2711792   -452.1332383
472.5388708   -2055.1924706   -453.8329244
472.3766121   -2052.1962643   -454.0166557
472.1125858   -2046.1299419   -431.2121868
471.8339863   -2047.151804   -427.551806
471.752395   -2053.6601543   -415.0997698
471.2720411   -2053.6942482   -461.0442519
471.8363034   -2049.7238636   -456.8955898
471.3184359   -2049.9813557   -417.8014994
470.9426808   -2046.1585522   -421.4222133
471.379851   -2046.0722446   -459.035933
470.8548608   -2049.3497849   -462.9455209
470.6986593   -2045.2816486   -463.2450938
470.2231782   -2045.7196236   -415.8453345
470.9422263   -2050.7097244   -412.7837121
469.8821353   -2051.402092   -467.5928652
469.3015414   -2047.624588   -470.1035321
467.8187715   -2051.1562824   -474.5022953
468.1567075   -2046.141386   -474.1371572
465.9778001   -2046.7281342   -479.4005156
464.9507972   -2052.9808998   -480.2570939
463.4879949   -2049.3323803   -483.3768606
461.947796   -2053.2507896   -484.8281145
460.6536599   -2049.0648746   -487.3812497
458.3647969   -2053.145647   -489.1254008
455.9855136   -2049.3240356   -492.61114
454.5082422   -2053.2772541   -493.1109846
453.1933936   -2047.7564335   -495.6710637
450.4541131   -2046.8394756   -498.3281493
450.4266354   -2051.2969494   -497.2467124
448.3106258   -2054.6607971   -498.2101619
446.5073916   -2051.4461994   -500.4605055
445.5071809   -2047.7786064   -502.1736622
440.830064   -2051.8872738   -504.7690868
437.8360184   -2048.0761528   -507.8673363
435.2892908   -2051.7611504   -508.7013841
434.4169619   -2047.744751   -510.2719069
432.3130669   -2045.624733   -512.0805502
430.1301362   -2049.7202873   -512.3933554
423.663226   -2047.3828316   -516.2093043
422.949371   -2050.4126549   -515.8233047
417.7069636   -2048.948288   -518.122673
418.4229942   -2054.3854237   -516.6826844
414.0092554   -2051.9883633   -518.5326934
412.9587831   -2046.2663174   -520.0701356
409.02738   -2054.1918278   -519.127667
410.605398   -2050.1260757   -519.7302699
406.3570919   -2047.9857922   -520.8668709
402.0150574   -2052.6356697   -520.1100111
402.1552029   -2048.1469631   -521.1322308
398.5512825   -2050.7042408   -520.485878
397.767094   -2047.467947   -521.1949348
397.0489921   -2054.4064045   -519.5213556
393.79738   -2050.7557392   -520.0092793
393.9405205   -2046.3988781   -521.0434198
392.4766453   -2055.0410748   -518.7496543
388.7148025   -2047.2199917   -519.9058056
388.3849653   -2052.873373   -518.507421
382.4398639   -2051.3539314   -517.352581
383.6556347   -2045.591116   -518.9359784
383.8980021   -2055.0272465   -516.9435143
378.2780441   -2054.1810989   -515.6199932
378.2111528   -2047.3182201   -516.9321895
378.6134543   -2050.4703522   -516.4313912
375.0562491   -2048.6500263   -515.666008
370.7539114   -2055.0870895   -513.276577
369.6636679   -2047.4567413   -514.0324831
365.953696   -2051.8379211   -512.0987892
364.4939335   -2048.0680466   -512.0104551
360.992712   -2051.2871742   -510.0569725
359.4900491   -2045.8371639   -509.9624991
357.50362   -2053.9534092   -508.0355406
356.8879636   -2050.6095886   -508.0735683
354.5406284   -2048.1417179   -506.9312453
352.2040369   -2053.7705421   -504.8491359
350.8042666   -2047.7259159   -504.3574572
347.2929718   -2051.9347191   -501.1977553
347.1857133   -2047.3759174   -501.2910962
344.0443697   -2049.3378639   -498.0952442
343.4324833   -2054.1675091   -497.4643588
340.5995043   -2046.8189716   -493.7253296
341.2167104   -2051.5146255   -494.893223
338.6593433   -2050.8916378   -491.4261401
335.5687531   -2049.6449471   -486.5889847
334.0587886   -2047.6698875   -483.9282036
334.0996774   -2053.4205437   -484.9428535
331.4482244   -2046.4572906   -479.6761572
330.2283856   -2052.708149   -478.6786139
328.8042518   -2049.487114   -475.93382
327.4959894   -2053.7223816   -474.4864106
325.9599479   -2048.9346981   -471.3369012
325.0432881   -2053.3673763   -470.4756737
323.3952197   -2049.2815971   -467.2964513
323.6711296   -2055.1133156   -468.5619473
320.6983777   -2053.2162189   -463.2986784
319.4944831   -2049.8161316   -460.6304169
318.1647631   -2047.8627682   -457.470566
317.2901245   -2045.7804203   -454.7688663
316.4229365   -2052.0260334   -454.4045031
314.9958523   -2047.3134518   -416.9751704
315.0791498   -2049.7579575   -450.0290751
314.4308003   -2055.2761555   -450.4195154
314.1723844   -2047.2056866   -444.3472326
313.1259056   -2047.1606255   -432.6663613
313.3202764   -2048.2611656   -423.3906269
311.3352331   -2054.4018745   -419.7419584
313.0281838   -2053.9875031   -412.6841724
316.5926608   -2047.1358299   -411.7971659
312.9673871   -2048.7139225   -438.8673007
312.9464062   -2048.1100082   -427.5091887
312.1335777   -2053.645134   -441.3096011
311.3635155   -2052.4263382   -427.0836115
311.7772015   -2052.2091389   -437.0185435
310.6513294   -2054.6960831   -432.8066111
