-473.9757506   -2053.4102917   375.440836
-473.9002911   -2047.6908684   369.5079386
-475.2543894   -2052.0167351   371.0069358
-474.7733799   -2045.6573963   325.8309066
-477.2296873   -2049.7176647   363.5857105
-476.9092528   -2052.7439117   367.7403629
-476.2830464   -2047.0302105   362.9807532
-476.1573998   -2047.5234985   328.5001814
-477.7686325   -2047.9786396   335.2486193
-477.8789011   -2050.2800941   330.4042518
-478.5415856   -2048.8729477   359.0548933
-478.5781828   -2046.2157726   342.9373503
-479.3443409   -2053.8663864   327.8202713
-478.8959948   -2045.8219051   350.8622646
-478.5197703   -2047.2412109   340.2078152
-478.6277739   -2053.4062386   364.3947542
-479.9769846   -2053.3261299   360.924989
-479.1638581   -2048.1591225   355.4827571
-479.6614376   -2052.3648262   334.0223432
-479.8080651   -2047.9326248   346.9679058
-480.0165621   -2051.2399673   338.4582698
-480.8761803   -2051.3343811   342.7442312
-480.2733389   -2051.4717102   357.0478559
-480.7164399   -2055.2251339   330.9233785
-480.084273   -2048.633337   351.1489332
-481.2921015   -2051.678896   353.410095
-481.5665213   -2055.1297665   335.480988
-481.9104401   -2052.175045   349.6877551
-481.328818   -2051.3215065   346.1599946
-481.3729254   -2054.0878773   358.3698869
-483.5349051   -2055.0682545   350.5515754
-483.3221165   -2054.8608303   346.8683362
-324.0736452   -2053.9507866   317.586571
-322.8314845   -2049.9827862   320.5347359
-324.2188422   -2047.7519035   317.8497851
-322.0556108   -2054.5585155   321.9317198
-321.478459   -2050.2047539   323.7265348
-326.1300055   -2051.1705875   314.1558468
-325.5571453   -2055.1402569   314.6387339
-327.640268   -2046.5188026   312.3517036
-327.7294961   -2054.1362762   311.3672137
-328.0552951   -2049.5693684   311.4315271
-330.2386729   -2048.075676   308.6832464
-332.1892349   -2052.6840687   305.7353795
-333.528432   -2048.9494801   304.52618
-334.8830668   -2053.0745983   302.4988174
-337.4268142   -2050.198555   299.8054028
-337.8775445   -2045.8152294   299.5322943
-339.8651806   -2051.0468483   296.823442
-340.3337923   -2054.8682213   296.0052788
-340.7764164   -2048.0799675   295.8400846
-342.0458166   -2052.1986485   294.018656
-342.8632347   -2045.4077721   293.2439744
-344.2831961   -2049.1330624   291.2575006
-344.2712156   -2053.2140732   291.1340892
-347.456905   -2052.2975922   287.083894
-346.9597427   -2047.9249954   287.6908779
-349.130067   -2045.8452702   284.8827243
-349.2131559   -2050.5230427   284.8252654
-349.4648663   -2054.7535419   284.7102582
-351.250085   -2049.1406918   282.3144794
-351.6639201   -2045.8133221   281.8103433
-351.0642973   -2052.6652336   282.6998234
-353.2505957   -2052.0398617   280.2913785
-353.5810439   -2047.9433537   279.746294
-355.7970253   -2055.1190376   278.0744731
-355.8377949   -2050.4510403   277.6287198
-355.911347   -2046.6778278   277.4338126
-358.4688035   -2052.6461601   275.4047811
-358.3677737   -2048.1991768   275.257051
-361.3606421   -2045.8140373   272.7561295
-360.9885899   -2050.3125191   273.1619775
-361.2860171   -2054.4829369   273.2132673
-363.5582057   -2052.0093441   271.3049948
-363.1873456   -2048.7043858   271.4062035
-364.6520106   -2046.0174084   270.3138292
-365.5641405   -2049.4568348   269.7672248
-366.4272157   -2053.2147884   269.4487274
-367.1719757   -2046.8673706   268.6262727
-368.6154214   -2050.0843525   267.8767443
-370.1696721   -2055.1714897   267.4047351
-370.0049845   -2046.0078716   266.8622732
-372.610542   -2050.0679016   265.6514645
-374.6219603   -2054.3904305   265.1206255
-375.682923   -2048.358202   264.0098333
-376.3124076   -2051.4905453   264.0831172
-378.0967323   -2053.9622307   263.6565268
-380.7031838   -2050.6346226   262.347728
-381.7667691   -2046.7679501   261.500001
-384.5265237   -2049.0450859   261.1277103
-384.0538589   -2052.4787903   261.7900372
-383.6467592   -2045.8095074   260.8197927
-385.5576245   -2055.0301075   261.9120777
-387.4491183   -2051.9239902   261.1551583
-388.0699006   -2048.2268333   260.4502141
-391.387674   -2050.4863262   260.7509494
-391.1428181   -2046.2808609   259.8576248
-395.1005069   -2052.6342392   261.1438036
-394.7902051   -2048.0074883   260.1858079
-397.9270784   -2045.5532074   259.8927319
-398.6527649   -2049.2525101   260.5690956
-398.388776   -2052.4048805   261.0990107
-400.0248042   -2053.9774895   261.2259388
-403.1063644   -2046.0929871   260.1683438
-401.4653293   -2050.8983135   260.7932091
-403.2245008   -2053.7626743   260.9051168
-405.3768245   -2049.9658585   260.4542971
-407.0915905   -2053.4265041   260.389179
-409.3755213   -2049.8318672   259.9750161
-411.0853402   -2054.3093681   259.5972419
-410.9222618   -2046.6239452   259.8804235
-413.9440981   -2048.012495   259.5856488
-413.860294   -2052.5631905   259.2687011
-417.0641629   -2051.0802269   259.1152489
-416.7759148   -2054.7297001   258.74874
-418.2980982   -2047.8231907   259.5185637
-420.1997248   -2053.9765358   258.7720454
-420.1510874   -2050.3239632   259.2714131
-422.1926657   -2047.5356579   259.857893
-422.9778973   -2051.2521267   259.444803
-424.3718115   -2055.0420284   259.123534
-425.6232706   -2046.1137295   260.7552707
-426.2345759   -2049.0918159   260.4530156
-426.0170189   -2051.7838001   259.9870861
-429.0196625   -2045.3975201   261.885941
-429.123017   -2052.6285172   260.6946528
-430.7439057   -2049.6134758   261.744082
-432.8150479   -2047.0283031   263.0310059
-433.3437411   -2053.0073643   262.0258629
-433.8303534   -2050.1651764   262.7830207
-435.3570668   -2045.6795692   264.5026147
-436.7111651   -2048.5239029   264.4822598
-437.4550311   -2052.5202751   263.866365
-437.9263846   -2045.5591679   265.9223378
-439.4598929   -2049.4897366   265.7127678
-440.9007756   -2052.9828072   265.581578
-441.4036003   -2047.2402573   267.6104605
-442.1577183   -2050.350666   267.1551108
-443.8669411   -2053.0631542   267.5285935
-444.8973862   -2049.1168499   269.7062194
-447.0897643   -2052.541256   270.3126669
-448.4661547   -2049.2374897   272.9610503
-449.8749701   -2047.0211506   275.4493952
-450.5351511   -2053.1220436   273.4728754
-450.8577315   -2050.1916409   275.0956714
-452.7088133   -2046.6413498   278.8360417
-452.7469603   -2049.9191284   277.3543
-452.6210753   -2052.6111126   275.9900689
-453.4949986   -2055.1693439   275.8339643
-455.3901879   -2053.1013012   278.9387703
-454.8350302   -2049.9923229   279.7721028
-456.120464   -2047.9717255   282.1983397
-458.1073252   -2051.4390469   282.9262614
-458.2389323   -2047.6584435   285.1153016
-461.1651627   -2051.3060093   286.7856622
-460.4221312   -2054.0671349   284.3704522
-462.2637955   -2048.7363338   289.952755
-463.330361   -2053.4310341   288.3783877
-463.6008469   -2046.4711189   293.6682403
-464.3913237   -2049.3867397   292.9190397
-467.1944109   -2053.9367199   293.4994102
-464.9706808   -2046.227932   296.4481413
-466.5738074   -2049.715519   296.4913547
-469.5119587   -2049.0250587   303.2704294
-468.3947293   -2049.8738289   299.8583615
-468.6242072   -2052.7453423   297.1368134
-470.1556889   -2047.9755402   305.9937656
-470.6535069   -2046.8018055   308.7439239
-470.2191082   -2052.3467064   300.6142676
-470.9915844   -2054.9759865   298.7172902
-471.7650143   -2045.8695889   313.1265044
-473.8883702   -2052.9024601   307.9990447
-472.1958367   -2053.1327724   303.6640286
-472.9503123   -2049.7825146   310.5022013
-474.5480744   -2048.7515926   317.5672293
-475.4526345   -2051.807642   314.3076301
-474.9574391   -2048.1030941   320.8587766
-474.8927084   -2053.109169   310.0957572
-476.1303393   -2051.6662598   317.1560764
-477.3100344   -2052.1028042   321.5337992
-476.2837616   -2049.3249893   324.2528141
-477.8188197   -2054.4052124   317.1859682
-479.2237011   -2054.3856621   324.8202205
-313.6168448   -2053.7488461   355.2570343
-313.0078045   -2055.254221   348.3738005
-314.0120832   -2051.5568256   352.160871
-314.0576807   -2051.404953   346.9209373
-313.9323322   -2054.541111   343.4151709
-314.1892878   -2053.7338257   359.431535
-314.1548959   -2054.9345016   362.1106446
-314.6008579   -2051.1977673   356.3576639
-316.2007657   -2053.2262325   368.8778281
-314.7890297   -2048.3226776   349.5127857
-314.9147955   -2050.1561165   342.7036107
-315.2838675   -2052.2105694   339.7734463
-315.0207726   -2055.1393032   339.2392397
-314.9841157   -2048.0351448   345.6586003
-315.2427999   -2051.2459278   360.4818881
-315.7273857   -2052.3171425   365.0639653
-315.2304021   -2047.842741   353.0887067
-316.0568801   -2047.8386879   358.3179116
-315.7764403   -2046.2608337   342.2343433
-316.3228361   -2048.3987331   337.9082382
-316.1839572   -2052.81353   336.790055
-317.3612682   -2047.4019051   363.7441397
-317.6677553   -2049.4244099   368.0693805
-317.060682   -2054.1603565   373.5740781
-317.5279228   -2045.758009   335.1119757
-318.5516921   -2053.9634228   330.7023644
-318.9447252   -2048.6938953   330.3175867
-318.2685701   -2051.1806011   372.5797534
-318.6881272   -2052.7694225   375.5396605
-319.8572127   -2053.612709   378.5487413
-319.4838492   -2046.1330414   369.2685962
-320.0822798   -2048.2184887   373.2042313
-321.414682   -2050.5514145   377.7664304
-320.0853197   -2051.2573719   327.1462619
-320.3810779   -2046.6785431   326.5987337
-320.5403415   -2054.2681217   325.6433606
-322.0637766   -2052.3781776   380.3101182
-323.2225505   -2054.5492172   383.3289146
-323.0654327   -2045.5312729   375.7506013
-323.0993477   -2047.6517677   377.5937259
-323.536667   -2049.7038364   379.7625005
-324.5354024   -2051.2976646   381.9871843
-327.2652356   -2053.4801483   385.9069049
-326.6871301   -2047.6396084   381.3953996
-327.4928061   -2050.5857468   384.090066
-329.7129599   -2046.9579697   383.7950826
-331.3131658   -2049.2193699   386.3831162
-330.9840289   -2053.3878803   388.7660205
-332.4100701   -2046.0269451   385.5918348
-333.3037821   -2054.2709827   391.3386762
-334.046754   -2050.8596897   389.6997869
-334.6104947   -2047.1582413   388.1425261
-336.3092867   -2052.314043   392.6173449
-337.2360197   -2048.4178066   391.1874592
-337.6427022   -2054.6970367   395.4517543
-340.2769295   -2049.9744415   394.829452
-340.2043907   -2045.5412865   392.536968
-340.8442465   -2053.9216995   397.8431821
-342.2404853   -2045.9246635   394.6367502
-343.0173127   -2050.9259701   397.9460299
-344.1259591   -2047.6438999   397.2777128
-343.9827887   -2053.2228947   400.2507329
-345.6102935   -2049.7152805   399.7907341
-347.282025   -2051.6352654   402.402699
-348.2907144   -2054.0494919   404.9300551
-348.0062214   -2048.6357212   401.5418291
-349.5145766   -2050.5414009   403.9399624
-350.0658599   -2046.4165211   402.5253952
-351.5490023   -2052.1528721   406.7619443
-352.4674503   -2048.1622219   405.5248797
-354.1327444   -2054.7382832   410.7249975
-355.6204168   -2049.6900082   409.103632
-354.8983661   -2046.2872982   406.9899023
-358.753833   -2053.5542965   413.9634967
-359.9537937   -2047.1861362   411.8579626
-359.2823473   -2050.0693321   412.5016928
-362.4791829   -2053.640604   417.3096716
-361.43634   -2050.3635406   414.5112336
-363.8879982   -2045.8319187   414.709121
-365.367922   -2049.9250889   417.7590013
-365.4933301   -2052.7427197   419.4645882
-366.2342755   -2046.2987423   416.816771
-367.2395078   -2053.9073944   421.8384922
-368.0004207   -2050.4310131   420.3405976
-368.5703007   -2046.0984707   418.6830521
-370.0255481   -2051.5043736   422.7491617
-370.5274192   -2054.3882847   425.0530601
-371.5706793   -2048.2132435   422.2201109
-372.6688353   -2050.5013466   424.4098663
-373.9780513   -2052.7663231   426.8741608
-374.8239604   -2047.3334789   424.3520498
-376.2264577   -2050.270319   427.0180464
-376.1296598   -2053.4789562   428.8415313
-379.5730797   -2046.9913483   427.4513721
-379.2627183   -2051.5160561   429.6067357
-378.7739006   -2054.6369553   431.0866892
-382.679197   -2054.0237427   432.5613678
-382.3622791   -2050.0049591   430.4180741
-386.3705126   -2051.7935753   432.6381683
-385.3255836   -2047.2283363   430.2724004
-388.7599436   -2048.4778881   431.7415357
-393.0492727   -2051.1879921   433.4106445
-391.9557659   -2046.7226505   431.5911531
-394.1045729   -2055.0925732   434.8158836
-395.3886358   -2047.6326942   432.1595132
-399.2966143   -2049.5178699   432.7293038
-399.287316   -2053.9684296   434.1826737
-399.5198337   -2045.4623699   431.3539863
-402.7449814   -2052.9243946   433.4303141
-402.9507367   -2047.3992825   431.6658378
-404.6427933   -2050.4620075   432.382822
-406.3492743   -2047.8303432   431.3073754
-410.2734057   -2050.139904   431.2054515
-409.9429575   -2046.9818115   430.2775264
-413.0358426   -2052.6709557   431.278795
-414.491984   -2049.2255688   429.8170805
-417.4998728   -2054.5942783   430.7344854
-416.359636   -2051.4419079   429.9994707
-419.7959629   -2046.8440056   427.0759523
-419.008228   -2050.0950813   428.5861552
-421.3949171   -2052.9990196   428.7958145
-423.4549729   -2047.6908684   425.6012142
-425.2998558   -2054.3971062   427.7852476
-426.3810841   -2049.3776798   424.8407185
-431.5929142   -2054.153204   424.562037
-428.7074534   -2053.1620979   425.5274236
-428.0924527   -2047.6365089   422.889024
-429.4631211   -2045.7847118   420.9814072
-430.6359021   -2050.3380299   422.7676988
-432.1416346   -2046.792984   419.6150005
-434.3530861   -2049.2420197   419.5354283
-434.5408408   -2052.1826744   421.3654697
-436.1564843   -2046.5018749   416.2399471
-437.1484248   -2050.5096912   418.3410704
-438.5003773   -2054.4316769   420.3065336
-438.942763   -2046.1387634   413.657546
-440.6592575   -2048.8026142   414.2071307
-440.4873577   -2051.4969826   416.4803028
-441.2803379   -2054.9266338   418.7463224
-443.7900511   -2054.1646481   416.1497951
-444.8462454   -2051.2065887   412.7494097
-444.6294037   -2047.1901894   409.5217586
-447.8411404   -2054.5556545   413.1987095
-446.8575446   -2049.778223   409.8394513
-448.8243786   -2048.8607883   407.2752893
-448.4140602   -2052.1576405   410.5581045
-450.2646653   -2046.8418598   404.2850137
-450.9386746   -2053.6820889   409.8261297
-453.0971972   -2050.8160591   405.3012133
-452.7345625   -2052.7789593   407.4362218
-453.9646832   -2048.7935543   402.5977552
-455.0214735   -2046.6918945   399.5443583
-455.8741776   -2054.3825626   406.1303735
-456.4681975   -2045.6409454   396.9243765
-456.8338124   -2051.9711971   402.9968083
-457.9065768   -2049.1046906   398.9709616
-458.9225975   -2046.9851494   395.5542445
-459.6212832   -2052.8149605   401.0146558
-462.0898692   -2050.0240326   394.9001729
-461.8669478   -2052.1867275   397.6352513
-463.3415667   -2048.2738018   390.8375204
-464.6000592   -2053.16329   394.8860168
-465.4288021   -2051.0611534   390.5769885
-465.1517598   -2048.322916   387.845695
-467.1243159   -2047.9598045   383.8858306
-467.0682875   -2054.1136265   391.4887905
-467.4180476   -2051.8548489   387.7383471
-468.3109251   -2046.734333   380.4324269
-469.3271843   -2055.1652908   388.3626461
-469.982597   -2052.7706146   383.6284876
-469.905111   -2049.6819019   380.3004622
-470.4224793   -2046.9863415   376.6143024
-472.0374075   -2046.0104942   372.1363544
-471.9986645   -2051.5208244   377.8249323
-472.4917141   -2049.0632057   374.1039336
