46.7313945   700.8324492   -741.4603963
47.987253   700.207217   -743.4373051
44.7852492   700.5415764   -740.2137288
45.8783655   700.5206986   -740.9794982
46.2627186   699.2142817   -742.4917938
44.3408669   698.8987431   -741.2520835
45.4944098   696.9443105   -743.6381945
48.5741879   699.2311016   -745.070681
49.4777456   700.1421232   -745.8316192
46.6814978   697.7244066   -744.1035346
48.7646974   698.5537032   -746.1240893
45.6361855   693.8017475   -746.2334207
49.3894647   698.4401492   -747.8617535
47.1691684   695.3224195   -746.9871599
47.8960267   695.2750322   -748.5363829
48.9128775   696.6692   -749.3777431
46.9439602   694.0394374   -748.0813433
46.2936425   692.7815124   -748.2956387
45.6650948   691.6704466   -748.2670434
48.2130242   694.6925425   -750.6429584
47.5537215   694.0415109   -749.4482395
49.1409938   696.3103293   -751.8244382
50.137352   698.6202491   -750.5256681
46.9516103   692.9415423   -749.5121106
46.2105206   691.4266955   -749.8877882
47.5401981   693.3367735   -750.5833018
47.0202904   692.1526149   -751.1164274
47.7108046   693.1907243   -751.9596723
48.3547648   694.4884061   -752.4843952
47.1777118   691.9652391   -752.67872
47.853921   693.2916576   -753.8688042
48.8851282   695.5429531   -753.8725155
46.8968808   691.2264497   -754.4121254
47.5923878   692.778673   -755.5789235
48.428951   694.6222741   -756.1138835
47.0856466   691.7593412   -756.1827504
46.6574345   691.2668084   -757.4673401
47.4994751   693.0092228   -757.4522294
46.7493554   691.9685367   -758.6758478
50.3738243   700.0296206   -748.3301578
51.1650088   700.5233649   -750.0586617
51.0050807   699.8920029   -751.2753872
50.9013273   699.4518598   -752.7503205
49.9496845   697.7805717   -752.7248959
51.0679943   699.4542162   -754.8627456
50.3718996   698.4278705   -753.9974528
49.413365   696.685164   -753.1247594
51.9041721   700.3683685   -756.0781412
49.7091529   697.1933547   -754.1264577
50.2806796   698.1288381   -755.4361356
51.0618843   699.1433798   -756.6553145
49.4375236   696.5790649   -755.6281057
51.8843188   699.9579652   -757.5274038
52.636207   700.2496143   -758.9058285
50.1443937   697.671594   -757.2323165
51.2307373   698.8726453   -758.5569411
49.260887   696.2203181   -757.0499222
50.2088359   697.5357592   -759.0232005
49.5541945   696.689997   -758.2048639
53.034735   700.0471318   -760.6472149
51.9082217   699.1203233   -760.2947643
53.9616915   700.743305   -761.0849237
48.7348259   695.3382615   -758.123487
48.1736639   694.2911345   -757.5336625
50.8196976   698.0478427   -760.2424003
49.331274   696.3012756   -759.5751108
53.5549447   700.1230534   -762.1706791
50.0077462   697.1291518   -760.2693643
47.9948989   694.1472489   -758.5236596
48.3148855   694.8840553   -759.9316099
52.4237908   699.211607   -761.9193786
51.3019053   698.2512243   -761.7017731
50.0806904   697.0828981   -761.6326057
49.3813462   696.3599551   -760.8216615
48.8954278   695.7591439   -760.5902826
54.3203701   700.5102866   -763.797135
52.9574183   699.3745749   -763.5327042
51.751361   698.4273328   -763.2387034
47.222038   693.1703388   -759.58672
48.4999891   695.4336724   -762.0138989
50.7439648   697.6041876   -762.9127743
47.4707378   693.9726217   -761.0791551
46.3209332   691.7637718   -759.8576222
46.214317   692.463662   -761.480549
54.7127524   700.6657823   -765.8355026
49.6897551   696.6863996   -763.4494796
53.4053181   699.5683279   -765.2228415
52.1687442   698.5892528   -764.8190912
50.8349066   697.6074723   -764.5299198
47.0908694   693.9173245   -762.3393054
48.4202871   695.7481244   -764.3293736
49.5154855   696.7100333   -765.2660191
53.6657361   699.7395565   -766.9175735
54.6301743   700.5838065   -767.4850969
52.4674455   698.781462   -766.4135036
51.4480045   698.0135584   -765.8970426
47.0801659   694.4904602   -763.9219544
46.1757911   693.2474159   -763.1716639
44.9755996   691.0399103   -761.9960587
45.0461596   692.0253375   -763.2738903
50.4798817   697.395075   -766.0891299
54.0047721   700.211121   -768.6258689
52.7426845   699.1439632   -768.0554101
48.2806396   696.0273331   -766.0353968
47.4358674   695.2278351   -765.3010833
45.43532   693.3589984   -764.8202875
49.3833528   696.9628401   -767.1861295
51.1927935   698.065569   -767.6197186
46.4700082   694.5489685   -765.4733901
46.9113892   695.3833063   -766.7651773
43.6743252   691.7297432   -764.9691773
48.0075233   696.2518194   -767.4182767
51.9853611   698.7918858   -768.9784809
53.0144484   699.8183386   -769.994347
22.6855369   699.6356732   -769.9249247
21.0111222   699.6548826   -768.81997
45.4599708   694.3204371   -766.5693976
49.7902077   697.7510196   -769.2954578
51.0887131   698.4023755   -769.3791925
44.0969842   693.1692133   -766.35735
48.3811209   696.869185   -768.7334601
23.2825715   698.2959658   -769.8063073
22.1855894   698.5049699   -769.1959013
47.0531406   696.1285918   -768.4525039
51.7491988   699.0409598   -770.2151818
24.7535239   698.9866134   -770.9187112
22.6323688   697.0610471   -769.0240678
24.0461707   697.3479048   -769.9264561
45.6295378   695.2619833   -768.1573931
23.6786216   696.1955667   -769.3671817
22.7245104   695.1371306   -768.5587089
21.221616   697.8784626   -768.3717909
21.2114614   696.138392   -767.9001295
42.9246729   692.2457916   -766.4145777
42.1351644   691.1434969   -766.0154583
48.5370313   697.4690831   -770.1685697
44.1672919   694.2279285   -767.8529717
51.8867913   699.8054849   -771.8768228
26.1923812   700.4337239   -772.4358884
50.5954364   698.7750616   -771.0883296
47.3694656   696.9039882   -769.9985599
42.8891081   693.1362321   -767.5172979
41.7999993   692.0524924   -767.2153336
49.2014453   698.0970914   -770.9892496
25.0236857   697.3592741   -770.4253308
24.820455   696.3149751   -769.9719377
24.1679578   695.2339163   -769.3333254
27.0019257   698.7832891   -771.9329184
45.9409698   696.1743155   -769.6975789
26.4099051   696.877827   -770.8517926
27.782157   699.9959082   -772.977382
51.0577273   699.2934134   -771.8641536
41.5961451   693.0096028   -768.372182
42.7173807   694.1177673   -768.8879797
44.173081   695.3694157   -769.6270221
25.5693726   695.0248725   -769.8902632
40.3533799   691.8932206   -768.096163
46.2693089   697.0160598   -771.1581598
47.7920194   697.8208144   -771.6441833
28.3587926   697.560385   -771.8773405
45.0252575   696.3777701   -770.781021
28.4725046   698.8399463   -772.5806554
24.0862812   693.5992066   -768.8618068
51.1530693   700.2265935   -773.6741731
29.4309196   699.6027534   -773.4813113
22.2857885   693.5287705   -767.9707119
22.4574893   691.7210343   -767.7108182
50.5638329   699.385959   -772.5384908
28.3046068   696.1264809   -771.2419232
27.3626897   694.9748648   -770.5236476
49.2058937   698.7251987   -772.3838117
41.2691888   693.8879709   -769.5126102
40.5231249   692.9794093   -768.9965771
26.594771   693.2377724   -769.7647774
29.9822683   700.5563783   -774.4821828
24.9189527   691.3499544   -768.7683125
29.7582798   698.1933776   -772.7233895
42.1739888   695.0818882   -770.4371363
30.0747198   696.543619   -771.9716581
45.1147993   696.9753401   -771.8256864
46.0717517   697.8126481   -772.7848399
39.4908982   692.5127242   -769.1056475
43.5008065   696.3510375   -771.5697942
38.4856612   691.1727205   -768.5811726
30.7190132   698.8247304   -773.4878484
30.7889497   699.6979882   -774.1744107
28.0308818   693.9147758   -770.3892538
41.9021903   695.9500811   -771.6579987
49.3740441   699.6130882   -774.0287236
29.2662884   694.6975365   -770.9745608
39.8912884   693.6042296   -769.8867877
40.6889349   694.5431097   -770.4818236
31.6313517   700.6063394   -775.3714894
31.2826228   697.7264243   -772.9945857
32.0479414   696.431051   -772.4269264
40.9204767   695.3640064   -771.3050414
47.7040739   698.6741093   -773.4248578
31.3178478   695.0622765   -771.558486
44.453098   697.3240762   -772.7380146
50.4500458   700.4895308   -774.9160089
38.1937314   692.9287781   -769.9581215
28.9007103   692.747722   -770.2814438
27.3141344   691.0534586   -769.5818306
32.6488062   697.4971445   -773.2599097
32.1429073   698.8274761   -774.0672204
36.9878387   691.6746013   -769.5003694
39.1677203   694.7872704   -771.2508753
30.8764649   693.5118754   -770.8405149
46.3466597   698.627717   -774.1574227
49.198201   700.4230971   -775.7813698
33.1572383   695.1874302   -771.8925115
33.6885923   696.5644471   -772.8515152
42.2241958   696.5005938   -772.2775051
40.6452345   696.4684995   -772.6815826
42.7990264   697.2543356   -773.1864493
47.4412086   699.4816228   -775.1275579
44.5909212   698.2854132   -774.2714089
32.4706727   694.0036004   -771.2077627
33.9325386   697.9269251   -773.9156362
30.8416887   691.8768024   -770.3367778
33.7661263   699.468189   -775.2143253
38.6655333   696.0227098   -772.5301989
37.3738675   695.3505665   -772.0666265
34.8461077   695.4792998   -772.2486295
36.9459928   694.0375852   -771.0718136
36.3857277   692.7335691   -770.2922111
34.5732794   693.5904618   -771.0443163
33.3069826   700.589055   -776.1659978
35.4768781   696.8692868   -773.3483057
35.9859437   694.8531507   -771.797625
38.8432824   696.9328106   -773.4411503
36.1953436   695.8193728   -772.5417501
45.8800402   699.0039949   -775.0777642
37.2809787   696.5973418   -773.1925368
42.6747915   698.2178564   -774.6454787
35.7416698   698.3450091   -774.6958725
35.236236   691.4546367   -769.8689488
32.4722166   692.6748684   -770.658079
41.4138175   697.6953496   -774.1151185
39.8116461   697.7541909   -774.3438125
34.2232131   700.174268   -776.1306451
35.3719881   699.8081513   -776.1466875
32.4098783   691.1560926   -770.1628064
36.5781111   697.4090254   -773.9240165
33.6798721   691.9107964   -770.3288462
47.5905785   700.5168201   -777.0885838
37.7905923   697.8471593   -774.4453084
34.3970178   700.8891032   -777.0071899
44.9407932   699.1206941   -775.629958
43.4001027   699.1192817   -775.9501414
41.1031643   698.8184223   -775.7170388
39.0401656   698.7998714   -775.6578211
46.0430248   699.6781584   -776.2309615
37.1968244   699.1380962   -775.8501335
36.6345406   700.2326239   -777.0712202
35.5467646   700.5302007   -777.0788532
44.7326578   699.6756622   -776.6685393
39.7998338   699.3678458   -776.4963017
38.5112066   699.9065417   -777.0979732
45.6528098   700.4374263   -777.8326739
42.1326372   699.6540583   -777.010915
40.5103854   699.992518   -777.5238556
37.3732131   700.8627375   -778.1746532
43.5903459   700.1243315   -777.721676
41.9958008   700.3127504   -778.1505773
42.7331747   700.867591   -779.2125737
48.1967202   696.9734653   -746.9899939
46.8950878   696.5036858   -745.4380571
47.7166811   698.2996331   -744.8141948
11.73966   700.730669   -747.6891604
12.8214546   699.0499555   -749.575558
11.4768057   700.5846376   -748.9280755
11.1670392   700.5882671   -750.4393843
12.0699662   699.9238072   -750.0234321
10.9427682   700.5143241   -752.5619008
12.0599245   699.7611508   -751.2146412
12.1461017   699.1789776   -753.4659924
11.4578426   699.9220462   -754.4411428
10.5720042   700.7580126   -757.0685671
11.9168905   699.3179634   -755.1405179
11.3199894   699.7946043   -755.9900164
11.7352822   698.7055435   -756.3336293
11.3409122   699.3643696   -757.8180233
11.089194   700.6012359   -758.8316127
2.8247108   696.0862761   -755.5009325
-1.2911137   696.4705057   -754.8403861
0.6705506   695.8033098   -756.5840647
-1.3986645   696.0266053   -756.685537
-4.2580695   696.9516994   -756.5023192
4.9685994   696.0626313   -756.7280553
2.668413   695.6579846   -756.9496832
-0.2628843   695.4378318   -757.5712655
-1.9121027   695.4013197   -758.043014
1.4564321   695.0464242   -758.0802951
-7.2083968   698.2563732   -757.1963378
-6.3393342   696.9021133   -758.0316616
-8.0236083   697.4431566   -759.0606884
11.9021258   700.7868854   -760.7299016
11.6373562   699.2899515   -759.4850243
11.2923892   697.632207   -759.0087631
3.4356494   695.2118559   -757.9415914
-0.1754963   694.845754   -758.5742612
-5.2744155   696.0743175   -758.35277
-6.6661707   696.0405291   -759.4398165
7.3072146   696.3793773   -757.6336251
5.1271216   694.989275   -758.6378374
-3.8311548   695.4838424   -758.521345
12.4522544   698.5849192   -760.9736922
7.057901   694.8994451   -759.2243812
-5.1458235   695.1615955   -759.6018866
0.8593155   694.0571216   -759.6635982
-1.1434196   694.204774   -759.702121
2.9917477   694.2404694   -759.3800906
13.0762315   699.8423577   -762.0915631
-8.2802043   696.149862   -761.0260956
12.6895982   696.1673542   -761.6586566
-6.3412948   694.787196   -760.9374423
-2.6568387   694.718962   -759.2725991
4.459207   693.8931491   -759.9172945
5.7757737   694.1294698   -759.7538429
-3.8113871   694.6506084   -759.7390143
3.4307254   693.5283003   -760.3374688
14.1689455   700.3232263   -763.5006077
6.9551546   693.4324322   -760.5606503
8.8261161   694.4157427   -760.2028519
13.9950731   698.3034046   -762.832909
-7.3159455   693.8615614   -762.9980643
-2.7124772   693.8563814   -760.5692677
2.2281397   692.9157786   -761.1280866
-4.5636713   694.1284422   -760.8233322
5.3549698   693.4060296   -760.502189
-0.2802961   693.0774993   -761.1660038
-1.4515478   693.5085763   -760.768523
15.0710968   700.3917908   -764.4221329
15.7646394   700.710237   -765.1598415
4.1540411   693.0333878   -760.9283246
15.5787343   699.1179012   -764.4902586
14.7234049   696.6903306   -763.3178265
15.1675989   697.7703732   -763.8140885
9.0614456   692.8347807   -761.4101289
10.8512858   694.1109982   -761.3236542
5.5934377   692.5416911   -761.4221641
13.0543312   693.6445143   -762.7467831
14.3442223   695.2944026   -763.081804
-1.8532507   693.0321271   -761.5164841
-3.4974472   692.9123928   -762.1197267
-5.4316403   693.5671686   -762.0463741
-12.6116384   700.5610441   -767.5911085
-12.3539022   698.394817   -767.2036077
7.387594   692.0052687   -761.8809369
16.2326566   697.0824458   -764.563287
16.7719068   700.0570438   -765.7914458
10.9339244   692.4683324   -762.2505992
4.0650777   691.875317   -762.2194499
0.592356   692.0193333   -762.4011428
-1.4208686   692.0016418   -762.7661486
15.5671027   695.7732522   -763.9189584
17.4302025   698.3404698   -765.7858312
-4.9975271   692.2823827   -763.5423351
-3.1906542   691.7280015   -763.5535954
-6.289652   690.9941569   -765.8064152
17.9604227   699.6786316   -766.6076764
-13.0542064   699.6869897   -769.028695
19.1977643   700.2038733   -767.7260046
9.4163   691.0717143   -762.7665967
5.9176338   691.5688987   -762.3885218
15.2838626   694.4083785   -763.8290207
2.1552113   691.4649309   -762.8447031
12.0765759   691.1469333   -763.4743389
-13.4927193   700.8808136   -770.2179427
18.9196606   698.3783847   -766.9100017
17.9553181   696.4604546   -765.7198556
16.7107851   695.3995739   -764.6882832
14.7718593   692.3707292   -764.0355819
18.3850153   697.5322696   -766.2780623
-13.1484883   697.767569   -769.5328511
-12.7709152   694.7930956   -769.451741
16.5080579   693.8166081   -764.5627947
20.1059963   698.6755476   -767.8526403
17.8423123   694.4892957   -765.3711826
17.3576652   691.852835   -765.183581
19.0199031   696.9650154   -766.597871
20.0441105   697.2166329   -767.3866122
-13.746293   699.1555486   -771.0352235
19.4690013   695.2720673   -766.5732975
-13.9804142   700.7619765   -771.6223714
18.5796945   693.6703545   -765.7908374
21.0809488   694.3062083   -767.4442429
19.6943993   692.9757934   -766.4147667
-13.7918544   696.6724613   -771.2268494
-14.3984396   699.9975931   -772.8201897
-14.4630561   698.0560711   -772.9005379
19.6535809   691.1208819   -766.1261112
21.220575   692.8848809   -767.2807486
-15.0216454   700.7357359   -774.3239177
20.7818998   691.8813494   -766.8762072
-14.0813996   694.2844318   -771.9508385
-13.8286904   691.4536465   -772.367789
-14.5202672   695.9835565   -772.8379037
-14.859616   699.3326216   -774.0031463
-15.1591999   697.99619   -774.5642679
-14.8365791   696.952948   -773.6805545
-15.296214   699.4901098   -775.017409
-15.6932996   700.3017851   -775.8859792
-14.745075   694.4210645   -773.2076866
-14.7244916   692.8262905   -773.2619133
-15.2357209   695.7676723   -774.4244868
-15.6961127   697.2694017   -775.6378967
-15.7489413   698.7498699   -775.9128975
-15.1845179   693.7641791   -774.1145943
-16.3457271   699.4996391   -777.2094103
-17.0391892   700.4984797   -778.726933
-16.2996289   697.734475   -776.9374144
-15.7854612   694.0852826   -775.4241024
-16.0749739   695.9533353   -776.2440547
-17.1047209   698.2976417   -778.5905877
-14.9385861   691.4685798   -773.8612571
-15.4910549   692.2082824   -774.7727849
-16.8911406   696.3985913   -777.9139878
-17.7376162   700.6599534   -780.1963106
-17.755637   699.271034   -780.0112125
-16.675194   694.3543841   -777.2364638
-16.2182394   692.6396438   -776.1962466
-17.539238   696.8248983   -779.207607
-18.3453514   699.960047   -781.2602062
-19.0376343   700.6831391   -782.6368871
-17.9194501   697.7524965   -780.0570698
-15.9890404   691.3944051   -775.7701612
-17.7554996   695.0147439   -779.2844592
-16.8727964   692.6833646   -777.4470759
-17.3585543   693.427781   -778.3995068
-18.4576332   698.4960096   -781.1830496
-18.0989953   696.472946   -780.1424639
-16.6436182   691.067438   -776.9579145
-18.5975344   697.0956192   -781.1309733
-18.9903741   699.1459713   -782.2624151
-18.7066929   695.5976716   -780.9911757
-17.611325   691.7023998   -778.6368896
-18.0300829   693.1271576   -779.4921301
-19.9972251   698.8842407   -783.8936232
-19.1952445   697.7864868   -782.3025083
-18.880053   693.6317803   -780.9038775
-19.225847   696.4183175   -782.0272035
-20.7480567   700.4592865   -785.5310231
-18.6208801   691.7340864   -780.2285095
-19.9434964   696.6764485   -783.2485376
-19.6893082   694.8986669   -782.4133384
-20.896255   696.8520306   -784.8189534
-21.4053371   698.5017956   -786.1477524
-19.8224879   693.1740755   -782.2331375
-19.5443484   691.8390918   -781.5832664
-20.6761391   695.1765232   -783.9943308
-21.5857945   700.1434396   -786.9001269
-21.9832791   700.8850121   -787.753006
-20.4154409   691.9798794   -782.804098
-20.5593876   693.5201347   -783.3692496
-22.5117801   699.1458392   -788.2303008
-21.8391991   696.5441075   -786.2401896
-21.5624561   695.2635465   -785.3686607
-21.4420043   693.7222342   -784.6862479
-21.3146582   692.0862425   -784.0106844
-22.3443148   697.3849065   -787.356295
-22.2288636   695.274662   -786.4016686
-22.3579615   693.9115186   -786.0553885
-22.6759278   695.8884512   -787.3298137
-23.249116   699.9128935   -789.7877151
-22.2457597   692.2527058   -785.2892894
-23.346729   696.7695073   -788.7942275
-22.789258   694.6782971   -787.0080154
-23.1616957   692.4386428   -786.5307412
-23.1719748   693.6646612   -787.1027727
-23.6968435   698.3666749   -790.122487
-24.2405549   699.7358626   -791.4178945
-23.60128   694.5820432   -788.1462987
-23.0858843   691.0989737   -785.8962545
-51.0189881   700.2452398   -792.6424415
-25.2637681   700.4189187   -793.0842857
-24.0371703   692.6780481   -787.7785143
-24.453325   695.1374707   -789.7945194
-24.2338338   696.777017   -790.4273111
-24.8005696   697.7197126   -791.7752202
-25.1853248   699.0052548   -792.7636153
-48.957849   700.103093   -793.8674745
-24.8541507   693.2237388   -789.191095
-50.0371335   698.4486632   -792.8895477
-51.3324392   698.8806988   -792.2034864
-52.3090229   699.5503034   -791.7744973
-24.144055   691.0197131   -787.0760202
-26.1958986   700.8966702   -794.3889225
-25.0949511   695.7719029   -791.3084644
-50.3505369   697.3475089   -792.4624139
-49.3505244   696.8409361   -792.9549728
-51.1752205   697.7431219   -792.0623468
-25.7260856   693.7363374   -790.83329
-26.1232454   699.3464996   -794.1167744
-46.3489609   700.8554875   -795.6903217
-46.9183908   699.3172801   -795.0916821
-25.4245462   691.1888927   -788.6554562
-48.0194284   697.9037005   -794.0585055
-25.8450263   697.8082815   -793.3523175
-27.3603726   700.0498561   -795.7548244
-50.7266366   696.2413643   -791.9797876
-25.7802321   696.3678534   -792.6853438
-48.9601919   694.7948509   -792.6538691
-50.7655193   694.2929861   -791.4497848
-44.9831962   700.6855788   -796.642877
-45.4063976   699.525434   -796.2060033
-26.0588447   694.8778757   -792.2278393
-25.9794898   692.1110462   -789.9805832
-47.8565972   696.1109204   -793.7183714
-26.6244399   697.9335214   -794.4221817
-49.7298865   693.7379367   -791.8901371
-50.1673129   692.7634295   -791.326245
-26.8572892   698.7698713   -794.9397418
-46.663548   697.9223143   -795.0026554
-46.3242132   696.5012595   -794.8763082
-27.0318669   696.1264899   -794.1904817
-27.0518257   691.8823971   -791.2708599
-26.8335846   693.3406806   -792.2430149
-26.415347   695.5278494   -793.1320428
-45.4317353   697.9431668   -795.915609
-46.6318922   694.5147331   -794.0489105
-27.1258193   694.4637795   -793.4094064
-44.5681948   699.6442256   -796.8401639
-44.307434   698.6968546   -796.9029621
-48.8480285   692.9900503   -792.1536332
-49.1678793   691.5161467   -791.4566953
-50.7158427   691.1329334   -790.4105228
-51.5225025   692.807218   -790.5668145
-27.4853558   697.5803262   -795.3676603
-47.5461735   693.3272103   -793.0409184
-28.4583631   699.9114282   -797.176795
-43.674894   699.6819169   -797.4727183
-42.3454704   700.1108511   -798.4267653
-28.689295   697.8098619   -796.930714
-47.310989   691.5368919   -792.5152989
-27.6666989   692.2008289   -792.5425538
-28.3653605   690.9873856   -792.2745419
-27.9374622   693.0147662   -793.5588261
-45.942905   692.5214373   -793.74284
-28.744438   693.9081018   -795.0822693
-28.4789752   695.7286263   -795.8634908
-44.0163749   697.4006047   -796.8704036
-42.9430021   697.9576155   -797.7238471
-44.540489   696.1895574   -796.138352
-45.1208044   694.9258388   -795.2802864
-29.3199705   699.2867754   -798.0499684
-44.6698774   693.2041547   -794.9133594
-30.4356376   700.2423561   -799.0591795
-42.6375128   698.9908668   -798.0798779
-28.6148416   691.7488444   -793.4515164
-45.6009523   691.1527827   -793.3675013
-29.0054092   692.4111754   -794.4695876
-30.6312553   697.5397068   -798.6375796
-39.6150154   700.8342565   -799.8979591
-40.4093176   699.307212   -799.3923422
-29.7045727   695.6995088   -797.2359733
-29.3928268   694.5798495   -796.3070582
-42.9434405   696.0904049   -797.2712111
-44.1588979   691.1579054   -794.2650058
-43.3623134   694.1357757   -796.2653858
-32.0839805   699.2321572   -799.7812002
-41.6153243   698.2802227   -798.6061136
-33.4726651   700.3905224   -800.2681937
-42.898829   691.9154461   -795.5237995
-39.2945161   699.6262178   -799.9041464
-41.4441027   696.4990359   -798.2933187
-29.9888324   691.2069391   -794.4800119
-37.9190488   700.0845049   -800.236097
-36.2841195   700.4133009   -800.476217
-35.0362941   699.9027218   -800.4414115
-29.9008285   692.4254498   -795.4049929
-30.4903612   693.7147024   -796.7150341
-41.1581063   694.0895357   -797.625007
-41.8852739   692.4864766   -796.5294892
-38.3350616   698.6735983   -799.9569171
-36.383644   699.1029258   -800.3363962
-31.1136045   691.8114964   -795.9012801
-33.8464773   698.2059092   -800.0351757
-39.7249975   697.2351768   -799.2162842
-32.4222568   697.5855746   -799.5719339
-39.9946836   695.4004497   -798.6417552
-41.1769795   690.9100992   -795.97276
-30.8665725   695.3621488   -797.9887548
-37.9234496   697.3526457   -799.762409
-35.4472602   697.7064469   -800.0643353
-36.7599175   697.9905093   -800.1051288
-31.7505064   694.1187504   -797.7499388
-32.2725631   695.6382175   -798.7349935
-32.0955846   692.8401565   -797.1409766
-40.5572691   691.9094765   -796.9311072
-33.3536485   696.6103117   -799.470831
-38.1347528   695.413468   -799.1298443
-36.7454937   696.6433487   -799.7212016
-34.4365259   696.587592   -799.6363561
-39.3636078   692.5143938   -797.7390993
-39.3374267   694.115255   -798.4440375
-32.7125357   691.4746528   -796.5452487
-33.0447573   693.9052487   -798.1330056
-34.0938447   695.1221064   -798.9755505
-35.5115417   695.9163348   -799.4730504
-36.5982921   695.2980093   -799.2648668
-33.552723   692.62281   -797.6160403
-34.1529566   691.4734348   -797.1508952
-35.526253   694.259434   -798.8301034
-38.0212141   693.4189602   -798.496289
-34.3025598   693.6580206   -798.3679597
-36.8364587   694.1713972   -798.8542391
-35.1827818   692.4168681   -797.9475858
-36.6280909   692.8069647   -798.3155419
-38.01057   691.9052403   -797.8127728
-36.9263053   690.9627819   -797.2551936
-35.3029603   691.040437   -797.1877779
-80.3937805   700.4578363   -712.5478829
-81.8986582   700.6207321   -712.2399141
-79.6214083   699.6360824   -713.4271065
-78.1332738   699.9469038   -713.9300279
-79.0023267   698.908727   -714.4233214
-80.2854673   698.4391951   -714.2907751
-77.7109842   698.9760122   -715.3323764
-76.4804298   700.2430694   -714.6107768
-79.2661859   698.0189181   -715.5838324
-76.5194534   699.4359795   -715.5952595
-76.5642488   698.765473   -716.5812342
-78.0164111   697.8915777   -716.9174069
-75.3338873   699.8330657   -715.9244134
-79.5626346   697.1205448   -717.2145585
-76.6573679   697.75572   -718.1405705
-75.1342044   698.7603418   -717.6166027
-78.3434807   696.8074347   -718.7163211
-81.0262364   696.2728176   -718.0009134
-79.7007416   696.4979137   -718.41568
-76.5721876   696.7608037   -719.8481438
-75.2898964   697.621124   -719.2022595
-83.909568   696.3230549   -717.4893583
-82.9681079   695.827609   -718.7912295
-84.7522347   696.3921964   -718.6126419
-81.5236735   695.5027256   -719.6290733
-79.914014   695.8408355   -719.8054438
-78.0125473   695.8657867   -720.7634551
-82.6306164   695.2283779   -720.6298252
-84.3847806   695.8640143   -720.5307839
-76.2867279   695.8855349   -721.4574505
-74.8473932   696.6926368   -720.8426947
-81.2239133   695.0815236   -721.0849498
-79.6321109   694.9809753   -722.1385214
-77.3491425   694.9788007   -722.6877323
-82.2845211   694.8869253   -721.8669991
-81.3559896   694.7721323   -722.4757661
-75.8942496   695.268426   -722.5694625
-75.072307   695.7860957   -722.0658913
-78.7004009   694.1646112   -724.1529947
-76.0434601   694.6785343   -723.442896
-74.7290945   695.0434337   -723.2166728
-76.8689401   694.0650909   -724.3534056
-75.3555798   694.0747269   -724.4147721
-68.1777041   696.70601   -722.5812926
-68.0049517   694.2147213   -724.3390361
-69.7997324   696.1416636   -722.8750419
-70.4881016   693.9865558   -724.7281544
-69.3926222   691.8742129   -726.3187742
-68.2729901   692.4147558   -725.6692294
-67.463003   691.1781559   -726.3320166
-66.2402673   697.6199923   -721.914429
-77.70704   693.1765108   -725.9614796
-79.7626928   693.5189069   -725.7411979
-76.0425959   693.3363277   -725.4813327
-72.5944886   693.8694332   -724.8967782
-71.7165811   692.1953211   -726.5070271
-73.0786498   692.7438134   -726.1053152
-74.3747825   693.1819647   -725.659438
-75.8510145   692.3237974   -727.0342693
-73.6782638   691.8040063   -727.2788881
-74.0197743   694.2647763   -724.3378445
-74.9362558   691.1688006   -728.498298
-76.6560277   691.4644245   -728.7220076
-77.5796875   692.279207   -727.6261012
-73.5902889   700.8828341   -715.6959596
-72.6953494   700.2434775   -717.1316224
-74.0831685   699.8327422   -716.8093574
-71.2293373   700.454153   -717.6596074
-66.0463853   700.8999798   -719.2122011
-73.5291882   699.2203549   -718.0366669
-71.8872121   699.5428916   -718.5242857
-70.0040367   700.0673462   -718.7427817
-68.4692777   700.3586967   -719.0562075
-67.4543641   700.0763333   -719.7000663
-99.9358527   700.7865785   -721.4518854
-74.2435872   698.3144635   -718.8556064
-72.846895   698.3840541   -719.5792368
-70.9954262   698.8175835   -719.8581893
-69.0575444   699.1822722   -720.1434698
-66.2435011   699.7018538   -720.3071519
-67.6113763   698.8097251   -720.8831418
-89.0248566   697.9246358   -719.6479015
-87.6627222   697.7429107   -718.5046819
-87.7495893   697.1952466   -720.5896001
-86.1093003   696.7292435   -719.6336667
-74.0840637   697.6233217   -719.9278075
-99.6610006   700.4840386   -723.0644885
-71.7248774   697.8740526   -720.7302452
-73.0004661   697.1673604   -721.0891112
-70.1184406   697.8424604   -721.2483291
-68.7307902   698.2529189   -721.2253708
-89.2922197   697.672148   -720.8565015
-100.1488642   700.8076754   -724.5406993
-86.1483823   696.3084348   -721.4627815
-88.7818281   697.1643042   -722.0194686
-71.4192342   696.8877333   -721.9221723
-67.9352573   697.8169533   -721.7429906
-68.9439374   697.4119863   -721.9536406
-98.6173518   699.7563323   -723.978377
-73.7847163   696.0649836   -722.1911937
-72.479668   696.2648807   -722.3802166
-71.5864055   695.470352   -723.3610532
-98.7453582   699.9756136   -725.620451
-97.4571965   698.7958064   -725.015977
-73.1187987   695.2065568   -723.414577
-98.5795558   700.4092695   -727.1919827
-97.4866115   699.1638799   -726.5517967
-98.2478704   700.7650159   -728.3945024
-97.3597091   699.7647196   -727.9539696
-97.2112353   700.5609842   -729.4601201
-96.5018991   698.7096039   -727.4288112
-96.121814   697.9470263   -726.1253421
-96.1464658   699.1676877   -728.7198552
-95.3010315   698.0212168   -727.8411109
-95.9433558   699.75694   -729.8818313
-94.5853927   698.4370149   -729.8251988
-96.3714931   700.4755783   -730.3669735
-95.4550129   700.1802748   -731.0851743
-94.1384056   699.3242888   -731.5969048
-93.0438367   697.9193475   -731.43584
-94.5302317   700.4941925   -732.5911264
-92.5713845   696.3898694   -729.8386895
-79.1337435   692.7192093   -727.3548925
-91.8873898   696.3151545   -731.6408636
-93.0758846   699.356593   -732.953277
-91.5880543   695.4054012   -731.038407
-78.5783417   691.787487   -729.0522221
-91.8736803   697.6717468   -732.868763
-92.2507174   699.6668463   -734.2715825
-92.0635957   698.8763835   -733.6289861
-91.284226   696.2187379   -732.567207
-82.3094607   692.6811002   -729.5626542
-80.5621301   692.5101998   -728.6802479
-81.0344291   692.0585665   -730.1834026
-79.9006224   691.7673736   -729.9903882
-90.5955259   694.7421432   -732.3504211
-90.8413879   694.8160312   -730.5096206
-91.6426913   700.3966677   -735.9727547
-91.0381631   698.4641046   -734.6569392
-90.6274166   696.3965894   -733.6203383
-83.562666   692.6036079   -730.8245749
-82.0323851   691.9910459   -731.2009421
-78.9646562   691.1910633   -730.5528599
-90.2569978   699.322803   -736.6196579
-90.0552574   698.2126393   -735.7402682
-83.0443576   691.9746998   -732.1444429
-84.3529241   692.3150842   -732.286547
-80.3451332   691.2901061   -731.4470339
-89.7184808   696.8931235   -735.210562
-89.1797754   694.6484477   -734.5245622
-81.8266037   691.1969244   -732.977773
-90.4219698   700.8067556   -738.0339189
-89.220202   693.431444   -733.4007554
-89.6058417   693.3975839   -732.3286409
-89.1583545   697.8811907   -736.8489004
-83.405524   691.6068281   -733.3773015
-88.2929364   695.655649   -736.4205631
-89.260361   699.6620588   -738.5157015
-86.0424428   692.6725577   -732.5351186
-84.7525091   691.7818049   -733.979099
-88.2060802   694.2997607   -735.7318394
-88.3854589   693.7481155   -735.1247238
-88.0139077   693.0165948   -734.7328309
-88.3825387   698.0804816   -738.2338328
-87.9734898   696.7162723   -737.6346725
-83.6819269   691.3176987   -734.2877686
-83.8488162   690.9086435   -735.2306638
-88.6423526   700.4660348   -740.290125
-87.8762973   693.5003622   -735.7807487
-87.3536414   696.9039796   -738.797325
-88.0299641   698.7512678   -739.5119405
-86.8444474   694.9843657   -738.2667748
-87.4063027   694.0720683   -736.8470609
-87.5579455   699.3619985   -740.8814085
-87.2750386   692.7745482   -736.3671478
-86.6987267   697.1827949   -740.2319593
-86.492535   695.7879169   -739.3476841
-87.1594531   699.6880443   -741.7824863
-86.6086658   693.1285526   -737.8202325
-86.7072674   699.976263   -742.677607
-86.3874939   698.3999508   -741.8325984
-86.3081352   691.5477658   -737.2237014
-85.4810449   694.474837   -740.5067975
-85.6461201   696.4671182   -741.5180105
-86.0809164   693.6023438   -738.9242927
-85.619741   692.1149129   -739.2914121
-86.02578   700.3400081   -744.0132362
-85.7266148   698.865826   -743.2218367
-85.1316499   697.2007065   -742.9670139
-84.6399927   698.6695208   -744.7868453
-84.5654369   695.2824706   -742.6465122
-84.0372997   693.6710269   -742.703636
-84.0072926   691.783806   -742.0566065
-83.9497936   696.2011984   -744.255422
-84.1292033   700.1920949   -746.9459908
-83.6434281   697.4391414   -745.4285006
-83.4047346   698.7381982   -746.7790965
-83.5118246   694.3539969   -743.9762071
-82.9705643   694.9856632   -745.1976705
-83.1619322   696.265865   -745.5251982
-83.1997909   700.3400494   -749.13006
-82.8150534   697.1938526   -746.6233711
-83.067098   692.7619805   -744.0603182
-82.7638697   693.7878376   -745.001137
-82.1121229   695.3454973   -746.8239882
-82.9555922   691.3413774   -743.802451
-82.3895631   698.141323   -748.131075
-81.9443649   696.6419005   -747.8040235
-82.2962359   694.1503665   -745.9630471
-82.3827602   691.6321219   -744.8980409
-82.0589776   692.8076091   -745.8515328
-81.8308952   698.6175089   -749.8405941
-81.4270034   697.0797642   -749.1422326
-81.9304286   699.9055498   -751.3149532
-81.6482108   693.7911349   -746.9324453
-81.5693624   691.0851958   -746.1155389
-80.8961149   695.3697308   -748.9832731
-81.1117704   694.1286362   -747.9870467
-81.249661   698.7135972   -751.2537222
-80.8761529   697.5424596   -750.7244258
-80.6042561   696.3811349   -750.2098093
-80.8195716   692.4616479   -747.8305247
-81.1245925   699.1971113   -752.1391524
-81.0303824   699.8363568   -753.1744404
-80.3330865   698.1161497   -752.459303
-80.3180745   693.6528402   -749.1426346
-80.0148224   695.5071639   -750.7023036
-79.7837542   694.2625711   -750.3942634
-79.9235859   696.5002829   -751.6502521
-79.5831773   691.4510275   -749.4827255
-80.0279621   692.6476282   -749.2158607
-80.6263209   700.3946358   -754.8018329
-79.676607   693.0142896   -749.9771158
-79.5643266   698.5083644   -754.3803248
-79.1209679   694.8654337   -752.0290663
-79.0758527   693.0222892   -751.1026843
-79.1180467   696.5843485   -753.2843412
-80.119513   700.7469992   -756.6208139
-79.5515634   699.4924104   -755.7135333
-78.3170071   691.2504133   -751.6680849
-78.3447644   696.7478174   -754.9555286
-78.1049246   694.6859447   -753.9890869
-78.4190517   693.2785294   -752.510471
-78.5657681   698.1899514   -756.1339343
-78.9602401   699.3650544   -756.9721212
-77.7814593   692.5675613   -753.4840888
-78.8330633   699.9311017   -758.3924663
-77.7521462   695.59876   -755.319572
-77.5657983   696.2880107   -756.5619606
-77.2309321   694.1204074   -755.7484203
-77.8569331   698.1465835   -758.1250833
-77.5329153   693.3500331   -754.5024611
-78.7142653   700.6884986   -760.0910936
-77.0568561   692.0615625   -754.8516057
-77.8509035   699.4154265   -760.1448389
-76.8463319   694.6364044   -757.1867735
-76.8224393   695.7559109   -758.3046699
-76.4641273   692.3881569   -756.5965629
-77.310838   698.2015739   -759.743335
-77.0410962   697.1342027   -759.11432
-76.6571124   693.6107652   -756.9706185
-77.9680682   700.4304333   -761.625726
-76.6425334   697.1804361   -760.5023272
-76.8804359   698.5387454   -761.78136
-76.4063574   695.9370981   -759.7678888
-77.4423177   699.5866575   -761.6245534
-76.0920545   693.2948039   -758.3367829
-77.2774181   699.9014954   -762.8459677
-76.0348848   691.2701198   -756.8323491
-76.1309671   694.6542535   -759.3987263
-75.8936283   691.6875858   -757.5628411
-76.0041647   695.9241516   -761.1316889
-75.9431319   696.797676   -762.4737143
-77.237452   700.4660294   -764.2106686
-75.7648297   694.7430331   -760.6697952
-75.6568319   693.6701745   -759.9977747
-76.5215999   699.0907046   -764.09317
-76.190254   697.9321074   -763.2415962
-75.3355872   691.2404832   -758.6828322
-75.0988715   692.2254075   -760.2986026
-75.2478959   693.5691111   -761.1661129
-75.1759667   694.6477089   -762.4798787
-75.5953743   697.382435   -764.5331724
-75.148439   695.811509   -763.8994907
-76.9128745   700.5344854   -765.5157312
-76.5099261   700.8097316   -767.1517068
-75.9534353   699.0479529   -766.0075687
-74.5645203   692.569889   -762.2270944
-75.8871384   699.6192229   -767.0714131
-75.6709669   699.930882   -768.0322534
-74.3220472   693.2578066   -763.6209108
-75.025662   697.3605302   -766.3265839
-74.439168   694.4369496   -764.5017411
-75.3082509   698.6632914   -767.2849326
-74.6788207   695.8682403   -765.4350844
-74.0432645   691.4668589   -762.6388274
-74.2160207   696.0223345   -766.9525631
-74.5191811   697.3728343   -767.7342117
-75.2398334   700.2528213   -769.4010972
-73.8592764   691.9111016   -763.5969798
-74.7621121   698.7187743   -768.7173458
-73.5997288   692.7509744   -765.1413222
-73.0942198   690.9544176   -764.7167782
-74.6797602   700.3846202   -770.7229494
-73.7961696   694.3992378   -766.2981954
-74.5062744   699.3251338   -769.967689
-74.0563733   697.375297   -768.8987313
-73.9594919   698.1176283   -769.9156452
-73.7746112   696.2006764   -768.309946
-73.5686279   695.0669068   -767.6200674
-74.098881   700.3947872   -771.8879119
-73.8292392   699.1079831   -771.1863117
-73.0846095   692.921955   -766.6922305
-73.0289871   693.8098494   -767.7180515
-72.6448855   691.4761325   -766.3966099
-73.2657555   696.493368   -769.8558346
-73.0369459   694.9266598   -768.8262666
-73.3217843   697.6888735   -770.9143699
-72.4053686   692.3191642   -767.8264853
-73.0079938   698.1807666   -772.0265392
-73.197689   699.6366022   -772.918674
-72.3410284   693.390169   -769.0222663
-72.4573874   696.5336845   -771.7109928
-72.1907089   699.6466418   -774.7422081
-72.2528591   694.6392237   -770.4455984
-71.7738119   691.9664165   -769.0412706
-72.1155043   697.8987905   -773.5340963
-71.5523129   692.732129   -770.2915692
-71.6223858   694.8854153   -772.0482206
-71.3801308   695.9134062   -773.3738869
-70.9527211   691.0249629   -770.0633323
-71.6641569   700.2799736   -776.0737261
-71.398954   698.34933   -775.1799278
-71.2589817   699.2136001   -776.0082744
-71.3249564   693.5780905   -771.54943
-70.9559725   696.9869054   -774.9716702
-70.539675   691.9327569   -771.7920694
-70.4786585   693.7117095   -773.3488338
-70.6469199   699.8268091   -777.3408052
-70.348436   695.3611398   -774.8739978
-70.2937861   698.0415652   -776.7740604
-69.6190818   691.6089224   -773.3694653
-69.8308159   698.9077366   -777.9850585
-69.3849519   693.9341901   -775.488219
-69.9207737   696.3168887   -776.2921277
-69.3070342   699.7667683   -779.1884444
-69.2038763   692.3870175   -774.6791886
-69.5826708   695.1688285   -776.0909876
-69.0689397   696.7639013   -777.8878041
-68.9801949   695.5474887   -777.3074802
-69.1034332   698.0725518   -778.5606362
-68.7342817   691.0111855   -774.5098099
-68.9206479   694.5868408   -776.756143
-68.5934605   692.66287   -775.8888182
-67.7046595   699.560979   -781.1232448
-68.0796154   693.4184795   -777.1841063
-68.2303736   691.4114033   -775.6134868
-67.8343748   695.6475897   -778.9495145
-68.2592127   694.7239015   -777.8431806
-67.992816   698.0886706   -780.0411133
-68.1674376   696.996055   -779.27893
-67.850546   691.9981891   -776.5871169
-66.7721758   700.4390785   -782.6131863
-67.0237627   691.7959266   -777.5771136
-67.2538409   694.1844906   -778.8069944
-66.9328207   697.856643   -781.2204926
-66.8923949   696.5243448   -780.5758443
-66.1767511   698.5349626   -782.3666783
-66.9388741   692.9671447   -778.4292716
-66.1645193   694.6658175   -780.360794
-66.0807804   697.0479918   -781.7663836
-65.7332752   699.841273   -783.4170468
-66.1299785   693.2043462   -779.5339908
-66.056647   691.8009413   -778.7511285
-64.9369675   700.41805   -784.3680294
-65.3210778   695.7153938   -781.8545367
-64.8346745   698.6124131   -783.7124405
-65.2703822   697.1476037   -782.6381441
-65.3044161   692.0965891   -779.7746114
-65.0805842   693.1135246   -780.6414611
-63.7411456   700.0563872   -785.1991551
-64.8898009   694.1753606   -781.4705148
-63.9496885   696.303414   -783.5071009
-63.725711   698.3064426   -784.5699784
-64.3247989   691.5559984   -780.5270273
-64.2502243   694.5937018   -782.3672168
-62.7626656   699.0041884   -785.5949258
-62.6702721   700.1508995   -786.0388711
-63.910886   692.9242584   -781.7928923
-62.8898612   697.4432249   -784.9339018
-63.225735   694.0216749   -783.1021176
-62.7171108   694.9951427   -784.0742567
-61.4819533   699.7839866   -786.686191
-62.718217   696.1504919   -784.5828747
-63.1273569   690.9584153   -781.4591223
-62.5354597   692.0466878   -782.6933576
-61.937324   696.7218267   -785.425394
-61.6616115   698.0122316   -786.047587
-59.016022   700.6287927   -788.3212632
-59.9256769   699.807021   -787.6112782
-60.1618896   698.3731957   -787.1116173
-61.5177891   695.2983027   -785.191245
-61.5792506   693.1915472   -784.1720066
-60.5003389   696.6794575   -786.4076921
-58.4491151   698.8364692   -788.2239506
-60.138262   695.2949381   -786.200355
-57.910947   700.1972164   -788.8364659
-59.0397307   697.2947244   -787.5105423
-60.2792983   691.5411146   -784.3775391
-60.1539597   692.6958936   -785.0856711
-56.9362439   700.7136428   -789.4857645
-60.3866046   694.0627565   -785.5414497
-57.0949538   699.3631847   -789.1058931
-59.0039397   695.9455724   -787.1472902
-59.1646204   694.5247384   -786.5572218
-57.2187659   698.3261601   -788.8057747
-56.0481273   699.8127449   -789.7792418
-59.3407425   693.2255768   -785.9020175
-57.3206585   696.8117211   -788.4009409
-54.1273545   700.8249683   -791.0150326
-54.6595156   699.4637549   -790.470356
-58.7497237   691.3880793   -785.3814863
-56.018451   698.3100275   -789.4938646
-58.0709597   695.1141836   -787.4447115
-57.9525176   693.3699658   -786.8382055
-53.418636   699.9405033   -791.2327369
-55.6001821   696.9104308   -789.4556896
-56.9163248   694.7449155   -788.0205229
-55.7914604   695.621397   -789.0030759
-54.262446   697.425348   -790.2775801
-53.1936759   698.6437936   -791.1078948
-56.6022978   691.3030635   -786.7697901
-56.4835654   693.1573694   -787.6867763
-55.6099477   694.0318608   -788.5809783
-52.3883688   697.047924   -791.2136595
-54.6932395   696.0670251   -789.7533886
-54.5499184   694.6328687   -789.4160606
-52.091312   698.3830751   -791.6682071
-55.0282322   692.2484066   -788.2307005
-53.3096638   695.3739835   -790.2749782
-54.6216259   693.4700437   -788.9859572
-51.8674169   695.4231022   -791.1071939
-53.2558216   692.8667619   -789.5568046
-52.154178   694.163045   -790.612715
-51.9616817   691.5727681   -789.8799775
-95.9192126   700.603124   -717.8494067
-88.9265165   699.646381   -715.3004492
-88.334514   698.7018372   -716.7181582
-89.7839213   699.304646   -716.5694019
-97.6453306   700.6598271   -718.9545382
-81.1131273   699.3352396   -713.2019445
-81.6694778   698.2641978   -714.1539492
-81.0698912   697.3382082   -715.7537435
-82.6749001   696.5298741   -716.8055237
-82.719313   699.2462098   -713.3111108
-96.9403839   699.9124474   -720.2558718
-96.0853882   700.0076253   -719.3246752
-95.569318   699.27068   -720.719976
-90.5865157   700.0510529   -715.6483016
-91.2229329   699.5366491   -717.181916
-92.2375149   700.3275857   -716.1857691
-87.4645103   696.6834074   -722.1160732
-88.1801333   696.5189417   -723.3589782
-86.0440332   697.168948   -718.1317711
-85.0961141   697.0789696   -717.1020608
-89.8316512   698.642974   -718.2295684
-90.6734953   698.2169895   -720.2194818
-80.8780118   694.291444   -724.0543693
-83.0989695   697.8024483   -714.9680081
-80.6591312   693.166851   -727.0450572
-82.362259   693.3953544   -727.5494696
-82.9354999   694.0551389   -725.9584488
-81.5044527   693.7662181   -725.863295
-85.8637909   694.9278657   -725.7547451
-84.0973226   694.7173494   -724.7803114
-84.272421   694.1525709   -726.7601972
-91.612068   700.8933149   -714.7020816
-82.432429   694.3159541   -724.7784149
-82.7365514   694.7907037   -723.2203106
-83.3569251   695.2219894   -721.8059545
-84.7178353   695.4574716   -722.7390073
-86.434535   693.8505622   -729.3252463
-84.3284079   693.4494003   -728.9183369
-85.321021   693.0641478   -730.8150481
-93.5311253   698.6506818   -720.8150069
-94.3082717   699.7071316   -718.8591256
-92.0806689   699.0193892   -719.0207242
-85.7021626   695.3710044   -724.2136657
-98.2485973   700.2968353   -720.7094341
-98.4398229   699.9593993   -722.3464504
-96.0336966   698.8529048   -722.1941817
-94.864071   698.514433   -722.0332999
-97.1060884   698.9087845   -723.2879857
-89.7948712   700.6440319   -714.1326747
-86.0410977   694.3658415   -727.5821241
-85.9801913   699.9732446   -713.5239967
-84.2376988   699.179688   -713.8086868
-87.1628818   699.1022653   -715.2241382
-92.796052   699.8447143   -717.5884212
-94.1212628   700.6120914   -716.7382382
-85.1728225   698.2866463   -715.3836365
-87.956818   700.2663403   -713.8416795
-95.5307903   698.1125162   -723.3418921
-97.0757706   699.4953937   -721.5848777
-96.3158659   697.9967334   -724.5351771
-90.3377376   697.5679056   -721.9187514
-91.9892311   697.9670907   -721.6486399
-92.0952763   698.475343   -720.4031686
-86.5913054   697.9617347   -716.8102704
-84.0139054   696.9854286   -716.2873712
-86.5764804   696.0297094   -723.1125038
-86.5605922   692.2537544   -734.2549766
-86.8744225   692.0241344   -735.6435892
-88.0285823   693.0376226   -732.7862769
-93.9894689   697.0949788   -728.3170308
-94.9042779   697.3671455   -724.866042
-94.4037698   697.0469753   -726.6716582
-93.6362916   697.7184629   -723.0920478
-91.4533576   697.1455043   -723.5431229
-87.8146982   695.2176466   -726.5133124
-87.4985453   694.5313938   -728.1754904
-89.1911736   696.2048629   -724.8470143
-89.7839528   695.6834884   -726.543738
-92.8378084   696.7630713   -725.4021138
-89.7537038   696.936497   -723.3195332
-87.2398179   695.7378815   -724.6520449
-91.3416567   695.5356432   -728.6243355
-87.214405   693.4441627   -730.9970236
-85.3910212   691.2316224   -735.7934987
-90.3772818   696.6950322   -724.2359833
-90.88319   696.4005136   -725.2367135
-88.205421   694.2146289   -729.4553597
-89.1904582   693.8303288   -731.0084856
-88.9329955   694.9530788   -727.9617313
-91.370377   695.9712762   -726.8611922
-90.1863436   693.9322412   -731.5895478
-92.8100772   696.3522892   -727.5921318
-89.8454585   694.735839   -729.2281322
-90.2949613   695.3500218   -727.8362547
40.8707919   690.9906946   -742.8240114
-24.7429445   697.3091468   -735.0750072
-26.8984588   695.9458245   -735.4420144
-27.2220735   697.2182635   -733.3621495
-58.2224287   699.9679022   -720.6000852
-60.3144892   699.8939616   -720.6420322
-62.0860399   698.8574472   -721.3375787
-61.2848082   697.8038347   -721.8675915
-63.0263144   697.6679129   -721.9658271
-62.9981585   699.0094099   -721.2450911
-60.5924224   691.4789478   -725.0367294
-62.6124002   691.3053358   -725.2484766
-65.6298072   694.6474871   -723.7453615
-63.9269913   693.4142411   -724.2341941
-65.5603488   692.2465095   -725.1695799
-8.3975495   700.0276481   -756.4362906
-9.1486005   699.3562227   -758.4125629
-11.3948515   694.0616658   -767.5042414
-10.3099625   693.4281152   -766.5350748
-10.7934768   695.1630379   -765.6795277
-10.9394423   700.1983279   -762.2750023
-11.5256027   698.8224575   -764.6408335
-10.653113   698.085109   -762.8308465
-10.4948277   691.8447655   -768.0648118
-11.7682107   696.2974196   -766.6456664
-11.06773   697.039957   -764.6143431
-5.1904687   698.3438936   -754.3185507
-6.7367665   699.2491052   -755.1636356
-15.3972772   699.931433   -740.7311721
-13.6850528   700.4017295   -742.5503282
11.6140662   698.2424454   -754.9829568
11.0541209   697.8581487   -757.1198007
8.8383876   695.8405588   -759.0256653
9.6595765   697.081354   -757.9385043
10.0655314   696.5224964   -759.0863217
6.1319509   696.6135623   -754.8503555
13.1546451   697.4200762   -749.8744618
14.2632184   696.5839553   -748.8557496
12.4667176   696.2384746   -750.5626001
9.1274852   696.5714314   -752.9043738
10.3620193   695.8573174   -752.0012277
8.4322999   695.4484375   -752.9247871
15.2100482   699.3910246   -744.6132819
16.5411942   699.6414046   -742.9616619
16.97416   698.3515578   -744.0856285
4.6078622   695.8822808   -754.2938498
32.8339576   699.7239269   -736.542885
33.8081271   700.8382402   -735.8455543
43.8460361   697.1280086   -742.1388772
44.3963191   695.2849634   -743.8009255
2.0346047   695.9457423   -754.4136582
-4.7684088   697.4039144   -752.449092
-6.0154082   698.2653938   -751.7218912
-4.5049121   697.9113443   -753.2502652
-61.7320194   693.713737   -723.9253131
-8.8943699   691.9083497   -766.570077
-51.4237895   696.633048   -723.1591535
-52.8762759   696.2726553   -723.1440518
-52.2355052   697.491729   -722.4536832
-10.2590902   696.7712201   -763.1381087
-9.7517919   697.0359754   -761.9806134
-9.7173779   698.3122443   -760.7224724
-12.3740333   691.6570099   -770.3391437
-10.2157457   700.0902373   -759.9558336
-8.2203029   692.0706629   -752.7169165
-6.3171427   691.953143   -753.5006852
10.4371066   695.7058747   -760.0631224
8.8069892   697.4075914   -756.6079501
7.3887345   697.2686077   -755.755518
12.5467735   698.5189735   -752.8857994
12.4347136   698.1790763   -752.2728451
10.2481953   697.7277947   -756.5098002
-55.9740594   691.6684755   -725.2764513
-56.0267089   693.6307362   -724.2345853
-54.6721353   693.0401571   -724.7385393
20.6758814   700.5593713   -739.3168348
22.7783436   700.616794   -738.3588576
7.0790811   696.1143432   -753.7016106
8.0470488   696.9659831   -753.7983713
28.4259259   696.9117816   -739.0214912
26.653907   698.1780852   -738.743
28.3490505   698.5783997   -737.9737854
44.2677913   693.5566698   -744.7119093
44.1449802   691.6840823   -745.728925
43.4486915   692.6430967   -744.3309275
-1.9075541   693.8754292   -753.8632023
-3.4938241   693.1115435   -753.8554141
-3.9312448   694.3449202   -753.2847416
35.8112415   693.4417115   -740.0189046
37.7019108   692.3334082   -740.8433701
36.3172084   691.6013531   -740.9948901
39.4736605   691.6741087   -741.7450991
9.6671837   697.8628526   -755.0755762
43.2107154   691.0059763   -744.9433882
42.5477378   696.9631397   -741.2490696
43.3909256   695.8187568   -742.5793835
-3.7799192   697.4252519   -754.6997751
42.6094049   693.468235   -743.1171257
42.6872601   691.856238   -743.9443095
41.7393311   692.3210268   -742.913652
-11.3503761   693.4485816   -750.4693038
-10.3355653   691.6708611   -751.9553563
-12.5688234   691.7416776   -750.7855254
10.7557317   691.8239105   -753.0422625
8.4479813   691.7161969   -753.8894121
9.2122555   693.2876783   -752.9717466
-19.4025459   698.7280519   -737.6439004
-20.3019643   698.8685129   -736.0640099
-18.4111943   699.4388866   -736.9111143
-64.3489711   695.1146836   -723.3367475
-64.4771399   696.610394   -722.5367744
-63.0037753   699.9096939   -720.5966677
-64.0291798   698.670683   -721.3334258
-66.6619825   693.0819333   -724.8760228
-51.7029391   699.3208032   -721.2730724
24.14333   693.8896313   -743.1015819
25.9912338   691.6147915   -743.7955259
23.9060986   691.8390839   -744.8479319
-15.824403   695.095142   -746.4823056
-16.7238496   695.9648534   -744.9840035
-14.7362399   696.846073   -745.8214455
-10.081278   695.6051561   -764.0701403
-9.2185993   695.6895131   -762.7118168
3.448717   695.307256   -753.8811357
12.2936293   698.2061568   -753.5904571
11.4340215   698.030811   -753.6886856
-10.2973832   695.1407253   -750.0904638
-12.4551578   694.9859172   -748.8922925
-11.375774   696.609363   -748.5221239
-7.6806158   700.4030634   -750.493226
-8.4468503   700.1737604   -749.3090012
-43.607936   691.3421949   -729.5612475
-33.0194842   699.6014999   -727.0566124
-34.5169539   698.5703717   -727.5259176
-35.0660015   699.6591764   -726.0727815
-27.4839647   700.6590611   -728.3102329
43.4816102   694.3484588   -743.4688794
42.7515811   700.7714825   -738.7847436
41.401331   699.9677088   -738.6060412
42.7132685   698.705004   -740.2635573
-18.0978951   699.0202181   -738.7858235
-19.5227619   698.1577691   -738.9304105
0.9995487   690.9160829   -755.2985757
-24.7206366   696.0946165   -737.0650007
-22.7830934   697.1919647   -737.0933201
-22.9242304   696.209575   -738.6214259
-9.9037567   699.068305   -748.1430279
-10.0551172   697.7763935   -748.7331096
-10.9636452   698.7086194   -747.4165652
24.718274   700.8782542   -737.4829395
24.746505   699.3316007   -738.6399603
-9.5610978   696.4636636   -749.8002042
-7.8818933   695.4418799   -751.2688457
0.6248382   695.4710949   -753.9576404
2.6377938   694.4978377   -753.8528784
-15.2062836   699.1556321   -742.694591
4.7241079   694.3307163   -753.706789
4.0697272   693.5336248   -753.9566441
-13.6378079   696.557334   -746.9716536
-12.870179   697.406138   -746.8467005
-12.8801529   696.263638   -747.7428087
-8.2837406   693.0458008   -764.7748873
-17.3525214   696.8021796   -743.5611102
-16.3755667   697.9907185   -743.0876223
-16.0382131   697.2093338   -744.3523732
-6.385982   699.2203182   -751.8476336
-7.1292579   700.4773262   -752.1092084
-15.0845918   700.8129421   -737.7375485
-17.0290776   700.382165   -735.7527675
-38.1857587   695.521144   -728.8016828
-36.1637971   695.7936673   -729.6024805
-37.5873349   694.2528264   -730.3068642
-18.0723374   694.0496256   -745.5904489
-48.6307266   696.316618   -724.0147683
-46.7453026   697.360272   -723.7677681
-47.0316646   695.2961758   -725.2242857
22.1502166   693.544781   -744.6070901
22.3223083   692.0116749   -745.7258673
20.7906938   693.009022   -745.9645024
41.3074662   698.3113399   -739.6090997
39.7466294   699.9840129   -737.7334309
40.3057136   693.3543187   -741.4529067
34.4033639   699.4858046   -736.624229
35.2336396   700.4230683   -736.1515578
-3.226724   696.9338355   -753.3303252
-4.0225515   696.3915998   -752.7642786
5.3109362   693.5736047   -753.763598
6.8063393   693.5598219   -753.5704275
5.7464137   692.3535972   -754.1972923
14.8559997   691.3565402   -751.3177127
9.7982975   694.5990048   -752.3959319
6.1623123   695.038795   -753.5668492
8.0778708   694.4131309   -753.0634907
-49.409934   694.3857551   -725.1250696
-48.2740217   692.9902511   -726.4143999
-21.5535615   699.1126686   -734.2511545
-23.8499265   698.5724154   -733.5413533
-22.5987244   699.598388   -732.5715769
-22.5310948   694.9020945   -740.8237435
-23.7733742   693.6970102   -741.069127
-23.9014861   694.5541294   -739.9667826
-8.9862246   694.4742841   -763.8126246
-7.0730856   693.5667459   -752.4956168
-5.7273397   694.730217   -752.5419067
-9.6285278   693.9865676   -765.1407687
-8.8336823   698.2864953   -749.4149119
-8.6254101   699.2432841   -749.2517704
-7.3788256   698.1255386   -750.6092108
41.3775538   696.386762   -740.7207075
42.5191711   695.2505356   -742.1653176
41.503889   694.4013911   -741.7872551
33.5359091   696.2953703   -738.459223
35.1394062   695.5123705   -738.873564
33.9799473   694.435309   -739.4916438
18.1514216   699.7518845   -741.5795048
18.9008225   700.5965669   -740.2010768
21.5341844   691.4652014   -746.6932798
16.6560304   697.3202692   -745.5164837
18.3178623   696.9268264   -744.4196509
12.3993982   697.6759007   -751.0212758
11.0248003   697.1349285   -751.8706366
11.5906509   697.8023538   -752.4183246
0.5814432   694.0505785   -754.0184856
1.6947668   692.4974035   -754.56904
-0.2989627   692.4574223   -754.5596136
13.9113861   694.7688113   -749.9731798
-1.9368482   696.0700351   -753.5792051
-14.1570121   699.2384279   -743.8261858
-13.1023455   699.6837669   -744.4409802
-33.4801757   693.4613556   -733.6359484
-31.087361   694.3065388   -734.4022529
-32.0850632   693.2074096   -734.9055074
11.4054442   693.4892069   -751.9805503
12.7972036   691.6744686   -752.2294012
-1.0912215   695.093633   -753.6784791
-5.4021785   696.9647545   -752.0467398
-22.3322857   698.1801864   -735.5596746
-20.892049   698.0702968   -737.3701646
-23.5857788   700.3560017   -730.7506117
-25.6961107   700.5752348   -729.3036465
-20.943021   699.8628384   -733.242702
-19.7408856   700.4518501   -732.9363033
-19.4336583   699.7670059   -734.6831744
-4.2525708   691.6065869   -754.2705866
-21.4131364   700.4423329   -731.8246805
-27.5080538   699.4972802   -729.9201949
-26.0440731   698.6140008   -732.0357881
-28.5415597   698.0613129   -731.325094
-18.2807571   700.528799   -733.863588
-24.3019886   699.3634913   -731.9359466
-25.4280427   699.6798972   -730.7857181
-28.6385621   692.9188224   -737.7915232
-29.9045939   690.9603465   -738.7919618
-30.9979208   691.7595762   -737.1792456
-64.230004   691.224723   -725.5146728
-11.7533671   697.7534222   -765.7374165
-18.1120852   698.3844183   -740.3333974
-16.6468094   698.7632172   -741.5388786
-18.0518062   697.4766671   -741.9603607
9.8547331   697.7004669   -753.3017329
-54.1579461   694.8793803   -723.7829745
-19.467009   692.0731356   -746.1526814
-17.8108695   692.5241644   -747.0255671
-12.6232342   700.6283342   -743.8943775
-6.4434152   699.5914019   -753.5955228
-11.7267886   692.5769105   -768.9551823
34.7121279   692.2507997   -740.6581928
32.4072637   693.3208028   -740.3394986
-26.554575   694.7024372   -737.3942683
-24.4714431   695.1062739   -738.7136002
-25.7452183   693.5542373   -739.4753974
22.7418177   698.9115873   -739.8143263
19.9509372   696.7690587   -743.3283004
18.3267786   698.2574614   -743.0662784
20.004628   698.1071213   -742.0409001
28.2429286   700.1568753   -737.0174791
8.1192999   697.5911804   -754.3959614
-18.6286158   696.3703321   -742.8374687
-19.7337295   696.379298   -741.7049866
-19.649022   697.3260294   -740.3720183
-27.6023406   691.7472165   -739.8503288
-39.301751   692.4360308   -730.9657171
-37.6100175   691.4431197   -732.8394858
-2.2449488   692.100044   -754.4912516
-5.8976686   699.0959578   -753.0161814
-9.1873281   693.6065259   -751.5151746
-7.394465   699.2366391   -750.5369422
-13.2945522   693.2807231   -749.4788948
-14.535447   691.7391328   -749.6918404
-50.6241217   692.2166825   -726.1561381
35.7356221   698.6150777   -737.2356541
37.347955   697.6519485   -738.085619
36.2292823   696.589779   -738.4085317
40.0109452   697.6540165   -739.1999339
38.4429807   698.7928672   -737.8489192
28.0974437   693.3834242   -741.5175569
29.9965017   691.4867879   -742.0776831
28.0538786   691.4460253   -742.8797043
21.7674558   695.3942273   -743.3034671
19.9641168   695.0777928   -744.8154416
13.6427453   699.8611909   -746.1056315
16.1720291   700.802416   -741.7896817
2.4963461   693.521639   -754.1025994
-11.5055836   697.9198408   -747.522572
-12.204562   698.903278   -746.1499151
-11.1163358   700.6785657   -745.7967815
-9.8002285   700.5470191   -747.5139877
-54.4613195   699.8569021   -720.6794746
-56.2722129   700.8756288   -719.9728624
36.7926923   699.7165352   -736.8217906
34.2977309   697.7503722   -737.6318115
11.3130939   694.9720962   -751.5538653
26.5385514   699.7366185   -737.7410698
2.8894248   690.9375352   -755.261692
-16.5267211   699.929019   -738.5102592
-41.3517539   692.7844388   -729.5748181
-41.5071882   691.2380415   -730.7325348
-4.4825448   695.3914382   -752.7813247
-2.8740056   695.2865521   -753.3007385
-6.6589597   697.0724112   -751.3233494
-5.8950548   696.0829468   -752.0020918
-7.1533146   696.458828   -751.2468999
21.8709922   697.7384366   -741.2573107
23.0791177   696.0916598   -741.9516484
21.3324913   696.8302956   -742.3564076
-16.9096691   699.2634893   -740.0528129
-23.0392337   695.4025737   -739.6929601
-35.1530414   697.2982836   -728.5856592
-36.9754798   696.7327601   -728.2421212
-36.6823269   698.1886531   -726.9086244
-35.4796216   700.82164   -724.6290398
-29.3259737   700.1106383   -728.1720366
-29.5777631   696.8391618   -732.3126682
-32.9486715   691.877855   -735.610301
-35.3232959   691.6508366   -734.1471239
-56.7159242   696.4060905   -722.6694469
-57.9810328   697.4439739   -722.0546838
-56.1622116   698.035265   -721.7678542
-59.8301994   696.7449772   -722.3991106
-58.5213558   695.7224552   -722.9495762
-49.0546584   699.1730087   -721.8143642
-11.0477067   699.7079933   -746.6494162
-8.2112306   697.1201126   -750.3490036
-14.0679107   695.5362076   -747.4387668
40.2492763   695.58496   -740.3749965
39.2556065   694.9379849   -740.1366133
16.693998   693.4676707   -748.653594
15.3479136   694.7000588   -748.9050147
16.5324763   695.4914779   -747.309693
25.6891782   695.4404214   -741.1067292
25.0508293   697.6498637   -739.7376988
26.8120503   696.7110683   -739.6925659
-13.6990396   698.4325381   -745.2085414
-15.0351684   698.2028648   -744.1864324
-18.6416426   691.0143852   -747.5458137
-14.9464883   693.2099626   -748.5130333
-16.5554261   691.7658956   -748.4242372
-22.0878411   694.1759597   -742.0773213
-21.0309963   695.3051794   -741.7757262
-20.7790363   694.6061363   -742.8120189
-19.7606316   694.3949111   -743.9064753
-18.3636657   695.543609   -743.9766013
-23.9705107   691.4172238   -743.1394587
-25.3245023   692.010417   -741.4593084
-23.1131947   692.8446784   -742.5319001
38.7812841   693.6120033   -740.5587944
14.8648129   698.010407   -746.9238907
12.5230393   694.5757254   -750.9573454
13.4547826   693.1826722   -751.0461992
28.2425942   695.2228266   -740.2161706
29.8226347   700.6164771   -736.4185345
31.2210006   699.6861696   -736.7360467
36.8020147   694.545577   -739.5458281
30.2622329   695.33849   -739.5541786
-15.1709845   700.4805994   -739.3060081
17.5654652   693.8738013   -747.6671516
18.7436377   693.9712229   -746.6768033
18.2818331   692.4952204   -748.1727195
17.1872799   691.0839824   -750.0211066
20.0201358   691.9463063   -747.3616257
26.4037779   693.1781788   -742.4111326
23.6826557   697.1843081   -740.7364529
3.6074016   692.391101   -754.4735555
-5.1304896   693.2789918   -753.3383888
-29.2788447   695.768023   -733.9162495
-31.221003   699.4880571   -728.0380864
-31.0865057   700.8695605   -726.4016015
-31.9663168   695.708514   -732.1649414
-30.85464   697.3993202   -730.8175962
-41.1934902   694.1641353   -728.5152545
-42.8646746   693.4113685   -728.3301222
-41.9868117   695.0529087   -727.388295
-57.3399937   694.5895113   -723.6082311
-55.7096664   695.345651   -723.3320447
-59.190312   698.5164473   -721.4621816
-54.2842344   697.2169662   -722.3756283
-58.2031756   692.2668632   -724.7364306
-57.0975499   699.137678   -721.1001225
30.1320933   693.4099036   -740.8068687
31.6879899   691.6356841   -741.4817829
-13.9512403   694.3191554   -748.4110465
-15.0235962   694.3816307   -747.6480867
-21.1794329   697.2076099   -738.803688
-21.426313   696.1318174   -740.2763643
-21.3711107   693.5403356   -743.3595923
-20.3401436   692.969398   -744.7330783
-21.2196894   691.4932375   -745.2791339
-22.2165261   692.0736867   -743.9928146
-37.1024208   699.7993268   -725.0597446
-25.4591894   697.9260316   -733.488522
-39.0682614   700.2852273   -723.7973519
-40.9063706   700.8765875   -722.5748548
37.832005   693.9761381   -740.0363994
32.0895411   695.7821337   -738.9270023
37.9044488   695.4316141   -739.3686467
20.3929733   699.2781436   -740.6977851
15.2383854   693.0901069   -749.9928811
-50.4951767   695.6112467   -724.029941
-51.3820394   693.8723703   -724.9313877
-52.2571988   695.1295231   -723.9623484
32.0409813   697.9553386   -737.6597804
30.2041874   697.2898412   -738.3523556
18.039637   695.7706091   -745.726612
-5.9808234   697.6029723   -751.6427982
-44.9546683   696.8338333   -724.7506671
-45.019569   695.3236245   -725.9174522
-37.0804934   693.1066998   -731.6641713
-35.137767   694.5169699   -731.4758587
-38.6598528   696.8135258   -727.3436687
-39.2645887   698.3866205   -725.5737579
-28.8771708   694.4772932   -735.8228713
-32.6354847   698.0603475   -729.0389702
-30.0184926   698.7739091   -729.5463946
-33.9075916   696.3892472   -730.2319649
-63.1287545   695.6400417   -722.9936055
-62.3346443   696.801431   -722.3927507
-61.484693   695.9583846   -722.7919233
-53.9737449   691.5476906   -725.6911978
-50.861406   697.9966966   -722.3352399
-49.7936163   697.2802956   -723.0452019
-60.1077265   694.9365617   -723.3009967
-59.9245239   693.3023643   -724.1264488
-46.713376   699.1168433   -722.391512
-19.7044535   695.4651864   -742.8551401
-16.3637605   693.5431342   -747.3017597
-42.8698685   699.8033805   -722.926029
-41.1056122   699.2047067   -724.0832366
-43.0462431   698.0888679   -724.3755238
38.8866811   696.6907869   -739.1243288
29.9912061   699.0644299   -737.3106147
-40.0702059   695.3841636   -727.9925941
-40.748401   696.6188806   -726.5767041
-43.0330465   696.3014781   -725.8996835
-39.6205192   694.0975008   -729.3551488
-30.7806801   693.1101673   -735.9588201
-41.4449451   697.7286614   -725.2955124
-48.2046178   697.868472   -722.9907739
-44.6835908   700.4376838   -721.822019
-44.8393735   698.6131833   -723.3341488
-62.1115126   699.7624976   -720.7794252
-35.7325699   692.8436692   -732.7504185
-32.348846   696.9004174   -730.5567798
-58.8418475   694.1626034   -723.7351512
-47.0564229   691.8199438   -727.6690994
-44.9413858   692.5936211   -728.0122823
-52.302057   692.3933585   -725.5960762
-53.1320695   693.477944   -724.7778337
-12.0326432   700.1697789   -745.1699906
-46.0711884   693.7550928   -726.6938085
-44.0020341   694.4231381   -727.0247896
