-174.0461913   -1424.6294498   -999.9948144
-188.9592735   -1424.4881868   -1001.2379885
-195.993158   -1424.3561029   -1000.1243353
57.0845874   -1424.2737293   -885.6090903
57.6578053   -1425.1624346   -874.8571277
56.3679608   -1424.0055084   -878.2635331
56.6719445   -1424.4000912   -889.7955418
53.9306673   -1423.2980013   -893.3677077
55.544165   -1423.3469963   -881.8635345
52.5289448   -1424.9107838   -904.1423798
53.2624992   -1422.8997231   -874.3633032
53.1509789   -1422.216177   -888.6137605
52.9200109   -1421.8872786   -884.332478
51.4265569   -1423.5409498   -868.157804
51.984814   -1421.5359688   -879.8044324
49.7368249   -1421.8199253   -898.5257745
49.0393313   -1424.8147011   -910.6646776
48.8176616   -1424.8216152   -861.7268801
47.9886802   -1419.7595119   -891.8395638
48.7408908   -1420.3020334   -876.1416078
49.2093237   -1421.263814   -872.3974228
49.9099763   -1420.353055   -886.7397308
49.5583685   -1420.1132059   -883.3655119
46.679643   -1421.6188192   -904.8092961
47.0741066   -1418.9866781   -880.3827167
46.2028059   -1420.4452038   -869.9660301
45.2258261   -1421.5881824   -865.4904962
45.7147034   -1418.1690216   -885.5749965
46.0694703   -1419.3975925   -896.5221643
43.9929041   -1418.9959764   -900.385797
46.1610826   -1419.5439816   -873.4354377
44.353691   -1423.705101   -915.5441523
41.8468984   -1420.4798937   -910.1153612
41.1578687   -1422.3459959   -859.7498536
44.4620522   -1418.1457758   -876.5561581
42.3987778   -1417.3054695   -895.3030705
42.3494252   -1416.7131186   -889.9790049
41.5795716   -1416.3225889   -880.9316754
42.5691875   -1419.3285704   -904.8740864
41.9801744   -1417.9192781   -872.1799254
42.8585085   -1419.4469452   -868.2818413
41.0171422   -1415.9111977   -885.840714
40.6017574   -1419.5501804   -865.3134108
40.9833463   -1424.8889685   -923.0294228
41.3428219   -1423.3503342   -918.9909101
40.8265861   -1416.5070057   -876.3586283
40.1332053   -1421.5317965   -915.8869386
40.5971678   -1417.7776575   -902.9319882
39.4637855   -1416.5664911   -899.7342587
40.027407   -1418.1394577   -868.5439825
39.5613583   -1418.0765152   -906.0439467
39.162484   -1415.3730869   -892.5531507
37.9203232   -1415.6551361   -874.256134
36.9857224   -1416.3230658   -870.2458739
36.7524298   -1424.4860411   -926.681459
36.4169749   -1419.1521406   -914.3348932
35.4047092   -1416.8739319   -908.6226821
36.4640626   -1421.5131998   -920.3785658
36.4283594   -1418.6903238   -863.2569313
34.0342196   -1419.8768139   -858.7648273
36.0191139   -1423.4141111   -853.7844419
41.1465438   -1424.7481823   -855.2199006
37.5995906   -1417.7166224   -866.7826653
37.2053059   -1416.3184166   -903.6245346
33.764151   -1416.2598848   -866.6683435
31.967667   -1421.7041731   -925.4140854
32.6113971   -1424.1796732   -929.9106598
32.9284342   -1418.6723232   -917.3685908
30.7757529   -1419.1902876   -920.9548235
31.1064991   -1416.9764519   -862.4958396
31.3979658   -1416.6522026   -913.5456681
29.0829214   -1418.0886745   -858.5799932
30.1537188   -1420.3673601   -855.0617695
29.4252905   -1417.2507524   -917.5155163
27.2238525   -1422.0670462   -929.9387932
27.7394327   -1419.5510149   -924.4603515
25.3042253   -1415.577054   -861.0627055
25.9114774   -1417.0935154   -920.4656482
26.7156037   -1424.3730307   -934.5650077
24.681476   -1418.0383682   -855.7493091
22.6039561   -1418.2975292   -925.6691933
22.4972042   -1420.6314087   -930.3312302
21.4175256   -1423.5424995   -936.185956
18.2740959   -1419.2179441   -930.0789237
17.3536213   -1416.4437056   -925.3175855
15.8571275   -1420.6972122   -933.9185953
14.056352   -1422.6845503   -938.0223155
19.2280682   -1417.6039696   -853.4653783
12.7680572   -1416.8026447   -928.3837676
14.4084962   -1419.0402031   -931.6364527
11.2205418   -1424.8195887   -942.3595071
10.6949481   -1419.5990562   -934.0763688
8.3104642   -1417.1613455   -930.7617545
8.6731585   -1422.4574566   -939.2929077
8.0172094   -1415.3901339   -927.796483
6.8900856   -1424.7150421   -943.1065321
5.6521567   -1420.4443693   -936.8729591
5.0419839   -1418.1632996   -933.3810806
3.120807   -1422.7559566   -940.8402443
4.4048103   -1415.8051014   -929.7062755
9.2759403   -1415.3609276   -852.6213169
3.1749281   -1425.1813889   -944.3314672
0.3673109   -1419.3451405   -936.285913
0.3487142   -1416.5557623   -932.0335388
-0.1764623   -1424.0063429   -943.1346655
-2.7438728   -1422.1874475   -940.9168363
-2.5425879   -1424.9116182   -944.7115064
-4.2031733   -1416.8667793   -933.4466457
-5.909237   -1418.3405638   -935.955286
-6.3700406   -1423.7939119   -943.7052608
-9.8139373   -1421.2121964   -940.6664968
-7.5247017   -1416.0479307   -932.9065681
-12.6062957   -1416.5312052   -934.5731735
-9.7531406   -1424.3551493   -944.9262023
-13.8774244   -1423.7886667   -944.7704554
-16.2431923   -1420.3561544   -940.5565262
-21.3375417   -1417.3506498   -937.3074174
-18.7207786   -1423.3654737   -944.9689984
-20.1724497   -1420.6434488   -941.6469932
-23.9475695   -1422.0129251   -943.8998103
-27.4618594   -1418.402791   -939.848423
-31.3247768   -1424.8418808   -948.3211637
-31.7783681   -1420.5423594   -943.193078
-31.8631855   -1417.2358513   -938.9598966
-35.4258148   -1424.3329763   -948.0318427
-34.396979   -1417.9252386   -940.2418137
-38.0830494   -1419.5228815   -942.6482916
-40.8525793   -1416.8207645   -939.5061135
-42.4169032   -1423.1022596   -947.0322728
-43.941888   -1419.3534851   -942.8510666
-45.6755487   -1417.0051813   -940.0368333
-46.8027321   -1423.9635468   -948.4403133
-47.0095602   -1421.3521481   -945.2575445
-48.3265845   -1418.7294245   -942.2985911
-48.9049283   -1416.4874554   -939.5692348
-49.935433   -1422.7739573   -947.1122622
-51.4403311   -1420.4798937   -944.5216656
-51.4936773   -1424.4147539   -949.2866397
-52.7273146   -1417.7370071   -941.2770271
-55.1792113   -1422.5358963   -947.1826553
-55.4530946   -1419.8333025   -943.9360499
-58.4283797   -1417.6040888   -941.2907362
-59.4590036   -1424.0174294   -949.4651556
-59.6919981   -1421.2440252   -946.0098147
-63.3226363   -1418.6457396   -942.9070354
-63.0097715   -1416.2709713   -939.50212
-63.3014766   -1420.8490849   -945.8550215
-62.7172915   -1422.7062464   -948.2468963
-64.2217723   -1424.7779846   -951.1470199
-66.9955341   -1421.9564199   -947.842598
-67.8017465   -1416.5480137   -939.9689436
-67.7921502   -1419.1352129   -943.924427
-68.8524572   -1423.810482   -950.7338405
-72.7238981   -1419.8579788   -945.5925822
-71.7785088   -1422.177434   -948.9426017
-73.4183518   -1416.8806076   -940.6988621
-72.8693334   -1424.2705107   -952.1021247
-74.7570721   -1422.4691391   -949.8269558
-78.6153404   -1418.0337191   -942.828536
-77.1634904   -1420.6026793   -947.1615553
-75.4155246   -1425.190568   -953.8643956
-78.0749647   -1423.114419   -951.2219429
-82.5126497   -1420.5887318   -947.4782944
-80.7580677   -1415.5666828   -938.2795691
-82.5341669   -1424.7719049   -954.4119239
-81.8477599   -1415.3426886   -856.7681909
-78.1178204   -1416.099906   -854.4122577
-82.2587339   -1422.5906134   -950.8557916
-86.3129226   -1417.7320004   -942.6243901
-84.5716325   -1423.3763218   -952.5207877
-84.9817721   -1421.7721224   -949.8465657
-89.069101   -1420.4868078   -948.1737614
-87.4248473   -1416.1063433   -857.5294018
-86.1766664   -1424.4662523   -954.7229409
-88.3604018   -1422.2398996   -951.2063861
-88.989052   -1416.1863327   -939.9341345
-91.4499489   -1417.4230099   -942.7072406
-93.1508271   -1416.1678553   -859.4135642
-92.2221271   -1418.2950258   -855.6792736
-82.7629892   -1417.9718494   -853.1174064
-87.9992572   -1418.6774492   -853.4820676
-92.6693407   -1423.4628677   -954.8096657
-92.0918909   -1421.0913181   -950.0043392
-94.6023194   -1416.4714813   -941.6800737
-94.4390623   -1419.2506075   -947.0832348
-96.6313211   -1424.772501   -959.1367841
-98.5404579   -1421.0811853   -952.8012872
-98.2009498   -1418.2132483   -858.0377102
-99.7926918   -1417.7292585   -946.2705851
-101.349446   -1416.2775278   -943.9636469
-100.6922451   -1425.104022   -962.0040059
-101.7032591   -1422.3339558   -957.3446512
-101.2148587   -1416.0816669   -862.4797463
-103.8355557   -1418.1209803   -860.2167368
-102.9774276   -1419.51406   -856.521666
-95.5007998   -1419.6999073   -853.5929918
-100.3192989   -1420.6565619   -852.6167274
-105.4804651   -1418.0439711   -950.4626989
-105.5195657   -1420.6938744   -956.3530087
-106.0578553   -1415.6348705   -945.107758
-104.9465267   -1422.7777719   -960.2047205
-105.204436   -1415.8437252   -864.3096685
-108.6241332   -1418.161869   -861.9394302
-107.3183743   -1419.76583   -857.3947549
-110.2563468   -1423.2194424   -964.3391967
-109.6622077   -1420.9023714   -959.4835043
-109.5586745   -1415.9414768   -865.7488823
-110.1882783   -1417.8578854   -953.2439113
-109.7492901   -1419.4455147   -956.4929605
-112.742993   -1420.3437567   -857.8004837
-110.5857817   -1421.343565   -853.3505201
-105.2424041   -1420.5957651   -854.2577624
-113.6752693   -1418.0947542   -864.0349507
-111.9452444   -1424.6286154   -967.9858088
-112.8034321   -1420.8962917   -961.6317153
-113.944265   -1418.75422   -957.9365849
-112.3671857   -1418.1345701   -955.4325342
-115.5839888   -1416.4950848   -954.0618062
-114.7511331   -1421.8873978   -964.8564458
-115.1041118   -1424.5193005   -969.9244499
-119.4061963   -1420.3287363   -861.543119
-117.4685685   -1421.718955   -855.2027941
-116.1579219   -1420.2040434   -962.5812769
-119.523379   -1417.5616503   -867.0703769
-120.7104055   -1415.4680967   -955.922842
-121.1239425   -1417.8729057   -961.8301392
-117.4006788   -1421.6486216   -966.4157629
-119.4741455   -1425.2092838   -974.2838144
-119.8050705   -1422.1750498   -969.217062
-121.0525361   -1420.186758   -966.4793015
-123.645517   -1415.5803919   -871.1827397
-124.1680709   -1420.8863974   -862.8953695
-123.5124198   -1422.3374128   -856.4104438
-123.7048236   -1421.4365482   -970.9963202
-124.2722002   -1424.6407747   -976.9542217
-125.7457463   -1418.8574553   -867.4178123
-125.0336496   -1415.5864716   -960.1563811
-124.6487228   -1418.2052612   -965.5587077
-129.0511814   -1417.2312021   -871.0295558
-128.0827252   -1421.1354256   -973.9128351
-127.5759665   -1418.7996387   -969.3174362
-128.1956164   -1421.2968349   -864.1160131
-129.407796   -1423.0060577   -859.7891331
-128.5056201   -1423.5334396   -978.1958461
-129.284474   -1415.8500433   -964.7046328
-130.0945608   -1419.8184013   -867.732048
-132.1864454   -1415.9802198   -874.1648197
-132.4553219   -1417.6614285   -971.0072279
-131.9914786   -1420.8574295   -976.3135314
-131.8616597   -1422.9332209   -861.8349433
-134.4134537   -1422.5230217   -865.0578856
-131.722602   -1423.04492   -979.6161652
-133.3642332   -1424.6814251   -983.0834866
-133.3677498   -1419.2572832   -870.1444268
-135.4626743   -1424.764514   -858.3325744
-130.235943   -1423.5999584   -855.0741673
-137.4687878   -1424.5815277   -985.1753116
-135.6263486   -1421.4267731   -979.557693
-135.8246533   -1418.6478853   -975.1806259
-135.3327361   -1415.6323671   -876.095295
-137.9002658   -1418.3923006   -873.5074997
-136.8570653   -1415.381074   -969.7439075
-136.1387698   -1416.9874191   -972.4311829
-136.6240112   -1422.8322506   -982.2614789
-136.8008582   -1421.1322069   -869.0208793
-138.7614337   -1423.3529568   -866.3793206
-139.213833   -1419.0374613   -977.9679775
-139.853212   -1421.3267565   -981.8003178
-139.8015348   -1416.2809849   -973.4529257
-139.709684   -1421.6983318   -869.8701262
-143.3073012   -1422.6211309   -985.5413437
-142.5131885   -1417.5735712   -877.2414327
-144.9350444   -1421.6859341   -872.9306459
-142.3708526   -1423.6578941   -868.5184121
-142.8057281   -1425.219655   -865.9596443
-142.3724619   -1417.3288345   -976.8979549
-142.7035061   -1419.1539288   -980.1095128
-144.8312727   -1415.4164791   -974.6222496
-145.8191601   -1417.2021151   -978.469789
-148.8206712   -1418.5031652   -879.9766898
-145.6492869   -1419.1229343   -981.6464782
-147.9496089   -1423.9976406   -989.7171855
-149.6771304   -1420.2880859   -985.4030609
-152.0516602   -1423.0539799   -876.0183454
-148.8988129   -1417.6709652   -980.8180928
-150.9480802   -1416.1679745   -885.0871921
-150.791022   -1424.9695539   -992.2996759
-151.2574283   -1422.9598045   -989.9237156
-155.2077857   -1415.3376818   -889.8859024
-155.2265016   -1419.0192223   -883.8720918
-154.6907751   -1421.6990471   -879.6492815
-152.9224841   -1417.2443151   -981.8975925
-154.2905895   -1421.2014675   -988.8933897
-154.5474855   -1419.0036058   -985.6157899
-154.5486776   -1423.5583544   -992.251575
-156.5296379   -1424.2339134   -877.6353598
-157.7106444   -1417.186141   -983.5816026
-156.7021338   -1425.063014   -995.1246381
-158.5256187   -1419.6218252   -988.1567359
-157.3947994   -1422.2617149   -991.7195439
-159.6369473   -1423.2065678   -881.2420964
-161.1515609   -1419.7298288   -887.6258135
-160.2608291   -1416.8864489   -891.5453553
-159.985396   -1423.2652187   -994.1296577
-160.5158178   -1421.2858677   -991.5063381
-162.1806351   -1417.5149202   -985.6965542
-163.2334916   -1419.6150303   -989.7052646
-164.527568   -1418.1058407   -893.4261799
-164.5422903   -1423.8846302   -884.2581511
-163.7581316   -1422.0825434   -993.7306643
-167.6132409   -1422.6861   -888.8104558
-166.1476818   -1416.2977934   -984.1766953
-168.230745   -1423.3797789   -996.8568683
-165.834221   -1418.0123806   -987.6247644
-167.894992   -1417.9103374   -897.2310424
-168.7968699   -1419.7177887   -991.3331866
-171.5799896   -1421.4347601   -894.7389722
-168.8647596   -1417.3990488   -987.020731
-170.7336036   -1415.8287048   -983.8441014
-171.0281698   -1417.875886   -900.7908702
-172.7657644   -1421.7005968   -995.3486919
-174.1100875   -1417.2275066   -905.8279991
-172.8362767   -1417.5900221   -987.971127
-174.9983159   -1419.611454   -992.0945168
-175.8502451   -1416.0400629   -984.4818115
-176.8744317   -1422.1653938   -899.2125392
-176.058623   -1420.3474522   -901.7429948
-179.2323915   -1419.0967083   -908.3076119
-178.5778729   -1416.686058   -913.0951762
-177.7917472   -1421.7147827   -996.2143302
-177.7460305   -1417.9060459   -988.8181686
-180.5351702   -1424.1445065   -1000.4082918
-180.0641147   -1419.7025299   -992.5902486
-180.9524027   -1416.8468714   -985.9321117
-180.9001891   -1422.2092628   -903.9544463
-183.250579   -1418.3051586   -915.9199595
-184.7672788   -1416.9924259   -922.1756458
-181.7333428   -1418.3396101   -989.613831
-184.2305986   -1421.7641354   -996.5267777
-183.8920442   -1421.5936661   -909.1718793
-184.8042933   -1416.2368774   -983.0785394
-183.8305322   -1419.4815159   -992.0712113
-184.5095483   -1424.1245985   -1000.6564856
-185.829374   -1424.6993065   -905.4900408
-186.0108701   -1418.1895256   -988.5593653
-188.6577932   -1416.7884588   -930.6430221
-185.7487289   -1420.984745   -913.199544
-187.0375601   -1420.0870991   -992.82974
-187.3655049   -1417.4530506   -925.5664945
-187.5639883   -1423.6705303   -909.8941088
-191.0319058   -1421.6269255   -995.6005216
-188.8609854   -1420.8233356   -918.4806347
-188.9971224   -1416.2557125   -981.1233282
-189.4778339   -1415.3865576   -977.394104
-188.7933341   -1417.3372984   -985.1806164
-191.52275   -1424.5328903   -913.9142036
-192.0523969   -1416.2130356   -941.8734908
-191.484305   -1416.9880152   -936.7491007
-190.0157062   -1419.7272062   -991.2905693
-190.6945435   -1418.6612368   -988.2096052
-192.1828119   -1420.519352   -925.3014922
-194.2460266   -1419.1567898   -934.4542623
-194.866511   -1420.7677841   -930.06742
-192.078623   -1415.6343937   -975.3776193
-193.28818   -1418.1141853   -984.7801328
-194.5858327   -1423.9516258   -920.2716947
-194.5035187   -1415.7805443   -953.368783
-193.0011836   -1416.724205   -979.4922471
-194.4330064   -1415.4169559   -960.5119824
-195.2311722   -1420.4843044   -991.1112189
-194.1638318   -1415.6289101   -969.2872167
-196.4760748   -1417.7920818   -946.5026855
-194.2115156   -1415.9660339   -973.0234742
-195.2471463   -1422.2040176   -995.656848
-196.3115064   -1419.2287922   -939.4844174
-195.9815947   -1417.0562029   -976.5020609
-198.295149   -1424.0572453   -927.0231128
-197.9765026   -1418.602109   -981.6595316
-198.11258   -1419.5911884   -986.4772558
-198.3885495   -1417.1357155   -966.4159417
-197.7288453   -1417.2215462   -972.3657966
-199.9029247   -1422.6680994   -935.1164699
-200.7916299   -1418.4080362   -959.4455361
-200.1192299   -1418.7426567   -952.8382421
-198.5891787   -1422.7696657   -995.6821799
-199.5849339   -1420.7758904   -989.5020723
-200.3223626   -1421.8729734   -992.4733639
-200.6632415   -1418.8529253   -977.0029187
-202.530059   -1425.0077009   -999.2520809
-198.8838045   -1419.829011   -943.7854886
-200.8623806   -1422.5122929   -937.9932284
-202.6759116   -1420.9192991   -949.3498206
-202.7390329   -1419.2690849   -971.9113111
-200.5017725   -1419.8668003   -984.5014811
-203.9997903   -1420.9154844   -982.6987386
-201.7467944   -1420.8370447   -987.0918393
-204.9160329   -1420.2011824   -966.2222266
-202.0414797   -1423.3072996   -995.2607751
-201.7627088   -1421.8971729   -942.8076744
-202.2866932   -1421.7749834   -990.2083874
-204.3053833   -1425.178647   -937.0263219
-205.6781975   -1421.5012789   -955.4152489
-203.9160458   -1422.9419231   -992.8722382
-205.3079931   -1420.6949472   -976.7992496
-206.7839233   -1421.4396477   -961.2099528
-205.769631   -1422.7113724   -989.0390635
-206.6602436   -1424.0586758   -947.2340345
-206.7734329   -1425.2525568   -943.0599213
-204.7622529   -1424.1936207   -995.9440827
-206.2433688   -1422.7391481   -951.3329268
-209.0940801   -1422.2791195   -972.6166129
-207.9586116   -1424.7039557   -994.0757155
-209.7015706   -1422.9990244   -979.6455503
-209.8948685   -1423.8442183   -985.6809974
-211.2541524   -1423.6263037   -965.6690359
-210.9628049   -1424.0612984   -959.3310356
-210.2417675   -1424.8074293   -990.4598594
-214.3521038   -1425.1641035   -976.7699242
32.1142348   -1425.2688885   -848.6247659
30.4551991   -1422.5218296   -851.6663313
27.3440155   -1423.157692   -849.0483761
26.4584097   -1420.7706451   -852.1113992
24.1126093   -1423.7117767   -846.8266129
23.2637795   -1421.5238094   -849.3745923
22.6897868   -1419.4965363   -852.1075249
19.1090973   -1422.5581884   -846.3417292
19.7278532   -1419.8849201   -850.1450419
14.2526301   -1418.5883999   -849.7530222
11.7495926   -1422.6719141   -843.6869979
6.2183412   -1417.9667234   -847.6805687
4.3655308   -1422.0440388   -842.1384096
-0.3052083   -1418.659687   -844.7511792
0.491825   -1415.8680439   -848.6602306
-3.3496348   -1422.3964214   -839.6283984
-3.4784404   -1416.1280394   -847.1054435
-6.2198368   -1418.1449413   -843.7779546
-8.7201325   -1425.0737429   -835.4984522
-11.4049045   -1420.4077721   -839.9029374
-11.2505881   -1416.8102741   -844.3330526
-14.6349994   -1423.5401154   -835.729301
-18.7453953   -1425.0040054   -833.2843184
-17.9524151   -1416.5192842   -843.5599804
-18.1542365   -1421.0664034   -837.9018903
-23.9116875   -1419.0312624   -839.5877481
-25.3135888   -1415.9898758   -843.4153199
-22.786471   -1422.062993   -835.9666467
-25.0825015   -1424.7514009   -832.4230909
-27.6596872   -1421.7098951   -836.0896111
-30.465397   -1418.0670977   -840.5548334
-30.7401148   -1424.7498512   -831.7445517
-33.0159394   -1421.4562178   -836.3113999
-35.4603855   -1415.6289101   -843.988657
-37.9752246   -1419.2020893   -839.6309614
-35.3342024   -1424.1034985   -832.259357
-37.5555483   -1422.355175   -835.0440264
-39.4451348   -1424.2997169   -831.7432404
-39.8130742   -1416.3575172   -843.6451554
-44.4460241   -1423.334837   -833.733201
-43.3559743   -1417.8574085   -842.2788978
-45.1931087   -1420.4893112   -838.9205337
-42.871329   -1415.6198502   -845.1479077
-51.3444272   -1424.6460199   -829.7105432
-46.6097323   -1416.3776636   -844.8538184
-47.8611914   -1418.9429283   -841.7072892
-49.9183861   -1422.4193096   -835.9076381
-48.7673608   -1420.6619263   -839.1917348
-51.1496393   -1417.3793793   -844.5830941
-52.1603552   -1420.5042124   -840.1131034
-53.7471501   -1423.3696461   -833.4706426
-55.147442   -1422.421813   -836.176753
-56.5262762   -1418.7811613   -843.9466357
-56.4573137   -1424.7411489   -827.5668025
-56.4539758   -1421.1062193   -839.5594358
-58.5748283   -1423.5136509   -831.9015503
-60.6588451   -1416.790843   -848.0384946
-59.2790572   -1422.3740101   -836.3003731
-59.5112769   -1420.5178022   -841.2253261
-62.3607961   -1423.5451221   -830.0153613
-61.5934459   -1419.1372395   -844.5620537
-61.7862073   -1424.9608517   -822.2250342
-61.4437786   -1422.9001999   -833.8507414
-63.749942   -1420.7030535   -841.5346146
-65.5632941   -1422.0330715   -837.1343613
-67.6772324   -1418.3157682   -847.663939
-66.7797653   -1424.4244099   -818.7791109
-66.999468   -1422.9580164   -830.7416439
-66.3491217   -1423.6483574   -824.9558806
-69.0139858   -1420.8863974   -841.996789
-70.2891675   -1424.9820709   -812.1703863
-70.0213043   -1421.9750166   -837.6341462
-71.1964694   -1422.9149818   -823.7858415
-69.619867   -1422.9243994   -827.7167082
-73.1082288   -1423.2139587   -818.1163073
-70.6076948   -1422.6011038   -832.2160244
-73.70356   -1420.2011824   -845.4300761
-76.2478439   -1418.3447361   -850.2731919
-73.2110468   -1421.2208986   -841.8339491
-73.3434883   -1422.4970341   -826.8773556
-74.7993318   -1425.0973463   -807.8145981
-74.2315976   -1423.6420393   -814.434886
-76.2363402   -1423.8218069   -811.7840886
-74.5054809   -1421.9328165   -837.8956914
-78.1678287   -1421.9944477   -829.9806118
-76.8924681   -1422.1994877   -834.5825672
-74.7908679   -1422.4641323   -822.4938512
-77.3883191   -1422.8473902   -815.7196045
-77.4479834   -1422.2995043   -819.5502162
-77.5312511   -1421.3807583   -842.4238563
-79.3754188   -1421.7489958   -823.8027692
-78.2445399   -1420.2308655   -846.7101455
-79.2753426   -1421.9893217   -838.3287191
-80.3581802   -1424.0826368   -807.8050613
-80.5076686   -1422.8608608   -812.8854632
-81.168863   -1419.7193384   -848.9684463
-82.1598498   -1422.0077991   -834.6604109
-82.8920332   -1421.7416048   -817.6270127
-82.429084   -1421.110034   -844.9966908
-81.3722936   -1421.7225313   -841.314137
-84.7176043   -1421.2183952   -827.4459839
-83.1175176   -1421.6026068   -831.0055137
-82.945737   -1424.8079062   -803.7301302
-83.0227462   -1421.9267368   -838.711381
-85.1673809   -1421.0619926   -822.5421309
-85.8118264   -1422.3639965   -811.5922809
-86.497697   -1423.6232042   -806.0778975
-86.3228766   -1420.2510118   -849.1600752
-84.9457113   -1421.7766523   -841.4648771
-86.7395131   -1425.0359535   -801.4490604
-87.3567788   -1421.8847752   -837.8018737
-87.2823922   -1421.4203358   -832.2438598
-87.5184266   -1421.4901924   -844.3048
-89.8726908   -1420.7510948   -819.5866346
-88.0636302   -1421.3777781   -815.4954314
-89.1729919   -1420.6700325   -824.2863417
-92.4086896   -1420.5778837   -828.6171556
-88.0591003   -1421.8269587   -841.2495255
-92.2680227   -1422.3345518   -808.5050583
-90.395662   -1421.5579033   -812.9521608
-91.2915198   -1421.2067127   -847.1411467
-91.4317099   -1419.9893475   -851.5491486
-90.9961192   -1423.8413572   -803.5777807
-93.7491385   -1421.2456942   -834.9975944
-92.7207796   -1421.790719   -841.5974379
-91.4346305   -1420.9623337   -815.7901764
-93.7458602   -1420.2616215   -823.2339025
-94.3035809   -1420.3854799   -818.8888431
-94.4431154   -1421.0959673   -813.4457469
-94.2367045   -1423.5078096   -803.6722541
-95.3883258   -1420.8915234   -849.9065638
-95.6518976   -1421.4912653   -846.0846543
-99.3416635   -1424.4279861   -800.059855
-97.2459046   -1422.8112698   -805.3454757
-99.1388885   -1421.4072227   -810.3835583
-98.7077085   -1419.9684858   -826.0592222
-99.7971622   -1420.3919172   -832.0882916
-99.5583264   -1421.2062359   -837.7705812
-100.1078216   -1421.6216803   -843.6393738
-98.3083574   -1420.0410843   -820.623517
-98.9728896   -1420.4955101   -815.6303763
-98.7646309   -1421.3758707   -848.0827212
-104.3106047   -1422.3432541   -805.9551716
-103.5121409   -1419.6696281   -823.3755827
-104.6540467   -1419.9751616   -818.3359504
-104.5424072   -1419.7881222   -828.4060359
-103.3673612   -1421.6172695   -846.9590545
-102.8275815   -1420.6596613   -813.5562539
-105.1839916   -1421.2663174   -810.0287318
-106.6616503   -1424.353838   -799.5400429
-104.0133563   -1420.5927849   -835.8783126
-104.2586891   -1421.0631847   -839.379251
-105.6566564   -1420.1080799   -832.8448534
-105.6242911   -1421.4037657   -842.905879
-105.0716368   -1421.2878942   -851.2223363
-107.4419943   -1421.5724468   -847.1218944
-107.3846547   -1420.6720591   -813.026309
-108.5466472   -1419.5586443   -824.9514699
-107.5288979   -1419.6321964   -821.4833736
-108.8909236   -1420.4465151   -836.7109895
-107.3767868   -1421.0336208   -840.1114941
-109.7683636   -1421.5000868   -808.9278936
-111.9972197   -1422.9794741   -803.6747575
-111.0594598   -1419.7896719   -831.0958147
-111.1940471   -1420.0309515   -817.6271319
-110.6730429   -1421.0678339   -841.7083025
-112.6538841   -1424.8820543   -797.965765
-112.8775207   -1420.7575321   -812.8051162
-113.9326421   -1421.5105772   -846.8440771
-112.7764312   -1419.6380377   -822.4435449
-112.8718583   -1419.5878506   -826.3966441
-113.884422   -1420.3271866   -837.3319507
-115.655872   -1421.6905832   -808.7121844
-116.5392128   -1421.667099   -849.1208553
-115.6726209   -1420.8444357   -841.575563
-116.3466898   -1419.7161198   -828.4959793
-117.7450148   -1420.0400114   -833.5670233
-115.6190959   -1419.9222326   -819.704473
-116.3307754   -1420.3269482   -816.1188364
-116.4459316   -1424.0438938   -800.5363941
-118.4647409   -1422.9749441   -804.3600917
-116.2394015   -1419.6856022   -823.7163424
-116.9180004   -1420.8946228   -812.5204444
-119.2764965   -1420.5981493   -839.2773271
-119.7995869   -1421.4385748   -846.0854292
-120.9176508   -1420.29953   -819.9401498
-119.2738143   -1419.8652506   -825.1786828
-119.2853776   -1421.3584661   -810.8317852
-120.2555624   -1422.039032   -808.0283403
-120.3993884   -1420.8823442   -814.2358065
-121.47108   -1420.0744629   -829.7463059
-121.7410294   -1424.6425629   -799.7495532
-125.1846877   -1422.5068092   -852.0464897
-124.4010059   -1420.5969572   -835.4177475
-124.6410338   -1423.0979681   -805.6408763
-124.3744818   -1420.3270674   -825.4808784
-124.1255728   -1421.1392403   -841.6026831
-123.1555072   -1421.7128754   -810.7491732
-124.5897738   -1421.5745926   -844.9584246
-125.9832708   -1422.1513271   -848.126471
-125.7319776   -1421.2713242   -815.3368831
-128.6537973   -1421.0669994   -821.1134672
-126.6337363   -1420.5543995   -830.3204179
-128.7983385   -1425.1445532   -800.300777
-128.5180775   -1422.3790169   -810.5701208
-127.8806058   -1421.3004112   -839.4938707
-128.7557212   -1421.9601154   -844.3111777
-129.2084781   -1420.9089279   -826.6109228
-128.218743   -1420.866251   -833.275795
-129.7636358   -1421.2744236   -835.96766
-131.4157573   -1423.8131046   -805.999577
-130.5383173   -1423.0614901   -849.9419689
-132.6313344   -1422.1423864   -815.5238628
-132.0302812   -1421.3873148   -831.3683867
-132.2905747   -1422.0582247   -840.1119709
-133.418533   -1423.0211973   -810.3224039
-134.2708794   -1421.7391014   -824.7717619
-133.3099929   -1421.7349291   -820.1941848
-135.7015101   -1423.5775471   -845.7648158
-133.6896745   -1421.9145775   -836.0975981
-138.0415884   -1424.4935513   -807.4936271
-136.4504424   -1422.3254919   -834.0486288
-137.8460256   -1422.4410057   -829.8209906
-137.8092495   -1423.0883121   -838.9241695
-137.5770298   -1422.5610495   -819.4090724
-136.3103715   -1423.1207371   -812.1930957
-137.4041764   -1422.863245   -815.1564002
-141.0774914   -1423.1048822   -824.8916268
-141.6831342   -1424.8890877   -843.8783884
-139.9063198   -1423.7228632   -812.5807643
-140.771362   -1423.2993126   -833.9880705
-140.4521791   -1423.3884811   -816.1497712
-143.6900822   -1423.8923788   -819.2270398
-143.8096491   -1424.656868   -838.380754
-142.342004   -1423.4266281   -829.8399448
-143.4248415   -1424.9684811   -810.2106452
-143.6044899   -1424.2293835   -814.4032955
-146.154019   -1424.7101545   -832.7893615
-145.6900565   -1424.236536   -827.6527524
-145.942959   -1424.2385626   -823.5322237
-146.4835731   -1425.2184629   -812.4675155
-147.4003521   -1425.0664711   -815.8937097
