-1112.3883454   -2769.1729069   -805.2273393
-1111.8620364   -2772.3376751   -809.3957901
-1111.7485491   -2763.0190849   -815.1392341
-1111.6380421   -2754.6691895   -807.0853949
-1112.4522416   -2768.4574127   -807.5456619
-1111.934754   -2754.2324066   -799.718976
-1112.09366   -2756.4225197   -803.0560017
-1111.6966931   -2753.5502911   -795.188725
-1112.0044915   -2760.3430748   -810.9307289
-1112.213823   -2758.505106   -807.1020842
-1111.9895903   -2769.973278   -802.575767
-1112.0173661   -2770.4703808   -811.9771481
-1112.5038592   -2758.1629753   -798.1159687
-1112.3839346   -2758.5699558   -793.9698696
-1112.3382775   -2764.4629478   -811.7541075
-1111.8252007   -2767.7898407   -814.9645925
-1112.3913256   -2761.6670132   -807.7374697
-1112.4814478   -2761.3785267   -803.0071855
-1112.6401154   -2761.9771957   -797.8989482
-1112.5251976   -2762.1631622   -793.8227654
-1112.6605002   -2761.6028786   -796.6567874
-1111.7762057   -2769.0854073   -796.6986895
-1112.5656096   -2764.5404339   -806.9313169
-1112.4744145   -2766.9174671   -810.3908896
-1112.5107733   -2766.4546967   -802.9144406
-1111.7260186   -2762.5129223   -786.8266106
-1111.703488   -2754.9843788   -788.9382243
-1112.1264426   -2760.0681782   -790.538311
-1111.9030444   -2764.8184299   -791.1356091
