-632.0912568   -2158.8046551   -1005.4839849
-632.5624911   -2177.4010658   -1009.7535849
-633.2435337   -2168.0214405   -1008.8652372
-635.6233088   -2173.1724739   -1010.294199
-632.9171387   -2192.0650005   -1007.0396662
-635.2264611   -2183.5253239   -1010.3536844
-635.5453459   -2189.4512177   -1009.3493462
-637.1086565   -2163.5575294   -1008.3750486
-639.1750304   -2157.9582691   -1005.9723854
-635.271999   -2155.8396816   -1004.3712854
-631.8998066   -2154.7925472   -1003.121376
-638.2164685   -2178.5199642   -1011.5054846
-635.1570813   -2197.8685856   -1006.1775446
-636.6883246   -2194.1080093   -1008.6723566
-638.8357607   -2169.1184044   -1010.1934671
-637.8038851   -2196.9151497   -1008.3227158
-639.1581026   -2199.4986534   -1008.140564
-631.9259135   -2199.2032528   -1003.2333136
-638.6930672   -2203.8702965   -1005.8957338
-634.4717471   -2203.088522   -1003.1983852
-639.4593445   -2188.4205341   -1011.2720728
-641.6243044   -2183.8514805   -1012.5161409
-638.7872425   -2192.1551228   -1010.3280544
-640.376064   -2196.1278915   -1010.0324154
-638.2747618   -2153.7332535   -1003.361702
-632.0268837   -2177.3321629   -668.6794758
-632.1304766   -2147.428751   -944.5997477
-632.317516   -2141.9835091   -965.9836888
-632.4552027   -2161.0069275   -892.5545812
-632.0519177   -2161.7531776   -886.1075044
-632.0731369   -2155.4992199   -921.9794273
-632.9457489   -2148.5967636   -996.7612028
-633.7775914   -2142.8380013   -982.3870659
-634.0592829   -2150.4666805   -937.430799
-632.1152178   -2145.1079845   -990.4634953
-634.0925423   -2163.2931232   -870.521605
-634.8411766   -2141.9827938   -976.34238
-633.9339939   -2142.7602768   -960.0090384
-632.1207014   -2158.7021351   -907.9993963
-634.4644753   -2162.4782085   -875.9197593
-634.6305338   -2161.9837284   -881.7162514
-635.2292029   -2144.1817284   -988.0020022
-635.1891486   -2160.0363255   -899.6047974
-635.3550879   -2159.1377258   -905.708909
-635.7438294   -2152.6670456   -931.619525
-635.2768866   -2154.3774605   -926.3401628
-633.9716641   -2157.5992107   -913.9879942
-635.3213517   -2156.7544937   -917.7215099
-634.7372261   -2144.0422535   -954.6909928
-635.2026192   -2145.4873085   -950.0037432
-635.6742112   -2165.1053429   -860.1172566
-633.9572398   -2166.9445038   -856.6429615
-636.1298291   -2141.8552399   -971.2625146
-638.9306513   -2162.2779369   -864.8468256
-635.0981919   -2158.3342552   -910.4124904
-636.3643137   -2145.8556652   -992.9364324
-635.3015629   -2153.3412933   -1002.6100874
-636.6142956   -2150.9442329   -1000.1862049
-638.0512444   -2161.1175537   -886.4805698
-638.3554665   -2155.5871964   -922.3046899
-639.2267672   -2149.1956711   -940.849185
-639.1908852   -2146.7888355   -946.7877746
-638.0736557   -2142.5755024   -962.5138044
-638.9351813   -2142.1177387   -967.3018456
-639.9570433   -2160.2687836   -894.5419192
-639.9286715   -2148.2975483   -997.3094463
-640.6595436   -2142.380476   -979.3702364
-639.8870675   -2143.3801651   -985.3362441
-638.6559931   -2143.5232162   -957.4551582
-637.7099482   -2157.6066017   -913.982749
-638.8783184   -2151.1669159   -936.0080957
-637.599918   -2161.8230343   -873.7434745
-639.6711794   -2161.1423492   -878.6461949
-639.180514   -2144.9253559   -952.2404671
-639.3257109   -2141.9579983   -974.5155573
-640.0911538   -2158.3683491   -909.1741443
-639.6405426   -2159.3317986   -903.1341672
-639.4935576   -2159.8315239   -899.2703557
-639.8092238   -2144.4942951   -989.7745252
-639.8162571   -2154.0026665   -927.7713299
-639.3615929   -2156.7437649   -917.7260995
-641.556832   -2162.7829075   -857.6447964
-638.1609169   -2165.9941673   -854.197681
-640.6334368   -2141.9856548   -971.1897373
-641.4218871   -2151.1616707   -1001.1066198
-631.6292015   -2198.1146336   -743.5144782
-632.9546896   -2199.9146938   -751.5127659
-631.6617457   -2194.781065   -797.3662019
-632.6380698   -2180.4673672   -824.4110346
-632.6684681   -2191.7519569   -712.9700184
-633.2699982   -2189.9595261   -706.1277628
-633.1654517   -2196.8996525   -733.0007553
-633.2443682   -2192.0406818   -804.0841222
-634.1228215   -2170.4382896   -846.3464379
-633.0374209   -2172.3988056   -841.8316245
-634.5939366   -2201.5480995   -757.8728795
-634.3260733   -2168.43009   -851.9323468
-634.5460144   -2173.7306118   -837.6312852
-634.2711178   -2198.3935833   -737.9145622
-632.6132742   -2197.7865696   -791.0307646
-633.0700842   -2199.7826099   -785.9094143
-634.0840784   -2183.1741333   -819.6516633
-635.5230538   -2175.7805347   -832.6753378
-634.4361035   -2186.2177849   -814.5486712
-635.7679097   -2178.1079769   -828.3264041
-637.5548569   -2201.5757561   -746.6337085
-635.9528033   -2189.3017292   -809.5713258
-636.3389222   -2195.8963871   -722.6542234
-635.9560219   -2194.6554184   -718.573451
-637.2066466   -2197.6284981   -728.0548215
-639.0212504   -2201.1525631   -740.1275039
-636.2740723   -2197.8158951   -794.2745686
-636.4845959   -2195.068121   -799.7903824
-637.0578734   -2200.864315   -788.0575657
-638.6108128   -2179.9147129   -824.4166374
-638.9374463   -2193.9208508   -711.6895914
-637.6603571   -2171.1072922   -841.6682482
-637.2321574   -2198.7338066   -732.8019738
-638.5615794   -2192.2841072   -804.9331903
-638.4093491   -2183.6836338   -818.5475469
-639.5027367   -2167.8533554   -847.4614024
-638.9383999   -2186.6123676   -813.924849
-640.5946938   -2172.6150513   -836.2238407
-640.5161349   -2176.0556698   -830.1422596
-640.4083697   -2189.0435219   -809.9376559
-640.6440464   -2197.3357201   -720.9317684
-640.0551525   -2195.7895756   -716.3588405
-640.0817362   -2197.2994804   -796.8171835
-640.0909153   -2199.9905109   -792.0536995
-639.9599043   -2198.1122494   -724.9955535
-639.8168532   -2194.8776245   -800.8708358
-641.0619942   -2192.5857067   -704.664886
-632.5835911   -2196.034193   -677.7762771
-631.8790642   -2184.0555668   -690.0680065
-632.5694052   -2181.8823814   -683.9466095
-633.7103573   -2192.5261021   -668.4255004
-633.775088   -2189.9082661   -663.7660265
-634.9960295   -2198.195219   -685.0122213
-633.4717003   -2176.9440174   -663.8064981
-632.4888197   -2181.6422939   -657.1307182
-634.8362891   -2179.7554493   -676.5137315
-634.2961518   -2187.4842644   -659.9739194
-634.9702803   -2177.8795719   -670.8664894
-636.1951558   -2188.8771057   -699.3166208
-632.7805249   -2178.706646   -657.3711038
-633.9391199   -2177.1378517   -660.0860357
-636.739227   -2194.7357655   -672.4590659
-633.9899031   -2177.9103279   -656.8104625
-636.6762844   -2186.4290237   -691.8373108
-639.023873   -2185.1909161   -686.4453554
-637.1627776   -2176.4092445   -665.3180122
-634.6485344   -2179.27742   -655.0136209
-634.9842278   -2181.1561584   -654.5043588
-638.7486187   -2181.8344593   -678.6638498
-638.3594004   -2197.1037388   -680.6377769
-635.0311963   -2185.1451397   -656.5282345
-635.9415976   -2183.1393242   -654.4308662
-637.5142065   -2175.798893   -659.6075892
-638.1630627   -2191.3816929   -663.387537
-639.5784346   -2193.1107044   -666.541338
-637.8364293   -2189.3804073   -659.7866416
-636.4164082   -2176.6717434   -655.4943919
-638.4051768   -2187.1993542   -656.1986804
-636.9666783   -2177.9024601   -652.9390812
-636.3290278   -2181.3762188   -653.0779004
-640.5596463   -2200.371027   -691.0527945
-632.9425303   -2200.2894878   -692.406714
-638.8611523   -2184.6208572   -652.3162723
-641.2772862   -2187.9746914   -691.3977861
-638.6944977   -2175.9870052   -653.144002
-640.7527653   -2175.6720543   -661.34727
-639.7186247   -2177.9797077   -649.1469741
-641.0606829   -2180.5329323   -647.5378871
-641.1722628   -2190.6912327   -659.7728133
-640.2998892   -2176.1856079   -649.643898
-631.8975417   -2265.8853531   -1015.7279968
-631.6727129   -2259.1109276   -1010.9233856
-633.8288514   -2323.2636452   -1014.0519142
-631.8523613   -2320.2002048   -1023.9286423
-632.3418347   -2313.9264584   -1032.580018
-633.0527989   -2269.572258   -1018.7487602
-634.7477166   -2275.5551338   -1024.4694948
-636.2768141   -2279.3245316   -1028.7023783
-634.0045658   -2310.7571602   -1034.8792076
-633.7524382   -2322.1194744   -1019.0473795
-632.2056977   -2318.3984756   -1027.3520947
-632.9973666   -2254.7330856   -1008.2929134
-633.1555573   -2262.4001503   -1013.0901337
-634.0111224   -2298.1774807   -1038.0003452
-633.7197749   -2323.9667416   -1008.3813667
-634.31451   -2304.6255112   -1037.4376774
-634.366366   -2307.5606823   -1036.5512371
-634.5066754   -2251.4603138   -1006.5095425
-635.3532998   -2248.013258   -1005.0849915
-633.7140528   -2316.4250851   -1029.9421549
-635.5458228   -2291.6748524   -1036.8006229
-636.6102425   -2288.0728245   -1035.4812145
-634.3124834   -2301.5387058   -1037.9477739
-637.7882687   -2271.4443207   -1020.6940174
-634.9310604   -2282.8707695   -1032.3528051
-636.6101233   -2294.9633598   -1037.535429
-637.4648539   -2284.4743729   -1033.650279
-636.0434023   -2256.5839291   -1009.3073845
-635.4124276   -2260.5524063   -1011.8290186
-637.4743906   -2324.4338036   -1003.5554171
-633.1152645   -2323.6706257   -1001.770854
-636.996123   -2321.4216232   -1021.5063095
-634.8471371   -2319.7600842   -1024.8014927
-636.2123219   -2267.6346302   -1017.2227621
-637.7008883   -2263.708353   -1014.1074657
-636.5722147   -2318.1269169   -1027.4045467
-636.6404025   -2312.3879433   -1033.4496498
-637.0298592   -2315.2701855   -1030.9039354
-636.8293492   -2251.9595623   -1006.8080425
-638.9661757   -2324.4242668   -1009.1167688
-637.4602047   -2322.7295876   -1017.6885128
-641.3274733   -2323.777914   -1014.128089
-638.5971037   -2298.6547947   -1037.8022194
-638.4348599   -2302.8128147   -1037.3779535
-637.7932755   -2306.2062263   -1036.670208
-637.2543303   -2308.4805012   -1035.8185768
-640.1090351   -2275.4962444   -1024.9199867
-639.6203963   -2320.0042248   -1024.4822502
-638.703796   -2281.9411755   -1031.780839
-638.2007328   -2310.1451397   -1034.7731113
-638.8718811   -2250.2408028   -1006.1411858
-639.66355   -2247.2476959   -1005.0177574
-638.2118193   -2243.6573505   -1003.6042929
-633.7969033   -2244.001627   -1003.4524202
-638.7369362   -2259.6940994   -1011.3132
-639.1324726   -2291.3079262   -1036.6135836
-639.3635003   -2256.2401295   -1009.1869831
-640.5949322   -2314.4466877   -1031.0982466
-640.5935017   -2267.2905922   -1017.1576738
-641.3604943   -2281.0747623   -1031.2677622
-641.3708655   -2317.5323009   -1027.9152393
-640.5527321   -2295.4843044   -1037.3904705
-641.018006   -2289.198637   -1035.8687639
-641.1944357   -2311.3489151   -1033.5035324
-640.1278702   -2321.2406635   -1021.8986273
-641.5381161   -2252.887249   -1007.5538158
-640.7959191   -2308.3100319   -1035.3296995
-641.1883561   -2299.6513844   -1037.4485254
-641.4611069   -2322.2980499   -1019.2798376
-641.2563054   -2283.0696106   -1032.8525305
-641.6158406   -2305.0949574   -1036.4347696
-641.0529343   -2297.4014282   -1037.6515388
-641.4131848   -2202.3539543   -1008.3214045
-640.9566132   -2209.0306282   -1004.7744513
-636.9664399   -2208.6653709   -1002.310276
-641.1428181   -2213.8190269   -1002.6633739
-632.9917637   -2276.3800621   -881.5790415
-632.2806803   -2227.0035744   -999.3514419
-632.4317185   -2272.7053165   -867.149055
-632.8909127   -2300.5285263   -948.585093
-632.949206   -2270.4224586   -855.0956845
-632.1544377   -2277.1809101   -885.1353526
-631.7640273   -2316.2968159   -983.4564328
-631.9182841   -2303.2941818   -957.1290612
-635.9510151   -2276.5715122   -877.6215911
-632.6310364   -2323.1055737   -998.7773895
-632.1187941   -2214.733839   -999.0421534
-631.791207   -2280.7695866   -895.2772021
-633.9350668   -2279.8190117   -890.2615905
-632.2071282   -2232.7578068   -1000.3064871
-631.9933859   -2293.7700748   -931.9200516
-632.0717064   -2291.3086414   -924.4711995
-632.1826903   -2237.036705   -1001.2762547
-633.3908764   -2313.3833408   -977.4950147
-632.7672926   -2210.0453377   -999.9401569
-632.0521561   -2283.3378315   -901.8970132
-635.089132   -2291.4156914   -920.1500416
-632.8372685   -2206.0222626   -1001.0840893
-632.9129664   -2297.226429   -940.0397539
-634.6827475   -2308.5830212   -966.6392207
-637.3077361   -2311.6474152   -971.1853862
-632.8088967   -2319.8945522   -989.2396331
-634.4605414   -2318.4194565   -985.6961966
-634.5431534   -2306.1885834   -960.9804153
-634.7562996   -2240.4954433   -1002.400279
-634.2395274   -2321.3586807   -991.4823174
-636.3175837   -2323.0330944   -995.1500893
-633.5873333   -2282.7467918   -898.2613087
-633.6711375   -2287.3864174   -910.7884765
-635.5097023   -2286.3836288   -905.5624008
-636.2422434   -2289.9348736   -914.2068624
-637.4786822   -2274.0955353   -863.1882071
-636.522266   -2272.7336884   -858.8532209
-636.9242398   -2300.4853725   -942.6932335
-635.1071326   -2296.4668274   -934.6879721
-634.1925589   -2274.0161419   -869.7066903
-636.9138686   -2276.1993408   -874.201417
-634.7087351   -2294.1217422   -928.5238981
-635.4680983   -2303.4310341   -952.4701238
-635.3049008   -2218.0211544   -999.6899962
-636.6682974   -2222.5136757   -999.8076558
-636.4911524   -2316.7641163   -981.7384481
-639.2259327   -2283.0023766   -892.0513391
-636.2051693   -2305.3421974   -956.6173553
-638.4141175   -2284.8756313   -897.9176879
-635.8688799   -2292.8507328   -923.0622053
-636.4838807   -2214.0743732   -1000.474453
-636.1158816   -2278.387785   -883.580327
-635.4092089   -2236.2258434   -1001.2043715
-636.4035336   -2231.7607403   -1000.5452633
-639.7801367   -2227.6473045   -1000.68748
-635.9538762   -2323.9161968   -999.4520545
-637.9112927   -2320.2211857   -987.1783257
-637.0086399   -2302.6895523   -948.3363628
-638.765308   -2315.6626225   -978.3864617
-639.57009   -2314.139843   -974.8008847
-637.1179549   -2298.8052368   -937.9522204
-637.1195046   -2288.5458469   -909.209311
-640.3783289   -2281.2387943   -886.1129284
-638.5185448   -2293.1075096   -919.4535613
-638.9411417   -2275.8955956   -868.7908649
-638.7049881   -2322.0565319   -990.6215072
-639.4264428   -2319.0140724   -984.1756821
-636.8751255   -2308.1665039   -963.314116
-639.8837296   -2307.7659607   -958.6849809
-638.1932227   -2310.2712631   -967.2113657
-638.2404295   -2296.9272137   -930.6924343
-639.8225752   -2296.0147858   -925.5729318
-638.7676922   -2239.2377853   -1002.3052692
-638.3429495   -2235.4722023   -1001.4177561
-639.4198862   -2299.1344929   -935.2042079
-639.8808686   -2218.6377048   -1001.0057688
-640.0674311   -2306.248188   -954.0388584
-639.3897263   -2304.454565   -949.9525428
-640.4976574   -2288.3079052   -904.2421579
-641.0234896   -2279.7086239   -880.582571
-640.4013363   -2278.012991   -875.3507137
-640.3633086   -2324.378252   -997.962594
-640.5803887   -2290.8709049   -910.7382894
-639.5822493   -2292.0064926   -915.1103497
-640.7348839   -2232.5367928   -1001.3170242
-641.4663521   -2317.7657127   -980.6716442
-641.397926   -2274.9960423   -859.4175577
-639.9367777   -2273.1044292   -853.9285064
-641.2118403   -2223.0753899   -1000.9945631
-640.6265227   -2309.237957   -961.8897438
-641.3804022   -2301.3310432   -938.6562109
-640.5143467   -2312.3400211   -970.0616002
-631.6516129   -2220.6087112   -742.6100969
-631.6569773   -2214.646101   -728.567481
-632.2790114   -2247.9050159   -803.0744791
-632.2335926   -2218.9757824   -738.4226322
-634.1836182   -2238.1324768   -783.6629152
-631.8835942   -2223.1624126   -748.6820817
-631.9503514   -2208.3380222   -714.31005
-631.8543879   -2228.4500599   -761.6555691
-633.6340634   -2245.0942993   -797.685802
-632.3173968   -2268.7227726   -848.2428193
-636.8461577   -2236.4435196   -779.0490985
-632.1053234   -2231.4617634   -768.9409852
-633.6507527   -2262.6993656   -826.882422
-632.1578947   -2264.4505501   -832.6330185
-632.8689782   -2250.5729198   -807.0869446
-632.5992075   -2211.3797665   -721.0597992
-634.0362755   -2270.0045109   -851.0115743
-638.1406514   -2243.6635494   -793.3215499
-633.673164   -2257.4429512   -816.9612288
-635.9792677   -2255.9330463   -813.3055568
-634.132835   -2214.0891552   -726.5260816
-639.5452944   -2234.7779274   -774.6767402
-634.1559616   -2259.8845959   -820.7911253
-634.0411631   -2267.4937248   -840.5112624
-635.9899966   -2267.0969963   -836.6490006
-634.64317   -2202.8083801   -771.6329694
-633.7104765   -2201.939106   -777.2794962
-636.3060204   -2269.8748112   -846.5282321
-636.2316338   -2203.2721043   -764.2717957
-632.6003996   -2225.3894806   -753.92133
-637.9905669   -2252.2678375   -806.9600463
-636.5631548   -2228.0535698   -759.3316436
-636.2423626   -2202.7301788   -781.4180255
-639.2053095   -2241.1270142   -788.1612778
-639.6797625   -2216.3960934   -729.9268246
-637.2214285   -2219.7022438   -738.5661006
-636.7788926   -2216.9753626   -732.2539465
-634.7955195   -2222.9089737   -747.2373247
-636.8009774   -2221.5929031   -743.3634996
-634.7512928   -2229.9768925   -764.4125223
-639.8160187   -2210.9489441   -717.8679705
-637.5901429   -2207.4513435   -710.7817531
-632.9339472   -2205.9876919   -708.5685134
-636.6438595   -2265.5217648   -831.2975168
-636.6816489   -2248.2845783   -801.622808
-641.5024725   -2213.4413719   -722.6752043
-639.1536919   -2226.3631821   -754.3150783
-637.6424757   -2227.9269695   -758.7274313
-639.0585629   -2203.3245564   -752.266407
-639.6255223   -2247.5926876   -799.187243
-639.3818585   -2262.3577118   -822.0358491
-640.3574673   -2265.2192116   -827.5290728
-638.5462014   -2258.8756084   -816.4277673
-638.1711689   -2204.978466   -774.9230266
-637.902948   -2269.4158554   -842.4410224
-639.5543543   -2204.5571804   -757.9397559
-640.3242079   -2206.404686   -768.2737708
-640.8858029   -2228.9862633   -760.6058121
-640.9582821   -2222.933054   -745.2523708
-640.1785342   -2256.0887337   -811.2614751
-641.2967173   -2267.6079273   -832.9720497
-641.6173903   -2269.5465088   -838.5896087
-641.0042969   -2204.2741776   -783.7842703
-641.4043633   -2206.4361572   -778.1293392
-640.5075518   -2270.7459927   -843.9605832
-640.0392977   -2251.0156631   -804.0969372
-640.6697956   -2220.3662395   -738.8867736
-641.3645474   -2202.231884   -788.1864905
-641.6222779   -2218.7995911   -734.887898
-637.0284287   -2204.5893669   -703.9077878
-631.994578   -2202.3282051   -698.9426613
-638.9039484   -2202.3618221   -697.3885298
