341.3912645   356.7290083   -1343.7395094
341.4413915   359.2754995   -1344.1180637
341.5890453   355.26382   -1343.9371067
342.5528511   357.309658   -1345.0542529
341.5554112   353.7646838   -1343.9985225
342.8484384   354.930009   -1345.2331815
343.8587153   356.5276407   -1346.9765255
342.4515338   353.1484604   -1344.8172484
343.8785801   354.5907615   -1346.6979735
343.4224583   353.6932793   -1345.8548294
343.2341206   358.6574816   -1346.2934178
342.5498137   351.4765802   -1344.9260826
341.4474537   349.1807334   -1344.6572963
343.4448128   352.5240423   -1345.718217
344.2140916   352.8549284   -1346.987745
344.3884317   354.4383159   -1348.7806463
344.4848231   355.9714778   -1349.0079871
344.351818   356.9552428   -1348.4170944
343.9812498   351.0151032   -1346.5123011
342.8401917   349.3247122   -1345.8624773
344.3939529   352.0073282   -1348.2593653
342.0251442   347.9261657   -1345.7141508
341.2069465   347.0183504   -1345.0766638
344.3420244   352.9531191   -1349.705063
343.8731521   349.9871254   -1347.274832
344.0631093   350.5553609   -1348.6429724
342.9704088   348.339803   -1347.1805742
341.0324508   345.3993545   -1345.8139144
344.3189168   354.3333537   -1351.1172282
344.5382452   355.4662738   -1350.2878969
341.9790541   346.7418347   -1346.54952
344.170345   351.5710611   -1349.5827691
343.4090496   348.9971318   -1348.6277698
344.029521   352.3094383   -1350.9141256
342.238995   346.820238   -1348.5489214
343.5919598   350.2693478   -1350.4073299
341.2230609   345.1342615   -1347.7670854
342.8159645   348.2486771   -1350.0685866
343.4457998   351.3357885   -1352.1031508
343.8270904   353.2792141   -1352.5122164
343.0761552   349.1554866   -1350.8949703
343.127029   349.8741271   -1351.6780884
341.3419005   345.5751607   -1349.7950279
341.9135881   347.0230356   -1351.1445416
342.6044511   348.6647064   -1351.7205192
342.5376983   349.6949286   -1353.0526936
342.9382418   351.7852507   -1353.8306748
342.0817042   349.9244536   -1354.2979723
341.844303   351.4017062   -1355.8803576
343.4583204   354.0416656   -1354.2288963
340.8943673   345.4003831   -1351.7319181
341.9508084   348.198458   -1352.9469281
341.1539978   346.76163   -1353.1606674
341.421888   348.2412402   -1354.1973747
341.4125268   349.265192   -1355.1508542
340.8365339   349.5936721   -1356.4927024
340.7828603   351.2551251   -1357.6573062
340.9933167   362.2356185   -1344.5449479
340.7755693   364.3434599   -1345.4338425
341.1805879   365.500235   -1346.7912822
340.7640265   369.9870487   -1349.795298
341.4643462   366.7556669   -1348.1185565
341.079111   371.1328922   -1351.2335792
341.9937385   363.6075021   -1346.6829602
341.8176979   360.8071158   -1345.0476765
340.8271827   372.7100078   -1352.4969542
341.224294   373.3308055   -1354.0325121
342.1571216   365.1387444   -1347.8842565
342.1071728   368.1681792   -1350.1044726
342.0567916   367.2223903   -1349.2760367
341.863382   369.4170451   -1350.7548417
342.2734544   361.6988398   -1346.0678396
341.6698574   371.4584885   -1352.4866781
342.6497663   365.7982773   -1349.1351
342.4780746   359.7816742   -1345.5703519
341.6855681   372.2099199   -1353.4136348
342.3323423   369.8737121   -1352.0914391
343.0124968   364.1053275   -1348.6435381
343.1563765   362.3280137   -1347.851141
343.0227067   366.5148729   -1350.2950993
342.6367973   368.5117362   -1351.2665406
343.2252397   360.462967   -1347.0200483
342.3846889   370.9453189   -1353.4771291
341.3100064   374.3663376   -1355.7597707
343.6059941   364.8475666   -1350.4048005
343.218085   367.3323164   -1351.3971105
342.3331743   371.8030314   -1354.5477071
343.2874059   368.3036885   -1352.7542788
343.00341   369.548452   -1353.4896481
342.2079379   372.7407883   -1355.7769477
341.3000442   375.2995643   -1357.6924957
343.7795236   362.923908   -1349.6630745
343.7381991   366.0395235   -1351.633308
341.8612238   373.9944652   -1356.8881794
343.0117144   370.272757   -1354.6505773
343.8973832   360.8970763   -1348.7756487
343.9966246   358.5300799   -1347.9775942
343.7143345   367.0339781   -1352.6196134
341.0324256   376.35156   -1359.3632193
344.1336312   363.4225864   -1351.286143
344.0905544   364.7471666   -1352.0852792
343.5061857   368.5992831   -1354.6198638
342.9031969   371.0894465   -1355.8203659
342.3413192   372.9804454   -1357.1373516
342.7198346   371.8628527   -1356.8235406
342.0653629   373.8620864   -1358.2396835
344.2598552   361.6079384   -1350.64092
344.02278   365.8957797   -1353.1358391
340.8369423   377.0799928   -1361.0732194
343.8214808   367.1980434   -1353.8734648
343.3244198   369.5473931   -1355.9768132
344.4619592   359.2817759   -1350.1352768
341.712198   374.8908683   -1359.5387232
343.0580157   370.5147525   -1357.4765576
342.5905502   372.301501   -1358.1464068
341.3789003   375.831992   -1360.6255497
344.2919072   363.4972642   -1352.5978412
344.2288392   364.3036617   -1353.6855435
344.3986406   362.1304802   -1352.3052953
343.8240516   367.0054934   -1355.4144788
343.5914495   368.0236617   -1356.2737392
344.0527384   365.7299202   -1354.6338867
342.2260211   373.0662181   -1359.9914955
343.3037424   368.432033   -1357.8428943
344.5776696   356.9919315   -1349.8975187
344.540857   360.5676969   -1351.6520969
341.6957306   374.6915765   -1361.282538
341.2573419   376.0884743   -1361.7398427
340.8538605   377.0763402   -1362.6643396
344.3131832   362.4059147   -1353.9887349
342.7247224   371.2960855   -1359.1527419
344.6790452   359.0749646   -1352.0461956
344.7536296   357.8332075   -1351.2470265
343.8166959   365.2875123   -1356.4418319
343.5855364   366.5372366   -1357.2820828
342.9550099   369.7645857   -1359.0817052
344.4833207   360.5526442   -1353.184713
344.0933171   363.9873053   -1355.3167543
341.2541933   375.6598362   -1362.8893739
341.9026691   373.4460235   -1361.6504956
342.0536774   372.1512975   -1361.6527146
340.7734959   376.7964438   -1364.1958451
342.4994422   370.6334203   -1360.557614
341.5313612   374.1417395   -1362.9539204
344.6176929   356.3079368   -1351.5418408
344.0194049   362.4848831   -1355.64988
344.1283055   360.7526814   -1354.9290038
344.5349415   357.4379866   -1352.8691657
344.3092854   358.9465207   -1353.9744145
340.8217798   375.2858766   -1365.0832842
342.6764489   368.4227313   -1360.3062857
341.6804989   372.9008395   -1362.8930185
343.0795331   366.6399552   -1359.1487424
343.6218598   363.3464599   -1357.1174952
343.1949666   364.5834275   -1358.5909884
342.1011988   370.8014759   -1361.9569479
341.46383   371.4114805   -1363.6988631
341.9515077   369.4731254   -1362.3859783
343.5539905   361.3212559   -1356.8244247
341.2400058   373.3515031   -1364.3277081
344.2440431   355.3746388   -1352.77699
342.4705525   366.6188541   -1360.7700405
343.6038443   359.3778805   -1356.0871861
342.6808923   365.3902629   -1360.0790009
341.8283936   367.2277715   -1362.2533613
343.5961765   357.4290736   -1355.4657019
343.9686298   356.1621107   -1354.1891425
342.6958578   362.1293252   -1358.9752689
342.4763937   363.9963742   -1360.1178039
341.1488119   369.6321623   -1364.1680505
342.7741045   360.0008585   -1358.0825264
343.135998   355.4403411   -1355.7616394
341.0794187   368.0551895   -1363.9709465
342.7375516   358.2196034   -1357.5247759
341.7478845   364.7661819   -1361.6885867
342.2117988   360.5816812   -1359.2809998
341.2437825   365.4772666   -1362.8964333
340.8126528   366.0763386   -1363.9615376
341.882186   362.7098919   -1360.6955626
341.4259006   360.6267292   -1360.6268218
342.2150525   356.3467974   -1357.7532206
342.6033699   353.5437879   -1355.8086127
341.8930683   358.633789   -1359.1081039
342.7009531   352.5427256   -1354.9894941
342.2617508   354.6903516   -1357.0327761
341.0113139   362.2332511   -1362.1496682
340.8656722   355.9796802   -1359.7263084
341.6808701   353.3324948   -1357.3202099
341.0771324   358.3703876   -1360.3076609
341.4742815   354.7639341   -1358.3012492
341.1867336   352.3722931   -1357.6477525
