684.4203892   -1915.8340693   711.8200064
682.991256   -1915.6700373   714.9757147
686.6227733   -1917.7833796   713.8251066
682.831523   -1915.881753   718.5226679
678.8685816   -1913.171649   716.4340615
685.6638836   -1917.8247452   717.2985077
679.3965297   -1913.5534763   719.7947502
677.2501963   -1912.1081829   713.8747573
675.3423633   -1910.497427   720.0146317
674.7439476   -1910.6272459   713.9250636
671.9830381   -1908.166647   717.617631
672.2420873   -1909.0827703   711.7238641
670.1843636   -1905.9000015   720.2923298
669.5828336   -1907.2260857   712.0950818
668.3804589   -1905.4991007   716.0663605
667.7794876   -1903.955102   719.0902829
666.64501   -1905.0809145   711.8937969
665.4739278   -1902.3196697   717.7199125
664.9782109   -1903.1820297   713.9073014
663.133231   -1900.4499912   716.7323232
661.6549911   -1900.4888535   713.3376002
661.4853191   -1897.4348307   719.7883725
659.5740067   -1896.8696594   717.2402143
659.5450985   -1899.7018337   710.6062174
658.9737581   -1898.03195   713.6184573
657.1726697   -1895.3765631   715.9199715
656.8380492   -1897.2270489   711.3325596
655.1246243   -1892.767787   717.6195383
654.0568071   -1894.0391541   713.4273052
651.4155874   -1892.2263384   713.0187154
652.331424   -1890.5302286   717.5502181
649.4236933   -1888.2479668   717.5847888
648.853832   -1890.5718327   712.5689983
647.4520723   -1885.9043121   719.0003395
644.8185901   -1886.4821196   714.8148417
646.3023732   -1889.6209002   710.8950615
644.5220011   -1883.1146955   719.9350595
643.5205052   -1887.4422312   711.3934755
641.0241509   -1882.7780485   716.4893746
641.5801281   -1885.0415945   713.3240104
639.9381394   -1879.4161081   720.0430632
639.4006657   -1885.0690126   710.5430365
637.1954428   -1880.3673983   715.7910466
638.1509314   -1883.1548691   712.4834657
636.6451132   -1877.7686357   718.7361717
634.1838809   -1881.065011   711.2258077
634.1553228   -1876.8367767   717.3759937
632.3389979   -1878.4906864   713.1645679
631.9303075   -1873.9374876   718.6531425
629.6764398   -1870.5852032   720.2941179
630.9693614   -1875.9431839   715.2158618
628.1130473   -1872.546792   716.5580392
628.5207319   -1876.8148422   711.2604976
628.3388297   -1874.7532368   713.9909863
626.3881075   -1868.6629534   719.3778753
625.6571236   -1874.8768568   710.862875
626.2141848   -1872.7879524   714.333415
624.4047331   -1869.7730303   716.2927389
623.2394735   -1867.1300411   718.2683945
623.5051165   -1872.0704317   712.4215961
620.295371   -1864.7012711   718.4736729
620.7961562   -1868.0663109   714.8973942
620.8540509   -1871.2353706   710.7552886
617.7057447   -1861.7016077   719.8987007
617.9604652   -1867.7648306   712.480545
617.7130873   -1865.4327393   715.3410912
617.1292151   -1863.3290529   717.4448967
614.6163429   -1865.0017977   713.0734921
614.0558897   -1863.0735874   715.2245641
614.973587   -1861.4171743   718.1317806
612.9348549   -1860.368371   717.9822922
611.0361861   -1863.3012772   711.8065953
608.8506924   -1858.3284616   717.3313498
607.3398767   -1859.8101139   713.2521272
603.9857185   -1855.0118208   717.8269029
606.2452672   -1857.8842878   715.421617
604.830334   -1854.0213108   720.2345133
604.5041066   -1857.9761982   712.5999928
603.2656161   -1856.0131788   714.797318
600.3343109   -1854.5593023   711.9979262
601.1506683   -1853.887558   716.0881758
599.6032032   -1851.6223431   718.9074159
597.9181156   -1851.6718149   715.3106928
596.0028391   -1851.1258364   710.6889486
595.8291963   -1849.2913246   717.8937197
594.3583299   -1849.1555452   714.5946622
593.8845112   -1847.0457792   720.4055786
592.8690721   -1848.6602306   710.6652856
591.8435282   -1846.7600346   716.6338563
590.998907   -1847.0679522   712.539196
590.9689863   -1845.2005386   719.617486
589.0169526   -1845.2091217   714.1519785
588.2427285   -1843.7978029   717.2067165
588.3775095   -1845.2044725   711.3284469
585.7659118   -1840.9466743   719.4103599
585.9184559   -1842.7907228   713.0899429
585.662466   -1841.9007063   716.3654566
583.0870672   -1839.5960331   715.744555
582.9568478   -1840.3559923   711.7760181
582.1975964   -1837.8818035   718.6201215
580.3721762   -1837.7125263   712.100625
580.2542773   -1836.6326094   715.8977389
580.382715   -1835.4771137   719.3901539
577.9628884   -1833.8867426   716.6475058
578.0469766   -1832.6257467   719.8312879
578.1438668   -1835.2563381   712.4732733
576.1565697   -1832.6861858   713.239789
575.1772272   -1829.970479   717.662096
574.079969   -1830.4743767   712.2577429
572.1528205   -1825.3104687   718.6027169
572.0492984   -1827.1312714   714.5841122
572.2679282   -1828.4040689   710.8258009
570.2123559   -1825.6846666   711.9441032
570.0802906   -1821.7483759   718.9913392
569.0239789   -1823.1583834   714.8653865
567.4464731   -1818.1805611   717.7881002
565.1002387   -1819.1846609   711.8039131
565.2665599   -1815.3830767   718.4678316
564.3843515   -1816.5428638   714.8677707
564.0516626   -1813.3722544   720.2014327
562.7167272   -1813.5471344   717.0526981
562.1834817   -1814.989686   713.0236626
560.2211422   -1810.6312752   718.609333
559.9225061   -1811.8984699   714.8326039
559.2069636   -1812.538743   710.6944323
557.6890493   -1808.9382648   717.5337076
557.2618517   -1809.7480536   713.3885026
555.6467073   -1807.0983887   717.3530459
554.7086494   -1807.2187901   712.3941779
553.7823039   -1805.300951   720.0718522
553.7683117   -1805.4788113   716.154933
551.7277355   -1804.2654991   711.12293
552.296103   -1804.140687   717.4865007
550.7838065   -1802.9870987   714.5674229
549.6589365   -1802.3560047   717.5880671
548.7406226   -1801.4053106   711.9135857
546.7223311   -1800.2064228   714.8852944
546.5040813   -1800.506115   718.1534767
544.7422723   -1798.7673283   712.4818563
543.5211519   -1798.6521721   716.2047625
540.7844009   -1796.7108488   713.0604386
540.0880771   -1797.4444628   717.5027132
537.1981534   -1795.7191467   715.1029706
536.9864079   -1796.5846062   718.573153
533.5119712   -1793.8748598   712.6972675
534.1745699   -1795.3263521   717.3255086
530.3893509   -1795.0059175   719.4574475
530.7997847   -1794.2137718   716.4885998
529.0421518   -1792.9151058   713.0994797
527.1275388   -1793.6191559   716.7721391
525.1709344   -1792.4408913   713.481307
523.5205861   -1793.2155132   716.9428468
522.5139531   -1791.4819717   710.8802199
521.9668718   -1792.3210859   714.2164111
520.1560008   -1793.6897278   719.2803025
520.0271132   -1792.9549217   716.7288661
518.5297998   -1791.9489145   712.903738
515.6621235   -1793.3107615   717.5721526
514.6468701   -1792.3047543   713.5621905
513.3300769   -1794.0753698   719.4595337
511.5439715   -1793.1431532   715.4935002
511.1992183   -1792.0105457   710.7400298
509.2070969   -1792.7519083   712.8596902
507.2305473   -1793.7744856   716.0397768
505.0287294   -1793.1003571   711.9606733
505.2797841   -1794.7018147   718.8680172
501.6662376   -1794.8310375   717.9493904
500.3156932   -1793.9796448   713.8539553
498.1837171   -1795.1285839   718.1810141
497.6235377   -1793.5979366   711.4737034
496.0130724   -1794.614315   715.8641219
493.9762848   -1795.8452702   720.1315761
493.1253614   -1793.628335   711.4779949
492.2214793   -1794.6386337   715.6560421
489.8047792   -1795.2920198   717.8421021
488.4287613   -1793.7241793   712.5041485
486.1842217   -1794.6163416   715.9376144
482.2779717   -1793.1003571   711.7073536
482.0602285   -1794.5526838   716.1833048
478.572716   -1795.3509092   718.8227177
478.8636985   -1793.7219143   714.4321203
477.9348122   -1792.6670313   711.5706205
476.2634831   -1794.1749096   716.2268162
474.5662259   -1795.5150604   719.9790478
471.3161933   -1793.3493853   715.4943943
472.4831703   -1794.3860292   717.7287936
470.3832614   -1792.2254801   712.9386067
470.0056138   -1795.2090502   720.3783989
465.5212285   -1792.2005653   714.5303488
465.2173045   -1790.9048796   711.4666104
465.4534432   -1794.1541672   719.1770077
461.6915705   -1792.9221392   717.389226
460.1887884   -1791.4327383   714.4134045
458.5013958   -1792.3117876   716.8667316
454.9585851   -1789.8806334   712.4566436
453.377259   -1791.6909456   716.7793512
451.1641832   -1790.2601957   714.3542767
451.0672512   -1788.6446714   710.9014988
449.0955444   -1792.4864292   719.319284
449.2324414   -1791.072011   716.5217996
448.0022611   -1788.9112234   712.4092579
445.8351555   -1792.2171354   719.461143
445.5127092   -1790.168047   715.6331539
441.9842782   -1790.4416323   717.0424461
442.415786   -1792.1555042   719.9019194
440.9195008   -1788.0004644   712.4828696
439.5442726   -1791.6127443   719.4838524
437.5900897   -1789.5790339   716.1309123
436.8354651   -1787.6431942   712.4531865
436.6762163   -1791.2957668   719.2431688
433.6803975   -1788.2789373   713.9930725
433.5818561   -1790.4442549   717.9481983
429.4556352   -1787.1540785   711.8325233
430.571151   -1789.1216278   715.6237364
429.6557876   -1790.8570766   718.5541391
426.5261563   -1789.2277241   715.5988216
426.0810586   -1791.6766405   719.5191979
425.2933832   -1787.3089314   711.9866014
422.5127371   -1790.6666994   717.480123
422.2947332   -1788.4845734   713.8515711
418.8210192   -1792.1991348   719.0629244
418.7416556   -1789.8581028   715.5339718
418.6238917   -1787.7486944   711.9469643
415.1341441   -1791.3428545   716.9715166
415.1823493   -1789.1615629   713.6053443
411.9781526   -1790.5451059   714.8879766
412.1518853   -1788.8553143   712.2582793
411.3905104   -1792.6756144   717.7728415
408.9195254   -1789.9237871   712.8898501
409.1618034   -1791.6648388   715.5966163
407.677454   -1793.5032845   717.5969481
406.5534594   -1789.4904613   711.2711072
405.9451195   -1795.5346107   719.4405794
405.8772596   -1791.8885946   714.6559954
404.0082666   -1794.2996025   717.1697021
402.1431925   -1797.187686   719.8984027
403.6869081   -1791.1241055   712.5546336
401.9168737   -1792.9764986   714.429915
400.4790606   -1795.1077223   716.6281343
400.7445397   -1791.5681601   711.7352486
398.7533125   -1798.0298996   719.5214033
396.7852267   -1794.2490578   713.5303617
396.063474   -1797.0488071   717.0730829
395.6476422   -1799.5759249   720.1446295
393.1822004   -1796.0501909   714.207232
392.8717645   -1797.7895737   716.6493535
390.5197801   -1799.7219563   718.3714509
389.7330137   -1796.9561815   713.672936
386.8699344   -1801.0029793   718.7686563
385.8673694   -1797.2679138   711.3764286
383.9795115   -1799.1764545   713.7553096
382.6602968   -1801.4646769   717.2614932
381.9475146   -1798.6207008   710.7978463
380.432156   -1800.6458282   713.9691114
378.0844035   -1803.388834   717.7636027
377.5597634   -1802.4696112   715.2245641
375.6705346   -1802.2053242   712.7638459
376.0831925   -1804.7584295   718.7283635
374.9400797   -1803.8750887   715.7769203
372.3686906   -1806.121707   717.8913951
371.2662431   -1804.1681051   712.6582265
369.298053   -1808.7637424   719.8002338
368.6301979   -1806.3875437   714.5290375
365.9073534   -1806.3291311   711.4366293
366.5464046   -1810.9192848   720.4797268
366.070089   -1807.9737425   714.7884965
365.3033497   -1809.764266   717.1087265
363.5921153   -1812.8877878   720.5029726
362.8295632   -1808.1233501   711.4681005
362.8918799   -1810.0367785   714.9178386
360.5974587   -1812.6908541   716.6575193
359.3104752   -1811.4134073   713.1966352
355.6095632   -1815.5525923   715.3531313
354.9045297   -1813.1459951   710.6313705
355.1741215   -1817.6420927   718.4188962
352.5377186   -1818.9483881   717.6662087
352.7009758   -1815.8335686   712.020874
352.016327   -1817.6959753   714.42765
350.8295538   -1819.9671507   717.8815603
348.7365963   -1819.3119764   713.2065892
347.64151   -1821.429491   718.1769609
345.486206   -1820.9328651   713.2166624
343.9187827   -1823.1084347   720.4199433
343.2182344   -1822.4449158   716.2337899
342.2282311   -1821.8684196   712.1976018
339.9805101   -1823.7261772   719.0477252
339.857963   -1822.9904175   714.4569755
339.5579132   -1822.4301338   711.1503482
337.2098478   -1823.753953   715.9590125
335.8513685   -1824.3306875   719.2351222
336.8413719   -1823.289752   712.2237086
333.4661099   -1824.1086006   714.8761749
332.1046504   -1824.5850801   719.5754051
327.2866281   -1823.9017725   710.5885148
329.4139477   -1824.373126   716.4211869
327.1103772   -1824.0542412   714.0587568
325.5140754   -1823.9455223   717.4078226
324.1500529   -1823.6185312   712.9048705
322.1109482   -1823.1782913   719.728291
322.1829208   -1823.2139349   716.1895633
320.2457996   -1822.7131367   713.5369778
318.915126   -1822.1772909   717.386663
317.5667497   -1821.8557835   710.9307051
316.782889   -1821.3056326   715.3862119
315.6293603   -1820.3736544   719.6747065
314.3096539   -1820.0758696   713.6477828
313.8068589   -1819.357872   717.2808051
310.9969469   -1818.0798292   711.0423446
310.3640052   -1816.8612719   714.7113085
310.5117353   -1816.3717985   718.6150551
308.1488284   -1814.917326   714.4742608
307.7273639   -1813.6470318   718.8310623
305.8661493   -1813.0800724   712.7777934
304.9755367   -1811.4316463   716.6603804
303.1067821   -1810.3539944   713.5387063
302.4553033   -1808.698535   719.8015451
301.0793599   -1807.9380989   716.986537
300.1916381   -1808.1299067   712.2033834
298.6732694   -1805.724144   720.1187611
298.7285527   -1806.2999249   715.9626484
296.4513274   -1805.2428961   712.5425339
294.6160408   -1803.3021688   716.9635892
293.0333885   -1802.9277325   712.5402093
291.5247055   -1801.6335964   714.8798704
290.1775213   -1800.4332781   717.9325819
289.5559343   -1800.9748459   712.0344639
289.0202376   -1800.1362085   715.5839801
286.6920801   -1799.2764711   713.5630846
285.8293029   -1798.4046936   717.1781063
283.1893238   -1796.9020605   720.4244733
283.0235633   -1797.7501154   713.136673
281.9912704   -1796.8188524   716.9576287
278.5455557   -1795.3191996   719.3270922
279.2248996   -1796.0945368   714.7575021
276.375291   -1795.4477072   712.927103
276.3575884   -1795.0255871   715.8654332
274.0447792   -1794.1253185   718.1313038
273.5073837   -1794.4967747   714.1922712
270.3597816   -1793.467164   716.5170312
270.0103494   -1794.0238714   712.3024464
266.2814232   -1792.519927   718.1215286
266.4236995   -1793.0076122   714.7703171
263.4959491   -1793.0117846   712.2692466
262.09825   -1792.3071384   715.8047557
262.5359865   -1791.8745279   719.8675871
260.2454992   -1792.7372456   712.0364308
258.9663538   -1791.6741371   718.814373
258.073357   -1792.1050787   714.9809599
257.1841749   -1792.6163673   711.7474079
255.3105327   -1791.6320562   717.6868916
254.7127875   -1792.1807766   713.7778401
252.7893158   -1791.323781   720.2262878
251.4451417   -1791.7431593   716.5476084
252.0410093   -1792.3986912   712.4932408
249.8583468   -1791.3426161   720.3592062
248.7158152   -1792.2796011   713.4358883
246.8323382   -1791.7407751   717.7944779
244.2427548   -1792.4280167   714.0775323
243.3871003   -1791.739583   720.279932
243.5709509   -1792.0304537   717.3448205
243.5714277   -1793.0116653   710.886538
240.3837117   -1793.1629419   711.8750215
239.8619028   -1792.4721241   717.238307
236.6798195   -1793.3849096   713.7607932
235.0757989   -1793.2443619   717.2398567
233.9766594   -1794.4002151   710.5718851
233.5799309   -1793.8970327   714.4950628
232.8103455   -1793.4589386   719.9159265
231.6375645   -1794.0318584   717.0987129
230.5989834   -1794.7307825   713.8254046
229.6946021   -1795.4773903   710.6621861
229.6309444   -1794.2605019   720.156014
228.2927307   -1795.0055599   716.9033885
226.5571924   -1796.1016893   713.2837772
225.4960211   -1795.5904007   720.1215625
224.8110446   -1796.1947918   717.3129916
222.5797447   -1798.0414629   711.1058235
222.2669395   -1797.6859808   714.345336
220.9174307   -1797.5984812   719.158411
218.977389   -1799.4897366   712.4556899
219.4825681   -1798.764348   715.6736255
218.5536595   -1798.899889   717.5757885
216.909376   -1799.3750572   720.2430367
216.8976637   -1800.0442982   715.1194811
215.305564   -1801.3139963   711.9807005
213.5879668   -1801.1826277   718.3053493
211.8812772   -1802.6117086   714.1363025
210.5313512   -1802.8349876   717.0137763
209.492174   -1802.9315472   720.3246355
209.3816074   -1804.2346239   711.3237977
207.3078426   -1804.7072887   714.377284
207.1318897   -1804.1826487   718.9558744
206.4256044   -1805.6839705   710.6097341
203.2227191   -1806.0691357   717.7318335
203.0551704   -1806.7657948   713.0128741
200.2344402   -1807.4330091   716.7655826
199.1299363   -1808.3167076   713.6951685
196.2750527   -1809.3318939   714.8881555
193.7866481   -1809.9679947   718.9785838
193.5894164   -1810.5589151   714.2553926
190.2070018   -1811.7852211   717.0387506
190.8405694   -1811.2206459   720.5070257
190.920231   -1811.8782043   713.3759856
188.1631883   -1813.2674694   712.7529383
186.9711848   -1813.4382963   716.8746591
184.1605576   -1815.1218891   715.004921
181.4279231   -1817.0775175   711.3891244
182.0129427   -1816.0583973   719.1794515
180.4696592   -1817.1811104   716.0801888
179.0355118   -1817.8505898   719.2416191
179.1115674   -1818.2967901   712.9775882
176.7884763   -1819.565177   714.6964073
175.1044365   -1820.3579187   718.5770869
173.2519539   -1822.0769167   712.2422457
174.0310463   -1821.2391138   715.5963778
172.6286384   -1821.975112   718.2517052
171.1033853   -1823.1767416   715.6105042
169.5255908   -1824.5782852   712.6072049
169.7846922   -1823.7740993   719.5691466
168.5658368   -1824.8548508   716.2749171
166.2867936   -1826.2239695   718.9646363
166.9216128   -1826.7803192   710.8398676
166.2424179   -1826.7823458   714.3607736
163.3409532   -1829.6989202   711.1482024
163.1673845   -1828.9556503   716.3488865
163.0699011   -1828.5593987   720.4336524
160.1114246   -1831.9518566   714.5982981
160.5877849   -1830.8924437   718.4826136
158.5750254   -1832.9365253   717.5429463
158.2173976   -1834.2555761   712.5592232
157.3363813   -1834.6120119   715.3726816
156.4864191   -1834.7593546   720.027864
155.9324535   -1836.9604349   712.2831941
155.0209197   -1837.0870352   716.5181637
154.4682058   -1837.0594978   720.4810977
153.118101   -1840.0858641   714.2426372
153.0290814   -1839.3301964   718.1125879
152.366248   -1842.1332836   710.8760476
150.7631811   -1842.6294327   717.7203894
151.0583433   -1843.2415724   713.6365771
150.4608067   -1845.1398611   710.7738853
148.894039   -1846.4275599   714.6068811
147.979674   -1846.5756178   719.6798921
148.5516997   -1848.5893011   710.534811
147.3157676   -1849.6661186   713.4193182
146.7530998   -1849.589467   716.5515423
146.7338773   -1851.9101143   711.0738754
145.5658945   -1850.7448435   720.2304602
145.5636593   -1852.1900177   715.7013416
144.8672684   -1854.4999361   714.0036225
143.6745795   -1858.0577374   713.0448818
143.7720033   -1854.8781872   718.8223004
143.4881064   -1856.6756248   716.2657976
142.6984938   -1862.3474836   710.8783722
142.1684297   -1859.2964411   717.8134322
141.9309946   -1862.4802828   713.8006687
141.386387   -1866.0407066   711.3063335
140.3362723   -1864.3838167   718.0696726
140.2881118   -1866.1917448   715.6783938
139.903632   -1868.948698   713.3675218
139.0286954   -1873.1299639   711.5510702
138.9696869   -1868.9544201   717.1693444
138.0513283   -1873.1085062   715.1761651
137.3183402   -1878.9699078   710.5904818
137.3462053   -1876.9302368   712.9556537
137.7309235   -1870.8651066   719.4367647
136.2764808   -1875.0107288   719.2921042
135.9417113   -1877.603054   716.9594765
135.9183165   -1882.9146624   710.7217908
135.5131539   -1880.5967569   714.7924304
134.0669962   -1881.5829754   718.2866335
133.17844   -1885.3200674   716.7423368
132.9981061   -1887.9891634   714.2800689
132.4487897   -1891.7152882   712.1255398
131.7149969   -1895.2385187   710.7164264
131.6688927   -1890.0309801   716.5158987
130.548087   -1894.4991827   715.693891
129.6951147   -1899.4950056   713.5996819
129.45762   -1902.7795792   711.355269
129.3242546   -1895.7227468   720.0133801
129.0972503   -1898.8440037   717.1139121
128.2005879   -1909.1113806   711.3697529
128.5004886   -1902.341485   716.0876989
127.6315125   -1908.177495   714.9348855
128.1130584   -1901.6907215   719.2798853
127.4159225   -1905.4687023   719.1079259
127.3090812   -1916.2490368   710.6699944
126.7951103   -1915.145278   713.8243318
126.6376945   -1910.4329348   718.8242674
125.8222135   -1915.8803225   718.3195353
126.5502246   -1920.7226038   710.8765841
125.6019147   -1918.6587334   717.0391083
125.6307038   -1921.2206602   714.9288058
705.4335447   -1966.5929079   710.8080983
704.1256624   -2048.9506721   711.0424042
703.8977864   -2044.8429585   710.8121514
704.803926   -1962.8795385   713.0320072
704.4993984   -1957.8553438   712.7658129
704.2803588   -1954.1180134   711.8896246
704.2382853   -2052.8817177   711.3693953
704.8213901   -1970.5492258   713.234663
705.0223621   -1974.20609   711.1773491
704.3478387   -1968.8688517   715.618968
704.7197568   -1977.5824547   711.4471197
703.2835903   -2056.8611622   713.8193846
703.8481357   -2060.603857   712.4330401
704.2737352   -1973.7466574   715.2886987
703.1547176   -1947.1694231   710.6292248
704.3267684   -1981.3383818   711.5757465
704.0197896   -1965.1905298   716.5417075
703.7628414   -1961.2772465   716.311872
702.9448571   -1951.2315989   713.6912346
704.0312263   -1978.2886505   714.9823904
703.5998451   -1989.6663427   711.1203671
703.6636742   -1983.4350348   713.9536142
703.6568793   -1967.4427509   718.3596492
703.3337029   -1954.6883106   714.6353126
703.1402188   -1957.9011202   716.7880535
703.5847428   -1971.6105461   718.9766169
703.5554471   -1976.2786627   718.2775736
702.7289989   -2052.6463985   714.6397829
703.3321681   -1993.8919544   710.5429173
702.1417888   -2047.6253033   715.1046991
703.2579678   -1980.3535938   718.0361152
702.9397162   -1964.2425776   720.2944756
702.2268223   -2042.5677299   713.9105797
702.3994597   -1960.1874352   720.2496529
702.3953023   -2038.5091305   712.6810551
702.8276818   -1987.6642227   715.8402205
702.422251   -1985.7195616   719.2633152
702.3573416   -2001.9979477   711.4394307
702.7463215   -1992.5794601   713.8798833
702.8676765   -1997.4807501   711.090982
701.5750157   -1954.0917873   719.2168236
701.9883143   -1952.3900747   716.8645859
701.778655   -2033.0586433   712.9653096
701.758069   -2055.6418896   717.4825668
702.2072347   -2059.2494011   716.7448401
701.5070292   -2017.3723698   711.368978
701.7498883   -2022.8660107   711.0328674
701.5996399   -2028.9325714   712.4854922
701.8315317   -1948.8422871   714.9065137
701.5996473   -1943.6107874   711.6897106
700.436336   -1945.2316761   715.4628634
701.9764083   -1993.0542707   717.0975208
701.1091235   -1940.6350851   710.6681466
701.9462409   -1997.1735477   715.4686451
701.1222067   -2025.6631374   713.2173181
701.0486918   -2051.705122   718.544066
701.6459378   -2005.8376789   713.1379843
700.707038   -2041.4140224   717.2108293
701.113564   -2036.126852   715.2324915
701.2129696   -2002.7360916   716.1310911
701.0474699   -2014.0025616   713.1211162
700.9574147   -2019.8843479   713.1810188
701.2002664   -1994.8381186   719.6224928
700.4266726   -2010.3397369   716.4667249
700.7491859   -1949.0436316   717.7487612
700.6237777   -2006.9539547   716.794908
700.8246826   -1998.8255501   719.4492817
700.7956254   -2030.9464931   715.0438428
700.2004655   -2033.9093208   717.1289921
700.2634528   -2023.9055157   715.4393196
699.7172954   -1940.9536123   713.9772177
700.230849   -2028.2275677   716.1301374
700.3511759   -2016.2029266   715.3633237
699.6181878   -2036.7155075   719.3142772
698.2902857   -1936.6184473   714.063406
700.1190531   -2012.9039288   716.9898152
699.8319971   -2019.9167728   716.9392705
698.9866989   -2029.7920704   719.9833393
699.5370062   -1948.0845928   720.2838063
701.4272409   -2061.5432262   719.2661762
699.2613646   -2022.9079723   718.762219
699.1718458   -1941.3324594   715.714097
697.8538381   -1940.6901598   719.0914154
699.5670395   -2016.5231228   718.2697654
699.3868472   -2026.8886089   718.5798883
699.182299   -2014.0180588   720.0439572
697.8401738   -1933.0593348   712.1300101
698.9146071   -2019.354105   720.1442719
698.3902352   -1939.2284155   715.9925103
697.2056376   -1936.4595413   717.2148824
697.0842975   -1934.004426   715.1514888
696.4146691   -1936.5209341   720.4951048
695.7948404   -1931.1847687   716.16292
695.9918039   -1933.4318638   718.2183266
694.4949599   -1925.2047539   711.0773921
694.7860318   -1927.6021719   714.3267989
694.337708   -1929.394722   719.0487981
692.9273801   -1924.0140915   713.2764459
692.3357966   -1925.2212048   718.3403373
689.4375058   -1919.5519686   712.0100856
690.6919079   -1921.7879772   714.8672342
688.6092695   -1920.6904173   718.5316086
125.6061765   -1923.936367   712.5127912
124.6750029   -1929.5095205   710.6429338
124.7904571   -1925.1335859   715.2946591
124.7275742   -1920.6495285   720.2130556
124.7242662   -1927.390933   713.4226561
123.8839003   -1925.4758358   719.6258903
123.4199079   -1929.1199446   717.8965211
123.177615   -1931.9471121   715.4887319
123.5454949   -1932.8405857   711.7858529
122.5927743   -1936.1723661   711.2836838
122.4843832   -1935.2126122   714.0985727
121.9520541   -1934.5492125   719.0149426
121.2519082   -1937.7303123   717.8542018
121.077803   -1940.0575161   712.9128575
119.4443377   -1943.9686537   717.0993686
118.7680932   -1946.1996555   713.8885856
118.1103858   -1947.8293657   717.7089453
116.8226274   -1951.2760639   711.5936279
116.7915436   -1951.3492584   715.5303955
115.1645156   -1955.4086924   713.2006884
114.8684891   -1956.4714432   716.5529132
113.9251264   -1959.3659639   718.1142569
113.4993406   -1959.9552155   715.0028348
113.1063672   -1960.7063532   711.1492157
112.8588589   -1962.4170065   718.1887031
111.9478317   -1964.2753601   714.4887447
111.9551631   -1965.1926756   718.2831764
110.8622523   -1968.3125019   717.0581818
110.3719445   -1968.9408541   712.1630907
110.2911504   -1971.6777802   720.341444
109.5583709   -1972.4836349   715.9093618
109.0188297   -1973.5773802   711.3119364
109.0491387   -1975.890398   719.4559574
108.396736   -1976.7309427   715.0739431
107.8564199   -1980.3687334   718.4217572
107.9082461   -1977.9741764   711.1871839
107.5058254   -1980.2474976   714.1074538
106.8804237   -2054.3980598   712.8815055
107.3464128   -2058.9420795   713.8255835
108.5103127   -2061.1877441   710.7873559
107.095805   -1984.6463203   719.6483612
106.8434092   -1983.7375879   715.3954506
106.2715622   -1987.4531031   717.0531154
106.0234579   -1987.3484373   712.6520872
106.3007387   -2050.8503914   713.4348154
106.6340777   -2056.4892292   717.0503736
106.10002   -2051.4154434   716.9810534
105.7569953   -2046.9088554   713.488102
107.1000668   -2060.9023571   717.5246477
105.8742078   -1990.5226231   718.2177305
105.7876619   -2046.3562012   720.3456759
105.6754263   -1990.0780916   715.3580785
105.3237887   -1991.574645   712.5015259
105.2252325   -1993.5669899   716.3055539
105.0750586   -1997.0343113   719.1328406
105.2650782   -2042.1497822   712.9830718
105.2824529   -2041.4135456   719.4985747
105.2979203   -2043.1647301   716.2728906
104.9742075   -2037.6875401   719.5848227
104.8485609   -2038.1264687   712.7964497
104.8297556   -1995.1153994   712.4577165
104.9437793   -2039.7303104   716.2955403
104.5374843   -2033.2093239   718.7350392
104.5848402   -2003.9343834   720.4327583
104.6301099   -1997.6632595   715.049088
104.5539948   -1997.2509146   710.7684016
104.4896515   -2000.8933544   717.4921632
104.1872772   -2008.1372261   719.6907997
104.672608   -2036.5371704   716.1551714
104.4445606   -2033.9016914   713.3541703
104.1813763   -2001.3370514   712.9392028
104.0025326   -2005.2263737   715.6748176
104.1904958   -2028.9466381   718.0883288
104.0865453   -2029.4282436   714.3703699
103.9799126   -2012.1138096   719.4908857
103.9243313   -2025.329113   710.7807398
103.7455472   -2014.4817829   717.8966403
103.8446697   -2024.7657299   716.1049843
103.7119599   -2010.4858875   715.5166864
103.9327654   -2004.3578148   712.3326659
103.7102612   -2019.5178986   716.9968486
103.7735315   -2007.3134899   711.1361623
103.6486896   -2019.9372768   711.4303112
103.6062511   -2011.8908882   711.02494
103.5753759   -2015.1956081   714.448452
703.5212638   -2064.8777485   712.9238248
703.2159465   -2073.4226704   711.2218142
702.4684148   -2071.1786747   714.736402
702.7828219   -2062.734127   715.223372
701.3267475   -2085.0934982   711.3534808
702.2255259   -2066.9403076   716.5726423
702.0418989   -2077.4917603   713.4488225
701.5555101   -2080.9791088   713.296473
701.3751688   -2072.0098019   718.5438275
701.0439309   -2077.3096085   717.6146507
701.108438   -2066.5154457   720.3984857
701.3625028   -2079.2396069   715.1275873
700.5583691   -2080.8124542   717.510879
700.382297   -2084.3913555   715.7387733
700.4343989   -2087.0201588   713.4167552
699.5497318   -2093.0833817   711.3822699
699.7597115   -2089.3733501   714.1125202
699.4758444   -2085.1111412   719.1113234
699.4448277   -2087.8121853   716.8492675
698.6574727   -2096.5588093   710.9255195
698.5322731   -2091.7315483   716.9420123
697.7520707   -2096.0805416   715.236485
697.4862265   -2098.8821983   712.716043
697.1054869   -2095.8409309   718.3700204
696.9142007   -2101.0899544   711.948514
696.296555   -2100.505352   715.5133486
695.7883956   -2103.5017967   713.152945
695.383464   -2100.8589268   718.8988328
693.8885944   -2107.7742577   714.425683
694.6465867   -2104.5656204   716.4367437
693.8308226   -2104.3179035   720.3469872
692.9005208   -2107.6848507   718.9592719
692.6693069   -2112.3578548   711.8421197
691.7412179   -2111.1268997   718.1161642
690.8946755   -2116.6071892   712.3416066
689.69204   -2117.2850132   716.3986564
690.1923092   -2114.1109467   719.7565436
689.2484846   -2120.3334332   713.0571604
688.3759322   -2118.5183525   719.9950218
688.1337585   -2121.0167408   716.5798545
687.8197613   -2123.6169338   713.5173678
686.9198429   -2127.5434494   711.0052705
686.1717673   -2123.9216328   719.9932337
686.7154139   -2124.6740818   716.2627578
686.345202   -2127.0139217   713.9044404
685.1278963   -2131.1411858   712.4143839
685.0440624   -2128.5743713   716.5591717
684.1617199   -2128.6716461   720.0486064
683.7982061   -2132.5969696   715.136528
683.4328669   -2135.4877949   712.6267552
683.1561299   -2132.1239471   718.1734443
682.3598715   -2135.7102394   715.9433961
681.8869757   -2139.2197609   713.1921649
681.3007864   -2135.6389523   719.7545171
680.7621094   -2139.3136978   716.6476846
680.2835809   -2145.5256939   711.1986876
680.3072514   -2142.9958344   713.6475444
679.6702193   -2139.5335197   720.1269269
679.2265075   -2142.8248882   717.2908187
678.6944988   -2146.6188431   714.5442963
677.6149394   -2146.4631557   717.8838849
677.3787486   -2149.1627693   715.5106068
676.6448962   -2153.742075   712.5476003
676.215102   -2149.2471695   718.6563611
675.4438403   -2152.5137424   716.9858217
674.3621575   -2158.0164433   713.44769
673.3030873   -2162.2257233   710.7952833
672.5575747   -2158.3240032   717.4503207
671.72495   -2162.352562   714.4315243
670.6295135   -2166.3253307   711.8933201
669.9629771   -2162.8134251   718.1129456
669.1152649   -2166.4903164   715.3533697
668.2178947   -2170.0446606   712.6149535
667.604846   -2166.6560173   718.8186646
666.5727022   -2170.450449   716.1362767
665.4896634   -2173.9740372   713.270545
665.0836217   -2170.634985   719.61689
663.8503569   -2174.4453907   716.8394923
662.545261   -2177.9632568   713.7615085
662.2928875   -2174.7467518   720.5071449
660.7512134   -2178.6825657   717.5761461
659.0685295   -2182.1012497   714.217484
657.1238311   -2182.9967499   718.598187
654.947822   -2186.0437393   715.1830792
652.7118953   -2188.4725094   711.832881
650.5950625   -2189.794302   715.6843543
650.083662   -2190.2654171   712.7034664
648.7884233   -2190.8738613   719.2614079
647.6192559   -2191.8272972   713.478744
646.5990516   -2192.448616   716.8162465
645.636567   -2193.0260658   720.4616666
643.2510289   -2194.183588   713.0747437
642.2199766   -2194.9670315   717.567265
640.127563   -2195.7046986   712.9770517
639.3073285   -2196.6331005   720.4930186
637.7572725   -2197.1347332   716.8166637
635.3257308   -2197.7763176   713.2648826
635.9503577   -2198.123455   719.8150158
631.8001049   -2199.5232105   717.2442675
630.9218863   -2199.5501518   713.3427262
144.9367376   -2198.9409924   711.2985849
141.9562968   -2194.4410801   711.0381126
143.729982   -2197.3695755   715.2693272
146.1753818   -2200.6788254   715.0218487
147.2381922   -2201.816082   711.8723392
142.7988382   -2195.993185   719.650805
145.0483175   -2199.2945671   718.6854482
141.9266733   -2194.5528984   715.9308791
141.1215337   -2193.0854321   718.6573148
140.316126   -2191.618681   715.2450085
139.4339176   -2189.7864342   711.3104463
139.677939   -2190.237999   719.4049954
138.2327648   -2187.100172   715.5201435
137.5151547   -2185.3933334   711.5033865
137.0685073   -2183.8333607   719.3117142
136.4508244   -2182.4147701   715.0222063
135.8889314   -2180.8247566   710.8699083
135.3984448   -2179.2018414   717.9169655
134.9277171   -2177.9689789   713.994503
134.7332271   -2177.1044731   720.0611234
133.607355   -2173.7673283   717.756331
133.7533268   -2174.295187   713.9763832
132.696894   -2170.7601547   713.8655186
132.4438425   -2169.6577072   711.0654116
131.6118809   -2166.9616699   715.4880762
131.554273   -2166.4688587   711.9860649
130.9755715   -2164.1693115   711.3640308
130.4481598   -2162.273407   714.1027451
130.391744   -2162.2860432   717.7598476
129.2622956   -2157.9568386   718.0384398
129.1962536   -2157.3033333   713.9764428
128.5785111   -2155.1089287   715.1400447
128.2595667   -2154.3946266   718.7952399
127.4715932   -2150.534153   713.0118608
127.396104   -2151.0396004   717.1273828
126.4105412   -2145.9281445   711.083591
126.5009316   -2147.3701   715.3238654
125.7191273   -2145.5564499   719.222486
125.4948648   -2143.1627274   713.5490775
124.7841092   -2141.6389942   716.7069316
124.1807314   -2140.763998   720.262289
123.8881918   -2137.6273632   713.8547301
123.4635087   -2137.9365921   718.6153531
122.6723465   -2132.6887608   712.0218873
122.4017712   -2134.0076923   717.3746228
121.8217584   -2129.1599274   710.8724713
121.9626638   -2131.1039925   713.9009237
121.2800416   -2130.753994   718.2759047
121.0133108   -2128.4928322   715.3499722
120.3916045   -2125.0982285   712.8709555
119.9834915   -2125.7481575   717.0189023
119.8767992   -2122.4925518   711.5167975
119.2285689   -2122.1046448   715.1255012
118.8951405   -2122.9140759   718.8772559
118.2892295   -2116.4095402   712.116003
117.722747   -2118.5259819   718.4261084
117.3896762   -2115.4923439   715.6254649
116.9624003   -2111.1285686   712.433219
116.3485619   -2115.021944   720.1395631
116.1992224   -2111.8972301   717.2947526
116.0341176   -2106.6660881   711.7378712
115.3649064   -2107.5410843   716.4787054
114.9258586   -2103.3420563   713.7100101
114.6711084   -2100.2640724   710.9676003
113.9985593   -2105.3199768   720.5196619
114.2018708   -2102.8928757   716.9805169
113.6311265   -2098.6099243   714.8760557
113.9774295   -2097.3436832   711.0422254
113.1235632   -2094.6249962   712.7361894
112.8115924   -2098.8657475   719.4103599
112.0568784   -2093.6996937   717.3483968
112.4880882   -2091.0196304   711.6553783
111.9262251   -2088.0410671   711.4341855
111.5093204   -2088.8881683   714.7977352
111.1112805   -2084.56707   713.0655646
110.3455993   -2070.9345341   710.9496593
111.1893328   -2090.4228687   718.4138298
110.8776601   -2079.7564983   711.8150592
110.1590069   -2076.2388706   713.2613659
110.4799183   -2086.4264965   718.324244
110.2293702   -2082.0941925   715.7325149
109.1449829   -2065.2623177   711.2409472
109.9433573   -2079.7755718   715.7872319
109.012601   -2073.1539726   715.9895301
108.3588871   -2067.179203   715.1117325
108.873752   -2070.2526569   714.9982452
109.2169257   -2076.9770145   718.0985808
109.4694706   -2080.6782246   719.4743156
107.8949543   -2062.9854202   714.3149972
108.2552048   -2070.0192451   718.0387974
107.7359291   -2066.9281483   718.8949585
107.5313958   -2064.3501282   717.5213099
627.203771   -2201.0772228   714.5228982
626.9448782   -2201.3726234   717.7511454
627.1090256   -2200.8574009   711.3610506
624.3843893   -2202.1362782   714.8888111
622.1914227   -2203.117609   717.5961733
621.8968006   -2203.0162811   712.431252
616.3457567   -2205.281496   714.2618895
619.6235558   -2204.1416168   718.8555598
614.8403762   -2205.9521675   717.1887159
611.8071629   -2207.02672   713.2561803
610.7942248   -2207.6153755   720.0125456
610.8065257   -2207.5324059   716.6071534
609.465533   -2207.9451084   712.9965425
607.6148609   -2208.837986   718.5482979
606.9659312   -2208.8487148   711.5312815
604.6483871   -2209.872961   714.5991921
604.8935196   -2209.911108   717.8483009
602.3005629   -2210.6218338   711.0729218
600.8648994   -2211.4334106   717.1760798
601.1736216   -2211.1344337   713.1775022
597.1069751   -2212.5170231   711.7872834
597.5307711   -2212.7528191   718.2059884
594.1716142   -2213.7336731   714.7064209
593.3236976   -2214.2050266   717.6585793
591.0635732   -2214.6532536   712.8795981
590.2597014   -2215.323925   718.419373
586.3772631   -2216.2485123   713.4016752
586.8604053   -2216.4075375   717.2634602
584.6831478   -2216.5074348   710.6887102
583.8831244   -2217.5087929   718.524456
582.4218979   -2217.8428173   716.6541219
580.8602767   -2218.1544304   714.6374583
579.6710086   -2218.1603909   711.669147
580.6567641   -2218.6253071   718.8736796
577.058808   -2219.6528912   717.3565626
575.9556853   -2219.3012238   711.8826509
573.6102453   -2220.5426693   715.8175707
571.4682667   -2220.4957008   711.3553286
570.661177   -2221.7333317   717.9948092
569.8730378   -2221.5516567   715.1849866
567.2110366   -2222.2864628   715.0370479
566.0316749   -2223.344326   719.671607
563.0135676   -2223.5400677   715.6916857
562.1231003   -2224.4505882   719.2940116
558.6513514   -2225.269556   718.2447314
560.089455   -2224.1733074   714.8374319
555.4144541   -2225.5625725   714.9822116
552.9801222   -2227.2155285   719.1173434
552.9028373   -2225.7113457   712.1644616
552.3688319   -2226.6688347   715.8125639
549.7038225   -2227.8351784   717.1766162
549.1785342   -2227.2114754   713.6837244
546.9593415   -2227.3151875   711.0981941
546.2499755   -2228.3468246   714.5268321
546.8646372   -2229.0987968   718.5889482
543.5814979   -2228.7721634   712.700963
543.4413115   -2230.1757336   718.249619
541.0282808   -2229.9849987   714.2449021
538.9135527   -2232.3212624   720.516324
538.5058308   -2231.505394   716.9148326
535.505225   -2231.1439514   711.3673091
534.7008566   -2232.6078415   716.0754204
531.8165319   -2233.8836193   717.3579931
531.8705747   -2232.4848175   711.7937207
528.7524434   -2235.2626324   719.25354
528.0662077   -2234.2011929   713.8832808
524.7915211   -2235.59165   716.0127163
524.8481753   -2234.5929146   711.4420533
520.1625498   -2235.9719276   712.507844
521.6613384   -2236.5934849   717.3447013
516.9667425   -2237.5149727   717.7719474
514.8759978   -2237.4591827   715.6544328
514.6661448   -2236.9477749   712.462306
511.8465918   -2238.5601997   720.3351259
511.2427446   -2237.9260063   715.8845663
511.3486769   -2237.2796535   712.0617032
508.1975731   -2238.3117676   716.6228294
506.1788829   -2237.6787663   712.1956348
504.2665201   -2238.8718128   719.1405892
504.1972222   -2238.2485867   715.0742412
501.8270733   -2237.9889488   713.3942246
501.3035657   -2238.6944294   717.533648
498.9285889   -2237.7150059   712.0170593
499.9200525   -2238.4254932   715.9295082
497.8858503   -2238.7435436   718.0477381
494.5431473   -2238.1544113   715.4242992
492.8379851   -2238.8143539   719.8231816
492.5014945   -2237.5347614   712.6473188
489.8148375   -2238.3487225   718.2801962
488.8124215   -2237.226963   712.3546004
486.0648858   -2238.1837368   719.1127539
484.9331947   -2237.057209   713.0485773
482.705866   -2237.2906208   715.3358459
479.345304   -2237.3907566   717.8079486
478.3809754   -2236.7243767   714.3663168
476.3716581   -2236.0396385   711.8740082
475.8723798   -2237.16712   718.9204097
473.2558923   -2235.7726097   712.3865485
472.6395952   -2236.8721962   719.663322
472.2424271   -2236.2639904   715.7759666
469.4625708   -2236.4006042   719.2964554
468.5268971   -2235.2204323   712.9891515
467.0247557   -2235.6512547   716.6494131
465.7350006   -2235.8903885   719.8091745
462.508333   -2234.5271111   714.6589756
462.5231   -2235.1119518   718.0923223
462.5685932   -2233.6852551   710.825026
458.9365544   -2233.3965302   712.659955
457.2721245   -2233.8371277   716.2085176
453.0656012   -2232.5906754   714.0592337
452.9394033   -2233.4480286   718.4541821
449.7076394   -2232.7945232   717.4631357
448.7791481   -2231.5657139   711.7569447
446.1555453   -2231.8778038   714.5249248
445.9385546   -2232.2916985   716.9070244
442.1102824   -2231.6877842   714.6486044
440.8661994   -2232.3012352   718.5282707
436.1603531   -2231.7864895   715.4768705
437.8838065   -2232.3634624   719.5638418
435.6386634   -2231.2037945   711.2743855
435.2998855   -2232.1746349   718.2665467
432.7105554   -2231.8298817   715.4369354
431.252149   -2232.354641   719.8392749
429.5302006   -2231.6598892   713.0462527
429.5712235   -2231.9850922   716.1355615
427.5546195   -2232.2757244   718.5172439
426.041347   -2231.9970131   714.8262262
426.0900291   -2231.6746712   711.388886
423.3404221   -2232.5351238   719.615221
420.0279387   -2232.3844433   715.1081562
418.1209179   -2232.2781086   711.7695212
418.9034524   -2232.7709198   719.2437649
416.1573919   -2232.691288   715.4451013
415.1324453   -2233.0775261   719.3326354
412.6002761   -2232.742548   712.2800946
410.6650921   -2233.1504822   715.5631781
408.5006388   -2233.5469723   718.2020545
407.9215797   -2233.199358   712.9561901
405.2079739   -2233.8707447   718.5474038
402.5282236   -2233.7369919   713.1893039
401.5409025   -2234.310627   719.669044
398.6530574   -2234.0023518   711.7372155
397.8169533   -2234.5600128   717.8596854
397.0093104   -2234.3790531   714.2996788
394.5026072   -2234.6155643   713.8134837
393.5336443   -2235.1293564   719.8265195
390.5501934   -2235.2747917   717.1725035
390.8743831   -2234.8411083   711.3008499
386.6152885   -2235.799551   719.355464
387.4317231   -2235.449791   714.6621346
383.7071779   -2235.6274128   710.6663585
383.5082772   -2236.1619473   720.4388976
382.6883706   -2236.0336781   715.7358527
379.6246918   -2236.1776829   712.8152847
378.3753338   -2236.6199493   719.3168402
378.4938725   -2236.4764214   715.8206105
375.1932504   -2236.6228104   713.6566639
374.5778026   -2236.9658947   718.6774015
369.7401705   -2237.0486259   715.1122689
367.8470375   -2236.8221283   712.2811675
370.7134398   -2237.2262478   718.514204
366.6599216   -2237.2765541   716.4527178
364.6188798   -2236.6974354   710.6013298
363.069308   -2237.5438213   718.4855342
363.3807572   -2237.2746468   715.1725888
359.9686595   -2237.1020317   712.915659
359.3215021   -2237.4424934   716.0274386
358.81601   -2237.7696037   720.4725146
355.1632436   -2237.1401787   712.7004862
353.6152067   -2237.8051281   719.6619511
351.6856702   -2237.5779152   716.34233
349.6789309   -2237.2603416   713.5407925
347.7136465   -2237.5144958   715.8435583
347.336066   -2236.8900776   710.7340097
345.102516   -2237.8227711   720.4999328
345.1107415   -2237.2913361   714.1296864
340.3937193   -2237.4334335   716.6204453
342.9789516   -2237.1106148   712.9843235
339.4420417   -2237.5881672   719.4352746
339.1196998   -2236.959219   712.6169205
336.3489481   -2237.3864651   718.8177705
335.6851014   -2237.0314598   714.70052
331.6386016   -2237.0035648   718.0398107
330.9930833   -2236.6158962   713.6433721
327.9900225   -2236.451149   714.3883705
326.5855583   -2236.5868092   719.8191285
325.4097375   -2235.9857559   711.62498
323.8302144   -2236.0799313   714.5715952
321.8016895   -2235.6643677   711.1113667
322.3979446   -2236.0897064   719.4211483
320.5258819   -2235.7649803   714.7583961
316.8396922   -2235.4440689   718.0739045
317.1411129   -2235.4075909   714.753449
315.3161975   -2235.1205349   711.8215561
312.0419952   -2234.9009514   715.568006
311.3615783   -2234.9731922   719.638288
309.9491569   -2234.6088886   711.8915319
308.2527789   -2234.6992493   720.2422619
306.2604638   -2234.3666553   715.9964442
306.0297342   -2234.2371941   712.4667764
303.6500188   -2234.2371941   719.9601531
302.4316105   -2233.8466644   711.3643289
300.8033606   -2233.8380814   716.7180777
297.5678714   -2233.3745956   712.5043869
296.4651855   -2233.4108353   717.4052596
291.7084964   -2232.8119278   714.7105336
293.0464717   -2233.1120968   718.9795971
293.2548197   -2232.8588963   711.6446495
288.2638844   -2232.3384285   712.3574018
286.0096665   -2232.1994305   715.3325677
283.1083807   -2231.801033   713.1887674
280.8916243   -2231.6458225   715.9930468
279.8062833   -2231.3957214   712.4032378
278.6259922   -2231.5022945   719.063282
276.0198685   -2231.1565876   717.2102928
275.7939371   -2230.9379578   711.8685246
272.9014131   -2230.7085991   713.812232
272.5720676   -2230.8483124   719.193399
267.9268094   -2230.4079533   720.1970816
266.9724198   -2230.1502228   714.5857811
264.6324309   -2230.091095   719.9096084
262.4970051   -2229.7549248   714.9923444
261.2203034   -2229.7844887   719.4501758
261.5826996   -2229.5475006   711.8441463
258.5230144   -2229.3815613   713.7416005
258.2101794   -2229.1896343   710.6933594
255.1133605   -2229.269743   718.0172801
254.0205988   -2228.9566994   712.1425271
252.273378   -2228.9698124   714.7829533
251.878229   -2229.0234566   717.297256
250.8319887   -2229.0351391   720.4328775
249.3103417   -2228.6741734   712.4569416
247.0853599   -2228.7533283   718.3913589
246.421245   -2228.5776138   714.0696049
244.5051643   -2228.5442352   716.6290879
243.4008988   -2228.5647392   719.9152708
243.1252571   -2228.2514572   711.119175
241.4510521   -2228.2309532   712.5555873
241.4214285   -2228.399992   717.5657749
239.7453161   -2228.2443047   715.1062489
237.333891   -2228.0611992   713.2397294
236.6383644   -2228.1498909   718.3275819
234.6015843   -2227.8101444   710.9777331
233.5661026   -2227.9109955   715.1691914
231.4490052   -2227.865696   719.5106149
231.7566546   -2227.7562618   713.3482695
229.2451533   -2227.6928425   716.8443203
227.9719981   -2227.5004387   712.102294
225.1177105   -2227.4723053   717.4499035
224.3835898   -2227.3564339   713.5936022
221.7752906   -2227.2350788   716.3354754
219.1401394   -2226.9735336   713.1538391
218.4552225   -2227.0562649   717.3594236
214.9470719   -2226.6993523   715.628922
211.6587134   -2226.2554169   713.2177949
215.0888713   -2226.8252373   719.1089392
212.6627835   -2226.6798019   719.8292017
210.2216157   -2226.4859676   719.5791602
207.8392776   -2225.6064415   710.9642029
208.0104025   -2226.0079384   715.3399587
205.7772847   -2226.1328697   719.9599743
204.5951756   -2225.4083157   713.4227157
204.0841552   -2225.7006168   716.9058919
201.2141021   -2224.7087955   711.6563916
200.3298672   -2225.4538536   718.8720703
199.3937763   -2224.9820232   716.0223722
197.6560327   -2224.3130207   713.0336165
194.4465312   -2224.7040272   719.6260691
194.487718   -2224.0207195   715.0022984
194.7948607   -2223.4954834   711.25561
192.06014   -2223.1431007   712.5509977
190.5449005   -2223.4926224   716.6520357
187.2803243   -2222.2790718   714.0821218
186.23167   -2222.6104736   717.7903056
183.6113008   -2221.3304043   714.7624493
183.111039   -2221.7013836   717.9368734
180.25395   -2219.6965218   711.2109065
179.8616322   -2220.3998566   716.661334
177.7607473   -2220.1151848   720.2140689
176.0173114   -2218.8663483   716.1797881
174.2973598   -2217.6294327   711.6718888
174.2075058   -2218.4796333   718.5742259
170.6864806   -2216.6323662   714.6875262
169.1957387   -2215.8510685   712.7217054
169.2207428   -2216.5873051   720.0319171
165.9539016   -2214.972496   717.4180746
166.4324673   -2214.6039009   711.150229
162.8352376   -2213.3579254   713.9819264
161.3822552   -2212.9919529   718.8799977
157.8358086   -2210.6881142   712.3839259
158.3445939   -2211.1587524   715.5768275
157.8538688   -2211.0314369   719.3171978
155.6323143   -2209.2642784   712.0072246
155.698237   -2209.5019817   715.911448
153.3355983   -2207.6761723   714.2219543
152.4785133   -2206.8202496   710.8930349
152.4442109   -2207.0770264   718.901217
149.4294675   -2204.2350769   715.0415778
147.1964093   -2201.9374371   718.3462977
