-269.6335641   -1655.2942991   -954.5766711
-270.9408132   -1656.4671993   -958.9785337
-271.9489066   -1655.367136   -947.5364685
-272.4544135   -1656.8626165   -951.5714049
-271.5149251   -1656.449914   -966.6564465
-272.4300949   -1658.0848694   -963.6241198
-273.2057301   -1658.3111286   -955.6821585
-272.8694407   -1657.2455168   -970.5938697
-274.3851868   -1659.9261761   -960.265696
-273.990008   -1659.5000029   -967.9082632
-276.2802569   -1656.4626694   -943.3828592
-276.7111985   -1658.8871479   -949.4386315
-275.7283775   -1661.5139246   -964.9857283
-275.4400102   -1659.4266891   -953.4998536
-274.4723884   -1658.2551003   -974.0695357
-275.4505602   -1657.6611996   -977.586627
-275.2901045   -1660.420537   -972.009182
-276.5406696   -1661.0760689   -957.112968
-276.8302885   -1662.5291109   -969.587326
-277.9380409   -1663.0452871   -961.632967
-276.4120428   -1660.8996391   -976.0404229
-277.644488   -1658.1586599   -982.5515747
-277.7735917   -1663.323164   -973.9118814
-278.6332098   -1661.4809036   -953.902185
-277.5155631   -1660.7018709   -979.59584
-280.8774439   -1657.531023   -940.4637218
-281.6700665   -1655.6072235   -935.7668757
-279.3724266   -1665.0571823   -967.1243429
-281.2063424   -1659.9466801   -945.6465244
-278.9603201   -1664.1761065   -978.8039327
-280.0855962   -1663.5402441   -957.9665661
-281.4278928   -1661.9628668   -950.8075118
-279.1761485   -1664.9799347   -971.5709686
-279.4000236   -1662.4296904   -982.8672409
-279.9700824   -1658.020854   -987.2204065
-280.0616948   -1660.8214378   -985.7216477
-281.8568078   -1663.5090113   -954.7623396
-281.6645829   -1664.2439365   -986.9152308
-281.7988721   -1661.1996889   -988.9740348
-282.2970477   -1658.5052013   -990.2821779
-284.4447223   -1660.5528593   -943.992734
-286.5728465   -1658.6258411   -938.5409951
-284.9618522   -1662.4536514   -948.1117725
-284.2468349   -1656.9392681   -992.9209948
-285.5813829   -1664.659977   -953.3113837
-283.3485929   -1663.9486551   -990.4533625
-285.385522   -1656.0169458   -934.1140985
-284.1953365   -1661.3718271   -992.7091599
-286.6766182   -1659.5543623   -995.7345724
-287.0534388   -1664.4440889   -996.429503
-288.226935   -1661.9316339   -944.3915486
-288.9361707   -1664.4077301   -949.5836496
-289.378914   -1656.9368839   -933.7629676
-291.0225717   -1660.8837843   -940.5282736
-292.0527784   -1659.2603922   -936.9604588
-289.0689699   -1662.0306969   -998.2950687
-289.1518203   -1658.5930586   -997.6036549
-291.3264362   -1655.7530165   -997.797668
-292.3394171   -1664.274931   -947.4688172
-293.3730809   -1662.7038717   -943.3809519
-292.2569243   -1661.9223356   -1000.1066923
-293.2500569   -1658.4131718   -999.3331432
-294.2238776   -1657.610774   -933.1303835
-295.0504152   -1661.3070965   -939.6615624
-297.2463695   -1655.6197405   -928.7695289
-296.1706845   -1659.7479582   -936.3725185
-294.9949232   -1664.4511223   -1001.4202595
-295.7374183   -1661.4420414   -1000.5891323
-296.5104906   -1664.375186   -946.159482
-296.2632505   -1658.3906412   -999.687016
-297.1858112   -1662.8643274   -942.3372149
-298.969659   -1658.5245132   -933.5618019
-298.7792817   -1656.8475962   -998.8567829
-300.6410328   -1661.4323854   -938.8446808
-299.0528671   -1660.6221199   -999.9759793
-300.4082171   -1663.8268232   -943.9365864
-302.4363247   -1657.012105   -930.3069711
-302.2747365   -1655.5447578   -997.5736737
-302.724096   -1662.9710197   -999.1698265
-301.7427651   -1658.8375568   -998.6913204
-303.147587   -1659.2277288   -934.2073202
-304.7018377   -1664.4396782   -945.3482628
-302.865359   -1663.2128954   -942.2237277
-305.7008711   -1662.5612974   -941.0095811
-306.3131896   -1660.5563164   -936.7809892
-305.3745953   -1658.3738327   -996.8594313
-305.7243554   -1655.8367014   -927.8687835
-307.3887555   -1658.023119   -931.8098426
-306.4356176   -1662.9542112   -996.6652989
-308.0460755   -1665.2203798   -948.0959773
-310.3370396   -1663.4726524   -943.7292218
-309.181842   -1659.0352058   -994.166851
-309.3297807   -1661.7228985   -939.3604994
-309.7396222   -1655.6723118   -927.4329543
-311.6661636   -1659.9060297   -935.669601
-308.8338105   -1663.3601189   -994.2385554
-312.6964895   -1657.3626995   -930.7118654
-311.9424907   -1664.9792194   -948.9925504
-311.4471165   -1661.5310907   -991.296351
-312.3444048   -1656.8930149   -991.4157987
-312.5973669   -1661.6686583   -939.7879839
-311.9266359   -1665.02738   -988.8842702
-315.3968183   -1663.2894278   -945.8042383
-314.8029772   -1662.234664   -942.0453906
-314.0697209   -1661.2768173   -987.744391
-313.7726513   -1658.5445404   -989.4106388
-316.7711226   -1660.4418755   -938.3168221
-316.4728609   -1658.4596634   -933.3723783
-314.3071262   -1664.4010544   -984.7231507
-316.3865534   -1664.3390656   -950.2173662
-314.9081794   -1655.3198099   -989.1768098
-316.5619699   -1656.5685272   -929.6610355
-317.1332804   -1664.9399996   -954.5552135
-315.9593669   -1657.5503349   -987.1091843
-316.66598   -1660.0831747   -984.5529795
-317.14389   -1662.3781919   -981.389761
-317.5627915   -1665.1858091   -958.6074352
-317.7084652   -1664.6908522   -974.4297266
-318.793389   -1661.6076231   -942.8076148
-317.5837723   -1663.7905836   -977.9571891
-319.9727861   -1662.4401808   -947.2330809
-319.1649047   -1655.5616856   -984.300077
-320.5057112   -1662.9399061   -951.6412616
-320.1492158   -1656.9002867   -931.0060143
-320.8312718   -1658.4845781   -935.2135658
-318.9016906   -1659.1169834   -981.765449
-322.0792738   -1659.8395109   -939.6074414
-320.5133406   -1663.4312868   -955.8909535
-319.5118038   -1660.6800556   -978.7682295
-319.8191849   -1663.782835   -968.0904746
-320.3971115   -1662.4069214   -972.1995592
-320.3743426   -1663.6469364   -964.3152356
-320.4774586   -1663.6484861   -960.1221085
-319.5286719   -1662.2241735   -975.8299589
-323.5482899   -1660.5060101   -944.1028833
-321.5329377   -1656.9176912   -979.6797037
-321.7732636   -1659.711957   -976.5296578
-323.1599656   -1660.8839035   -967.1061039
-324.7372238   -1660.618782   -949.1177797
-324.1173355   -1656.8949223   -932.5670004
-323.3576743   -1661.2682343   -961.8960023
-324.6031729   -1657.9699516   -972.1942544
-323.0976788   -1661.7882252   -957.7899575
-324.1111366   -1661.264658   -952.9891014
-325.3398863   -1658.0545902   -936.5329742
-324.1979209   -1656.95858   -975.9325981
-326.8742291   -1658.6254835   -940.8809543
-326.8615929   -1658.5315466   -958.3949447
-325.857195   -1658.7430239   -963.6152387
-326.9468275   -1656.760931   -967.648983
-328.5425035   -1658.5327387   -945.0395703
-326.5971271   -1655.5728912   -930.603385
-327.3981539   -1658.7914228   -953.2322884
-328.0392019   -1656.4123631   -933.5343242
-329.3174831   -1657.9079628   -949.9949217
-329.8310963   -1657.0611   -937.5097156
-329.0347783   -1656.0041904   -963.568151
-331.8274943   -1655.8274031   -954.8406601
-331.1230866   -1655.3518772   -959.9717259
-331.6835491   -1657.0363045   -942.5114393
-330.9408752   -1657.2266817   -947.3079443
-332.4167458   -1656.1270952   -950.6334662
-334.0407339   -1655.9537649   -938.0587339
-334.5110742   -1655.7636261   -945.0494647
-335.0524632   -1655.2839279   -948.3996034
-335.6740204   -1655.5212736   -941.9199824
