1237.4739321   -2413.6190414   80.5177391
1237.4448451   -2421.6880798   79.0380463
1235.3416952   -2415.7040119   77.3167983
1236.9085225   -2429.848671   77.7923316
1237.448779   -2434.1013432   79.2425498
1235.7216748   -2424.8051643   76.1736631
1236.699191   -2440.9894943   80.2790895
1236.2374934   -2437.2665882   77.6214153
1233.0551418   -2408.8745117   76.6896605
1233.9883121   -2404.4485092   79.4068947
1235.3130849   -2432.7802658   75.2539262
1233.2766327   -2418.9274311   73.9485547
1232.7664169   -2399.3732929   80.3408474
1233.9424165   -2427.6914597   73.2533783
1234.4969781   -2441.7438507   75.5032152
1233.7869676   -2436.1541271   72.8299916
1231.5292033   -2422.2085476   70.9152445
1230.4922613   -2412.579298   72.5057349
1232.3783311   -2430.8505058   70.5652907
1232.7359589   -2447.1552372   74.9962702
1232.6635989   -2451.5926838   79.5802996
1231.9903048   -2443.6295033   71.1556002
1228.1520041   -2401.2544155   74.9111995
1227.7409705   -2406.7051411   71.8960837
1228.109208   -2394.6342468   78.3375874
1230.7317527   -2451.8406391   73.4893829
1230.3057583   -2455.1839828   76.7302439
1228.76623   -2456.3570023   72.3681897
1228.4326228   -2459.1879845   76.8251643
1226.1384996   -2461.0793591   71.2178573
1225.9065183   -2462.7616405   76.255694
1224.9177965   -2397.0971107   74.096337
1221.9919237   -2389.5177841   76.2102678
1223.3035239   -2465.5840397   77.9018328
1218.8481363   -2383.7490082   77.7748227
1223.5787781   -2465.485096   72.6292208
1220.8751711   -2394.7145939   72.0025152
1220.3548821   -2469.3081379   73.9239827
1220.4997214   -2468.3213234   78.905955
1216.7486819   -2388.2505894   73.0509311
1217.7647027   -2471.4024067   77.5010213
1216.8438109   -2473.5116959   72.8062466
1212.7290042   -2379.6486855   76.994203
1213.6542472   -2384.0231895   74.0791783
1211.8914994   -2374.9318123   80.4114118
1213.9781984   -2474.8213291   76.1797726
1213.0477699   -2476.9928455   72.4620372
1211.9422229   -2386.6300583   70.9417388
1211.2567099   -2474.3058681   80.013372
1209.8270329   -2477.230072   76.0027245
1208.2249197   -2382.365942   72.1956193
1206.5816792   -2376.0967255   76.7816529
1208.6771997   -2479.6507359   71.9348937
1207.0476087   -2476.4111042   79.1843012
1205.4532441   -2479.4118404   74.8305246
1205.5570158   -2481.6207886   70.981808
1202.0953568   -2379.2421818   71.9499961
1202.403632   -2371.4835644   79.3796629
1203.5682472   -2477.9994488   78.2077536
1200.9785446   -2375.0665188   75.4556134
1202.2931846   -2482.4130535   71.7637092
1201.0413083   -2480.0655842   75.4545704
1200.4580172   -2477.9837132   78.932099
1197.2667249   -2372.3065853   77.0333558
1196.9056996   -2376.6987324   72.449021
1196.0304054   -2479.6705246   76.3069764
1198.2884081   -2482.4635983   72.3754242
1193.2035359   -2369.3044186   79.5449615
1192.6722201   -2476.991415   79.4232488
1192.1284469   -2373.9533424   74.2195994
1188.718048   -2479.0680408   74.4959489
1192.9151686   -2483.8116169   70.6045553
1186.7034706   -2371.1109161   77.4322972
1187.8074678   -2474.5197296   79.4498622
1187.3162063   -2376.4483929   70.9842965
1182.5044426   -2475.2995968   74.5988116
1182.6202544   -2479.6893597   70.8901659
1182.0639642   -2470.0164795   78.8032711
1183.4963831   -2375.371933   73.035717
1181.9074424   -2373.6186028   76.4293373
1179.7688278   -2376.9369125   73.0604753
1179.6827587   -2465.2523994   79.9830034
1177.1334084   -2470.7262516   72.8663281
1176.3398322   -2465.7766819   75.4614472
1178.4966262   -2374.8588562   77.772297
1175.9836348   -2378.5669804   74.2757991
1174.4295629   -2459.518671   76.6084418
1175.1475009   -2377.042532   78.9972991
1175.3781112   -2456.2425613   79.9309313
1173.6498149   -2382.2135925   71.3455379
1172.5074323   -2447.4020004   79.0970251
1171.4830669   -2450.7188797   76.0113522
1173.3321222   -2462.5120163   73.2385963
1173.0045947   -2380.5885315   75.9303793
1170.3483733   -2453.8013935   72.8364736
1171.2934645   -2439.8508072   79.5232654
1170.8452376   -2384.1199875   73.4764636
1171.1107167   -2382.5149536   77.4135664
1167.8401502   -2444.5991516   71.6297552
1169.45937   -2441.5030479   75.522691
1170.3688177   -2382.6930523   80.2342221
1168.9780029   -2423.0473042   80.467701
1167.9713997   -2436.123848   74.3519217
1167.9235371   -2431.9112301   75.4942149
1168.5145172   -2427.4346828   78.0519247
1169.0610918   -2385.7753277   76.8121555
1168.2747873   -2388.184309   71.2006688
1166.0991582   -2415.9321785   77.1783367
1167.0839461   -2413.8908386   80.0714046
1166.8967875   -2440.7062531   71.0000172
1167.6916751   -2388.324976   78.9446831
1166.8820652   -2389.7781372   74.8718157
1166.1471399   -2422.6863384   74.8648569
1165.9804257   -2418.9715385   75.7672116
1165.4269966   -2425.932169   72.3888353
1165.4396924   -2403.1040668   80.4945827
1165.3105887   -2409.2309475   78.0300871
1166.2691506   -2391.1378384   73.0647594
1166.1905917   -2392.4455643   78.2159492
1165.4574545   -2397.5048065   79.5928091
1164.2776402   -2396.941185   73.3072609
1163.3441123   -2418.5204506   70.8444491
1163.0504402   -2413.380146   71.9297677
1163.4420427   -2406.7182541   73.9392713
1164.1873392   -2401.2384415   75.5904093
1162.6540097   -2401.9544125   70.5300868
