-991.6554419   -2608.3621979   -441.0186708
-992.3950163   -2563.3921623   -464.8867548
-992.0143811   -2565.8867359   -468.5436487
-991.8507067   -2558.5858822   -459.8636329
-991.9953076   -2584.8145485   -485.2406979
-991.9804064   -2590.2569294   -488.4619117
-991.9948307   -2598.0944633   -432.1642816
-991.9614521   -2612.1747494   -444.9479878
-992.272946   -2611.3975048   -497.023344
-992.8366867   -2603.8002968   -438.0981922
-992.1877114   -2532.0956707   -435.488373
-992.4196926   -2580.5208683   -481.5406799
-992.0577732   -2595.1731205   -490.8597767
-991.8778864   -2617.0706749   -449.6061206
-991.6864363   -2542.6971912   -444.9329674
-993.1556908   -2547.5842953   -445.8243847
-991.7618958   -2516.5698528   -420.284301
-992.2967879   -2534.7192287   -437.5153184
-991.646978   -2583.8797092   -420.0686514
-993.4001891   -2585.7584476   -422.7393568
-992.2493426   -2550.0400066   -449.5003521
-992.6486937   -2519.2942619   -421.6896296
-992.8575484   -2579.7841549   -417.422682
-993.0755822   -2583.0204487   -420.3192592
-992.4473492   -2621.0007668   -501.6939044
-992.2638861   -2554.4807911   -453.9600313
-992.9183451   -2617.1813011   -498.4038174
-991.8561903   -2621.8767166   -454.3587267
-993.2572571   -2618.0887222   -452.9764652
-993.1851355   -2594.6233273   -430.1713705
-991.7120663   -2525.580883   -430.4733872
-992.737743   -2603.3856869   -493.114382
-993.5466973   -2599.8280048   -490.1257157
-993.275973   -2589.0238285   -425.4395664
-994.0888611   -2599.5652676   -435.6850982
-992.9328886   -2569.1516399   -470.3617394
-992.8778139   -2614.1901016   -448.0502605
-993.4097258   -2558.5238934   -456.2858641
-993.3466641   -2523.0164528   -424.240917
-993.0551974   -2577.1965981   -477.7579904
-994.0831391   -2576.4253139   -415.6831503
-993.45884   -2527.2600651   -428.3673167
-993.2665554   -2540.1318073   -440.0649071
-993.607494   -2608.1848145   -493.1531549
-993.4144942   -2573.2040405   -473.5239446
-992.5721613   -2624.4418621   -502.4030209
-993.196818   -2530.7548046   -432.2474003
-994.128677   -2591.2203789   -428.0809462
-993.5092656   -2517.2247887   -417.0328677
-994.2580191   -2515.6536102   -412.9875898
-995.1355187   -2607.8622341   -445.2696741
-994.8175875   -2604.7956944   -441.7063296
-993.5623137   -2543.836832   -442.2597289
-993.3359352   -2554.1934967   -451.4016807
-994.7199551   -2619.3768978   -457.3706388
-992.6926819   -2623.8701344   -457.692951
-994.6144549   -2614.125967   -451.1770606
-994.5727316   -2611.4068031   -448.0953813
-994.7083918   -2589.6010399   -482.9005003
-994.8029248   -2595.5531597   -485.6862128
-995.1251475   -2595.6423283   -433.2600534
-994.7426049   -2584.5234394   -479.878515
-994.113299   -2567.6553249   -466.3786292
-994.7106568   -2534.7604752   -432.7600598
-995.3341214   -2551.7840385   -444.9181855
-994.8392836   -2553.5438061   -447.5204051
-994.3197695   -2615.657568   -494.0258563
-994.426581   -2611.8943691   -492.4793541
-994.0947024   -2537.0805264   -436.0399544
-993.412706   -2561.9328022   -460.8593285
-995.1857058   -2565.5436516   -461.5418017
-995.0624434   -2581.5842152   -477.2793055
-993.9766852   -2622.5848198   -496.5546727
-995.3123061   -2563.0660057   -458.0582678
-994.7678772   -2604.7039032   -489.4633293
-996.1182801   -2600.8310318   -439.8494959
-995.4708544   -2579.2646408   -419.0611839
-994.7874276   -2556.7429066   -450.9713948
-994.1689698   -2618.6256409   -495.059967
-994.7638241   -2571.3839531   -469.0390229
-995.683047   -2579.0481567   -474.0005732
-995.4726426   -2547.6863384   -441.5369928
-995.3876463   -2582.3805332   -421.7211008
-995.5690829   -2592.6573277   -431.0443997
-995.1699702   -2531.6598415   -428.8847446
-995.6834046   -2615.3242588   -455.1213384
-995.2833382   -2543.9579487   -439.1490221
-995.9803549   -2540.6515598   -435.2192283
-995.8924977   -2587.539196   -426.7872274
-995.0865237   -2523.6649513   -420.912534
-995.275232   -2526.6695023   -423.6805439
-996.1973158   -2562.1218681   -454.557091
-994.9845997   -2521.0676193   -418.2097912
-996.0906235   -2575.319767   -469.923526
-995.3580824   -2529.2596817   -426.0705113
-995.9598509   -2519.1805363   -413.5401845
-995.8721129   -2601.5019417   -485.6749177
-995.5892292   -2609.4863415   -488.5656238
-995.3269688   -2569.8521137   -466.2308693
-995.2363697   -2619.0924644   -491.1869466
-994.8973385   -2624.4325638   -489.5644486
-992.921683   -2627.2969246   -499.5380044
-993.5413329   -2627.7256012   -494.5605397
-997.1120087   -2583.4608078   -425.235182
-997.7835146   -2574.8414993   -418.0865586
-995.881292   -2573.2109547   -413.9935076
-993.8124148   -2574.2826462   -413.3713245
-997.1573082   -2596.4064598   -437.1978641
-995.791289   -2537.5688076   -432.9976141
-996.892902   -2589.5466805   -430.2217662
-995.7108227   -2614.6631241   -489.3840849
-996.7267243   -2569.8628426   -462.9684389
-994.4433895   -2622.7161884   -461.1913562
-996.4726893   -2618.4015274   -462.738812
-995.329949   -2622.8382587   -465.6032026
-993.7460152   -2625.8773804   -463.5708332
-992.8552834   -2625.8432865   -460.4525566
-996.168348   -2609.8937988   -449.7086704
-996.9477383   -2611.5312576   -454.0624917
-996.9573943   -2588.8793468   -477.5859118
-996.9066111   -2593.8074589   -480.0267518
-996.8683449   -2534.4872475   -427.8723896
-997.0072237   -2538.2378101   -431.058079
-996.8058792   -2615.2799129   -458.7360322
-996.5322939   -2585.1268768   -476.445049
-996.6578213   -2572.8292465   -466.2734568
-996.2687222   -2605.7662964   -485.8161211
-997.9843823   -2559.3719482   -446.3710189
-996.4674441   -2559.1945648   -450.0275254
-997.2635237   -2598.9205837   -481.2344313
-997.5362746   -2602.6117802   -444.7740614
-997.2980944   -2544.7864532   -435.8806312
-997.3882166   -2554.0697575   -442.4801469
-997.1433607   -2524.2645741   -416.5773392
-997.2908226   -2522.0193863   -413.5898948
-996.6547219   -2526.6838074   -420.4167426
-997.7098433   -2591.9582844   -434.099704
-997.5032536   -2605.8320999   -448.4890401
-997.7440564   -2568.1536198   -458.3963752
-996.0273234   -2617.3746586   -487.9085422
-996.0022894   -2619.8294163   -486.0268533
-997.467014   -2530.5838585   -422.5388765
-998.0175225   -2565.6540394   -454.5329511
-997.0093695   -2619.2126274   -468.6282873
-995.64037   -2624.0003109   -470.3632891
-994.1285578   -2626.6937256   -467.2403932
-996.5371815   -2551.0437489   -441.8911636
-998.6046282   -2533.8644981   -423.2432246
-998.0413643   -2578.9883137   -422.4705398
-997.6275889   -2549.6063232   -438.5714233
-996.6540066   -2612.3170853   -485.7442975
-997.1693484   -2608.8633537   -483.8047624
-997.054669   -2583.2204819   -474.0261137
-997.6676432   -2579.1385174   -469.5207179
-997.6229397   -2581.6414356   -471.5582132
-997.0897166   -2613.2898331   -456.6318989
-996.7751233   -2615.8268452   -485.0992858
-997.5288836   -2604.2954922   -481.53162
-998.5186783   -2585.5698586   -429.2070568
-998.0933396   -2542.7281857   -432.5775802
-996.9684807   -2617.726326   -480.2220464
-995.4591719   -2624.4401932   -482.2015166
-997.4751202   -2608.2715988   -451.4296055
-997.9891507   -2576.5488148   -466.3978517
-999.0161387   -2597.04566   -442.3347712
-997.8253571   -2561.981678   -450.2205253
-998.3567921   -2564.135313   -451.5575767
-997.8260723   -2614.1321659   -461.9987905
-997.9797331   -2615.0488853   -465.885967
-996.4801995   -2621.6657162   -476.5363336
-996.6627089   -2621.1853027   -472.6071656
-997.6411787   -2617.2740459   -473.6605883
-995.9652153   -2623.6822605   -473.910898
-995.4200713   -2625.5509853   -476.6629636
-997.9123799   -2586.5893364   -474.0062356
-997.5615469   -2612.6160622   -481.7303121
-998.4547821   -2529.2215347   -418.6905324
-998.5806672   -2574.3119717   -462.7604187
-999.1286723   -2572.9262829   -459.795922
-998.3805148   -2610.919714   -458.7167203
-997.969958   -2538.2514   -428.9568961
-999.4410006   -2539.5128727   -426.6985655
-998.9691702   -2588.0198479   -432.4640334
-998.4479872   -2592.946291   -475.5356014
-998.5205857   -2597.0780849   -476.9166708
-998.3548848   -2556.2300682   -442.0422018
-998.7114397   -2607.6490879   -454.8841715
-998.5339371   -2589.7474289   -473.8920331
-998.2480732   -2612.334013   -476.2665629
-998.5067574   -2548.387289   -435.839951
-999.0064827   -2541.2852764   -429.2861819
-998.0535237   -2615.3945923   -469.6782529
-998.4494177   -2584.5251083   -471.2633491
-1000.2066819   -2580.0349712   -428.0324578
-999.3869988   -2527.818203   -414.7406518
-999.0046946   -2525.1967907   -412.8910899
-999.5403019   -2592.6439762   -438.726753
-998.2161251   -2608.5045338   -479.3632329
-998.6345498   -2601.4173031   -477.3564339
-998.8875119   -2546.1735725   -433.4706068
-1000.3534285   -2533.8528156   -418.6841846
-999.6034829   -2603.4600735   -452.3026645
-999.1255728   -2602.4541855   -449.0537643
-998.758289   -2605.1251888   -477.3131609
-999.6270863   -2560.7023239   -443.2742
-999.8517958   -2598.9162922   -447.2179413
-998.8161055   -2582.3764801   -468.7384069
-998.5168902   -2613.2557392   -471.8741179
-999.1407124   -2580.0340176   -466.0906196
-1000.2026287   -2588.5250568   -436.047107
-999.7009961   -2569.5502758   -454.0977776
-999.6584383   -2572.0467567   -457.1148157
-1001.455876   -2573.5294819   -423.1016636
-1000.1283614   -2570.9514618   -418.0979133
-998.4643189   -2570.8036423   -414.7385657
-999.3732897   -2563.9364719   -448.183924
-999.0131585   -2610.8789444   -463.9967084
-999.0433184   -2554.8102856   -439.2966032
-999.3577925   -2588.1447792   -470.5535769
-998.7768856   -2612.1180058   -468.3672488
-999.3492094   -2577.7947903   -463.6354148
-999.9869791   -2567.1520233   -450.2946436
-999.9110428   -2545.3591347   -430.429697
-998.9087311   -2607.7528   -475.46345
-999.3172614   -2550.6424904   -435.6036484
-1000.2599684   -2553.8113117   -435.5902672
-999.1988865   -2609.1048717   -471.4699686
-1000.0288216   -2559.3690872   -440.7067001
-999.7298447   -2606.3184738   -458.3056271
-999.5491234   -2607.9695225   -461.3990188
-999.5639054   -2596.0087776   -472.971499
-999.5656935   -2592.2167301   -471.595645
-999.4815318   -2585.2541924   -468.5040116
-1000.1603094   -2563.325882   -444.883734
-1000.5304543   -2530.5695534   -414.4847691
-1000.1635281   -2549.5188236   -432.9062998
-1000.7697073   -2584.2235088   -433.1485331
-999.3949858   -2599.448204   -474.1876125
-1000.3620116   -2577.4798393   -460.1618648
-1000.1232354   -2536.7877483   -422.334969
-999.6392456   -2603.6639214   -472.8966653
-999.9814955   -2603.9102077   -455.1405311
-999.4932143   -2608.9363098   -467.2974348
-1000.1569716   -2583.7287903   -465.3507471
-999.7368781   -2602.3728848   -451.1632919
-1000.981423   -2543.6542034   -426.1851311
-999.866697   -2606.9178581   -464.5335972
-1000.8220402   -2592.4515724   -442.8602457
-1001.298639   -2594.2406654   -447.1693039
-1000.8960692   -2558.8252544   -437.743932
-1000.3667799   -2600.0227928   -451.0827065
-1000.3772704   -2580.6827545   -462.6684785
-999.9570576   -2605.6091785   -468.1935608
-1000.4019467   -2587.5365734   -466.5450752
-1000.4954068   -2591.1822319   -467.777729
-1001.1199442   -2566.5464401   -445.5815256
-1000.1563755   -2599.0965366   -470.7542956
-1001.1929003   -2540.5285358   -422.877878
-1001.250836   -2589.0376568   -440.2423799
-1000.3188578   -2604.7255993   -461.4970088
-1000.5624024   -2595.3183174   -468.7207639
-1000.752422   -2575.4721165   -456.8101466
-1000.3914563   -2601.6612053   -468.1815207
-1001.009318   -2573.3754635   -453.6808133
-1001.2709824   -2571.0911751   -450.4195154
-1000.6719557   -2602.5621891   -458.330214
-1001.2812344   -2596.0638523   -450.1996934
-1000.5007712   -2603.3172607   -464.8166299
-1000.9619919   -2599.8399258   -454.8469186
-1001.5227524   -2569.3516731   -447.5238323
-1001.5984503   -2538.435936   -419.5830226
-1000.7343022   -2567.1935081   -415.0916636
-1000.6892411   -2598.4904766   -467.5454199
-1001.0630814   -2583.6389065   -461.8019164
-1001.1816946   -2586.6811275   -462.9124105
-1000.967714   -2601.162672   -461.6389871
-1001.3968674   -2581.5126896   -458.7282538
-1001.0740487   -2598.1965065   -452.3906112
-1000.9582964   -2599.7562408   -464.845717
-1001.2459484   -2590.2650356   -464.0264213
-1001.1719195   -2593.6403275   -465.084672
-1001.11756   -2596.6150761   -465.2129412
-1001.2318818   -2599.2817879   -458.6924016
-1001.5096394   -2596.2388515   -462.5325203
-1001.4914004   -2596.8084335   -453.4804225
-991.9434515   -2559.4954491   -397.0780969
-992.1412197   -2543.6916351   -380.2746832
-991.8523756   -2496.3638783   -383.3004832
-991.8421236   -2549.5574474   -386.3644898
-991.9184176   -2527.8432369   -365.1381433
-992.1959368   -2511.0123158   -410.451442
-991.7914597   -2540.7311916   -376.9780695
-991.8431965   -2523.8845348   -361.4548445
-992.7013842   -2556.3058853   -393.9766586
-992.7328555   -2533.4017277   -371.0765243
-992.239925   -2507.6596737   -403.4864604
-993.6315743   -2510.3292465   -405.3808749
-991.9250933   -2512.1572018   -352.9962301
-993.2961193   -2566.4215088   -405.2830935
-992.0429913   -2490.9486771   -371.8487024
-992.6998345   -2520.7455158   -359.8993123
-992.4971787   -2506.1573982   -399.635464
-993.1078879   -2500.2763271   -387.239188
-993.3907715   -2572.0820427   -411.1816883
-993.3191267   -2553.4336567   -391.2187517
-993.2954041   -2515.4116154   -357.0279777
-994.4734303   -2567.8908825   -407.5675309
-992.0483557   -2489.7215366   -353.3165157
-991.877648   -2498.7909794   -347.5053012
-994.0678803   -2505.9156418   -395.2761292
-992.7879301   -2502.2554398   -391.4780617
-994.3011729   -2504.6288967   -392.3384249
-991.7894331   -2487.8232479   -358.5026264
-992.9061858   -2507.9569817   -352.1983922
-992.7389351   -2490.1645184   -365.0733531
-993.4540717   -2530.1368237   -368.7535822
-993.6634032   -2544.6345806   -382.3900223
-994.6409193   -2560.7180595   -400.1117349
-994.5317236   -2563.4849072   -402.9557407
-995.1381413   -2549.8571396   -388.7881637
-993.5344187   -2495.3022003   -376.6587079
-993.5098616   -2493.8752651   -373.1559217
-992.4771515   -2494.8480129   -349.5664001
-992.6455943   -2502.0956993   -349.5123088
-993.7396971   -2538.5603905   -376.6642809
-994.7106568   -2535.3617668   -374.925226
-994.3115441   -2547.5614071   -385.9995604
-992.9328886   -2491.2273884   -355.8927178
-992.7106825   -2492.6843643   -352.4535596
-992.6212756   -2518.1589127   -357.9471707
-994.1512076   -2497.885704   -380.1289201
-993.6676947   -2503.8053989   -352.229923
-993.2297198   -2491.2142754   -360.896796
-993.6142889   -2492.8996563   -368.9847887
-994.5335118   -2541.1553383   -379.7823489
-993.9657179   -2523.6282349   -364.0467823
-994.787666   -2501.0333061   -384.4132125
-993.1086031   -2499.2153645   -350.9631753
-994.8802916   -2526.9668102   -367.9412901
-994.0138785   -2510.5280876   -355.840534
-995.450112   -2557.0366383   -396.8514502
-993.6169115   -2518.6111927   -359.7379327
-994.7994677   -2513.9729977   -408.9467227
-993.8970534   -2508.409977   -400.873214
-993.5705391   -2495.2020645   -353.6552787
-995.1353995   -2508.1892014   -397.1404135
-993.9237563   -2493.8783646   -357.8540087
-995.167586   -2554.3882847   -393.7093019
-996.3607518   -2530.4162502   -372.5420833
-994.9555127   -2495.449543   -365.3028607
-994.3568436   -2502.8219223   -388.8429105
-993.5763804   -2506.3889027   -352.8783917
-994.4406477   -2506.1507225   -354.7649086
-994.3225113   -2499.7437   -354.4054627
-994.5132462   -2494.8542118   -361.4460528
-995.1925007   -2516.5762901   -361.1185253
-995.3666655   -2512.6869678   -359.6653044
-996.1830107   -2564.5201206   -405.5681825
-996.2154356   -2551.4395237   -391.5167749
-994.3985669   -2497.0359802   -356.2779129
-994.9398962   -2519.9496746   -362.6711071
-996.5022532   -2569.9589252   -411.477983
-995.275232   -2497.4222183   -374.1878569
-994.8302237   -2495.8403111   -371.1235225
-995.7930771   -2499.2640018   -376.7521083
-995.3529564   -2496.5908527   -368.1197762
-996.1132733   -2512.4120712   -402.5812745
-995.7135645   -2513.1242275   -405.0276577
-995.8206145   -2544.0154076   -383.7320805
-997.0197407   -2537.3835564   -379.2877495
-994.9134318   -2502.8717518   -355.7830453
-996.0854975   -2522.541523   -366.4937615
-997.0298735   -2549.6835709   -390.3491199
-996.820542   -2511.8801594   -399.5562792
-995.0943915   -2497.4424839   -359.9278033
-995.637509   -2508.7592602   -358.6068749
-996.8505827   -2508.9597702   -393.8861191
-995.897266   -2500.6945133   -379.9524605
-996.5836731   -2517.1675682   -409.116447
-996.2188927   -2506.257534   -390.3971314
-997.3242012   -2546.4706421   -387.5622153
-995.3771559   -2500.8547306   -358.3259881
-996.1987463   -2504.5230389   -386.8204057
-995.7936732   -2505.1271915   -358.8369191
-995.560619   -2497.584343   -363.7315035
-996.9032732   -2561.4206791   -403.0816555
-997.5378243   -2539.9816036   -382.1368217
-997.3484007   -2566.4687157   -408.8388085
-997.2784249   -2558.3744049   -400.2693594
-997.8342978   -2534.2581272   -377.6557446
-997.171971   -2504.6770573   -383.2137883
-996.0653511   -2498.5516071   -371.160239
-997.0395295   -2525.7787704   -370.2913523
-996.5618578   -2518.1987286   -364.6137714
-996.8400923   -2515.1958466   -405.135572
-996.2869612   -2501.909256   -361.5940511
-997.8631464   -2511.9540691   -396.3602185
-997.7587191   -2553.3101559   -395.2905536
-998.0336157   -2550.9088039   -393.0431008
-996.6816632   -2514.4665241   -363.296628
-996.9660965   -2500.9024143   -372.4809885
-996.3367907   -2499.0429878   -367.4845695
-996.9255654   -2510.3192329   -362.2874618
-998.5775677   -2556.0030937   -399.307102
-996.7398373   -2501.1060238   -365.775913
-996.4320389   -2507.6415539   -360.5988622
-997.0200983   -2506.3786507   -362.7674282
-997.2716299   -2503.1943321   -378.9413571
-997.6997105   -2543.1923866   -385.2057755
-998.5651699   -2522.1605301   -410.2500379
-996.9377247   -2503.3688545   -363.7547195
-998.2897965   -2519.6659565   -368.809402
-998.5650507   -2522.5021839   -370.8789349
-997.9823557   -2515.2850151   -401.7398953
-997.5689379   -2548.3980179   -389.773488
-998.9438979   -2562.0872974   -406.7574441
-998.1070486   -2508.0387592   -387.1337771
-998.4525172   -2548.4983921   -390.9822106
-998.0727164   -2509.6414089   -390.8552527
-999.3884293   -2524.5378017   -374.13463
-999.0830151   -2530.0137997   -376.9906163
-997.7463213   -2503.3683777   -374.83567
-998.6328808   -2567.8284168   -412.1996462
-998.327705   -2516.7191029   -367.6788807
-999.2601601   -2519.7474957   -404.5577943
-997.3690239   -2502.6488304   -368.8483238
-997.9128567   -2512.8250122   -365.7322824
-997.7745739   -2505.5983067   -367.1792746
-998.7158505   -2514.8181915   -398.4284401
-998.9084927   -2512.3348236   -393.016696
-999.0921942   -2558.6807728   -403.2304883
-998.0201451   -2509.3977451   -365.8207655
-998.1215922   -2505.2232742   -371.3669479
-998.4156815   -2506.3955784   -380.6596398
-998.9156453   -2508.6331367   -383.3253682
-998.6353842   -2506.4723492   -377.6717782
-999.2668358   -2544.0790653   -388.0736232
-999.9386994   -2564.5828247   -410.9421968
-1000.4217354   -2539.7808552   -386.6080344
-999.5444743   -2536.9422436   -382.7379644
-998.7563816   -2506.8252087   -374.653399
-999.8264042   -2554.1529655   -398.9781141
-999.9222485   -2550.9138107   -395.7289159
-998.6273972   -2509.4180107   -369.1773117
-998.5359637   -2507.3578358   -370.0644672
-998.9566533   -2535.3810787   -380.3144693
-1000.0560013   -2533.2655907   -380.7353079
-999.7160164   -2515.9611702   -396.3840306
-998.9847866   -2549.3786335   -392.7500844
-998.6353842   -2513.125658   -368.1675792
-999.693009   -2517.885685   -400.0407457
-999.3886677   -2511.964798   -389.3039525
-999.526116   -2511.1968517   -385.9447539
-999.0855185   -2509.231329   -372.6422787
-1000.1948801   -2511.7664337   -380.001545
-999.7297255   -2520.2832222   -373.703897
-1000.3648726   -2527.1539688   -411.0468626
-1000.6760088   -2524.8219967   -406.8492651
-999.2809025   -2513.0636692   -371.3426888
-999.5805947   -2509.9289417   -376.8247664
-999.3241755   -2516.8502331   -371.2550402
-1000.0508753   -2526.4840126   -377.1697283
-999.6839491   -2524.9154568   -375.362128
-1000.4850356   -2515.6805515   -391.8038905
-1000.3231493   -2512.393713   -382.8476667
-1001.108977   -2557.667017   -406.2488377
-1001.3158051   -2560.7359409   -409.734875
-1000.8480278   -2548.9535332   -395.3732848
-1000.7390705   -2529.1547775   -380.2518249
-1000.1597134   -2512.9747391   -376.5479326
-1001.4264313   -2554.8760891   -403.4619331
-1000.9393422   -2544.462204   -391.6503489
-1000.9396998   -2521.166563   -400.2124071
-1001.4261929   -2524.0979195   -402.8934538
-1000.4301993   -2542.5169468   -388.846159
-1000.0329939   -2516.4763927   -374.5823205
-1000.7276265   -2515.0165558   -387.091279
-1000.770065   -2518.6405182   -396.5213895
-1000.2580611   -2523.3757496   -376.4642179
-1000.9160963   -2536.162138   -384.9115968
-1000.9370772   -2519.980669   -378.3708811
-1001.2407032   -2540.6861305   -389.25156
-1000.7728068   -2515.2618885   -379.0931702
-1001.0893074   -2525.0117779   -380.3082407
-1001.3936488   -2531.5785408   -383.523047
-1001.1244742   -2542.8190231   -390.6621039
-1001.2360541   -2516.2832737   -383.4369481
-1001.4127222   -2518.332243   -389.8216188
-1001.468989   -2519.2718506   -392.7864432
-1001.0393587   -2517.3118114   -380.0980449
-1001.1952845   -2516.8893337   -381.5773129
-1001.5192953   -2519.1595554   -382.3595047
-992.3729626   -2629.6093464   -464.6804333
-992.06731   -2628.5471916   -462.1269107
-992.1709029   -2632.5001717   -470.0609446
-991.679999   -2633.6417198   -498.334676
-992.6085202   -2630.4757595   -467.6786065
-992.282602   -2633.6970329   -490.84723
-992.5253121   -2632.2023869   -493.8548803
-992.7876917   -2632.9426765   -482.6034606
-992.2382561   -2634.1040134   -486.615181
-991.9970957   -2630.9802532   -502.1955967
-992.6591841   -2633.0873966   -478.3674181
-992.2344414   -2627.5987625   -503.7431717
-993.0982319   -2631.4971447   -474.6468365
-992.6861254   -2630.3918362   -497.7084994
-993.4198586   -2631.043911   -486.4497483
-993.6434952   -2629.3444633   -490.087837
-994.09506   -2628.3671856   -471.3172913
-994.1656319   -2629.2905807   -478.9603055
-994.2210642   -2629.103899   -483.2955301
-994.8308197   -2627.0642281   -474.2235243
-994.4972721   -2627.7012825   -486.3174856
