92.7494451   618.8150076   -623.5681172
97.9904282   616.6028551   -628.4735196
97.0345131   614.9360635   -628.9022547
96.2088394   613.3858722   -629.4019239
94.1927766   611.7264667   -629.1732306
95.3729194   611.7096574   -630.0095138
96.9210648   612.4185344   -630.5858786
-88.4729535   616.6357443   -482.9278305
97.7434633   611.8605066   -631.581557
96.5825172   610.9742785   -631.4023369
-82.5679155   615.4757222   -487.2641512
-66.0880791   613.174115   -498.7991278
102.5532932   613.7021044   -633.9875135
-16.4674239   620.6985183   -521.1794823
99.8293493   610.9272706   -633.8543687
101.8247364   611.8159051   -634.7510681
103.2694654   612.5276786   -635.4516205
-68.4553976   620.3646221   -499.2429555
-69.7241589   620.4673777   -498.4890556
-63.619665   618.9228829   -501.6763598
102.9522397   611.0693924   -636.2753511
105.3608652   611.4093883   -638.260137
-170.0437555   617.6303353   -455.6829258
-171.2543673   618.8777317   -453.9983943
-166.1853263   617.3843813   -453.1331396
-161.0187949   615.9074092   -452.9610284
-163.1081544   615.4400911   -454.5286677
-156.8319778   612.6226908   -455.5289929
-157.7395122   613.7591303   -454.4052747
-162.7683769   612.1245263   -464.1800817
-162.7185927   612.1715695   -461.8499535
-161.2238948   610.9259338   -463.4219547
-173.7155241   619.9335038   -454.2310139
-172.1419809   620.0763002   -452.3682385
89.6801236   612.1010102   -626.0555203
87.6859658   611.0810542   -625.4789368
89.2402486   619.9983799   -621.0069832
88.9867564   618.0839432   -622.0997819
80.1959986   613.3744939   -620.8735348
82.1570161   613.7113153   -621.4752889
81.2557977   615.0819944   -620.4865455
91.2349034   612.3050631   -626.8689622
92.5914422   617.2552882   -624.518251
88.6081439   615.7381288   -623.3309115
90.3554859   614.373254   -625.0816829
90.9278277   617.0278897   -623.7489995
82.3270149   620.4102551   -618.193735
64.4218186   620.5879599   -614.184007
87.8972887   613.1588465   -624.4379662
86.9680724   617.0589012   -621.7706932
86.3876658   614.7413928   -622.8012779
17.2592001   612.2221833   -597.487939
15.0877195   611.7953735   -595.87169
81.1361612   612.1464985   -621.7839262
82.9246143   612.0496999   -622.5857363
85.4158676   612.3019081   -623.6219136
-68.2985479   617.4746721   -532.203651
-67.8355736   619.687378   -533.2782612
-69.9163896   619.7308531   -531.8407464
-164.7117179   613.5174216   -463.4646822
-166.1900821   614.4235886   -462.4089043
-164.9839545   613.5885126   -461.6723939
-170.6940943   619.7271763   -465.0125828
-171.7472738   619.2376966   -463.1330318
-169.8032375   617.9600935   -463.9438486
47.5570256   618.0037574   -611.3918358
48.7378019   619.6608086   -611.4100584
46.47808   619.5974049   -610.8578381
86.7806607   611.7506508   -624.6031021
69.1171745   614.4328652   -617.1224913
70.7885148   615.3700429   -617.2565967
69.157966   616.2655356   -616.5504851
-161.1317854   610.9929076   -465.2073463
-162.4049321   612.1892688   -465.7890073
43.375601   615.7120203   -610.417163
45.5830813   615.262381   -611.1747445
45.4322848   617.4444601   -610.8745088
56.702439   612.8348013   -614.4353264
55.4249187   611.4247322   -614.3221185
57.582886   611.5450776   -614.8535053
-170.1713333   620.5513047   -450.4795576
-165.5622621   616.2658978   -454.6284906
-163.2485959   613.5345554   -458.1298227
-163.1590696   614.3662834   -456.3859317
-161.2060381   613.2582653   -456.9071244
-169.5474889   619.2548285   -452.083628
-164.3754118   618.1393877   -451.3037958
-165.1954262   619.1528237   -450.3047405
-167.7214316   617.0082134   -454.7530801
-165.0809038   615.3013489   -456.0634932
-160.1618883   614.5240016   -454.471828
-159.1429445   613.1740113   -455.7549492
-173.5890351   619.088484   -457.6490399
-173.184298   618.9343731   -459.5830822
-175.0157486   620.1605034   -458.8583109
10.478216   612.4416969   -592.7697686
-68.4220104   611.2974813   -530.2563118
-151.8521487   614.1824656   -479.0564936
-153.3359906   614.3917641   -477.9551654
-152.2346509   612.9100168   -478.3084912
-160.8990464   611.4548083   -467.2379673
-157.7799933   610.9707088   -471.5116447
-69.9350067   617.9130923   -531.2154457
-155.2068072   615.314746   -476.7642063
-153.8530759   617.0182638   -478.3226797
-145.8831382   613.4347169   -482.8767537
-147.8138695   612.579652   -481.3559347
-128.2770665   615.6335531   -494.6423912
-126.2328939   613.7402994   -495.5647159
-125.8873392   617.3040663   -496.4202343
-109.2977922   612.5357249   -505.7606006
-107.1308989   612.9254138   -507.1187754
-108.9857492   615.0877795   -506.3789129
-161.4951532   613.0701427   -468.8622685
-162.9586702   613.3026956   -467.0004817
-167.5452085   615.3861067   -462.2019212
-166.6418224   614.7537117   -460.6111326
-169.3404075   620.3917571   -467.0089676
-169.1240318   616.3503227   -460.9361534
-163.4824789   615.0756395   -468.5272641
-164.9656503   617.4321815   -469.0064188
-165.0475408   616.0620378   -467.7272466
-132.6617909   619.8164427   -492.7324268
46.9945532   613.6027199   -611.7617088
-2.6148212   613.7682342   -582.9500774
-1.9263501   611.733958   -582.4700261
-174.3789803   620.15851   -460.5827178
-118.3495872   614.6634868   -500.6316137
-120.18357   615.3971212   -499.6206789
-119.5359989   613.0552869   -499.6218941
-137.3588335   620.7197853   -490.0267037
-171.3165337   617.730794   -460.3387335
-131.7058657   615.7040245   -492.5302875
-130.3433711   614.5629733   -493.1592388
-130.1716294   617.2191376   -493.7666487
-141.4321848   619.271725   -487.1950939
-159.8418151   616.8203544   -473.4918751
-165.0671647   620.8986102   -471.2109317
-101.1562917   612.1233765   -510.5285563
-166.3622489   616.928622   -467.0735643
-113.586706   610.9326059   -502.8931773
-114.9422764   613.1566667   -502.449187
-118.3792175   616.6872349   -500.9544612
-119.6556542   617.6161609   -500.3226797
-94.1224679   613.8296367   -514.9840608
-95.4285864   611.5490497   -513.7974931
-93.3474501   611.8813108   -515.0803616
-83.8054517   617.4797713   -521.9582046
-82.4602889   617.2138324   -522.7205694
-140.7911291   615.1841855   -486.6812993
-99.8433588   614.0939282   -511.6489598
-101.5146984   614.4178239   -510.7151885
-96.8099476   616.9028365   -513.9862288
-97.129105   618.9547337   -514.205418
-90.1572593   615.076082   -517.5927673
49.7397629   617.3174311   -612.0443223
-9.5941331   617.9952925   -579.2821333
-156.0070412   613.97563   -475.5561426
-170.6141462   617.7390462   -462.1224551
-175.4314257   620.2872616   -457.3920065
130.9687416   620.5255887   -578.7660416
132.1845602   619.6571548   -580.2298646
132.4485448   617.824927   -579.8312499
131.7260533   616.3559432   -578.055436
132.6481633   620.1331018   -581.1726302
133.0865167   618.6421798   -581.1335204
133.4620484   619.7129621   -582.2058096
133.7810881   620.7010426   -583.2140802
133.0244246   615.2836278   -579.7060524
132.6387292   613.4669246   -578.4749243
133.7052276   616.5789127   -581.2012487
134.0759899   618.0925916   -582.3589807
134.4382631   619.3122731   -583.4436162
134.686703   620.7083863   -584.5373528
133.6613248   612.9205809   -579.8547653
133.9645076   614.6204963   -580.8626141
134.9716776   617.8773847   -583.5421693
134.7776794   616.5553092   -582.7235785
134.5509206   615.1862689   -581.8975239
135.6311741   618.8544135   -584.8770442
135.8652572   620.7012392   -586.0982073
134.8775817   613.1841444   -581.6815603
135.9320573   616.585422   -584.3087217
136.8435049   619.1798115   -586.5640605
136.6659474   617.6863397   -585.6827627
135.4247011   615.0563039   -583.0525863
136.9824578   613.7965867   -584.6643737
137.0643318   616.3079637   -585.6342208
137.8559835   619.2659062   -587.8089413
137.8487212   617.5602106   -587.0565012
138.4363413   620.0311491   -588.811398
138.9600625   618.5129717   -588.7319296
137.8892295   615.9286583   -586.4669861
139.6602986   616.0559333   -588.5157891
139.6694984   619.9003455   -590.1029123
140.2921333   618.2640368   -590.0999373
140.986869   620.2930382   -591.6662724
140.8238693   619.0624575   -591.0033357
142.4081199   620.6505473   -593.2954468
142.3473713   617.7852588   -592.1471121
143.7885484   619.435072   -594.3705332
144.5897578   620.4941574   -595.6065785
144.5439126   617.7259268   -594.6754584
145.825653   615.3003509   -595.4111268
145.9741275   620.7006736   -597.2372912
145.2940275   618.816012   -595.8747952
145.4802136   617.2911913   -595.6157369
147.3921563   620.6217763   -598.8749887
146.4470381   618.7406778   -597.1816159
147.1682487   619.3489909   -598.2189684
146.2722149   617.3298423   -596.5496208
147.5484136   617.5325249   -598.1276307
147.0477385   616.3352677   -597.1735445
147.8658813   615.280132   -597.9075545
148.8482839   612.8184863   -598.5419025
148.5046287   619.1676327   -599.7911959
149.1503275   620.122387   -600.8880289
147.7015495   616.3069867   -597.9487119
150.004531   620.3291657   -602.0682438
148.9197135   616.9592214   -599.666385
148.3030008   616.1662534   -598.6656108
149.6474945   619.1435699   -601.2294722
149.7654115   617.7652166   -600.9672637
149.4130821   614.8309293   -599.7703459
149.9243673   616.2873459   -600.7565207
150.8000059   618.2862823   -602.5117703
150.7269842   616.6563614   -601.9070828
151.3065267   619.7123473   -603.6549856
150.6877013   615.1124832   -601.4797786
150.7346718   613.1571882   -601.1649428
152.4823402   617.6052663   -604.7063158
151.5850496   616.7100012   -603.1066492
149.9131204   612.8284668   -600.0130431
152.1033283   619.5827381   -604.75246
152.9109806   619.6709575   -606.0114009
151.4435492   615.5851357   -602.5971876
151.7294114   613.9663054   -602.6460395
152.3405084   615.2978495   -603.809161
151.9409741   611.6080226   -602.4974172
153.6571557   617.9186894   -606.6102394
154.097033   619.0618595   -607.749706
153.0972143   612.8442003   -604.315133
153.5605792   614.9535715   -605.5102421
153.9313939   616.3771002   -606.5223412
154.4663615   620.0415861   -608.7812339
154.3083354   613.1130181   -606.0965567
154.3996528   611.1445116   -605.7503092
154.7867168   617.0310463   -608.1679563
155.1016835   618.739138   -609.4375077
155.0804671   614.4937946   -607.7068575
155.058701   620.1869597   -609.9675392
155.7770391   620.3040494   -611.5056246
155.3210614   612.0573052   -607.2809709
155.7931726   617.1166878   -609.995695
155.4805894   619.4165373   -610.4724866
155.7288687   615.7398045   -609.2544639
155.9484488   618.5400215   -610.9948284
156.0936877   610.9901701   -608.0959007
156.4300982   615.8244286   -610.5321257
156.6665172   617.012205   -611.6213472
156.4403106   614.3806996   -609.8890326
156.3998966   612.386146   -609.0129843
156.8070094   618.8169456   -612.961909
157.4925419   619.7788961   -615.1791001
157.6505772   618.1705958   -614.4591142
157.389089   615.027354   -611.9013091
157.4529905   612.9032255   -610.9243443
157.5367342   616.890875   -613.3549397
157.4646065   611.1672588   -610.2310283
157.9392335   620.6353096   -616.9931758
158.6332696   612.9648769   -612.9852323
158.1048723   618.3775564   -615.6935808
158.2037876   619.2056775   -616.6024876
158.4094415   615.2843027   -614.052246
158.3016652   617.0320197   -615.1277406
158.2292954   611.4659296   -611.5761541
158.6054859   619.5479705   -618.0390979
158.8737568   617.7375585   -617.1259904
159.339167   613.9899815   -614.9353106
159.235567   615.7077594   -616.1492643
159.5376602   612.6696264   -614.3663144
159.4669223   611.6959528   -613.7047441
158.9957427   620.1347032   -619.8925311
159.9523932   614.2923141   -616.4469832
160.2976262   612.7431682   -615.8893735
159.9833279   611.7434631   -614.6341163
159.6311754   616.3678914   -617.7512143
159.2918025   618.4626468   -619.0361908
159.6153424   617.2077927   -618.6133677
159.5960895   619.9072028   -621.9317698
160.1622849   615.0865938   -617.7684063
160.740281   613.6843652   -617.6322721
160.6233927   611.0022974   -615.4222006
159.6423731   618.7613755   -620.5259806
160.2627869   616.0784893   -619.1306115
160.0165822   617.3977802   -620.0258092
161.0787771   611.5990221   -616.6000154
161.1317321   612.5001453   -617.3634621
161.1557832   614.4063612   -619.4989945
161.7736709   611.3397773   -617.8155333
161.6480417   612.7173338   -618.7554927
159.7448259   620.6002726   -623.9824275
160.9543541   616.0009101   -621.0984101
160.3105083   617.9168533   -621.7467302
160.4022542   618.7300482   -623.5739973
162.3529541   612.7302327   -620.6051098
161.8143643   614.3479935   -621.308804
162.517927   611.2164136   -619.3185813
161.2370092   616.7423815   -623.3259716
160.4141045   619.4766934   -625.5301057
161.8290887   615.1292308   -622.6085247
160.091436   620.5850445   -627.0325585
161.112338   617.7420893   -624.9291678
163.2407684   610.9420137   -620.7117513
162.7139258   613.4387749   -622.6764716
163.2336535   611.8801305   -621.8386506
162.3870602   615.1237975   -624.6337862
161.6407234   616.5834446   -624.70607
160.6636529   619.3242892   -627.0498752
161.1579139   618.1922892   -626.4954222
161.8234642   616.7303828   -625.9511691
163.8508374   611.7061768   -623.3372941
163.4641131   613.1359414   -624.5193475
161.1220713   618.5832695   -627.8186456
160.5562313   619.7626061   -628.3710874
163.5507644   613.7915816   -626.0937799
161.8173066   617.2924779   -627.7021129
161.4216926   618.336087   -629.4790387
160.1884298   620.5262916   -630.3897366
164.3081816   611.9585401   -625.0914343
162.8255014   615.4468846   -627.2580916
163.9752699   612.8239493   -625.5739914
162.5560655   616.4568559   -629.2270954
164.061301   613.7924804   -627.9889349
164.5905744   612.4125951   -626.8101994
165.209602   610.9632806   -626.1417479
163.5800487   614.9334637   -629.2400226
162.4205535   617.0183533   -631.1997839
163.2687676   615.7025756   -630.5065105
161.2962415   618.698226   -631.6518939
165.7348201   611.0760957   -627.8763916
164.5029524   613.7346771   -629.5782506
165.3004002   612.3480269   -629.0604908
164.2618204   614.4573844   -630.9082046
163.5206647   615.640003   -631.9777353
162.0448183   617.6594195   -632.7301766
165.2693498   613.0461534   -630.7471645
162.8337384   616.6221849   -632.8396583
165.0807403   613.6220248   -631.8413839
164.5225007   614.4603023   -632.5990828
163.7651513   615.5561643   -633.9019126
162.414861   617.2288081   -634.3944182
166.470496   611.3720556   -630.9470954
165.8874161   612.6278217   -632.1574127
165.3564199   613.4881391   -632.865533
165.0989404   613.9940296   -634.1498823
164.4684017   614.8531278   -635.3382504
163.4366646   616.0565205   -636.0636232
166.9118774   611.4487902   -632.9144285
166.0752808   612.7266831   -633.6242542
165.3878554   613.8447714   -635.8029308
166.0291817   612.9985322   -634.9366028
167.0274618   611.7508486   -634.709125
164.6194465   614.775336   -636.7806958
165.5662299   613.7572909   -637.2250098
166.4927687   612.6287419   -636.3682916
164.9324947   614.4852457   -638.0594754
163.8959024   615.5920263   -638.1951749
167.6890672   611.1966031   -636.0701824
166.2945314   612.9872684   -637.8708344
167.3732612   611.7738706   -637.8911297
165.6248264   613.7500102   -638.4426542
166.3653874   612.9707787   -639.3919386
164.9302118   614.5002255   -639.6540992
167.4949266   611.7896477   -639.5918684
167.0052847   612.3682669   -641.2051927
168.2601293   611.0496152   -640.602172
165.8109889   613.5998126   -641.0794883
166.2626849   613.1476193   -642.0797368
168.0323365   611.3764409   -642.4155684
168.0705956   611.3989865   -644.2420131
166.7994471   612.6230706   -643.2755389
168.3276458   611.1773695   -646.1300935
160.4456347   619.9183601   -632.5429306
160.0602895   620.2131375   -634.5705166
161.2604701   618.7162683   -633.5643189
161.3067565   618.5606085   -635.4835397
160.3371781   619.5566599   -636.9189435
111.4105516   619.6500842   -638.8378313
110.1257268   620.2200961   -637.1874996
161.5161452   618.2132018   -637.2664923
162.2599177   617.4084382   -636.1745646
113.1494259   619.8503378   -640.3551287
159.5139978   620.2065365   -639.0058505
160.7902594   618.9235995   -638.4426683
162.6295962   616.9621222   -637.6609894
112.2664517   618.0869183   -640.6340459
110.630425   617.473246   -639.4600689
110.1021099   618.811052   -638.0672488
114.6872255   619.953216   -641.639728
161.7778119   617.8406576   -638.9105485
158.706922   620.8874286   -640.7443189
113.900172   618.1696801   -642.0626371
160.8157128   618.7838877   -640.1029325
162.8883741   616.6442302   -639.3546814
159.6850839   619.8495509   -641.3867237
112.8370907   616.9547142   -641.9021049
111.6938403   616.3936195   -641.2012932
162.0132554   617.5091772   -640.632983
163.8124389   615.6710011   -639.8001862
115.4995997   618.8868342   -642.9661698
163.1900506   616.2864177   -640.929719
116.996765   618.2165301   -644.5455696
119.2538025   618.6892661   -645.8320422
160.9919535   618.4694737   -642.1925558
113.6895785   616.5614556   -642.9370176
115.1810273   616.8742915   -643.9976936
159.6700122   619.7230626   -643.3409616
158.8999928   620.4323814   -644.117629
164.1389668   615.3203023   -640.8739449
110.3097482   615.2898758   -640.5906933
112.6432651   615.5499357   -642.6725695
111.4882944   614.9860467   -641.9551939
162.3882739   617.0411609   -642.3101371
161.6184888   617.7423921   -643.5190939
159.653879   619.548894   -645.3213467
163.8755795   615.5384602   -642.6134097
113.903054   615.2728333   -644.0020001
160.6565798   618.6786099   -643.9340162
164.8448657   614.5937449   -641.3923566
116.8953634   616.3225648   -645.7471668
118.2330334   617.2146541   -646.1093214
112.0168312   614.2998905   -642.9306616
112.8991403   614.3894799   -643.7001082
158.4488234   620.6156475   -646.7085503
162.6173143   616.7155061   -643.9799006
161.4003071   617.8306292   -645.1775925
165.4282241   613.9897148   -642.760867
118.188053   616.0324155   -646.9348028
159.6526047   619.3015649   -647.4543995
160.6561119   618.4100915   -646.7350563
115.3783826   614.7066322   -645.6836814
163.6852109   615.6423158   -644.627088
112.2737774   613.2161078   -643.9034906
110.7828472   613.3610372   -642.3591975
164.6515235   614.7260536   -644.0693759
119.4329022   616.6056009   -647.4541206
162.7215502   616.5091598   -645.6397267
113.6839082   613.6647055   -644.9042264
117.1618841   614.8372347   -647.0685473
158.7505116   620.043343   -648.7216174
165.7210758   613.6800862   -644.8343123
121.4164854   616.879717   -648.8305526
164.5466916   614.7795618   -645.5125934
163.6603034   615.596301   -645.9822116
161.8788583   617.2004426   -647.0932497
112.8991064   611.8276678   -645.452175
111.375992   611.7986252   -644.0021179
118.7834119   614.9872098   -648.2100412
163.07977   616.0745705   -646.9818381
160.7165049   618.1536895   -648.5991091
159.7177401   619.0978743   -648.6113439
116.159562   613.5998038   -647.1795055
114.7706166   612.6077511   -646.6627518
120.106377   615.5656602   -648.7624334
110.0157081   611.2963197   -643.0192593
159.6323291   619.0634207   -649.7024039
158.6624101   619.883775   -650.6819173
164.2372279   614.9806534   -647.1765154
162.6172563   616.4315207   -647.947086
161.9563722   616.9921765   -648.5584144
165.2785477   614.0515423   -646.4275159
167.0695329   612.3821817   -645.3938699
157.7679431   620.6235121   -651.7264287
117.4518233   613.4227839   -648.4456737
116.1051213   612.4957806   -647.9834263
163.3601649   615.7297538   -648.0508673
120.5892059   614.7030526   -649.8832873
121.7241129   614.4435058   -651.0347783
113.8999271   611.0120093   -647.0004547
166.2014953   613.1881404   -646.4546688
119.6905466   614.5053048   -649.3069718
118.8177629   613.774515   -649.2643692
162.8071605   616.1565201   -649.038867
165.6419971   613.6270302   -648.19237
164.0579344   615.004986   -649.105962
159.4945435   619.0146157   -651.1632305
158.7396479   619.4643143   -652.8453713
161.7645921   617.0083913   -650.0964022
115.3504193   611.0415238   -648.380435
160.4634942   618.1717195   -650.5325622
167.2362934   612.1908939   -647.4662217
116.8694588   611.8705373   -649.2093905
118.2688849   612.5772241   -649.8591843
160.1258458   618.2637906   -652.135125
168.53757   610.9757546   -647.7848106
119.5754912   613.4510265   -650.1534096
157.5622558   620.5679764   -653.1585625
161.1210666   617.4246808   -651.530601
163.0850733   615.7597174   -650.4565194
164.1182924   614.8081205   -650.6863751
166.8062395   612.5275894   -649.0338826
166.1168483   613.1034889   -649.7860036
167.9913371   611.4359365   -649.3197512
165.1232899   613.9622306   -650.1325665
120.4645495   613.3853163   -650.9526047
162.2277813   616.3539051   -651.946252
161.0612052   617.2594281   -652.9519373
159.9481887   618.1183326   -653.8156463
157.5296225   620.1568962   -654.9418798
163.5275302   615.209132   -651.8537824
158.9108192   618.801032   -655.0795508
117.677741   611.3384777   -650.383977
166.9901304   612.2730316   -650.4390497
119.1857558   611.939216   -651.175806
164.7831939   614.0955204   -651.8814907
165.9776386   613.120058   -651.1619214
120.9724234   612.5322795   -652.2072477
122.9958678   613.6096939   -652.9416611
168.0413711   611.3143027   -651.1152436
162.0483483   616.2231378   -653.722832
162.9872323   615.5196406   -653.0118637
156.9142982   620.1560162   -656.7897534
158.0003392   619.1718296   -656.686622
160.9180383   617.0575024   -654.5759147
159.9394528   617.7778008   -655.2888068
163.9244667   614.6799531   -653.1462065
165.8030919   613.1324431   -652.5441188
167.0030349   612.135159   -652.2206418
156.1201091   620.4563425   -657.7312621
164.9548484   613.7203959   -653.6735153
163.18609   615.1058221   -654.4022091
161.8877331   615.9960001   -655.4647708
157.0641006   619.342687   -658.2208555
159.2949118   617.9366234   -656.7351472
160.6016209   616.9340256   -656.2118275
125.0219587   613.5131257   -654.8868549
123.6146995   612.5535425   -654.5258723
166.2914417   612.5866638   -653.7887339
168.1905857   611.1114595   -652.5121985
121.7816324   611.2883717   -654.1676042
155.6536016   619.8812639   -659.3025403
164.0876867   614.4093511   -654.0712748
167.7166024   611.4033011   -653.9917812
163.1033566   614.808938   -656.3122969
164.2550718   614.0934148   -655.0963876
124.596149   612.4280088   -655.4720149
125.7764133   612.2090484   -656.7292839
127.3974473   613.1431829   -657.9500103
158.3052251   618.344695   -657.9932714
123.5294887   611.6465127   -655.3809152
160.0655189   616.9510705   -657.6362997
159.1966402   617.4917537   -658.1751702
161.4573578   615.8330547   -657.5725458
165.52998   613.0347775   -655.1967944
166.7340042   612.0879141   -655.1123885
151.2859967   619.432474   -662.7520017
149.2751504   619.5947789   -663.4230341
157.711448   618.3300269   -659.0048076
156.856243   618.6569123   -659.5382173
158.5499403   617.6563353   -658.9783761
124.6212939   611.7331193   -656.1920782
152.5910099   620.3591037   -661.4962417
159.7187007   616.489338   -659.493218
164.6544573   613.4591999   -656.9405693
123.7944554   610.9512585   -656.3707237
166.2833911   612.2506623   -656.577302
167.8144231   611.121341   -656.0547596
163.1630464   614.3374325   -658.4189094
154.1450256   619.7383899   -660.9567136
161.6097415   615.222084   -659.5281387
157.7982097   617.5361851   -660.1495472
156.0644311   618.1787747   -660.98139
165.7781619   612.3425135   -658.3823473
164.4535963   613.3158372   -658.621748
126.8074166   611.6843027   -658.082445
129.5536435   611.3386643   -660.702028
130.2994504   612.2791575   -662.0960892
126.0825146   611.3967684   -657.6607303
152.8503414   618.8027448   -662.5993428
154.5653033   617.8079849   -662.485724
167.1537321   611.3944695   -657.8303445
162.9584792   613.9503749   -660.6397955
163.8547354   613.6229346   -659.4045578
158.4558149   616.4443401   -661.2272706
160.717199   615.4643345   -660.5853148
159.6004916   615.6111733   -661.5829189
157.27856   616.9009304   -661.6647673
161.5978138   614.9189528   -660.6118611
164.8100708   612.7936037   -659.9776547
166.7489188   611.5322275   -658.8613027
151.6723546   617.6861492   -663.8705091
150.0636715   617.6111277   -664.2269171
156.1809765   616.70963   -662.7118987
161.1323887   614.6899516   -661.7837617
153.3212392   617.0555692   -663.7787684
147.6786989   616.309653   -665.0872148
158.0017417   615.589443   -663.0456726
166.3375016   611.637063   -659.8756552
154.8623191   616.3368844   -663.8338251
159.8179822   614.6799969   -663.1697006
164.3734898   612.7547448   -661.4124979
165.7294921   611.6884613   -661.5735817
152.2081761   615.8124084   -665.1415085
150.8944674   616.7306016   -664.712
163.5649013   613.0553316   -662.167236
153.8056085   615.8519437   -664.7051382
150.0202785   615.5483398   -665.5946052
162.3528124   613.642291   -662.5506065
156.3471133   615.4218811   -664.1973873
161.1146832   614.0073115   -663.2392617
148.3994201   614.4037667   -666.3288291
146.2677743   613.3089328   -666.7083993
154.9981248   615.1349683   -665.0573857
164.5574305   612.1362484   -662.717404
163.2628682   612.641562   -663.4658996
158.9469483   614.3716789   -664.3635719
157.6898867   614.4706086   -664.8958953
160.4954911   613.5089838   -664.6005007
161.9579725   613.2229104   -663.8419366
153.6765159   614.8857264   -665.6740071
156.3643177   614.2872126   -665.6037475
158.9267113   613.5300156   -665.6097958
165.7302142   611.0777321   -663.3724596
162.4433897   612.1923471   -665.0951583
154.955829   614.0089181   -666.2850913
151.5933095   614.0667079   -666.6918947
152.7151413   614.6521847   -666.0689021
164.3088187   611.5752992   -664.2467277
149.7172625   613.8567829   -666.8699137
153.408084   613.8294948   -666.7434016
160.3808088   612.3529027   -666.3937153
157.6116024   613.6270719   -666.0549387
156.5884521   613.0498741   -667.005733
142.8414665   612.9184758   -666.2021033
139.6382653   612.0943401   -666.2382431
141.3962753   611.7596081   -666.4920386
140.2251822   611.1920724   -666.6629868
158.457599   612.757105   -666.8235908
148.4790943   613.1036413   -667.3276617
154.7114127   612.8533624   -667.5970366
142.7369063   611.6517906   -666.9617034
144.2572926   611.969278   -667.2008523
141.5503573   610.9487114   -667.3315011
162.238899   611.2217687   -666.8822782
150.2906542   612.2622231   -668.2818158
145.7077811   611.3617468   -668.3107861
147.8125481   611.7917909   -668.385486
159.3266812   611.8870812   -667.5895141
160.6878779   611.2338879   -667.8497386
157.8892982   611.9634077   -667.9832411
156.1381795   611.7947393   -668.5705703
152.8197287   612.4963905   -668.1093665
154.4248342   611.848385   -668.7175353
159.2161067   611.0272853   -668.7843988
151.9214416   611.4454117   -669.1850541
157.6326109   611.1814634   -669.0332412
153.4137869   611.1565442   -669.5167715
135.4745954   618.6324797   -671.9997768
135.9412879   620.5197715   -673.7232426
147.4352896   620.8184946   -664.5794375
145.4393383   618.3088763   -665.3637932
147.1192303   618.3548961   -664.5994262
133.0184629   617.8492062   -671.172959
134.8063465   616.4944944   -670.1205251
137.7247077   619.8189997   -672.3910079
139.1608587   613.5913326   -666.6314629
141.0452143   613.5024081   -666.1160853
136.7370117   613.9040662   -667.381913
135.1828659   614.8583662   -668.4941806
139.2537821   615.2670539   -667.6758726
145.7047943   616.8039149   -665.1820881
142.6344614   614.4164798   -665.875343
144.7662072   614.9545659   -665.6647638
143.5261462   616.2198977   -665.9009896
143.5737211   618.101755   -666.6669738
141.5489013   616.5944001   -667.2686962
137.3822393   612.4636357   -666.4529148
139.6035561   619.4398124   -671.013032
137.5116931   617.8409437   -670.8939244
139.8541498   617.4476225   -669.1741441
145.1899977   619.7696017   -666.1457418
143.6262332   619.8391179   -667.7458572
131.6370831   618.7683295   -671.9875239
137.2358498   615.8566436   -669.1185199
141.656256   619.5922545   -669.4777704
142.0644479   618.2421166   -668.0662812
141.1505862   614.8380095   -666.4445892
-164.1727503   620.2622245   -448.7829266
-161.2533497   620.5396605   -447.8417525
-162.7956828   619.2249532   -449.5400114
-161.51326   618.1505198   -450.4268303
-160.0112022   619.4797726   -448.6364841
-158.6027083   618.4998084   -449.3630548
-159.9746575   617.1005135   -451.2145126
-157.006007   617.5534186   -450.0409699
-158.4324991   616.0323708   -452.0218303
-155.4129932   616.5271139   -450.7845877
-156.8615588   614.9695553   -452.7736141
-155.3156074   613.9350283   -453.472495
-153.8587211   615.4495268   -451.5593056
-152.4063772   614.3556915   -452.3532008
-153.8814474   612.8863789   -454.242173
-151.0124942   613.2785394   -453.1448449
-152.4474295   611.8378222   -455.0365857
-149.4161609   612.2530917   -453.8620274
-148.02265   611.1305055   -454.6999032
-156.0333314   618.9809789   -448.4480626
-157.2176691   619.9717366   -447.6862814
-153.9911522   620.5566802   -446.8689307
-153.7138105   618.4306004   -448.6854174
87.7201491   615.0896957   -547.5136361
89.7922138   615.7278288   -548.1265176
88.965374   613.9432223   -548.2033943
142.3655628   612.4721965   -591.0613411
141.267232   612.3400186   -589.7262062
141.8316551   613.5859807   -590.6190885
104.7967585   612.922904   -555.5498919
103.9982305   615.2303105   -554.7994093
105.7534144   614.9499935   -555.8219405
135.8462481   611.3642994   -582.7097362
136.8982949   610.9475528   -584.0427141
92.1175097   612.1662999   -549.75293
93.4822933   611.1108986   -550.5031208
102.4446315   611.7413269   -554.4936514
99.8196883   612.6435939   -553.0610982
127.7248036   616.9043683   -573.0226449
126.5521613   616.4509932   -571.7240239
126.6327225   618.6253222   -572.2074359
106.6914598   613.6472525   -556.5210096
106.7636249   611.4620854   -556.819088
146.4287633   611.2995747   -595.6440227
147.2583811   612.264194   -596.6872852
146.9047358   613.5495001   -596.4321259
144.7159905   612.621142   -593.8239457
-134.0744413   620.1812591   -450.1047973
-120.8351121   618.5081032   -457.5122698
-119.5754794   616.1160898   -457.792418
-121.1528051   616.2423312   -456.8901865
-150.470712   616.2052956   -450.2970948
-149.830066   614.6930105   -451.5464456
-141.1289925   611.9970682   -452.8379758
-143.3311769   612.4355141   -452.6207238
-140.8965295   613.7842446   -451.331054
-148.0067948   613.9730443   -451.9447608
-145.9669096   612.8568595   -452.6412584
-148.7600917   620.7843965   -446.6376736
-147.3050293   619.6113516   -447.4511518
-150.1259231   618.5288593   -448.287912
-144.6682606   615.1281506   -450.5846966
-147.4321789   615.8298489   -450.2555927
-147.401035   617.7992682   -448.7235059
-144.7693243   617.3267287   -449.0146977
-152.6644352   616.9970599   -449.8577228
-158.762426   620.7245749   -447.2114328
-142.517897   618.9614141   -448.1943548
-144.9948488   619.4345423   -447.724119
94.1807075   614.7206911   -550.0904298
93.7705386   612.8563497   -550.2750076
92.6448438   613.9259184   -549.6070049
130.1303406   618.8022518   -576.8500386
-151.3467082   620.0288621   -447.1292804
143.1570919   614.0767814   -592.2674787
143.4436248   611.6588789   -592.2128924
133.0250799   610.9294192   -578.7424323
140.8245232   610.9077948   -588.9581672
129.1621504   618.5134082   -575.304004
131.3928866   613.5980327   -576.9519569
132.2147765   612.1394481   -577.7710485
62.3262384   614.4834355   -541.1609033
61.5500197   616.1109813   -540.6048122
63.9648495   615.817092   -541.1675189
-134.4023894   611.1678703   -453.7437817
-138.5575771   614.6276586   -450.8411689
-138.2746926   616.2685676   -449.940428
-136.4347595   615.7199332   -450.6311637
-132.5329303   617.0753042   -451.41844
-133.2851366   615.33248   -451.6919726
-134.3512021   616.3314706   -450.951738
92.4176377   616.2790813   -549.0456539
90.7649098   613.6877445   -548.9265333
88.3978177   617.3983629   -547.2456611
89.1066513   619.9365091   -546.9165139
90.536076   618.102401   -547.9013353
76.6104624   615.7768075   -544.0427114
74.194226   616.0750672   -543.3658959
75.8937919   618.1314446   -543.2724735
130.7105929   616.0473593   -576.6071987
120.5768258   612.2311734   -566.0427538
-143.214116   613.8706245   -451.3867369
-125.6032267   616.5234752   -454.5748709
-127.1955198   617.2044378   -453.8044863
-125.4664321   618.6434032   -454.7150505
-124.1942942   610.9273443   -455.9032417
-125.0705534   612.6494621   -455.2331623
130.0368544   614.7648007   -575.3822132
128.8257299   615.5547103   -574.0193999
129.3979469   616.6066209   -574.9287931
81.764999   612.4851293   -546.2163715
57.4918051   613.1934801   -540.5175826
55.1856794   613.8924692   -539.8971501
56.9092776   615.271466   -539.891908
123.0703668   616.2652113   -568.3900359
122.0269082   619.355086   -567.6859453
123.9453067   619.0723908   -569.5287532
-123.8122135   618.4858732   -455.6150533
-122.7361773   616.9990868   -456.1061418
-124.3693494   617.0991326   -455.1961871
-140.3337124   618.4064903   -448.6748195
-138.4494602   617.9340253   -449.16827
-140.0596906   616.6603886   -449.5093433
-138.6888106   611.8871605   -452.9206089
87.4236308   612.7744235   -547.9169171
88.4087195   610.952559   -548.645422
86.821767   610.9980649   -548.0967763
85.5062614   614.2054784   -546.9707434
84.5244691   616.0105363   -546.2384065
86.2943504   616.6227014   -546.6769926
128.5437531   617.6263961   -574.1443215
128.9835522   613.0142749   -573.8639768
124.0542348   612.0332804   -568.9532818
122.931688   613.4226565   -568.055526
-106.9365924   616.9329507   -467.1721532
-107.1608473   618.5124664   -467.7739582
-106.1389523   617.9069253   -468.3135962
-138.6483695   619.6970001   -448.5111326
-137.0039548   619.1717899   -449.1092492
-145.5130245   611.4317189   -453.8732398
39.8252413   613.0137012   -537.1452871
41.4093356   614.6623933   -537.018484
42.364529   612.4287785   -537.7779797
122.9065069   620.6742504   -568.6797331
129.9658248   616.8931597   -575.8058304
-8.1141808   618.5715894   -524.1259045
-7.1692191   616.547145   -524.6014794
-9.0843417   617.4725956   -523.9048815
32.6989885   618.0313619   -534.4551443
30.3056773   617.5516762   -534.1534317
31.6776974   619.6151601   -533.8137843
-84.9271768   620.8833918   -487.9904211
-83.3933722   619.0697539   -488.3607167
89.169931   612.539879   -548.585204
113.2835129   612.4147504   -560.6928648
114.7454854   613.2641561   -561.6324916
114.859288   611.3583726   -561.7949935
125.5307012   618.2392093   -570.9756346
125.0356011   616.3269716   -570.2247494
-128.8039651   617.933647   -452.961614
-129.7120627   619.6008492   -452.4092005
-127.6068719   619.7414838   -453.5832532
-81.2759409   618.2253072   -489.6318813
-79.7162419   618.5596273   -490.9750153
-79.3857943   616.4984831   -490.3006248
-101.4576643   618.0668102   -472.4969495
-102.987796   617.1052912   -470.636157
-103.4232663   619.8083006   -471.7206321
-119.3338803   613.9600731   -457.7191154
-121.1260343   613.1546598   -456.8211096
-120.6321009   614.8438327   -457.0409552
-137.228851   613.6908764   -451.6551538
35.7446387   614.5233761   -535.9923627
34.0088189   615.3208586   -535.4555014
35.8455975   616.6452467   -535.4321326
-125.9366264   620.819676   -454.6751022
-123.9968291   620.749931   -455.9229858
-118.5656644   615.1506243   -458.2332978
-135.3081795   617.2974471   -450.2533762
-136.7547671   617.5133557   -449.735469
-135.4140172   618.8005077   -449.764683
-130.8685479   613.6018096   -453.1430481
-133.2576448   613.4680707   -452.5813642
-131.5585471   615.4271004   -452.2850697
-68.5201239   611.9579169   -496.6408451
-117.6963169   614.2619845   -458.6786666
105.5510058   617.2290638   -555.4137348
-141.7192486   615.2576296   -450.2883396
-139.8119317   615.2942315   -450.278103
-67.1483853   614.9006418   -498.6300197
-67.3465978   613.0725233   -497.9098232
-68.3286605   613.7914709   -497.4799244
-119.7961877   611.682893   -457.5757818
-113.5586773   618.2732449   -462.5823464
-113.5629027   616.3800005   -461.9092122
-114.7601933   617.7595158   -461.4577555
-82.5956944   613.5813681   -486.2580737
-84.0589933   612.9437159   -484.6995784
-83.9838713   615.0332509   -485.8582077
-108.198083   615.6768661   -465.6524617
-108.8206204   613.3528259   -464.3171283
-110.2395081   615.3015026   -463.9932411
126.7776717   620.8180389   -573.0395391
-124.4064783   614.9265716   -455.2327601
-122.1557886   614.8233788   -456.2829177
-123.1112837   612.8703764   -455.9681483
-142.2531769   616.9362827   -449.2772968
-140.5051955   620.3697616   -447.9032168
86.9444332   618.9319964   -546.3506111
127.001796   611.0655094   -571.5949935
101.1052339   619.8674899   -552.4570091
102.5064453   619.0176397   -553.3671173
102.0184973   614.3052297   -553.8883472
100.0026389   615.9071416   -552.6013456
101.142356   618.0253593   -552.8062421
102.5229378   616.8145531   -553.7515964
97.4079791   617.0452347   -551.1238795
99.5711415   618.5598701   -551.8997118
105.4700366   620.2422055   -554.9519216
103.9690489   618.3709525   -554.3070434
67.938445   612.1463806   -542.8890393
130.3933199   611.9528502   -575.4136258
126.3031014   614.0413529   -571.1818628
124.5471426   613.9806905   -569.5306792
116.4268193   612.7887608   -562.8465976
117.3733371   615.053694   -563.5317723
118.046613   613.2102936   -564.0393147
110.1493625   612.7728803   -558.6819811
109.9209486   614.9516578   -558.3629301
111.722008   613.8461728   -559.5970558
139.6589774   612.458293   -587.7941176
121.3685057   614.6718787   -566.7741118
119.3268438   614.4949218   -565.0658679
138.4097867   613.7377856   -586.4644605
138.7682385   613.9470307   -586.9613396
110.6710978   620.0630771   -558.4660293
111.8636447   616.827041   -559.5129898
109.6230777   617.3583837   -557.9700573
43.0088267   618.4169972   -536.3415715
40.8072514   616.8417521   -536.3263197
39.9234495   619.6371562   -535.4002388
81.5838841   620.2737063   -544.2826887
70.2508569   615.5948656   -542.5645985
68.6514657   616.673871   -541.9451468
70.5404209   618.2570875   -541.965483
79.8809352   611.4344675   -545.9215299
125.633553   611.8710522   -570.3606135
125.2392571   620.8159561   -571.2073519
-115.9653575   619.2974532   -461.1683879
-114.5191412   619.4170751   -462.308983
-111.935895   617.4390542   -463.548507
-112.1231068   614.7455206   -462.4594045
-132.1865304   612.0242242   -453.5098194
-130.5479291   611.9346151   -453.9083753
73.526412   611.3246641   -544.3392106
70.7369531   611.3672017   -543.6846654
72.2333225   614.0046511   -543.40372
69.8561604   613.5495128   -542.9729458
-13.9741399   617.7471321   -522.2463145
-11.7906244   617.9840071   -522.9708378
-11.9889801   615.7599252   -523.0639723
127.5648624   612.6673777   -572.2887161
127.7310838   614.737266   -572.7001803
-18.2800637   612.7253081   -521.058825
-16.021128   612.8105616   -521.860926
-116.3261342   612.5480975   -459.387774
-118.1987434   612.6094557   -458.3113925
-139.2080533   613.1712303   -451.8142187
-64.4779751   613.4767618   -499.9153901
-65.3517209   615.4739332   -499.9240955
-63.3375068   615.327782   -501.0866254
-92.3069717   611.2339649   -476.7883848
-109.8948843   617.6121542   -465.1891491
-108.2966934   618.079224   -466.648957
-103.630097   612.8270977   -468.0032841
-129.177812   615.6637504   -453.14431
-130.5625859   617.5498846   -452.1819934
-135.9662351   612.4421756   -452.7111835
-128.8227918   613.2375647   -453.8977063
-126.9055809   612.6760521   -454.6307434
-126.789523   614.8350765   -454.2256855
-125.746535   613.7524327   -454.7634147
-133.8741627   618.2150933   -450.5570366
-137.2966507   620.6590262   -448.6509742
-135.8070921   620.5254238   -449.2606134
-131.8972312   619.7119424   -451.2829443
-117.5758627   618.6631925   -459.7734436
-61.9510418   619.3641188   -502.6384799
-54.2695418   611.4586078   -505.4796493
-110.5865559   613.0258999   -462.9946042
-112.361025   612.3368758   -461.695474
-114.9475966   616.0760052   -460.8138324
-116.1633323   615.0623141   -459.7867961
-116.1730839   617.1842969   -460.2776407
35.2370003   620.5899937   -534.2169804
34.6765774   618.43623   -534.7123151
33.463203   619.563737   -534.1639465
-99.4846338   613.8021802   -471.9609676
-99.6761294   616.409699   -473.1640066
-97.9069072   614.8304074   -473.8528487
-82.4871966   611.4391305   -485.2294695
117.9264246   611.3540284   -563.9758132
90.2906437   611.3495668   -549.2382787
99.7538191   620.6273071   -551.6059428
118.4934338   617.4689158   -564.4547421
116.335372   617.3530238   -562.7245266
117.0413267   619.7964371   -563.2826444
121.8688045   612.7863568   -567.110533
138.0778724   612.1948421   -585.770722
79.5519273   613.2600669   -545.420822
81.1894837   614.9745148   -545.4789387
107.7018964   615.7794531   -556.8937937
77.818851   620.2497481   -543.2256069
-122.1093749   620.4707089   -457.1144148
-122.6638157   619.0246965   -456.3981572
62.3426016   612.7869796   -541.5743793
60.9571128   611.7479546   -541.547951
60.1394124   613.8894356   -540.867532
38.3800329   611.8188457   -537.1835167
37.538059   613.4760767   -536.6008958
-1.4977599   618.4871348   -526.2195017
-1.4851521   615.5796175   -526.515307
-3.4866935   616.8628395   -525.754686
128.0475626   619.8230186   -574.3203053
-135.0197002   614.4716064   -451.6166777
-52.5081546   612.3775918   -506.6078279
-86.3488534   611.5316426   -482.0226979
-85.3675442   612.572627   -483.4019188
-68.8450514   618.6902262   -498.595764
-68.3770854   616.6706956   -498.3488879
-70.0305565   617.0387032   -497.3544534
-87.4406936   619.7649618   -485.4296637
-86.383928   620.8025857   -486.8063318
-90.0178388   617.3947697   -482.0210595
-89.1523759   614.9587593   -481.4545915
-90.9399339   615.9325561   -480.4496287
-96.0783521   613.3939986   -474.6662644
-94.1920828   612.1768762   -475.6551885
-74.3728408   617.1867546   -494.3462736
-76.7647227   618.3486672   -493.0587042
-75.1929919   619.7233565   -494.6715641
-66.5653504   611.4887525   -497.8710851
-65.1071582   611.7798466   -498.974393
-101.3230679   612.6355417   -469.8303675
-99.1437202   611.186751   -470.9320312
-98.9298828   620.7479548   -476.1783166
-107.8339832   611.3086508   -464.3536643
-109.3818292   611.5911105   -463.3948238
-118.9487813   617.8909835   -458.5780884
-117.7861105   616.3200467   -458.9665409
-24.9358462   612.8643416   -518.620634
-27.1468158   612.0909862   -517.8303717
-114.2145143   614.0544222   -460.8826194
-114.2175826   611.3141339   -460.4591136
-113.1372681   620.4175553   -463.9166025
-12.4330481   619.8734886   -522.6020048
-10.0345837   619.298845   -523.4400706
48.8737071   614.1989526   -538.5949007
47.324679   616.0867805   -537.8075685
49.3085458   616.3224073   -538.1394184
120.2486492   618.6916085   -565.9995821
118.7772009   620.4604664   -564.7771833
103.7268939   620.0948345   -553.895103
52.7981595   616.6682232   -538.7401909
54.8164502   615.9719462   -539.3099702
53.0775025   614.6538803   -539.2993753
54.3725058   617.9539388   -538.7269631
53.59265   619.7753965   -538.1120781
55.8283513   619.6195311   -538.5931427
121.4102025   617.0852573   -566.9355845
119.0554007   612.4153502   -564.8194882
113.5799787   614.7588261   -560.7790592
115.4788311   615.0597397   -562.1080193
111.469002   611.4037165   -559.610071
114.2887383   617.1996308   -561.1959509
141.5600676   615.0881305   -590.5988697
140.796963   613.912038   -589.4490648
6.6091102   611.6416825   -529.5336707
16.1180329   619.5057637   -530.926359
16.624224   616.9394706   -531.661799
14.2896449   617.68743   -530.9114509
-5.189569   617.509882   -525.15305
-6.245089   619.1970555   -524.6622254
10.4160561   611.2044774   -530.8223502
-12.0567162   611.923228   -523.3051649
-12.8240578   613.4364482   -522.934203
-10.6059621   613.3405426   -523.7023439
16.3355089   614.8817092   -532.0199236
14.6542926   615.5011232   -531.4480217
58.3840235   614.6945064   -540.3238415
68.1477421   614.6725466   -542.3273114
11.3936869   614.8898801   -530.6526831
12.6609979   616.1007774   -530.8013068
12.9465699   613.8579467   -531.2535336
-101.3030019   615.4790664   -471.2622645
-102.9214069   614.8539215   -469.552659
-104.0676496   616.2374711   -469.2468978
-119.1102671   619.915383   -459.104828
-14.6173027   614.876123   -522.2170492
-14.316157   612.8327198   -522.4585723
-27.7039984   620.8603318   -517.1578773
-25.8726668   618.7084538   -517.9621681
-92.8715209   620.2073344   -481.0970873
-90.8795056   620.0511042   -482.7036001
-91.8027637   618.0699377   -480.8604782
-111.1599716   619.3874186   -465.0112325
-109.6329641   619.8125611   -466.4442524
-106.8157036   613.2607503   -465.7241726
72.1071039   616.4574191   -542.7744682
-72.032868   617.1450605   -495.9988137
-72.6571761   614.905105   -494.7299727
-58.0418534   619.1405665   -504.5812613
-55.4966019   618.0119491   -505.7182745
-57.7567156   616.7611261   -504.4491024
-104.2494837   614.8440029   -468.397209
-105.2817677   614.1105821   -467.2225235
23.1853382   619.0757591   -532.4986912
21.2348671   619.0962791   -532.1469284
22.1877571   620.6706632   -531.8484707
36.5360264   611.5389836   -536.9145704
97.5351117   614.0139734   -551.739339
98.0146432   619.9366817   -550.8583072
83.2845611   614.4884299   -546.2107892
83.8979715   612.7051601   -546.8020159
104.0139947   616.8990875   -554.5534571
120.1967648   616.4751657   -565.8414806
113.1612963   619.660446   -560.2832361
94.356135   620.488111   -548.9974423
143.1247742   615.2674396   -592.4756653
143.3286583   615.951664   -592.8365816
2.7437078   616.9185932   -527.7108079
3.749094   619.8088155   -527.6350946
4.8955901   617.9304925   -528.2492367
8.0229254   620.3607025   -528.7373292
-8.0212811   620.33983   -523.9940092
27.9213492   618.405888   -533.4947311
27.50523   620.4046877   -532.83624
29.5597108   619.8902458   -533.3488076
42.9464606   616.1705607   -536.9230717
43.3035808   614.4402788   -537.4449604
75.1591956   620.6077144   -542.4481928
78.1556633   611.6527482   -545.4124641
76.1078064   611.6613667   -544.8889555
77.3943654   613.5871598   -544.7712694
78.9566147   615.4785283   -544.7365681
75.0074413   613.7325248   -544.1341779
66.5534171   616.3277101   -541.5805876
62.9289608   617.7467223   -540.4761974
67.7888302   618.5536314   -541.2865807
-60.1495611   620.1868868   -503.6594057
-60.0793667   617.6736896   -503.3565403
-85.6349971   614.6487019   -484.2698092
-66.7516149   617.4576985   -499.5634011
-74.6503213   614.6513455   -493.128229
-89.0607363   612.8737717   -480.422224
-87.7736456   613.0207379   -481.5983549
-45.6193572   620.4717039   -510.2296747
-58.2587286   612.8852391   -503.5316132
-56.306298   612.8811819   -504.6154167
-57.3960701   611.7506229   -503.7850937
-75.965006   616.2374956   -492.8093262
-77.5200545   616.4068732   -491.7024552
-73.186959   612.6345454   -493.3794053
-75.1872149   612.3385978   -491.6699763
-79.7015725   611.2865639   -487.4687107
-81.0793276   612.3888617   -486.8950931
-79.5207953   613.6169893   -488.7997606
-77.2773936   612.8309702   -490.2330895
-78.0403352   614.7881141   -490.5621806
-91.9101683   614.7260116   -478.9727838
-93.4813844   615.788795   -478.1934067
-92.3723045   616.5575294   -479.5594525
-96.4805527   615.8725304   -475.645159
-96.8559645   618.1299914   -476.5460115
-95.1646049   617.0132616   -477.4023519
-94.7298758   614.631011   -476.4924898
-47.1244404   614.9721816   -509.5088826
-44.8971915   616.0033881   -510.5290264
-45.3620198   613.2065278   -510.2313643
-106.4499619   619.7056768   -469.0308953
-92.9876946   613.5365328   -477.4159052
-91.3059724   612.6619217   -478.3965164
-89.8573793   612.0747935   -479.3216848
127.6135392   618.7135075   -573.3302148
95.8991357   615.1835305   -550.7682448
108.4090011   613.1801811   -557.5858384
107.9126424   619.2093887   -556.6660032
95.8751041   619.0212581   -550.0077679
94.9647213   616.7545847   -550.0500572
85.7282126   620.2906235   -545.597124
92.4855727   619.141271   -548.4680245
91.0261963   620.1650319   -547.6283019
-4.2145477   612.1227366   -525.9485126
-6.806791   611.6248003   -525.1245634
-20.3846236   619.1133095   -519.9120872
31.658792   611.2592104   -536.0842856
47.0301991   612.0724735   -538.7760223
46.6052858   614.2570338   -538.1362734
51.703652   611.2412316   -539.8859169
51.0296787   615.4743896   -538.6931067
50.854745   617.6798871   -538.0989874
80.7501667   617.57442   -544.7259417
79.6451392   619.3654984   -543.9581386
58.5284653   619.3923612   -539.1815774
-85.4524524   618.7502585   -486.5433723
-85.1731937   616.5207712   -485.6375587
-86.9221004   617.1437422   -484.4983418
-94.6092725   620.7787175   -479.9211504
-95.712296   619.3837045   -478.2168365
-108.0422421   619.9415395   -467.8129828
-78.1415099   611.0390436   -488.6355907
-76.9714536   620.8491892   -493.8136929
-78.7896998   620.0133295   -492.2376647
-65.7828057   614.2663437   -499.3419797
-64.5183945   617.3579528   -500.8601701
-57.7881615   614.6484896   -504.1260378
-55.8680252   615.3331731   -505.2348093
-59.2647653   614.261662   -503.2411455
-60.9521932   615.1838685   -502.4391178
-59.183304   615.714357   -503.5449215
-70.8969813   612.6296571   -495.1295678
-31.4719221   619.65253   -515.8129805
-29.5887996   619.7117398   -516.5189498
-30.258383   617.8389138   -516.3701103
0.3255075   616.9786466   -526.952026
1.1347087   619.1779652   -526.9431575
-36.4342396   613.5487104   -514.1537787
-35.2428567   614.316905   -514.6042695
-35.3834895   611.9673833   -514.614031
-104.7968301   618.1826919   -469.6252156
-105.411744   616.2045175   -468.0769221
-93.7191122   618.260222   -479.3229426
-87.41434   614.962845   -482.9340493
-86.5097748   613.3495133   -482.8452221
-47.0154534   611.4647552   -509.3270066
115.2116317   619.5831451   -561.8241512
33.8830965   616.9109659   -534.9912886
32.1867095   616.0925213   -534.9044196
94.8147663   611.8897125   -550.8975444
96.3153548   611.9735994   -551.5403498
95.4150603   613.4230355   -550.8716212
78.2704215   617.7467752   -543.9903888
37.5462461   620.7855241   -534.6170279
42.5200977   620.6715421   -535.6474699
44.9814357   620.6088695   -536.1630906
-26.7237374   614.5257759   -517.8729673
-67.3779154   619.4492089   -499.6714951
-65.5390426   619.6015767   -500.7351544
-20.5600883   612.7449819   -520.2287148
-22.7143856   612.7840327   -519.4410321
-21.6744808   614.6602613   -519.7169137
-17.1270538   614.8611709   -521.3381925
-23.704096   614.5643821   -518.98743
-3.6988449   614.6584397   -525.8901525
-2.0568827   613.3227964   -526.5464017
-2.0409916   611.0896365   -526.7587944
44.5940143   611.0570428   -538.5587794
38.3419744   617.0733485   -535.7886803
37.3355342   615.3629469   -536.061872
28.8695224   611.6183908   -535.4347894
30.5225187   612.0959251   -535.6579781
53.3719917   612.6023118   -539.8669878
55.4473668   611.6613699   -540.497935
65.4861843   611.4127447   -542.5437188
85.4504626   611.8524344   -547.4712928
59.0044965   616.4418813   -540.0144319
56.5724902   617.4331768   -539.2890545
-35.5547417   616.4192242   -514.3998378
-35.5964071   618.6468228   -514.285644
-34.068583   617.5044684   -514.9315219
-105.175916   612.3203534   -466.5725829
-16.0620921   616.6973776   -521.5953717
-18.3172226   617.2556013   -520.764807
-82.4481709   617.1364495   -488.1919119
-69.5139254   613.7550471   -496.6191104
-69.0337183   615.2228426   -497.4717096
-76.4504639   614.5500633   -491.7008488
-73.2417499   619.2368835   -495.8516575
-71.0932246   619.3285164   -497.3117937
-52.6404367   618.2479578   -507.1121564
-54.2264028   619.9730308   -506.4729978
-52.4090401   620.6799421   -507.3299891
-39.3858542   611.3102636   -512.9253553
-51.0687129   612.9367384   -507.4464551
-49.2486532   612.2156016   -508.2800417
-51.0364276   611.5371495   -507.2730748
-81.3800787   614.1911749   -487.5805725
-42.9992287   614.2664951   -511.3396547
-43.0177583   611.9027825   -511.2700427
-40.747883   613.0712822   -512.321842
-62.4237506   617.3131279   -502.031833
-97.3976951   620.19753   -477.2049476
-98.2207884   619.0706303   -475.8751572
-101.6063605   620.5416217   -473.7284862
-50.3058999   614.2876902   -507.9614944
-49.1718434   616.0868305   -508.6206936
-48.6757102   614.156933   -508.7402002
-98.1510444   617.2282115   -474.9306524
-97.586427   612.2731229   -472.7879491
-105.1618265   620.308781   -470.4724649
50.0766049   619.2655869   -537.5385712
50.5266354   620.6206105   -537.2825931
51.6616628   619.5476095   -537.7841167
-70.70987   615.1253025   -496.243341
20.3943839   617.7875291   -532.3440247
18.8550464   617.2469197   -532.1355952
19.4828621   618.9202501   -531.8471446
24.8721951   611.6838144   -534.604843
27.0791047   612.8442977   -534.7992984
18.3262872   620.2269033   -531.2293794
24.194442   620.8909086   -532.1258503
-72.5506307   620.8396344   -496.7848892
-54.1424872   613.711013   -505.9199608
97.8930771   611.9774952   -552.2607067
84.7156207   618.1975399   -545.7816974
48.8795358   620.2990399   -537.0327547
60.7841638   620.4420857   -539.3647041
25.5780831   619.1382622   -532.8834096
-18.1273152   619.8634378   -520.6613674
-14.7568277   611.1623266   -522.4144868
-33.3357474   615.5495308   -515.3046246
-32.2942409   617.6169411   -515.6093693
-31.067841   615.8818201   -516.1652657
-24.1727638   619.7723433   -518.5166513
-23.7372582   618.0999451   -518.7759333
3.060554   614.1865149   -528.1108916
5.3292303   615.6084653   -528.676879
6.8650089   617.8460766   -528.8439198
8.15684   615.6335112   -529.555804
0.7649712   614.7268992   -527.3195885
5.8354798   619.450324   -528.3012835
-5.0842587   615.9398354   -525.3321696
-9.5893007   615.7028935   -523.8758745
-8.1672064   613.8615576   -524.4900867
-8.9589173   611.8421874   -524.3782951
12.1779102   618.0748723   -530.2998999
10.608104   618.3946436   -529.8339839
11.4547386   619.7137314   -529.7841193
15.1166446   613.4949488   -531.9325452
31.9500315   612.8055484   -535.753308
33.3137106   611.3646353   -536.3710795
45.7151921   617.9534633   -537.0037064
51.2677549   613.3353452   -539.2780933
57.3180659   611.2888016   -540.9479504
59.060613   611.6593361   -541.1959078
65.6819326   613.8092043   -542.0130344
73.3656507   618.4314558   -542.577166
66.5595393   620.5605429   -540.5108847
60.9757179   618.3548221   -539.9296336
-78.447022   617.9726082   -491.6739955
-40.8422826   616.6547007   -512.2605536
-40.1391618   618.1680477   -512.5150279
-39.5836662   616.9108147   -512.7732333
-88.8312136   618.6940747   -483.7127414
-106.5108197   615.2328451   -466.7388212
-38.0004114   612.9296817   -513.5109667
-39.3690421   615.3128647   -512.8901585
-37.0985805   615.0044305   -513.8342296
-28.9126352   615.9026911   -516.9823949
-29.0513128   613.3987293   -517.0498148
-19.458026   614.8208234   -520.5075938
-20.7851955   616.6951406   -519.9191524
-56.2293354   620.6613897   -505.5808507
-63.3560882   611.141335   -499.9020157
-48.9427401   618.3134974   -508.8098738
-48.9076078   620.2895402   -508.8524994
-47.2072605   619.2965096   -509.5704191
-52.191923   614.2274704   -507.0093257
-51.4276889   616.0725701   -507.5534223
-39.1862836   619.6063088   -512.8475396
-37.3173633   620.2117612   -513.5502739
-32.7616326   611.705098   -515.6732577
-41.2281929   620.2095268   -512.0162027
-43.6856908   617.7189446   -511.0559069
-45.3455252   618.4008236   -510.3538395
-24.9850338   616.2096305   -518.4294676
-90.3712785   613.8725686   -479.832774
-99.7658939   619.0442048   -474.5143106
24.0155821   617.0717214   -533.2055449
21.9393354   617.5392976   -532.7086528
29.8341618   614.3284728   -534.9497973
26.9669013   615.0253603   -534.2583216
20.2686777   620.5306875   -531.5369721
6.7379604   613.7575101   -529.3467918
8.7293965   612.925477   -530.0820541
82.8622321   616.6226091   -545.5785619
82.7568967   618.5863697   -545.063706
83.9126365   620.3501464   -544.9784649
94.0177097   618.3268297   -549.3055791
-22.5157886   619.6068936   -519.1212051
1.3949409   611.3539914   -527.8637366
-0.1588674   612.4667452   -527.2462045
4.8965581   612.9735142   -528.8338517
10.5542546   616.5509978   -530.1367478
3.0223225   611.9559805   -528.3338928
9.9398852   614.6556883   -530.249378
10.9105183   613.2553277   -530.7354628
13.8593519   611.7475795   -531.8253896
12.0868058   611.9778437   -531.2585377
-2.5586386   620.8342237   -525.6332439
-3.9555294   619.0027302   -525.4042512
-10.5013171   617.2430881   -523.4582951
18.8280159   613.0030198   -533.0127727
20.8882591   612.4711745   -533.5995507
19.1370346   611.0672611   -533.40762
15.9339656   611.6244084   -532.4528275
18.3069891   615.1124376   -532.4743616
17.0163726   613.3189007   -532.4865517
32.3947907   614.3833126   -535.4140691
35.7405707   612.9714996   -536.4049304
34.0035366   613.338903   -535.9903667
65.1019519   618.4647481   -540.741905
-28.2135271   618.2843785   -517.1164378
-62.2068907   613.1040372   -501.205119
-50.6670188   619.4277702   -508.0725252
-50.5742895   617.6288258   -508.0530905
-47.4926538   613.2066404   -509.2360702
-43.545505   619.7687986   -511.0891997
-42.0114872   618.1333147   -511.7498003
-33.6411864   613.4438917   -515.2681208
-37.9812844   617.5292661   -513.3945526
-83.845843   617.0052892   -486.98792
-60.062766   612.8301267   -502.447726
20.5091856   616.0829317   -532.778801
22.3496436   616.0618459   -533.1662956
23.5869134   615.0506879   -533.6421317
21.7426445   614.5114444   -533.3943542
63.0649843   620.0074952   -539.9331103
64.8862274   620.2960098   -540.2310378
103.3162875   613.5422698   -554.6744549
44.1635936   617.0378702   -536.9345991
44.9821394   615.609443   -537.4691965
47.0835158   619.7334724   -536.8157838
48.4625372   618.1879602   -537.4922394
36.9292335   618.8632476   -535.0250652
-23.6626339   611.1045794   -519.1770264
-22.049551   617.9743197   -519.3886261
-22.8229078   616.3650861   -519.2048531
-5.857799   614.1252957   -525.2326192
1.6152264   612.9374677   -527.7770832
-16.2669479   618.7568813   -521.3876267
-25.0874677   614.5384669   -518.4798332
13.5515459   619.9547119   -530.225427
17.872193   618.5772485   -531.5792933
23.1331335   613.0923252   -533.9720801
25.1325333   613.8937166   -534.195774
-31.4745938   613.7050457   -516.1051727
-30.1274173   614.7157166   -516.5822815
64.0221719   612.432304   -541.9995582
135.0007306   612.3272662   -666.0640454
-80.6211002   620.0501987   -490.9328489
-33.5600369   619.309374   -515.0378261
-41.3187473   615.1201354   -512.0739064
132.388088   612.7063843   -664.8694846
-42.6268603   616.3121374   -511.5107904
-47.1170842   617.1748626   -509.5835254
-81.1057822   615.8650397   -488.6419833
-82.1741767   620.3372984   -489.8908258
125.5379409   620.4370986   -670.666264
26.3205044   616.9598243   -533.6328789
25.1985071   615.609421   -533.8007241
-30.3289271   611.2806872   -516.642423
-28.6379248   611.6123666   -517.2862277
126.6809377   612.3934531   -571.3697012
39.209429   615.0732808   -536.4907889
44.8133639   613.3116818   -538.0276288
128.3209042   620.2556349   -672.2223263
-0.7355763   614.0234389   -526.9091898
126.7833173   619.1356506   -669.6752614
-13.3586537   611.8881018   -522.85638
28.2670767   616.4612288   -534.1030398
63.6637536   613.8599276   -541.5834714
52.6534923   618.3186305   -538.2949453
129.4393261   618.9184803   -671.1729396
-14.6367228   620.2919275   -521.8313777
9.0069765   618.0604787   -529.4394464
34.8868295   611.9552621   -536.5133686
49.5456212   611.8439492   -539.3205943
130.5497853   617.6590159   -670.04716
-53.6379022   615.9392507   -506.4453121
20.0455443   614.2462768   -533.0742903
-26.9422359   616.7168358   -517.680239
9.8926087   619.5337256   -529.4192007
128.0487023   617.8691742   -668.642373
17.6252794   611.7505886   -532.9086725
91.9982679   613.7094036   -626.4501169
92.3996773   615.76513   -625.3752607
69.6086879   619.5307481   -615.5474213
129.2788998   616.5076245   -667.5543799
66.9290992   619.9753951   -614.8498293
-168.7396662   618.0287974   -453.6049569
-167.2441464   619.9605332   -450.0700441
-166.9842009   618.5665049   -451.7747015
131.8923082   616.3361795   -669.1406
-161.6002826   612.3389427   -459.1915617
-159.2537121   612.2026653   -457.3706842
-159.1147716   611.1263408   -459.2290788
-163.1655733   616.831957   -452.6013735
130.634738   615.1748975   -666.7437854
-156.9273851   611.2988574   -457.4427911
-154.9260328   611.7489194   -455.9063887
93.6633614   620.9024437   -622.781097
92.074303   620.537157   -622.1029876
90.7411512   619.1781835   -622.2418269
133.0505764   614.954939   -668.0728794
95.0125116   619.8462264   -624.3092706
96.6432924   620.1561789   -625.195169
94.2749377   617.4164891   -625.3739304
134.0215409   613.677548   -666.9002841
97.9534813   619.7761421   -626.3874403
99.2558451   620.1294513   -627.1334097
100.3555723   620.2028762   -627.9606195
95.4411545   617.4845923   -626.1021613
95.2547787   616.6263275   -626.5457177
94.2090993   614.8153108   -627.0606145
96.1035109   618.5588829   -625.8660332
131.7030932   613.9661877   -665.8969743
96.0719744   617.3220186   -626.6390886
97.2490301   617.8343715   -627.1400358
99.0417904   618.5995577   -627.9652904
124.325485   615.1272818   -652.8651748
101.9787785   620.0393887   -629.4092548
96.2199031   616.0870039   -627.5689665
103.1110319   620.4688896   -630.1093396
103.9832868   620.4577727   -630.8938664
100.5744211   618.6830286   -629.1077031
123.0510294   615.672796   -651.1846532
102.9801818   619.1940992   -630.8104552
101.6890094   617.677689   -630.6533177
95.6730889   614.4469551   -628.3017543
99.7896298   616.8337993   -629.6531788
94.7435962   612.994862   -628.6708788
92.8869606   611.8828207   -628.1651944
126.6307732   614.8964687   -658.2208584
105.1908814   620.1547578   -632.2036421
104.1027884   619.0473634   -631.9095462
97.6122703   613.8028562   -630.0816983
125.0080865   616.4655931   -656.590238
98.5234382   615.2408349   -629.7413493
106.5678581   620.3636173   -633.3995219
100.9009849   615.6730311   -631.2542869
99.7030219   615.1924902   -630.6257907
125.9306143   615.411853   -655.7878191
107.8734316   620.6192071   -634.5620701
104.8533462   619.0138268   -632.624271
103.262039   617.6429081   -632.0419177
104.5584022   617.9915346   -633.0124677
130.236991   613.5170202   -663.5024088
105.626884   618.9135051   -633.4352074
102.4755209   615.7476424   -632.5449466
98.9094031   613.9502895   -630.8988609
125.5545029   614.9961004   -654.5343514
106.9740945   618.9196261   -634.7735294
100.2087181   614.0989986   -631.7657823
98.0762787   612.8765291   -631.0708702
101.4329038   614.4014856   -632.533255
128.0950155   615.4812706   -664.3648233
109.0343152   620.5808781   -635.8109917
108.1446792   619.5123128   -635.5827938
105.6148969   617.0181639   -634.6708259
103.9957031   616.4344989   -633.4822238
129.8583012   614.4249986   -664.7147055
108.9725317   618.9326428   -636.8314091
99.1298682   612.450722   -632.1624396
100.8825867   612.8714517   -633.1947518
103.5694737   614.9941065   -634.0128528
123.9591191   619.5410804   -667.5752715
107.8679451   618.4144143   -636.0291994
107.0717279   617.4686344   -635.8421391
104.5685879   615.4773135   -634.639834
105.3713577   615.2200184   -635.6068483
123.2089412   620.7760517   -669.2936193
68.1534471   612.2165351   -617.519458
70.4016847   613.3970844   -617.7960796
108.1797702   617.1455448   -637.1998777
106.6977244   615.7559377   -636.6044153
104.2422127   613.9706736   -635.3420904
125.3639606   615.9638604   -659.9594649
109.4157671   617.7422813   -638.069151
105.6535469   613.9941957   -636.7250776
108.0137616   615.3026115   -638.2668824
104.5553775   612.2756197   -636.8453799
125.6017896   615.7988716   -658.7414413
109.2530338   616.3037955   -638.8556234
106.9172032   614.059932   -637.9780471
106.0136098   612.7135302   -637.9790791
108.9906386   614.836465   -639.5774411
126.8185624   615.1270298   -660.79848
108.0401069   613.6068284   -639.4520167
107.0003143   612.835714   -638.913174
106.4359686   611.5991037   -639.2162519
109.3398282   613.642048   -640.7410179
125.8330938   618.2852542   -667.2784446
107.5019392   612.0561298   -639.9881953
109.4375543   612.3499865   -641.7257321
108.4702266   612.3708853   -640.7474731
108.5668797   611.0659287   -641.7536077
107.9133295   611.471783   -640.8205353
123.82303   617.6972774   -651.2796822
122.8971091   619.1700962   -649.7598541
83.7674049   617.1458025   -620.3972923
81.8838173   616.9303317   -619.826013
83.0625101   615.5110122   -620.9648823
83.4697483   619.0050394   -619.295432
123.0880543   617.4881401   -650.1203236
87.3732469   619.5268214   -620.4705329
84.9803765   616.1158697   -621.4290822
84.1979259   614.0759517   -622.1523201
45.8067491   612.1780633   -611.5050549
128.4203163   613.7813902   -660.6264906
90.8374283   613.1212292   -626.121774
85.3615341   618.1732336   -620.451335
77.6765777   617.6482881   -618.2033627
77.7094818   615.4992261   -619.1207207
125.2070262   616.5296153   -662.10473
79.7186763   616.9579401   -619.1053579
74.8421032   620.6352734   -616.2620511
47.2423958   611.4413081   -612.0013636
-0.6752296   612.3060702   -583.8176087
126.638066   617.0173829   -665.7824467
11.3758636   613.4960033   -593.8285824
12.0888448   614.5883588   -594.6597608
13.3184851   618.7874071   -596.4832134
13.5246642   616.4382901   -596.0870692
121.5283588   620.4526594   -646.969574
14.4647282   617.9708895   -597.0047859
10.3346402   614.6150384   -593.4599353
6.2783615   614.0519044   -590.2766732
74.3880311   616.8463866   -617.6495053
120.8721983   619.4909314   -646.6958143
75.9016211   616.2792142   -618.2766578
74.1429898   615.1570259   -618.2210789
47.4664012   616.0025014   -611.6373395
4.4409123   614.7898622   -589.1778482
121.4154827   619.9242516   -664.2116977
5.0738194   613.1913236   -588.9405071
-165.5442376   614.7041416   -458.1053965
-164.2111542   613.4431608   -459.9453161
-167.5551194   616.1794626   -456.5728901
128.6782793   614.3858013   -662.7626819
-170.0193166   617.0013558   -457.7276396
-170.1873268   616.8977666   -459.3234665
-171.7592736   617.8706272   -458.640865
-160.7064277   611.2365791   -460.7257778
121.6656308   620.6439394   -667.2358261
30.1224761   612.6306748   -605.0402705
31.8865487   611.245133   -605.8096314
-6.7759976   613.8440957   -579.4776532
-4.8732153   614.1822122   -581.2701832
123.1615024   619.0960366   -651.2644088
30.693722   617.9074098   -605.4638496
28.9354481   616.641452   -604.6483078
30.6041997   615.8082552   -605.4099559
-6.6085115   615.7700269   -580.6457704
124.2040655   617.5751879   -652.8829412
-171.7057709   618.0099929   -457.124015
-157.0248695   612.0897286   -473.3887013
-153.9091482   611.0156383   -475.8510125
-153.2085177   612.4324718   -477.2834012
122.0038687   619.4902487   -654.9198213
-156.1888752   618.0211502   -476.8491433
-158.3375028   619.7997669   -475.8283093
-158.3691514   617.3398402   -474.9338611
-147.7166392   614.3255225   -481.9175431
119.2506637   620.5030187   -644.8394189
-143.7747897   618.9989984   -485.6330299
-142.2435303   616.7141421   -486.0975579
-168.4360736   618.099084   -465.8737933
-168.1952357   616.7734596   -464.4844443
124.9575181   616.7033431   -654.5763542
-160.452802   615.2685686   -472.0049349
-158.6140213   615.2996376   -473.8050812
-50.7480528   611.7410721   -542.5286954
-163.7126741   619.0490204   -471.2834698
122.1952779   619.0492792   -648.3808325
-165.9461096   619.814386   -469.8119531
-165.1435637   615.0087853   -466.252866
-163.9273997   613.3391913   -465.2539237
-159.983635   613.0377567   -470.7751619
122.2667628   620.2063731   -651.5146948
-159.5879259   611.3299622   -469.3870804
75.3856571   612.5147887   -619.5750763
77.6136355   612.8997131   -620.1610314
75.7631983   614.235332   -619.0401692
121.9918267   620.8720979   -649.8351569
85.5077871   620.2137075   -619.3112565
77.6682359   620.0192393   -617.1673112
80.3738459   620.7695733   -617.4866982
73.7900032   613.0592689   -618.8819949
124.0877638   616.9944679   -658.8807118
72.281371   614.2693842   -618.0270655
71.8321061   612.3922368   -618.532651
58.2332768   613.2065197   -614.7310261
59.1273879   612.0028419   -615.165731
60.0687612   613.3596479   -615.1321727
122.6435498   618.2980668   -661.2620103
75.5433957   610.91064   -620.2250746
74.1785417   611.4722275   -619.5660585
65.9035071   616.3297712   -615.7442154
67.0813865   614.9310003   -616.437295
121.9492349   618.9408624   -658.0271333
79.361443   611.414607   -621.4099762
67.5528523   617.5224645   -615.7592865
65.5509523   612.7777202   -616.6450249
124.1106689   618.1455553   -664.6482874
-5.2265754   612.0620912   -579.8397384
40.6180714   611.2816816   -609.6304465
42.3353186   613.0374158   -610.2333387
39.8596171   613.4033639   -609.3132635
121.8860975   620.8584325   -647.9900969
-165.1749311   614.2169506   -464.760895
-168.2728298   615.9018143   -458.8973147
-166.6589197   615.2152266   -464.0242571
-172.5514954   618.9773701   -461.3504617
123.9501608   616.4772263   -651.5394994
-167.0234424   616.3517201   -465.5542905
-172.6084146   618.8531382   -455.8074536
-174.760575   619.9972749   -456.0102838
-167.2027046   618.9118852   -467.953693
123.0451352   619.6278899   -666.2508122
-173.6345882   620.3971533   -462.2777329
-124.3763013   615.4427936   -497.0231
-18.9791605   611.59383   -567.8956433
-17.1870139   611.4579207   -569.3472201
122.7258699   619.0250398   -664.2910641
-18.5763364   612.6057172   -568.7662324
-54.2712132   613.2759963   -540.531084
-52.5766635   611.5885055   -541.1399383
-54.0133186   611.2734471   -539.9965698
120.4388894   620.3366518   -660.4582165
-82.4500623   619.0632493   -523.2229793
-138.8841321   615.5222944   -488.0016797
-139.9266949   612.9335194   -486.7377185
-137.6998542   613.6779941   -488.3549061
121.7710808   619.2590926   -662.0123785
-155.7709056   612.3347342   -474.858519
-157.2083566   613.7219922   -474.2870064
-150.8434456   612.8855687   -479.3305802
-149.2363186   611.0867884   -479.7955252
121.7605751   620.3402797   -652.7490424
-150.3817248   617.3334593   -480.8512848
-148.1798999   618.4824535   -482.6053395
-150.4771707   620.2764164   -481.4737999
-142.7954515   613.3208794   -484.9172924
123.3749113   617.8758342   -656.4770929
-152.0562907   616.0271375   -479.3921836
-150.5584339   614.9357689   -480.1688113
-158.5607905   613.3523504   -472.6415036
-154.6229697   613.1934592   -476.3976105
125.1988876   616.2288163   -653.9158044
-153.9903747   620.0469529   -478.9872015
-138.252692   611.6873664   -487.5383096
-91.7123808   613.5178968   -516.3654354
-91.5279115   616.1858527   -517.0013038
-93.0760819   615.496008   -515.9392808
122.9549727   619.0764079   -652.8713168
-92.1349084   619.8504581   -517.4259474
-94.157053   620.2345284   -516.2810557
-93.2031735   617.7883872   -516.3302932
-95.4021641   618.4847554   -515.1505634
123.8318931   617.8414972   -654.5764643
-89.4238839   613.3357961   -517.6825974
-80.9285889   616.7338018   -523.5658744
-81.00478   614.5003618   -522.9793755
-79.3001203   614.8195362   -524.1109313
124.6505258   616.3678222   -652.692993
81.1981072   618.8206289   -618.6749151
44.3248177   611.5564586   -611.0159422
79.3378433   618.8446388   -618.1292723
79.5298469   614.9682465   -619.9318418
58.9716812   615.0597156   -614.5244485
120.2482697   620.7244392   -658.4990231
75.6760947   618.2832029   -617.4125057
69.3450472   617.7330198   -616.111196
71.0518004   617.6157364   -616.5478038
120.0916057   620.7022973   -662.2621649
41.4514443   617.4398638   -609.6237059
43.3200956   617.9838087   -610.1745
80.6110481   615.985968   -619.8391804
60.1164037   617.4382003   -614.215384
57.1381869   616.766672   -613.7691198
55.1686374   620.0212379   -612.6642744
62.0927984   613.1645177   -615.6547632
63.7383833   612.6854576   -616.1847394
64.1364984   614.9752797   -615.7056838
64.8451042   617.8931465   -615.0570323
62.4096695   618.978477   -614.267452
51.0601454   619.5172406   -611.9711437
-7.8152687   617.2506662   -580.4025985
-4.5211506   620.6038675   -584.648618
133.6468932   619.4650032   -673.0347035
2.4193502   615.5082999   -587.8802399
3.8904351   616.582326   -589.5110408
2.5026942   617.5626129   -588.8272198
-8.3129731   615.744057   -579.1892583
131.394866   620.3100233   -673.4797049
-168.7236601   616.5151933   -462.9638518
14.9708855   619.6035415   -597.574463
13.2970378   620.5328766   -596.7748136
36.0478933   614.6678476   -607.7582171
34.8784228   617.0541294   -607.2076686
33.984265   614.0568195   -606.876257
-37.9089368   613.1093109   -552.9556149
-36.6199855   613.429416   -554.148282
-38.1276247   614.7692294   -553.5326689
-23.4588686   618.4196321   -567.7072269
-21.7615638   619.1350119   -569.5478876
-23.6646537   620.2182981   -568.4992898
-42.4731347   619.4995374   -552.1438683
-40.6578869   617.7366351   -552.828478
-40.8887136   619.7670016   -553.5713077
37.4162692   618.509899   -608.1016505
37.4136245   616.0201817   -608.2681219
39.3265941   616.8920095   -608.9346681
31.6030666   613.8679754   -605.8102979
32.8568475   612.7067669   -606.3547464
-74.1700382   615.9678287   -527.7244044
-73.908363   618.2143189   -528.5763126
-75.4237692   617.379562   -527.2895443
-96.3400035   620.8370174   -515.0821358
-140.0939634   617.4372414   -487.6466568
-128.5232439   620.6017905   -495.3985619
-122.205352   620.0356896   -499.1601545
-121.3261016   617.5957993   -499.2859602
-120.0763466   619.5473524   -500.388042
-123.287735   611.1470166   -496.9458486
-137.8033059   618.0534186   -489.2181503
-139.3540203   619.8929482   -488.6329855
-112.2080605   618.5018231   -505.0222348
-114.5590111   617.874003   -503.4841387
-113.5138298   615.711583   -503.7519339
-161.6747746   614.5349647   -470.1644351
-160.0627074   618.7433578   -474.1576448
-144.5200822   616.1038889   -484.4727952
-156.9749627   615.5674873   -475.3830645
-152.1735366   618.4987753   -479.8866919
-146.0655264   619.9868565   -484.3551732
-59.0918171   616.9023038   -538.4253194
-57.1590798   616.0976116   -539.5026648
-57.8777269   618.4549496   -539.8767589
-109.8757237   617.6597103   -506.2885052
-108.3928986   619.715822   -507.5535006
-110.3545744   619.6350947   -506.3474808
-85.0146585   619.7149405   -521.7810096
-102.9708465   615.9983631   -510.1307856
-102.2088329   618.3095968   -511.0159677
-103.6335217   617.9299788   -510.0833473
-91.3604799   618.0640315   -517.4957519
-89.7226729   617.1107987   -518.2771548
-90.269794   619.3324867   -518.4412563
-88.8593781   620.786433   -519.6563161
-72.9192509   614.0745633   -528.0400057
-70.9888586   613.9759763   -529.300585
-72.2462671   616.1187915   -529.0754354
19.6883752   619.6607568   -600.1629491
-66.3936634   618.0084268   -533.6985177
-66.5116044   616.2043365   -533.0087931
-64.8550763   616.3432148   -534.1975646
-74.7225441   614.1443125   -526.8609127
-76.228879   614.1720891   -525.88783
-75.5232326   612.4560561   -525.935847
-69.9526695   616.0247207   -530.6065903
56.9726795   614.4586095   -614.20893
55.3290391   613.5628231   -613.9906072
72.2400132   619.9030387   -615.9827558
73.4898152   618.2570021   -616.8864086
13.7774333   613.8978866   -595.5937908
52.2041661   611.7723257   -613.4541082
50.4921786   612.0584527   -612.9358985
49.5783079   614.3935455   -612.4128337
53.6651512   612.6466507   -613.7294339
51.9136998   613.5606963   -613.155931
60.6872176   611.600138   -615.6284527
61.3223642   615.1446547   -615.0258423
62.5643466   616.8846696   -614.8634551
23.5656132   615.7298503   -601.8494565
23.6779575   612.6738658   -601.5534991
25.7236147   613.9826593   -602.8477281
-162.6752362   616.4650863   -470.5893881
-161.4855418   617.6770975   -472.4784664
11.6882681   620.0432015   -595.745758
9.7785939   620.1870233   -594.605284
39.8166053   619.0182786   -608.9072398
-62.6604724   616.4690171   -535.7652404
-61.0425447   617.7485576   -537.352096
-62.8039933   618.9142662   -536.5297006
-14.3692619   616.0561586   -574.1961451
-13.4899285   613.4046465   -573.5191623
-12.0837143   614.6899606   -575.4063113
-16.9978523   614.8200764   -571.2916227
-16.5598587   616.5644387   -572.602986
-18.3658827   616.1698768   -570.8500617
-118.704409   611.2607989   -499.8277178
-116.9466431   611.8816954   -501.0135014
-129.5451725   619.2375952   -494.5253707
-128.1382396   618.4203356   -495.2364834
-128.9133703   612.5091623   -493.6568101
-122.4698056   615.3399545   -498.1881224
-123.8640937   613.2419827   -496.9516603
-125.1863082   610.9979947   -495.7177042
-134.0679701   612.3053173   -490.3627269
-136.4526009   611.8634152   -488.7438666
-57.8237535   620.6264826   -540.7518615
-132.2412972   617.5953696   -492.5602446
-121.6365884   612.7800705   -498.2620327
-148.8107566   615.8178199   -481.5538754
-146.7654798   616.3156012   -483.0323133
-152.2566856   620.3223682   -480.2702518
-161.8950579   619.9848656   -473.2488748
-88.4871101   611.1734225   -517.8299747
-100.5649245   616.5271815   -511.6678797
-102.3251461   620.7538586   -511.4283543
-71.7449276   611.8780728   -528.2401871
-73.7135472   612.2966148   -527.0615626
-75.9279331   619.1595555   -527.494052
-74.820881   620.4230082   -528.6540922
-52.2507458   613.7340424   -542.1708691
-47.1334752   612.0184019   -545.3243385
-46.3404266   613.6916335   -546.5951419
-48.2743512   614.5047597   -545.4519817
42.0639589   619.7712678   -609.5482575
44.346946   619.5562111   -610.275914
72.6968137   616.2523864   -617.4367332
70.2301325   611.7217459   -618.2755684
62.612162   611.2312766   -616.2242175
-115.4887406   619.7538792   -503.2353259
48.6653372   612.4011346   -612.3724765
53.7544872   614.6948514   -613.4390476
26.0156375   611.4349344   -602.7190466
26.9403951   617.531704   -603.7133521
26.3974093   620.1773586   -603.5194394
24.7152256   618.1297433   -602.6279273
20.1333939   614.5068978   -599.7634514
21.9916363   614.3325545   -600.8257102
21.1866149   616.3433483   -600.6243088
12.6636194   612.3523625   -594.3305095
21.4601078   612.416671   -600.2148755
17.8905253   614.5804694   -598.4062217
16.0878274   617.0588596   -597.7760429
15.5910542   614.3295444   -596.8966599
-15.6105682   617.5293938   -573.9335619
40.8864945   615.2637791   -609.6050949
39.0512892   615.0955248   -608.9514761
38.5144109   611.8449388   -608.7936453
33.7000799   619.5304199   -606.6459505
35.4841456   619.436784   -607.3235474
23.7059166   620.6837689   -602.2522617
22.0793524   618.5219676   -601.3116933
-29.2677691   620.0059429   -563.5480984
-27.0905842   619.2532214   -565.0330713
-25.1366776   619.8301718   -567.0234356
-24.8312125   617.3907657   -565.986375
-42.8421662   616.1751762   -550.3691212
-41.8046189   614.3509855   -550.4038888
-41.2784791   615.9602429   -551.5261905
-39.7340391   615.5836689   -552.6036477
-39.3562201   619.0044526   -554.4922653
-38.7035526   616.8512046   -554.0260246
-32.8386805   613.9202273   -557.4910927
-33.1963951   611.5021759   -556.0506364
-31.2438011   611.9536415   -557.8615285
-149.2038071   613.5690201   -480.7090005
-2.8641207   617.3836657   -584.5291403
-2.4221771   618.9314543   -585.5548573
-4.075749   618.4154764   -584.0318422
-104.9439189   614.5033062   -508.6879862
-104.8924281   616.9570666   -509.1469092
-136.0572751   617.5268155   -490.1968637
-136.9163407   615.8714239   -489.3229052
-132.1602877   611.7425568   -491.4696968
-130.8609108   612.5751638   -492.45291
-132.132012   613.7179777   -491.8786238
-116.8405074   614.0358947   -501.4457748
-115.6028743   615.7311341   -502.4867464
-145.5620275   617.908725   -484.2161272
-146.6502183   618.1668716   -483.5583439
-144.4047062   614.9079179   -484.2444007
-141.3546898   611.1257808   -485.3517513
-81.3334898   611.0232692   -522.0447274
-82.2250326   612.9198708   -521.8901524
-82.8856375   610.9536396   -521.0991796
-79.7459996   619.1331788   -524.9783181
-104.1251881   620.5939288   -510.3013762
-99.1953652   612.197126   -511.6977668
-97.5186595   612.0756355   -512.6658349
-53.5855818   616.5666342   -542.2659456
-54.6824549   616.4231421   -541.4027987
-53.8083688   615.1327551   -541.5492201
-55.3731558   615.3532854   -540.5013577
-55.9824954   617.2346621   -540.7776794
72.8922813   611.3892492   -619.1885953
56.1465417   618.3730557   -613.2219848
57.97678   619.4566765   -613.3070624
60.44836   619.7838802   -613.6784582
51.8707127   615.8354529   -612.8022417
53.4348278   610.9080437   -613.8737261
64.3043653   611.2844534   -616.677145
19.3959966   612.3109725   -598.9093646
32.3958586   616.1294365   -606.2014145
36.1876949   612.3059303   -607.8083244
29.4480458   614.4825234   -604.8118952
-10.4229769   615.8512652   -577.4464448
-10.3034278   613.6254184   -576.348752
-8.6487957   613.7338978   -577.82121
-16.7577217   618.7711407   -573.623184
-16.5128213   620.8972718   -574.969399
-18.7189055   620.6980723   -572.9906228
6.1523831   620.4351764   -592.3248811
-26.5756399   616.8828519   -564.231375
-43.664306   618.0977566   -550.5535179
-44.4713454   620.1678713   -550.8191077
-45.4790087   618.6660339   -549.3559916
-30.807555   618.9582274   -561.6841258
-32.6389674   619.9594035   -560.6297343
-30.6656814   620.8573533   -562.7819425
-36.6240882   615.8952047   -555.2982208
-34.8260793   613.7312505   -555.7629797
-28.5802954   617.5895771   -562.8872203
-29.8784054   617.1912812   -561.5763454
-20.507351   611.7172472   -566.6731434
-18.3847509   618.226419   -571.9424361
-127.1514945   611.0199455   -494.4878596
-135.6859889   614.2242037   -489.7411896
-134.3047883   620.5606478   -491.8699311
-134.3071543   618.0768365   -491.381872
-130.9625157   619.3422142   -493.6794198
-135.9222657   619.3909019   -490.6475341
-120.3052442   611.2324345   -498.8252911
-133.6387562   615.4077854   -491.2650074
-112.5160418   613.3415878   -503.9546062
-117.149421   615.7911451   -501.5582722
-116.6438398   617.7980915   -502.2017359
-111.2746302   615.6508202   -505.0984204
-44.5379398   612.7973967   -547.6152283
-45.3816766   615.0220861   -547.8814497
-56.1389816   619.2495   -541.4568627
-54.6677745   617.8442992   -541.9790004
-54.2426834   619.7215188   -543.0542573
-46.3477718   617.0112895   -547.965386
-46.9408138   615.4878687   -546.8697179
-79.9317941   612.4308898   -523.188325
-85.7272034   617.4256929   -520.7701092
-87.1325764   619.1943917   -520.3309793
-94.8408404   616.1333889   -515.0119751
-96.4828602   614.2514035   -513.6736918
-100.4281563   619.2642637   -512.2790882
-103.100703   613.2888632   -509.5776015
-67.5834183   612.7284299   -531.2040331
-66.1474673   612.7826054   -532.1771896
-67.570963   614.7417302   -531.8214786
-62.9906818   620.7840414   -537.0848902
-60.5039499   620.8188033   -538.8837145
-61.520553   619.7767083   -537.7574436
-55.548481   611.889065   -539.1293752
-56.3434173   613.9680322   -539.3035734
-57.4289784   612.5135851   -538.0315871
-63.5110667   614.3148406   -534.4487759
-65.4608575   614.4438881   -533.1572779
-78.9400373   616.7721636   -524.8293205
-77.2965232   617.6968634   -526.1482162
-75.8770973   615.8071434   -526.541006
-71.9752647   620.8628255   -530.7861179
-71.5908442   618.4116808   -530.2378896
-86.6913738   611.6737231   -518.9800964
54.3188933   617.249354   -613.0952991
53.0520377   619.1589272   -612.4660648
28.3750584   620.7717103   -604.4263751
29.9968807   620.1287539   -605.1399782
5.2802885   615.7676865   -590.2510604
6.7262527   616.1957031   -591.4610578
5.1559461   617.2623835   -590.7269992
36.6476643   620.5068066   -607.6549623
-6.9829063   611.556973   -578.0692613
-9.1027707   611.7466288   -576.360906
-12.8924889   619.3565554   -577.2189265
-11.2797128   619.7803577   -578.7866614
-20.9523646   617.3788274   -569.2919149
-20.1116817   615.7861292   -569.1551447
-19.9256601   617.6933841   -570.3389461
7.1804536   618.2789213   -592.4457163
5.4056761   618.8020037   -591.3942811
6.0984396   617.6253322   -591.5289747
8.4273093   614.0596066   -591.8899232
8.877386   612.124197   -591.4442428
-0.5115089   619.9975757   -587.4443362
3.6486626   618.6625173   -590.0874287
-111.3763282   620.6872536   -505.9107002
38.4325419   620.6352406   -608.2528525
40.285319   620.8627831   -608.8363943
37.8333076   613.8914425   -608.5079159
33.9976928   611.648356   -606.8236072
2.5406562   613.1733666   -586.8991588
3.7741167   613.6704125   -588.1269589
32.6778848   618.0664207   -606.3035092
-37.729078   618.1207908   -555.432058
-27.6755511   612.0867924   -560.8743128
-40.2846877   612.4953224   -550.8061279
-98.2819905   613.6492992   -512.4937096
-50.2374068   618.6936923   -545.6495432
-50.2062712   620.5664151   -546.4620443
-51.3798414   620.0560421   -545.3470379
-129.9375538   620.5897482   -494.5366589
-106.7413999   615.8606693   -507.8534918
-124.3656236   619.7379204   -497.7837091
-123.4373843   617.5771782   -497.9778298
-126.4340117   620.510426   -496.6564166
-113.9197372   619.7318227   -504.1914762
-50.417924   616.3759519   -544.5766477
-48.3651566   617.2175332   -546.4881797
-60.3302305   615.4718146   -537.040018
-58.2936425   614.6834806   -538.1859777
-15.4381427   614.363593   -572.3753941
-98.4265823   615.5742681   -512.7644395
-98.6349806   617.9684513   -513.102194
-103.3976874   619.3288991   -510.4916665
-64.2016367   612.2572154   -533.3300396
-60.5785589   611.373231   -535.5028811
-58.4457149   610.9793599   -536.8208341
-59.4230305   613.1513725   -536.8702481
-64.0012756   620.1061338   -536.1161431
-65.3244793   620.7350673   -535.4171835
-77.7441759   620.1429369   -526.5849906
-64.6131716   618.6137077   -535.1524848
-84.5517489   615.8531757   -521.1198006
-86.2872713   615.0895032   -519.9080661
-84.2815794   613.6905753   -520.8152681
-70.0460893   612.2021156   -529.4344511
51.9963691   617.8152175   -612.503134
55.4941716   615.342462   -613.7210595
-12.9704396   610.9951903   -572.6747491
-11.2728787   612.0693034   -574.6853827
-0.7368602   614.5693268   -584.9090882
0.9567003   612.7018651   -585.3768673
44.7214276   613.5569322   -611.0450917
18.9533356   617.06819   -599.449687
10.9433442   616.749417   -594.5156137
10.719218   618.7027187   -594.8770736
9.2193162   618.4054808   -593.8338297
1.7015676   619.3687554   -588.8875392
0.9377031   617.7444191   -587.6781223
4.4222912   611.6999834   -587.7052271
-5.9657325   619.3346291   -582.9374281
-14.7605622   618.6998052   -575.2870459
-19.9839933   619.448736   -571.2387675
28.0429351   612.692884   -603.9681306
27.447947   615.2437901   -603.8542722
-34.4563709   615.9659502   -557.130795
-35.9145014   618.401298   -557.0888641
-32.5427831   618.2238466   -559.8387048
-32.5799689   616.1298122   -558.7747303
-30.9525034   616.7086288   -560.4270879
-14.8160406   612.2323927   -571.7694488
-25.111064   614.849952   -564.4234392
-22.0159554   616.8889104   -568.121546
-21.3807096   615.0000771   -567.6565224
-110.6338246   613.5421621   -505.1289986
-111.1656599   611.0415245   -504.3818022
-90.274165   611.7462511   -516.8746896
-104.9392329   611.8910763   -508.2470113
-108.0719066   617.3429845   -507.3149972
-106.4577949   618.3198816   -508.4578459
-118.3732015   618.8087666   -501.3127505
-118.0744613   612.9799026   -500.5092293
-42.3883865   612.4879277   -549.1544722
-48.9482309   611.732023   -543.8551889
-48.6162638   613.000413   -544.5921664
-48.9673979   619.3665076   -546.9164258
-66.7322107   611.2831229   -531.3545861
-59.8550838   618.9681991   -538.6465953
-83.540484   612.1990542   -520.9493946
-82.7325777   615.5032491   -522.148632
-73.237855   619.9948174   -529.6106047
-84.8319252   611.1674424   -519.9858306
-85.9099901   612.9898046   -519.6977723
-69.0856911   613.5022304   -530.4329857
-6.4705594   617.5012153   -581.6510985
7.9899473   620.1645049   -593.4640284
2.6409092   611.055824   -585.9307898
-5.3857625   616.0940458   -581.8367496
-4.9414902   617.3264625   -582.8197401
-4.0200892   615.6921855   -582.7659486
-2.579719   615.8555074   -584.0308948
-3.7017167   616.9323695   -583.644244
-8.0645891   619.2404995   -581.1780586
2.7065797   620.5321196   -590.0000421
25.6670338   616.1245792   -603.0003707
20.4660754   617.8994944   -600.4094234
17.2994483   619.4277036   -598.8399494
-47.3797169   619.0939061   -548.0432253
-34.3288844   619.8605792   -559.1466621
-21.749484   613.4281153   -566.5180593
-23.1063167   615.4433811   -566.427702
-23.317615   613.4881387   -565.2306385
-36.2585846   620.7937836   -557.9743465
-38.0552481   620.4503554   -556.2796413
-29.3934614   611.9203583   -559.3676126
-23.3513753   617.0385124   -567.0607975
-30.7360108   614.2391282   -559.3891722
-28.9725574   613.5350051   -560.5090181
-38.6020604   612.1941662   -552.0027543
-37.0157755   611.4106111   -552.9223612
-24.3598651   612.2477942   -563.724492
-26.3253395   613.1609963   -562.5397261
-117.0570945   619.8721392   -502.2999163
-135.3223122   616.22249   -490.3835747
-61.4849706   613.8788946   -535.6950687
-62.4317545   612.4832611   -534.5934927
-98.50964   620.5379786   -513.7006251
-104.7485135   619.0152484   -509.6178801
-59.0956437   620.1227505   -539.6326005
-77.5207395   615.3910154   -525.3726136
-87.6585928   617.1346216   -519.5273825
-66.2623985   619.7271489   -534.3922813
7.6248456   612.6441308   -590.7078491
31.7790394   619.7000092   -605.8907207
-3.4640364   612.0384867   -581.3292317
0.2487598   616.1565505   -586.4438794
1.0832425   614.4207397   -586.3049842
6.4815248   611.7539336   -589.3816173
8.1288294   611.2481422   -590.4585435
-1.5090505   616.7993928   -585.3373381
-0.6595984   617.9208289   -586.5016967
28.5453144   618.861907   -604.5054073
-33.9624869   617.7172842   -558.3917177
-42.1808584   617.4928076   -551.4740488
-29.1808448   615.5021625   -561.3164547
-27.2743809   615.3197763   -562.8330379
-35.225544   611.677647   -554.4821956
-22.2717172   611.458256   -565.0658127
-27.884108   613.922263   -561.6119814
-16.4088547   613.0775829   -570.8634671
-18.2229757   613.9119958   -569.7624501
-15.8001397   611.6640637   -570.6325527
-51.5526379   615.1991657   -543.2538398
-50.1138325   613.7531605   -543.7655595
-52.7766655   620.802702   -544.6007954
-53.3766614   617.8803818   -542.9509699
-52.2878476   616.6786529   -543.2848125
-65.3803468   611.2061992   -532.2276034
-87.5345712   613.2476581   -518.7893338
-77.5964472   612.9698233   -524.7493017
-88.4524241   615.1774576   -518.630711
-88.714614   618.7251682   -519.2463168
-12.6495196   617.116511   -576.2309853
8.7888574   616.3785105   -592.9571246
4.3061032   620.6091075   -591.1235689
12.0271087   618.1420697   -595.5660991
-19.9292596   613.4395842   -568.0606455
-44.5475288   616.5878457   -549.1922797
-52.1016148   618.5987775   -544.1990541
-9.8691026   620.0674749   -580.093554
-11.3684928   618.0213297   -577.7967536
-40.45607   614.4276948   -551.5042964
-43.5817182   614.5665612   -549.0894875
-39.1849533   613.7616305   -552.2289324
-45.780854   612.3305377   -546.4700392
-52.696299   615.4606123   -542.498474
