-767.3008171   -2328.4733295   -997.9408383
-767.580959   -2327.4767399   -998.441577
-768.3263747   -2327.8419971   -998.2364774
-767.8847042   -2328.7045956   -998.2340336
-766.8882338   -2328.7498951   -997.461319
-766.9325797   -2328.9361   -997.556448
-766.9768063   -2329.1053772   -997.6402521
-767.0514313   -2329.1320801   -997.7942109
-767.0695511   -2329.0727139   -997.3059893
-767.0396296   -2328.8927078   -997.0982671
-767.1568123   -2328.4614086   -996.8742132
-767.1841113   -2327.9650211   -996.9627261
-767.2778098   -2329.2193413   -997.3220229
-767.3895089   -2329.0307522   -996.7517257
-767.398688   -2328.7358284   -996.3210225
-767.3192946   -2327.5160789   -997.2013831
-767.604324   -2327.3866177   -996.4174032
-767.8309409   -2329.3693066   -997.181654
-767.7877871   -2329.0381432   -997.9477525
-767.8723065   -2326.7612457   -996.7485666
-768.5410706   -2327.0373344   -998.1608987
-768.4681145   -2326.2095451   -997.5598454
-767.871472   -2329.2346001   -996.409297
-767.5710646   -2328.8733959   -995.9078431
-767.6871745   -2329.0214539   -996.0581064
-767.7118508   -2328.5727501   -995.6758022
-767.6714388   -2327.934742   -995.6344962
-767.9327456   -2328.8393021   -995.4252243
-768.7102286   -2325.8421421   -994.599402
-767.9948536   -2328.47929   -995.0961471
-768.3903901   -2328.0615807   -994.3396449
-768.2933537   -2329.3492794   -995.8744049
-768.2461468   -2329.1864395   -995.4349995
-768.8127486   -2329.2498589   -996.9251752
-768.7327591   -2328.4115791   -997.9282618
-768.4801546   -2329.3700218   -996.2056279
-769.8671547   -2323.3458996   -994.9139953
-768.6519352   -2328.6924362   -994.3314195
-768.7209574   -2326.9853592   -993.7752485
-768.7928406   -2329.3738365   -995.362699
-769.2438094   -2327.2936344   -998.2194901
-769.4529025   -2327.0757198   -992.0685887
-769.4282261   -2326.3452053   -997.8505373
-770.9248988   -2322.6771355   -996.5313077
-770.2378956   -2325.0133991   -997.3507524
-769.3997351   -2329.5035362   -995.4320788
-769.0490214   -2329.3128014   -994.449079
-769.7219578   -2329.0348053   -992.8337336
-769.9923245   -2328.6552429   -996.9160557
-767.3233477   -2327.4147511   -997.8829622
-767.3029629   -2329.1761875   -997.8096485
-766.8008534   -2328.8018703   -997.8145957
-769.2991225   -2329.4825554   -994.7847128
-770.206186   -2329.2987347   -995.957911
-770.0102059   -2329.6637535   -993.8806295
-770.6918446   -2327.6553154   -997.4631667
-770.8713738   -2326.19977   -997.6442456
-770.7190243   -2328.615427   -990.6021357
-770.8160607   -2322.3302364   -991.4380908
-770.481321   -2329.5509815   -994.7777987
-771.4987723   -2329.8044205   -993.5537577
-771.4280812   -2329.7262192   -991.2266731
-771.5298859   -2328.4780979   -996.1503744
-771.2889639   -2329.4246197   -995.0530529
