-472.7750746   -2576.8959522   -124.0747273
-472.0669714   -2586.4422321   -123.1021732
-472.2456662   -2568.2835579   -119.134441
-471.9783989   -2581.0639858   -125.7855743
-472.5321261   -2583.4608078   -123.6283258
-472.8660313   -2587.8913403   -119.1795394
-472.7567164   -2571.1579323   -120.7766905
-473.4571902   -2574.3675232   -121.3163957
-473.68035   -2580.5792809   -121.7028201
-473.4573094   -2584.2416286   -120.5124557
-475.0648466   -2573.9340782   -117.4340844
-474.0186659   -2570.2569485   -117.3451319
-473.8594023   -2576.212883   -121.4267015
-474.0968672   -2577.6789188   -121.0178956
-474.9356238   -2577.0637989   -118.9428642
-474.8328654   -2581.9883347   -117.9019809
-474.3025032   -2585.0350857   -117.3914447
-471.7163769   -2555.0570488   -99.4198918
-471.8558518   -2547.7361679   -65.7692775
-472.0611302   -2599.5538235   -92.8262919
-471.7335431   -2600.4393101   -88.99156
-472.6201025   -2599.2760658   -82.2091699
-471.6412751   -2599.1222858   -69.164142
-472.6730315   -2550.8720875   -80.3751126
-471.948835   -2549.2925644   -76.313749
-471.9477621   -2558.4197044   -106.3671261
-472.6409642   -2552.5920391   -88.2929787
-471.7383114   -2596.6169834   -107.4036136
-471.8750445   -2547.7054119   -51.9397333
-471.9265429   -2585.8051777   -41.2417389
-472.4818198   -2548.5398769   -55.7905696
-472.2134797   -2548.0220318   -62.9742593
-472.1313445   -2562.349081   -112.3167798
-472.6829258   -2564.6867752   -114.1962111
-471.7265097   -2583.7070942   -37.0692797
-472.428414   -2598.8605022   -75.6310225
-472.9964463   -2560.7016087   -107.8634262
-472.9175297   -2598.8256931   -86.2717852
-472.3834721   -2551.7611504   -39.1584747
-472.107145   -2595.4916477   -60.7987493
-472.8674618   -2549.8967171   -73.0673
-472.3306624   -2593.057394   -113.0068302
-473.0230299   -2593.4927464   -109.5871106
-473.0819193   -2590.1679993   -53.1069189
-472.9699818   -2587.3994827   -47.5691445
-472.6496664   -2590.7661915   -115.7989725
-472.4877802   -2580.840826   -34.9012986
-472.0961777   -2597.3720551   -65.8981279
-471.9897238   -2565.5827522   -23.5038698
-473.3091322   -2556.1139584   -96.7079327
-473.1231657   -2554.3854237   -92.3340321
-471.8913762   -2554.523468   -31.5222479
-473.2024399   -2596.5731144   -99.9875963
-473.4084336   -2597.0010757   -96.2548777
-473.5605446   -2550.1174927   -59.7989447
-472.4856345   -2560.3256226   -28.0111618
-472.6097313   -2554.3487072   -34.974169
-473.7333981   -2553.3344746   -85.3391513
-472.0543353   -2569.3387985   -23.6771833
-472.3276822   -2575.4704475   -27.3285639
-472.9855982   -2551.377058   -43.8483767
-474.1408554   -2568.431139   -115.3345406
-473.0267254   -2594.6998596   -63.6357889
-472.8783099   -2596.4019299   -102.9255763
-473.7263647   -2550.5542755   -69.1367313
-472.9395834   -2577.4188042   -31.5385349
-472.9376761   -2557.9376221   -31.9216587
-473.4756676   -2551.0482788   -48.9005111
-472.9865519   -2571.3384151   -27.4303984
-472.5881544   -2563.8384819   -26.4800079
-473.8439051   -2590.8589363   -57.5375855
-473.9572731   -2594.1336155   -66.9659972
-474.0293948   -2595.9546566   -73.8028139
-474.8153416   -2593.6908722   -70.4453439
-473.8416401   -2581.1548233   -40.3739884
-473.8878933   -2597.1243382   -89.0834481
-472.9808298   -2595.574379   -104.8522368
-473.5661475   -2593.9488411   -106.3794866
-473.3833996   -2584.7103596   -44.2966372
-473.6149041   -2550.5311489   -53.0103296
-474.0555016   -2560.0991249   -103.8596854
-473.9368884   -2551.8238544   -76.0013163
-472.9428021   -2567.1873093   -26.8434063
-474.9157158   -2595.0434208   -92.8121954
-474.2244212   -2591.5603638   -61.1522868
-474.1570679   -2564.2998219   -110.3686541
-474.4149176   -2551.5341759   -64.4765869
-473.9824263   -2558.3949089   -100.2243832
-473.3972279   -2573.8959312   -30.2024689
-474.2016522   -2589.9362564   -111.7284
-473.7302987   -2555.5603504   -38.6068113
-474.1093842   -2554.8434258   -41.9806093
-474.6169773   -2595.6001282   -78.5154998
-474.5771614   -2552.241087   -56.0662933
-473.6956087   -2564.4848347   -30.4258112
-473.7463919   -2561.2847805   -32.3662385
-474.2619721   -2577.2061348   -36.3712609
-474.6578661   -2562.6318455   -106.6260487
-474.0731446   -2558.3446026   -36.2635888
-475.4872052   -2594.4654942   -84.4840556
-474.3566243   -2587.3281956   -115.1025146
-475.2260176   -2554.5892715   -81.7329213
-474.9952284   -2553.5988808   -78.5390064
-474.927756   -2552.7529716   -72.0883757
-474.6448723   -2593.2896137   -102.870591
-474.253389   -2573.987484   -33.5119143
-473.732802   -2568.4900284   -29.7473129
-474.7462002   -2585.7639313   -51.0410517
-474.5088545   -2584.3100548   -47.55513
-474.6242491   -2554.6767712   -45.8035059
-474.022719   -2571.1753368   -31.3229561
-475.079271   -2590.6484127   -107.0778146
-475.7044045   -2590.5146599   -66.0828501
-474.963638   -2587.233305   -54.6406507
-475.5296437   -2556.8888187   -88.953726
-475.0437466   -2557.4090481   -93.3904722
-475.4172293   -2593.3129787   -97.5578576
-475.9990899   -2560.1863861   -96.7520252
-475.1388756   -2581.4790726   -45.4798564
-474.8519389   -2553.2751083   -52.5437966
-475.6447998   -2556.0064316   -49.845621
-475.9682146   -2554.5535088   -60.3378601
-474.5291201   -2568.2196617   -32.8617804
-474.9161927   -2565.2222633   -35.0409299
-475.8121697   -2554.1288853   -68.5404465
-474.848005   -2552.4704456   -69.9187666
-475.0781981   -2558.6369038   -40.7345071
-476.448032   -2557.3272705   -85.2187276
-475.5201069   -2576.3480663   -40.5137464
-475.6806818   -2578.4342289   -43.6517149
-475.9531943   -2588.1724358   -61.294876
-476.1463133   -2586.0989094   -57.6962493
-476.1573998   -2593.3001041   -90.0361314
-475.8753506   -2554.7151566   -75.624682
-476.2618271   -2562.073946   -100.4403681
-475.6430117   -2572.2587109   -114.8185134
-474.7978178   -2571.0580349   -34.3079455
-476.1346308   -2592.3190117   -75.279884
-476.0715691   -2563.7845993   -104.303427
-475.1876322   -2562.1039867   -37.8529169
-475.6538597   -2558.406353   -44.1166349
-475.8348195   -2566.2815571   -108.5771844
-475.4994837   -2586.5318775   -112.0303646
-475.9227959   -2587.5637531   -109.3234047
-475.4063813   -2572.9455948   -37.4777205
-475.7442204   -2583.6877823   -114.172399
-476.2279717   -2554.9640656   -64.5408705
-475.8876292   -2582.1118355   -49.5646298
-475.4098383   -2568.8962936   -36.4765227
-476.4928547   -2556.6194057   -54.9822412
-476.0414091   -2569.9253082   -111.8893921
-476.3742415   -2592.4315453   -79.7178596
-476.268026   -2558.6760044   -47.5111082
-476.3786522   -2589.5433426   -103.6575213
-476.7507044   -2590.0046825   -100.3200039
-475.754234   -2576.9360065   -116.5158302
-476.5231339   -2583.1866264   -53.9753772
-476.8813578   -2589.8447037   -71.4478269
-476.2017456   -2579.5388222   -114.8495227
-476.8056599   -2591.4785862   -93.8314646
-475.9388892   -2566.0395622   -39.1275734
-476.7825333   -2556.0569763   -72.3061934
-476.5735594   -2556.3511848   -78.9790973
-476.6689268   -2559.7035885   -92.1399072
-476.2172429   -2562.9458427   -42.4189344
-477.1408764   -2586.5447521   -105.8128551
-476.7528502   -2578.0525208   -47.8061587
-477.4931399   -2558.7234497   -82.884714
-476.2339322   -2569.8606968   -40.2088054
-476.221296   -2573.0466843   -41.2817672
-477.4495093   -2589.5330906   -96.7096686
-477.0438401   -2591.5424824   -88.0848095
-477.6082961   -2590.2028084   -82.1133107
-478.0896632   -2589.297533   -84.7180411
-476.9124714   -2584.066391   -109.71196
-476.5459029   -2574.9955177   -44.2745984
-477.702233   -2560.8615875   -89.9384692
-477.8914181   -2560.4324341   -87.1141627
-477.1840302   -2575.1023293   -112.211816
-477.5095908   -2573.2998848   -110.2647483
-476.9650427   -2559.2720509   -51.7426617
-476.9590823   -2567.1384335   -106.1662287
-477.8313366   -2585.1137638   -64.6828339
-477.897617   -2586.6036415   -69.1519454
-477.2883383   -2579.8687935   -111.5834266
-477.4238793   -2557.4345589   -66.343464
-477.5374857   -2557.5284958   -69.5456862
-476.3657776   -2559.7755909   -46.4763455
-477.5466648   -2557.9903126   -75.8041069
-477.1154848   -2579.7417164   -51.6853817
-477.3697583   -2565.8168793   -102.7836576
-477.5466648   -2570.6589222   -107.9611033
-476.8365351   -2567.1615601   -43.0226028
-477.3711888   -2584.6743584   -60.7114695
-477.2779671   -2557.2891235   -63.0085021
-477.7891365   -2559.5004559   -59.7482808
-477.6367871   -2562.1483326   -93.8256159
-477.8878418   -2563.9173985   -96.6913849
-476.8496481   -2562.0396137   -46.511855
-477.6875702   -2589.4641876   -78.2056302
-477.6510922   -2589.006424   -74.8564377
-477.7070013   -2582.255125   -58.1263229
-477.3701159   -2564.876318   -46.6833226
-476.999375   -2571.034193   -44.0327711
-478.2546488   -2586.1592293   -101.3167724
-477.9901234   -2561.7012978   -54.9445301
-478.044006   -2578.9115429   -55.3329736
-477.6987759   -2572.9901791   -48.4449081
-477.8094021   -2589.7152424   -91.0319164
-478.161904   -2559.9443913   -79.8301771
-477.6028124   -2562.5927448   -50.4354127
-478.2371251   -2587.0671272   -98.9290774
-477.8988091   -2576.3599873   -51.8616177
-478.241059   -2559.4797134   -72.3081306
-477.9076306   -2575.9932995   -110.121429
-478.0775038   -2588.6867046   -93.824707
-477.6876894   -2568.0820942   -47.1774563
-478.341314   -2586.7366791   -72.927624
-478.2488076   -2579.185009   -108.7212935
-478.3899514   -2582.2992325   -105.6577638
-478.2283036   -2566.1146641   -99.5345637
-478.3613411   -2568.3686733   -102.512531
-478.5951105   -2587.906599   -87.6130685
-478.5239426   -2584.3884945   -102.9074714
-478.3198563   -2560.1525307   -64.1823635
-478.528711   -2581.7089081   -61.8256703
-478.6643711   -2560.7466698   -68.3326721
-478.7789313   -2586.5168571   -95.6890583
-478.9426056   -2561.6066456   -75.8412257
-478.9312807   -2573.797226   -105.6176946
-478.690478   -2571.9194412   -104.9678251
-478.1074253   -2566.1389828   -50.4705086
-478.3051936   -2564.7292137   -53.0310944
-479.1208235   -2586.111784   -80.844149
-478.9545266   -2564.874649   -93.4424847
-478.6988226   -2586.5676403   -76.441288
-478.4189192   -2569.4937706   -51.164981
-478.5767523   -2572.8535652   -53.0559346
-478.7956206   -2578.8574219   -59.369918
-478.6607949   -2563.3144379   -58.7041155
-478.9652554   -2563.0862713   -62.1992499
-479.1229693   -2586.1186981   -91.8072164
-479.1459767   -2583.0023289   -68.4635118
-479.2349068   -2580.8844566   -65.3685778
-479.6302048   -2568.3991909   -96.5014547
-479.0154425   -2584.3086243   -71.3500902
-478.7544934   -2575.9451389   -56.2387817
-478.667709   -2575.6599903   -107.2297394
-479.0955511   -2578.0487061   -105.5806428
-478.9075581   -2566.0431385   -56.2179685
-479.1218964   -2562.5190735   -82.9723179
-478.59368   -2567.214489   -53.1424768
-479.6349732   -2563.8287067   -79.4349387
-479.494187   -2564.8748875   -86.5037143
-479.5620171   -2565.7498837   -90.3767645
-479.3315855   -2569.1673756   -99.7289345
-479.7814814   -2582.8585625   -97.3248631
-479.391071   -2563.1217957   -72.0590353
-479.1676728   -2563.000679   -65.5539557
-479.4969288   -2572.1821785   -101.9865721
-479.3739048   -2584.0120316   -74.34614
-479.314181   -2580.7306767   -102.8461158
-478.8877694   -2577.3935318   -106.7416519
-478.9311615   -2569.6895123   -54.8807308
-479.2163102   -2583.1940174   -100.7137448
-479.4829813   -2578.3653259   -62.7913699
-479.3593613   -2585.6976509   -84.869571
-479.194018   -2573.081255   -57.1818314
-479.9587456   -2583.562851   -88.0215243
-479.4072834   -2566.2941933   -60.4341701
-479.7125784   -2564.7120476   -68.4387237
-479.6666829   -2583.9884281   -77.4851739
-479.7615734   -2583.6451054   -94.6567655
-479.7421423   -2575.7772923   -62.1026419
-479.5282809   -2569.4622993   -58.5815944
-480.125281   -2565.4313564   -75.6458938
-479.9936739   -2568.4826374   -93.0671841
-479.8801867   -2566.3690567   -64.6509379
-479.9754349   -2581.1150074   -71.8901083
-480.2411524   -2582.7591419   -83.711952
-480.2250592   -2581.9323063   -79.799287
-479.9718586   -2565.5472279   -82.6427042
-480.0942866   -2582.6919079   -91.7402431
-479.850742   -2579.8676014   -68.4283227
-479.8742262   -2580.4724693   -99.4662642
-480.62596   -2576.1318207   -98.2755274
-479.761335   -2572.1740723   -60.6192909
-480.0376622   -2577.183485   -66.0861656
-480.2326886   -2572.5431442   -98.2555747
-480.2034823   -2581.2935829   -76.0058761
-480.240914   -2566.8575764   -71.812205
-479.9693552   -2569.5624352   -62.333554
-480.3362814   -2568.4845448   -88.779442
-480.5068699   -2568.48979   -84.5708698
-480.222675   -2573.3101368   -64.3174276
-480.6104628   -2568.1233406   -79.7312185
-480.3808657   -2568.28475   -68.2804808
-480.4167477   -2580.811739   -93.9652249
-480.4640738   -2577.1389008   -70.3747869
-480.4970948   -2577.6696205   -97.5189433
-480.7064263   -2578.7584782   -95.3029096
-480.2624909   -2569.8337555   -65.5149743
-480.6661335   -2571.8348026   -94.7623178
-480.8807103   -2579.2894363   -90.2186558
-480.7777134   -2580.3482533   -86.1633122
-480.6827036   -2578.1435966   -74.3304789
-480.8394638   -2571.7012882   -91.0855979
-480.5367915   -2574.5792389   -67.9124966
-480.6803194   -2574.8865604   -97.9127064
-480.7917801   -2569.2617893   -75.1072243
-480.8836905   -2578.5126686   -78.2054886
-480.6562392   -2571.6562271   -68.0125728
-480.8997837   -2578.8528919   -82.5546235
-481.0597626   -2574.6600628   -93.933925
-480.7462422   -2570.3892708   -71.3526085
-481.0781208   -2571.7139244   -87.0600343
-480.8095423   -2573.6398697   -70.8229914
-480.964276   -2574.0597248   -73.6675411
-480.851504   -2575.8461952   -96.2344036
-481.1279503   -2572.2763538   -82.7019811
-481.0172049   -2572.2031593   -78.0408755
-480.9753624   -2575.4094124   -76.3547793
-481.2323777   -2577.2619247   -86.2785876
-481.1091153   -2575.1099586   -89.3808231
-481.0653654   -2576.7207146   -91.8170065
-481.2119929   -2575.4714012   -80.2225918
-481.2819687   -2575.735569   -84.4781697
