-834.6385685   -2709.839344   -988.1543517
-833.4470717   -2708.3556652   -992.7461147
-838.3737532   -2710.2584839   -991.2776351
-832.6016394   -2651.5524387   -1004.7312975
-831.8453757   -2682.1539402   -1014.2045021
-832.7579228   -2690.6962395   -1011.3232136
-832.1557967   -2667.8495407   -1013.3315325
-834.547135   -2677.3092747   -1013.8070583
-833.2453696   -2686.5766048   -1012.8722191
-832.1194378   -2699.7387409   -1005.6701899
-833.4774701   -2671.8640327   -1013.8421059
-832.5890032   -2698.0018616   -1007.3647499
-834.8779408   -2656.4085484   -1007.4807405
-833.620998   -2663.2730961   -1011.4201307
-834.0599266   -2665.5669212   -1012.1285915
-833.5900036   -2696.4304447   -1008.3187819
-835.1086108   -2660.6514454   -1009.8429918
-836.5478245   -2694.3006516   -1009.1398954
-838.2795779   -2683.3667755   -1012.3438835
-836.0192505   -2698.9605427   -1006.5511465
-834.8513571   -2702.539444   -1002.9336214
-836.810085   -2668.1525707   -1012.0154619
-838.9111487   -2654.0346146   -1005.0344467
-838.3353678   -2649.5835781   -1003.0301809
-834.2801062   -2646.677494   -1002.2335052
-837.7252547   -2689.1918182   -1010.9354258
-838.4700743   -2673.1822491   -1012.4701262
-837.3155323   -2663.0387306   -1010.2996826
-841.1181895   -2677.7663231   -1011.8205547
-839.6894661   -2658.9868069   -1007.7854395
-841.5814368   -2697.4089146   -1006.8429708
-840.365502   -2702.0521164   -1003.9496422
-841.1146132   -2664.6323204   -1009.7067356
-832.052919   -2629.7674179   -1000.6500483
-832.3802678   -2709.1429234   -974.6860266
-832.3174445   -2689.3546581   -924.2742062
-832.7382533   -2687.3929501   -918.7778831
-831.9656578   -2709.1751099   -984.5791459
-832.260224   -2702.1298409   -950.5931139
-832.9740492   -2656.223774   -861.3383174
-831.8172423   -2642.9913044   -1001.2761354
-834.6538273   -2678.8609028   -892.1661973
-832.2447268   -2707.575798   -965.4465914
-833.6966959   -2634.6943378   -1000.7280111
-833.4371773   -2708.9271545   -969.5062041
-834.3586651   -2692.6081181   -929.5480251
-834.8424164   -2710.5541229   -980.1399112
-832.9302994   -2661.4055634   -869.4934845
-832.6117722   -2663.4469032   -872.5229502
-833.864781   -2668.6534882   -877.7606487
-835.0769011   -2672.7728844   -881.8009496
-832.4414221   -2681.3914776   -902.1775126
-835.1109949   -2683.5570335   -904.5556784
-834.9859444   -2654.4241905   -856.7774892
-833.9011399   -2652.1959305   -853.0591726
-836.3113133   -2660.141468   -865.2746677
-833.7765662   -2695.1911449   -935.9170198
-835.5103461   -2697.6382732   -939.298749
-834.1918913   -2665.8625603   -874.2842674
-836.0877959   -2687.0908737   -913.290441
-835.3447644   -2699.6817589   -943.4355497
-834.1539828   -2706.0873508   -957.341373
-833.8989941   -2640.0036812   -1000.878334
-836.5583149   -2677.3531437   -887.4768019
-835.0254027   -2705.6157589   -999.0758896
-835.1996867   -2704.6136856   -952.7403712
-835.2671591   -2708.0578804   -961.7630243
-835.4766098   -2681.8506718   -898.5915184
-835.5095116   -2680.2873611   -894.4100142
-836.569759   -2685.7514381   -908.7469578
-836.3492218   -2702.7387619   -948.0555654
-835.947725   -2708.1871033   -994.7633147
-835.0048987   -2643.7833309   -1001.548171
-835.6804577   -2710.7408047   -984.4041467
-836.8435828   -2631.0255527   -1001.1985302
-837.0458809   -2709.9320889   -966.1624432
-837.8307549   -2690.2010441   -919.365406
-836.9486061   -2691.8473244   -924.6857762
-837.0808092   -2710.8602524   -971.5011716
-837.0948759   -2711.3091946   -975.8009911
-836.4134756   -2664.21628   -870.6319928
-839.1110627   -2657.2384834   -858.8557243
-836.0509602   -2678.9717674   -890.8982277
-840.6622139   -2635.4649067   -1001.3799667
-839.5120827   -2696.8238354   -933.7027669
-837.5940052   -2697.1695423   -936.2720251
-837.9361359   -2668.3557034   -874.2303252
-838.8670412   -2672.0569134   -877.8717518
-839.5732371   -2641.810894   -1001.2375116
-838.1912438   -2707.0014477   -954.9825191
-838.2348744   -2708.4152699   -958.614409
-838.820788   -2645.6947327   -1001.8717051
-839.279267   -2694.185257   -927.7905822
-838.4797303   -2711.49683   -986.587286
-838.6859623   -2712.0335102   -982.4929833
-839.1006915   -2712.2664452   -978.6174893
-839.4018141   -2705.6307793   -1000.3031492
-837.9615275   -2707.3140144   -997.4579215
-841.0275904   -2676.397562   -882.0419908
-838.8492791   -2684.7584248   -901.9186497
-840.0228945   -2686.7156029   -905.9746861
-839.5482031   -2705.8639526   -951.2471557
-838.9503685   -2709.7604275   -962.0043635
-839.2575709   -2699.7461319   -940.0442243
-839.1868798   -2702.2440434   -944.7897077
-838.2172314   -2682.158947   -895.4925537
-840.434405   -2684.3004227   -898.2536197
-838.496658   -2708.7624073   -994.8595166
-838.3996216   -2680.711031   -891.870141
-840.0494782   -2688.0009174   -909.9012017
-841.189715   -2664.0081406   -866.691947
-841.3928477   -2660.6266499   -862.3377085
-841.6025368   -2704.8623562   -947.671175
-841.4811818   -2628.9203167   -1001.5246868
-839.4584385   -2667.0000553   -871.4689612
-841.1899535   -2678.7726879   -885.6360316
-840.9620253   -2693.1774616   -923.1147766
-840.5505148   -2711.9290829   -968.8488245
-841.5891854   -2671.4391708   -874.949038
-841.5752379   -2708.353281   -996.9773889
-841.1129443   -2708.3334923   -955.031991
-841.4025036   -2682.8160286   -893.0561543
-841.4463726   -2712.8510475   -984.608233
-839.1253678   -2653.9561749   -853.097856
-832.5210539   -2645.2898979   -837.1316791
-831.8162886   -2627.7592182   -793.4597731
-833.3426443   -2636.9857788   -813.0412102
-833.8782517   -2639.654398   -819.5087314
-834.067556   -2630.1653385   -797.2814441
-833.3152262   -2650.1371861   -848.9736319
-833.3453862   -2648.4382153   -844.9862599
-834.8284689   -2647.2957134   -841.105938
-835.1585595   -2644.0141201   -831.4691782
-833.3658902   -2625.6465912   -788.4970307
-833.8803975   -2634.5610619   -807.0461154
-835.050675   -2642.0967579   -825.5932927
-836.9669644   -2639.0266418   -815.6023622
-838.1347386   -2632.9853535   -801.0805845
-836.638662   -2627.7821064   -791.0519242
-837.5453679   -2630.2700043   -795.5716848
-838.7453286   -2646.7268467   -836.3823891
-837.2698752   -2649.9452591   -846.0032344
-836.8754116   -2651.5781879   -849.9214649
-837.2736899   -2636.2528801   -808.8378906
-836.9582621   -2637.7747059   -812.5861287
-836.0575167   -2648.5486031   -843.5171843
-839.896175   -2641.9506073   -821.0456967
-838.663551   -2640.4118538   -817.9414868
-838.7367455   -2648.7383842   -841.8750167
-839.2948834   -2643.830061   -827.2569776
-840.6215636   -2645.8523273   -832.0308924
-840.4764859   -2627.1686554   -787.8293395
-841.153833   -2629.940033   -793.0022478
-840.6815258   -2652.0795822   -848.2517004
-840.3457133   -2638.7836933   -812.6236796
-841.5856091   -2636.2531185   -806.1690331
-832.4236599   -2509.6609592   -962.4885321
-832.3976723   -2495.8262444   -934.0451956
-833.484861   -2493.4334755   -912.0389223
-832.0432631   -2492.2919273   -906.753242
-831.765267   -2502.528429   -952.3961544
-832.0325343   -2490.6768799   -886.8078589
-833.1068484   -2490.2334213   -873.2751012
-831.6436736   -2586.9982243   -990.332067
-833.1547705   -2590.3134346   -991.9837713
-832.7524392   -2583.8868618   -989.1759157
-833.8238923   -2494.2200184   -918.7217355
-833.6524693   -2522.3388672   -974.034369
-833.1058947   -2525.4750252   -976.4361978
-831.9028345   -2610.1744175   -999.0909696
-832.119557   -2489.1347885   -862.2589111
-834.2185942   -2497.879982   -939.1739368
-832.3167292   -2600.256443   -996.4318871
-833.2274882   -2560.3256226   -988.0021811
-833.6356608   -2564.1767979   -988.0655408
-835.0945441   -2490.3094769   -857.8369617
-831.7542998   -2488.4960651   -853.7346721
-832.3820559   -2620.194912   -1000.4703999
-834.3347041   -2513.8561726   -966.214478
-832.1532933   -2539.7388935   -983.8213325
-832.4765889   -2606.2707901   -998.2552528
-835.4135481   -2492.5935268   -891.3320303
-834.4443766   -2572.3500252   -987.6354337
-833.1550089   -2580.3971291   -988.3791804
-836.2862793   -2577.3234367   -987.8719449
-834.2224089   -2492.9270744   -902.4913907
-834.8003355   -2491.4295673   -879.1635633
-835.5029551   -2551.410675   -986.4630103
-836.0655037   -2557.2042465   -987.3889685
-835.4124752   -2518.4781551   -970.1555967
-834.1389624   -2494.9064255   -923.7664342
-833.6983649   -2546.3600159   -985.5154753
-835.3920905   -2603.2340527   -997.669816
-833.7192265   -2594.2018032   -994.0387011
-833.8676421   -2535.2010727   -981.4385772
-834.6222369   -2542.1028137   -983.9362502
-835.624787   -2500.1440048   -944.2353845
-833.7897984   -2613.8782501   -1000.0065565
-834.0508667   -2491.3783073   -883.5568428
-837.616655   -2568.0603981   -987.6403809
-837.2312514   -2506.0241222   -954.5852542
-835.7302872   -2508.4168911   -959.1036439
-834.8335949   -2531.6622257   -979.3573618
-837.3264996   -2493.9668179   -897.7473378
-835.8171908   -2528.1841755   -977.0874381
-836.0917298   -2598.3490944   -995.9962368
-836.852285   -2491.5020466   -864.1910553
-836.1028162   -2491.4541245   -869.4876432
-836.5306584   -2502.6752949   -949.1686225
-835.6983391   -2496.5662956   -931.1203361
-836.7969719   -2496.4590073   -927.161634
-836.0333172   -2586.6913795   -990.2244806
-835.6567351   -2617.2680855   -1000.6473064
-836.014959   -2607.7606678   -999.004364
-836.2868754   -2611.4692688   -999.8559952
-835.7833353   -2492.3899174   -886.2739801
-836.4032236   -2494.3089485   -907.0174098
-835.2899281   -2621.7103004   -1000.9576082
-837.7462355   -2498.2049465   -935.0891709
-838.3552758   -2512.0034218   -962.1161222
-836.5225521   -2538.361311   -981.8481207
-837.7184597   -2582.4725628   -988.6782765
-836.3371817   -2525.2652168   -975.0148058
-839.1040293   -2493.1473732   -874.0207553
-836.5639178   -2592.343092   -993.1587577
-837.6598088   -2589.8990631   -991.8925762
-838.1472556   -2562.3893738   -987.6251221
-838.5743824   -2496.0348606   -915.5756831
-838.5425536   -2495.6190586   -910.756886
-838.8899294   -2523.1115818   -972.4088907
-838.2522789   -2545.935154   -984.1098189
-838.3903233   -2594.9912071   -994.6104884
-836.8388144   -2614.266634   -1000.3974438
-838.8029066   -2496.7241287   -921.9107628
-837.8256289   -2534.835577   -979.7995687
-837.0568482   -2492.7697182   -883.1681609
-840.3190104   -2500.6535053   -940.3821826
-839.1058175   -2495.2125549   -902.7959108
-839.9930922   -2516.6156292   -966.2064314
-840.2186362   -2573.2867718   -987.2775674
-839.0429942   -2541.5101051   -982.1611047
-837.5456063   -2622.6842403   -1001.210928
-836.3734213   -2626.2702942   -1001.1842251
-840.2855126   -2494.1101074   -880.3505898
-839.0598027   -2531.3093662   -977.5705338
-840.3744427   -2492.9287434   -859.33429
-838.7696473   -2491.973877   -855.7174802
-837.0029656   -2490.8783436   -851.257205
-839.9783102   -2605.7298183   -998.7396002
-840.9443823   -2601.3152599   -997.3327518
-840.3652636   -2520.1909542   -969.3681002
-840.3426138   -2494.5497513   -886.4973783
-839.4158808   -2555.0413132   -986.5208864
-841.5693966   -2551.2914658   -984.8898053
-840.5247656   -2502.6679039   -945.723474
-839.5926682   -2619.7664738   -1001.1864901
-839.4589154   -2615.8182621   -1000.7996559
-839.7956816   -2498.3003139   -930.8332205
-839.6420208   -2509.4094276   -958.1096172
-840.114328   -2527.3914337   -974.8493433
-840.1853768   -2609.8835468   -999.8193383
-840.0267092   -2587.6581669   -990.7153845
-839.3274275   -2585.4361057   -989.6449447
-840.4069868   -2558.650732   -986.9753718
-840.5021159   -2597.6538658   -995.8867431
-840.0081126   -2493.2658672   -868.5516119
-839.0693394   -2612.9674911   -1000.3606081
-840.9926621   -2496.4387417   -907.1790576
-840.9383027   -2538.1832123   -980.0056815
-840.2614323   -2592.4146175   -993.2240844
-840.7489983   -2498.1291294   -926.4642
-841.2248818   -2623.9922047   -1001.4691353
-841.2668435   -2565.5128956   -987.3817563
-841.5537802   -2534.5396996   -978.1230688
-831.7067353   -2487.6852036   -836.3553286
-831.8676678   -2595.3762531   -708.8413835
-831.7533461   -2487.7607822   -768.3750987
-831.7430941   -2599.3514061   -736.0810637
-831.9470612   -2617.4061298   -773.4614611
-831.9961754   -2596.4803696   -728.761673
-831.9122521   -2623.2280731   -784.5823169
-831.7719427   -2488.4204865   -757.3072314
-831.7079274   -2488.7385368   -752.6661754
-831.6806284   -2488.0671501   -762.2906566
-832.3541609   -2487.6613617   -827.5446296
-832.4026791   -2487.4782562   -822.3732114
-831.888291   -2487.0672226   -786.1243486
-832.2636811   -2487.7717495   -831.5924406
-834.6847025   -2489.4020557   -747.9271293
-831.6312758   -2608.4728241   -755.9099793
-832.8096596   -2487.2031212   -795.21662
-832.76889   -2490.4901981   -732.0491076
-834.0894905   -2488.121748   -780.2078724
-833.0846754   -2487.3359203   -800.4270196
-833.779904   -2488.9321327   -842.6946998
-833.4080902   -2489.9187088   -737.7260923
-835.0656954   -2488.6505604   -773.8610506
-832.3514191   -2493.3624268   -715.5205607
-832.1773735   -2595.3171253   -723.6459255
-836.1942498   -2489.130497   -816.9776797
-835.6910674   -2611.9184494   -760.7886791
-834.1787783   -2487.8809452   -790.0202274
-833.8308064   -2494.1706657   -710.6990218
-833.3716122   -2491.7948246   -722.8195071
-835.2632252   -2491.1067486   -726.4800668
-835.7232539   -2619.9605465   -776.350677
-834.3944279   -2621.9551563   -780.8015347
-833.8805167   -2603.3284664   -743.4669733
-835.1055113   -2489.7654057   -846.6394544
-833.8265149   -2615.6573296   -769.1201568
-836.8226019   -2614.5503521   -765.3799653
-836.9796006   -2489.2961979   -809.0798259
-834.0588538   -2595.2534676   -720.0931907
-835.8753649   -2489.7651672   -742.2575951
-835.9974352   -2488.720417   -803.286314
-834.6932856   -2492.361784   -719.0660834
-837.0575634   -2595.4515934   -715.054214
-835.8510462   -2607.3439121   -751.1633039
-838.108751   -2605.5116653   -745.9679842
-835.4676691   -2601.2885571   -738.1225228
-837.7979723   -2609.5535755   -754.9003959
-836.2152306   -2489.2039299   -763.9895082
-835.3287903   -2489.1133308   -759.6191168
-837.4012438   -2490.1907444   -831.3390017
-837.750527   -2490.6418324   -838.359952
-836.8230788   -2489.6082878   -754.5395494
-838.1558386   -2599.4598866   -732.3743701
-837.881538   -2489.6812439   -768.8121796
-837.5148503   -2489.3860817   -785.8303785
-836.6924254   -2618.3350086   -772.7710009
-835.3943554   -2596.0187912   -723.5686779
-837.7436129   -2597.8345871   -728.0107141
-836.4523379   -2493.1221008   -714.612484
-836.9669644   -2489.7258282   -824.1485953
-835.7835738   -2490.2145863   -734.6141338
-838.6690346   -2490.5657768   -731.2219739
-837.5307051   -2489.364624   -798.5057831
-838.8564316   -2489.9296761   -792.1900749
-836.5318505   -2491.6739464   -722.3216295
-838.6267153   -2490.1826382   -737.555325
-839.2011849   -2491.6124344   -844.5775509
-838.5375468   -2494.0991402   -709.1116309
-834.7893683   -2494.9979782   -706.232667
-838.0372254   -2603.1348705   -740.7963276
-838.079187   -2596.0481167   -720.3019857
-838.0259005   -2489.682436   -776.961863
-839.5223347   -2490.2443886   -780.5586457
-838.5783163   -2621.6547489   -778.0847549
-836.7252079   -2624.6740818   -784.9030495
-838.6335102   -2490.0259972   -745.2584505
-841.1905495   -2490.5309677   -749.2406964
-838.6264769   -2492.1753407   -718.9213037
-840.1787011   -2490.4937744   -773.2549906
-840.7717673   -2491.3668633   -724.4033217
-840.1404349   -2490.4015064   -759.988606
-839.4007412   -2601.4769077   -736.2405658
-840.2586905   -2613.5501862   -761.6493702
-841.1507336   -2607.3038578   -748.3251095
-839.582297   -2490.1900291   -742.0877218
-841.5573565   -2491.2867546   -803.1626344
-841.0652605   -2491.5459156   -820.7728863
-839.9489848   -2490.7753468   -812.9253983
-840.4603926   -2490.5178547   -764.8715973
-840.7799927   -2492.9525852   -714.556396
-838.4391991   -2595.8507061   -709.6529603
-841.6279284   -2492.3682213   -835.4186416
-841.3487402   -2490.9520149   -776.94875
-841.1524025   -2605.0665379   -743.3818579
-841.4365975   -2625.2121925   -783.4429741
-831.973168   -2511.7735863   -608.8187695
-832.0306269   -2497.6062775   -584.0364099
-832.0566145   -2495.4924583   -596.6687202
-832.276198   -2527.1184444   -569.7724223
-832.5555054   -2601.3796329   -592.1016335
-832.3255507   -2608.651638   -624.8828173
-832.0327727   -2532.7198505   -613.8938665
-831.8055598   -2598.5131264   -694.7056651
-831.9687573   -2601.057291   -684.548378
-834.6751658   -2599.3230343   -691.2780404
-833.309385   -2587.0831013   -570.486784
-833.1314055   -2501.2767315   -580.4053545
-832.4819533   -2604.1069031   -671.9064713
-832.3843209   -2605.5643559   -666.0267115
-831.9939104   -2602.8940678   -595.9462523
-831.7974535   -2597.3713398   -699.2430091
-832.7827183   -2517.9929733   -610.4468703
-832.1081129   -2602.0038128   -680.6842089
-834.0941397   -2524.2302418   -611.9408607
-832.6420514   -2528.5856724   -612.9328012
-833.6589066   -2529.614687   -568.6448216
-833.9822022   -2510.7438564   -575.0597715
-833.5833279   -2517.0135498   -572.9705691
-832.2633234   -2608.3745956   -620.9685206
-833.0603568   -2504.4522285   -605.4933071
-835.18109   -2501.2915134   -603.0071378
-832.1990696   -2543.8699722   -623.4081388
-834.6849409   -2606.6992283   -607.4432731
-831.6622702   -2501.1136532   -688.4478331
-834.3338696   -2578.1114101   -563.1971359
-833.9421479   -2582.8261375   -566.5191412
-832.3836056   -2498.7335205   -693.6617494
-832.9452006   -2496.1752892   -702.4362087
-832.1900097   -2607.916832   -615.7273054
-833.3863942   -2607.588768   -612.6627922
-834.464523   -2609.190464   -629.6458244
-835.6644837   -2609.6711159   -641.0303116
-834.7509829   -2608.2501411   -653.3407569
-836.4524571   -2609.0912819   -649.1885781
-837.8282515   -2609.7764969   -645.5361843
-834.8680464   -2536.6415977   -565.3102398
-832.4689595   -2508.9170933   -675.385654
-834.7654072   -2508.3196163   -607.2059274
-834.9240748   -2573.1556416   -560.2647066
-834.1809241   -2602.7114391   -677.503705
-834.482762   -2496.0925579   -587.8210068
-833.871576   -2608.351469   -618.254602
-834.3758313   -2595.3745842   -579.8623562
-833.7993351   -2593.0438042   -576.9467354
-833.5610358   -2504.6527386   -679.3555617
-834.4126669   -2605.1859856   -601.797998
-832.9785792   -2526.2777805   -659.4845057
-835.3490559   -2498.2244968   -599.6345878
-832.5665919   -2520.3661919   -665.8021808
-833.1829039   -2515.816927   -668.5996056
-836.3241879   -2522.1762657   -570.8639026
-833.6552111   -2511.3251209   -671.3450551
-835.7095448   -2598.038435   -583.6408734
-834.6218792   -2596.78936   -702.0445466
-833.6690394   -2539.5691395   -637.8321052
-833.6366145   -2537.1856689   -643.050313
-834.8076073   -2538.5444164   -618.8284755
-835.5178563   -2534.5020294   -616.464138
-833.3171336   -2535.2795124   -647.0689178
-837.2971741   -2606.0717106   -664.2182469
-838.1520239   -2607.776165   -657.3086381
-835.8539072   -2495.537281   -593.7861204
-836.5815607   -2495.6817627   -590.7756686
-837.6434771   -2505.2847862   -577.8185129
-834.3037096   -2501.632452   -683.8824153
-833.7659565   -2542.1264172   -627.7486682
-834.2728344   -2540.6854153   -632.3673129
-836.7269961   -2603.8203239   -596.4107513
-836.3620964   -2609.7660065   -635.6455684
-836.1900774   -2609.5781326   -632.3594451
-835.563871   -2600.0826359   -587.6763463
-834.5375983   -2531.463623   -650.3335238
-835.2930275   -2590.7821655   -573.3017921
-836.7507187   -2540.199995   -562.5880957
-836.9105784   -2545.1357365   -559.8545671
-833.9888779   -2528.4738541   -655.2765369
-834.8980872   -2496.9363213   -697.7508068
-834.352347   -2522.0689774   -661.5206003
-834.3219487   -2540.5659676   -621.4926243
-835.3537051   -2499.4051456   -688.1196499
-835.8249394   -2598.1070995   -696.1966157
-838.3644549   -2596.3509083   -705.076158
-837.1016709   -2600.8501053   -684.9173903
-836.7969719   -2515.7644749   -609.8732352
-836.7845742   -2511.9695663   -608.5736752
-837.5854222   -2500.4444122   -581.5412998
-837.2165886   -2497.6239204   -584.9374533
-836.6723982   -2529.1147232   -614.3617034
-838.2576434   -2497.1790314   -596.7060924
-835.0630728   -2608.1209183   -615.3919697
-835.7819048   -2539.3965244   -624.596417
-836.112949   -2608.7861061   -621.2977171
-840.3881518   -2526.4036655   -568.2632327
-839.6711079   -2609.5767021   -626.3980865
-836.6908757   -2497.7109432   -692.5905943
-837.1969191   -2603.915453   -672.6102233
-835.6866566   -2506.0865879   -674.2205024
-835.729572   -2508.5494518   -671.0684299
-838.7161223   -2601.8042564   -590.3459787
-835.4454962   -2517.4386501   -663.9108062
-837.3087374   -2520.052433   -611.2887859
-837.808582   -2495.4750538   -702.2317052
-835.8381716   -2524.1267681   -657.0411921
-837.7275196   -2505.751133   -605.4906249
-836.186382   -2512.0716095   -666.8225527
-838.75868   -2586.0555172   -566.7603612
-838.4457556   -2589.8411274   -570.7041621
-836.0064951   -2532.9658985   -645.1086998
-838.3028237   -2608.0543995   -612.9069328
-836.8166415   -2501.8546581   -680.077076
-838.5249106   -2503.1087399   -675.2731204
-838.3798329   -2516.3464546   -572.7585554
-836.7751566   -2534.6183777   -640.2109861
-838.1540505   -2531.9998264   -566.3753748
-837.8923861   -2535.4883671   -634.5185637
-837.2066943   -2537.7070904   -628.9097667
-837.6296488   -2594.2537785   -576.6422749
-837.5745741   -2608.571291   -617.4167395
-839.5317522   -2581.5722942   -562.9584789
-840.5919997   -2510.9217167   -574.6855736
-836.9917599   -2526.4031887   -652.3435116
-840.6976191   -2523.5958099   -613.3559346
-841.4089409   -2603.2085419   -675.0838161
-837.9502026   -2499.9947548   -683.2945943
-836.7703883   -2537.6069546   -621.7361093
-839.9824826   -2576.4017105   -559.4808459
-837.3104063   -2519.5035934   -659.0918303
-839.0699355   -2596.7595577   -579.9328685
-839.3915621   -2605.8442593   -602.0207405
-837.919685   -2609.7295284   -630.5163503
-840.3522698   -2497.1027374   -587.7189636
-838.104817   -2528.5313129   -647.3767161
-839.4127814   -2597.4886417   -699.1861463
-839.623305   -2510.1935863   -607.5453162
-838.2427422   -2534.8002911   -619.5740104
-839.3712965   -2535.8316898   -563.7833476
-838.8437954   -2496.5231419   -696.7030764
-840.8518759   -2500.518322   -600.3231406
-840.5635086   -2503.7710667   -603.6404967
-839.7038905   -2498.3043671   -687.0213151
-838.4582726   -2514.4996643   -661.3608003
-838.88683   -2531.5287113   -617.175281
-839.8467032   -2599.9011993   -585.4379535
-838.8077942   -2505.821228   -670.1942086
-839.6632401   -2598.3917713   -582.53479
-838.0948035   -2508.597374   -667.5050855
-840.0860754   -2534.2214108   -624.3419051
-838.7978999   -2521.6987133   -654.3613076
-841.1930529   -2496.9351292   -592.549324
-839.7742239   -2592.7724838   -573.4656453
-839.071962   -2530.3211212   -642.4852014
-840.79096   -2609.0142727   -619.928658
-839.2984597   -2509.8054409   -664.3750072
-840.9534422   -2610.2793217   -632.3128343
-840.7369582   -2520.8113194   -570.6763864
-841.4083449   -2610.3394032   -646.3842392
-841.6101662   -2527.8487206   -616.340518
-840.9176794   -2538.772583   -560.9651208
-839.6864859   -2531.7058563   -638.1853819
-839.941713   -2514.2710209   -609.2113256
-840.9710852   -2518.2003975   -611.0444665
-840.1750056   -2500.6089211   -678.9183617
-840.1716677   -2523.7896442   -649.4000554
-840.5124871   -2605.2927971   -667.5328612
-840.4154507   -2533.4928036   -629.9510598
-840.1404349   -2516.9136524   -656.4440131
-841.0664526   -2608.6852551   -616.3526773
-840.3563229   -2507.0710182   -666.0992503
-841.2764994   -2525.8717537   -644.3741322
-841.5381638   -2530.7536125   -619.6981668
-841.5833441   -2509.1469288   -661.4924669
-841.2078349   -2505.3012371   -667.6391959
-841.5748803   -2507.7636242   -663.2751822
-831.6758601   -2562.4871254   -559.1958165
-835.0022761   -2567.6722527   -558.2691431
-836.1330954   -2551.620245   -557.6734543
-836.4602057   -2557.541132   -556.636095
-837.0429007   -2562.6134872   -556.5088987
-840.0743929   -2571.0172653   -556.8853617
-840.7743899   -2565.5977726   -555.0587177
-840.0636641   -2547.6071835   -556.9933653
