464.4744518   -1774.1049528   130.6483597
463.0560996   -1773.0621099   133.0904216
461.5767273   -1769.8779106   131.9153011
464.6575572   -1777.3573399   135.8588189
466.2811878   -1777.5710821   131.2744319
460.5560573   -1769.7874308   134.7041726
462.6080813   -1774.2549181   136.5591139
459.7270014   -1770.2966928   137.910217
459.0076479   -1765.5559778   131.927222
457.6780023   -1766.164422   136.6733909
456.2941911   -1760.4442835   130.9001297
455.981371   -1762.2895241   134.9336058
454.6536031   -1763.1343603   139.775902
454.1279646   -1758.5961819   133.8587254
453.3170881   -1759.6876621   137.6235187
453.0443969   -1755.9784651   132.1897954
451.4808329   -1755.9543848   136.2010092
451.4893117   -1758.3407164   139.9741471
451.6065242   -1753.0075312   130.6039393
450.3404918   -1752.8719902   133.7102503
449.4876238   -1750.3648996   130.9156716
448.8145681   -1754.5614243   140.107289
448.7930211   -1752.9096603   137.4653727
447.1568587   -1749.3566275   134.7094178
447.2622099   -1747.6834059   130.9745163
445.7553747   -1750.4583597   139.8188323
444.16101   -1744.8651791   132.389009
443.714601   -1746.8082905   137.4561787
441.134763   -1743.5299158   136.4369988
440.2485015   -1740.6723499   132.0531964
438.2552626   -1742.323041   139.5114809
438.745183   -1740.9521341   135.879755
437.3555603   -1738.3959293   132.8787804
436.1296269   -1739.3088341   137.3581439
433.8845285   -1736.6435528   135.7685477
434.1912689   -1735.5816364   132.6769888
433.3196106   -1737.7099991   138.905555
432.1164312   -1733.4240675   131.3656569
431.8945082   -1734.4552279   134.4067007
430.0380769   -1734.8082066   138.1922513
429.0018501   -1732.0995331   133.9100301
426.9742938   -1732.0363522   137.0847374
427.2678765   -1729.8249006   131.1620772
424.5349588   -1729.300499   134.6052289
424.4731488   -1731.1316729   138.7741417
421.5614321   -1729.1176319   138.3965015
422.24319   -1727.0739079   132.569626
419.9590357   -1726.7565727   135.2074742
420.1143356   -1725.2378464   130.9860349
418.100697   -1727.5680304   139.3808573
417.3382493   -1724.5687246   133.4116012
416.936216   -1723.4003544   130.7894588
415.4973003   -1725.041151   136.8826628
414.0190604   -1722.7370739   133.0836266
412.2596654   -1724.5543003   139.2299086
412.0726707   -1723.2311964   136.5014017
411.6629633   -1720.8482027   130.8807284
409.6614989   -1721.2567329   134.2704445
408.7844761   -1722.9096889   138.8864666
406.366271   -1720.9091187   136.4993155
405.8649065   -1719.3895578   133.3572865
404.4061574   -1721.6511965   139.5807713
402.9978635   -1719.6549177   136.2615526
402.243522   -1717.8697586   132.6504201
399.8903456   -1720.4715014   139.7149861
399.0346613   -1718.2023525   135.5327666
398.5809209   -1716.3610458   131.5580904
395.6578197   -1719.0089226   138.5668069
394.6536305   -1716.5220976   134.152025
392.1436044   -1719.3319798   140.0739402
391.579968   -1717.6529169   137.3542249
391.7438509   -1714.7308588   131.5941215
390.7255801   -1715.8889771   134.4195455
388.2183703   -1714.6332264   132.7720433
387.3462202   -1716.2801027   136.0555589
385.676873   -1713.3029699   130.8620572
383.6264285   -1714.3319845   133.5449815
381.3682171   -1716.5540457   138.1387562
378.6609592   -1714.1940594   134.5900148
379.6013864   -1712.5085592   130.9156716
376.1902275   -1715.1526213   137.4540478
375.0909986   -1713.1364346   133.5375309
372.2362044   -1715.3503895   140.133664
370.1787712   -1712.7110958   134.5993578
371.0465255   -1711.7911577   131.9634616
367.0168342   -1713.9133215   140.0047839
366.7860302   -1711.2960815   132.0270896
366.4726736   -1712.7046585   136.5427822
363.7698861   -1711.9287252   135.4213804
360.3739115   -1710.8117342   132.8824013
360.2316948   -1712.0159864   138.1566375
357.091141   -1711.2641335   136.841774
355.6026044   -1710.4594707   133.6117685
353.1100871   -1709.9177837   132.2094649
351.7766567   -1710.5288506   136.6175264
349.623588   -1710.6409073   139.484331
349.2077412   -1709.3058825   131.0683638
346.1200865   -1709.7219229   135.2743804
344.3904492   -1710.1236582   139.5021081
343.7065157   -1708.9860439   131.9068521
340.5967327   -1709.682107   136.3926232
339.6913084   -1710.1863623   139.6965533
340.1009413   -1708.9121342   131.4632744
335.8197483   -1709.7420692   133.0019534
336.6040858   -1710.1775408   136.6863251
336.0559317   -1710.947752   140.2413249
333.4060284   -1711.5321159   138.9548481
333.7656232   -1710.840106   135.8894408
331.9576951   -1711.0552788   133.5098445
331.2777253   -1712.0065689   136.9096637
329.6924504   -1711.5215063   130.9323162
328.4921917   -1712.8539085   134.4301701
327.1326991   -1714.6071196   138.236925
326.3944062   -1713.3299112   130.9476048
325.2106877   -1715.0555849   134.3461871
322.7172764   -1718.2710171   139.9485022
322.1388432   -1717.326045   134.1065764
321.1502405   -1718.9307213   136.94942
319.1618594   -1720.905304   140.2866989
318.8421997   -1719.8226452   132.7629685
315.4465231   -1723.670125   136.5034878
315.4549869   -1722.4231958   131.3463748
314.5468804   -1723.9966393   133.6811036
311.983523   -1726.4426947   134.3359798
312.8786656   -1725.8855104   137.9421502
308.9204105   -1729.2329073   134.2643201
309.261051   -1727.6990414   140.0600225
310.4219707   -1727.5497913   131.6865385
307.9652163   -1729.8350334   130.7820529
306.0067566   -1729.8129797   140.3925866
303.2302233   -1732.7203751   137.2258365
299.8501333   -1736.0994816   134.4255656
300.472674   -1733.820796   139.163807
296.0735532   -1739.4100428   132.9534352
295.7746657   -1737.5569344   137.9862577
293.1008907   -1740.2986288   135.9978765
291.2042709   -1742.9378033   133.238554
291.8185266   -1739.5782471   138.8655752
290.4474112   -1741.6712046   136.783585
288.6226746   -1741.3223982   139.1268075
287.496415   -1743.7590361   136.3939792
287.6055213   -1745.5320358   132.9402775
284.9158617   -1747.841239   131.8830699
285.7799204   -1742.779851   139.341563
285.1232859   -1746.1129427   134.8709315
283.3480211   -1745.2098131   137.9461586
282.0927771   -1747.9194403   134.980917
280.9295627   -1750.5033016   131.6539347
280.5416854   -1744.8925972   140.4060274
279.0527316   -1747.5816011   138.1159872
278.9887162   -1749.7680187   134.9850893
276.9447836   -1752.0179749   133.243084
275.7614227   -1750.4736185   136.6178393
274.8146328   -1748.4166622   139.9369836
274.630365   -1754.437089   131.2512159
273.1689783   -1753.1857491   134.6895248
271.3871571   -1751.4532804   138.4333074
270.9356519   -1755.7817698   132.4026734
269.1104981   -1754.4920444   135.8762234
267.5037654   -1753.2205582   138.6329234
267.472026   -1756.7261457   133.7162256
263.977346   -1756.1229467   137.0907724
264.9555179   -1758.3681345   132.9352856
261.0884877   -1759.6603632   133.7296516
259.1082426   -1756.311655   139.7318691
258.7988349   -1759.0247393   136.3722682
257.0374879   -1761.7353201   133.0999136
256.4709457   -1758.5133314   138.4402663
254.7709914   -1760.8258724   136.1480802
252.3707124   -1763.5593414   133.0343187
252.9780241   -1759.3103647   139.2636895
251.7198297   -1761.4697218   137.0033026
249.593881   -1760.4452372   139.6465153
248.5336336   -1762.9116774   136.6267353
246.5441199   -1766.0877705   131.944716
244.1577288   -1764.7241354   136.0940635
243.1672188   -1766.6858435   132.7040046
241.3304719   -1763.6151314   139.9540007
239.6049472   -1766.0210133   136.2553835
238.1970557   -1768.2620287   131.6998303
238.4460541   -1765.0454044   139.2819583
235.8566197   -1766.6889429   137.3195499
235.1817759   -1768.4077024   132.8433007
232.8437241   -1767.8239346   135.9819919
231.4974638   -1767.1866417   139.156118
230.5500778   -1768.8269615   133.3452612
228.3244701   -1768.2150602   137.0178014
227.4923893   -1768.9749002   132.8092813
225.2639207   -1768.1800127   139.5075619
224.487898   -1768.6678171   134.9734813
225.0997695   -1769.0838575   130.7697892
220.9092947   -1768.4253454   136.9233429
221.0327359   -1768.4086561   132.443592
218.0230888   -1768.2924271   140.115872
216.4369198   -1767.5979137   135.6295347
216.9915708   -1768.1088448   138.5862827
215.1110443   -1766.8199539   132.7367127
214.0836986   -1767.55476   138.3962035
211.8152352   -1765.0252581   130.9543997
212.4149176   -1766.4067745   135.440737
208.9610966   -1766.3786411   138.9557421
207.1186873   -1764.3110752   135.6273443
208.4657522   -1763.2527351   130.711481
204.1097852   -1764.4939423   138.9096081
205.8889242   -1762.0931864   131.4492524
203.1926485   -1761.3893747   133.4529221
201.3413581   -1761.6751194   135.8258724
199.030486   -1762.2420788   138.4667009
200.7982405   -1759.4566345   131.8098307
198.2893022   -1759.1671944   133.8492632
197.3810764   -1760.2952719   136.4724636
197.3533007   -1757.1419477   130.7120919
194.6866485   -1760.016799   137.8677338
193.6910423   -1757.8440905   135.1120919
194.088188   -1755.9206486   131.4810812
191.3879486   -1755.6549311   133.0357194
191.9860514   -1760.3248358   140.2379423
190.6599673   -1758.4981918   138.1759197
189.4875439   -1756.7535639   136.0558122
187.4187263   -1754.6288967   133.8842213
186.4882382   -1756.8206787   138.2567286
184.9302622   -1755.1373243   136.4354044
181.8838986   -1755.0958395   138.5239661
183.6495074   -1752.7760267   133.1627369
179.5264455   -1752.3928881   135.3025138
181.1574372   -1750.8708239   131.4019412
177.6718768   -1753.1926632   137.9974484
177.8618368   -1750.100255   132.211417
175.1427325   -1750.7764101   135.1158768
174.5440336   -1748.8162518   131.887868
173.1118532   -1751.9145012   138.7775689
171.4424463   -1749.5183945   135.2950186
168.532786   -1747.3119497   133.3225071
167.2868999   -1748.4543324   136.5091354
164.968309   -1746.8153238   135.4357004
165.4942008   -1748.9864826   139.2322779
162.745771   -1744.2579269   132.6922178
162.242231   -1745.780468   136.1055523
161.4633175   -1747.5003004   140.2888298
159.1778966   -1743.5814142   135.1831555
157.1555408   -1743.9539433   138.2543296
154.1821929   -1740.444541   134.9206567
154.5576426   -1738.7781143   131.2424242
153.3564004   -1741.6442633   138.2805407
150.9796949   -1738.9683723   135.7994527
150.3146561   -1736.8503809   132.1283281
148.6827108   -1739.8279905   140.2235031
148.3269902   -1737.8708124   136.4904791
145.7062932   -1735.4917526   134.2907101
145.9282311   -1733.9406013   130.6373179
145.2115747   -1737.5320196   139.355585
142.141101   -1732.4482203   130.9015602
142.9277631   -1734.8608971   135.7259005
142.5045999   -1736.3791466   139.6988779
139.5297321   -1734.7203493   138.8875097
140.4241296   -1733.2341671   134.362936
136.8497583   -1732.5844765   136.2064332
136.4184292   -1731.31001   133.4097981
134.6847983   -1732.9534292   139.3890828
133.7365481   -1729.4890881   131.1259568
133.1022354   -1730.8506966   135.373652
131.1524781   -1731.7231894   139.7470534
128.6237212   -1728.4514904   132.831648
130.1109763   -1730.0653458   136.1221522
127.4287375   -1729.8951149   138.2625401
126.3537379   -1728.4468412   134.8704994
125.2339157   -1727.0447016   131.367296
123.6521574   -1729.4527292   140.345186
123.6767145   -1728.3655405   136.8860006
121.9316395   -1727.3513079   134.6826702
120.6423017   -1728.2142639   138.3084804
119.4596859   -1726.6660929   133.1819892
118.1989881   -1727.4469137   136.2335235
117.5326379   -1728.2832861   139.499858
115.2589294   -1726.6595364   133.449927
115.3258058   -1727.6439667   137.2217983
113.5997745   -1728.5705805   140.4341459
112.056938   -1727.6362181   136.4073902
110.4426356   -1726.7720699   132.1311891
110.0417348   -1728.5964489   139.140144
107.7596518   -1728.1484604   135.9664798
105.6489321   -1727.8764248   133.1471503
106.8102392   -1729.4723988   140.2825266
103.8008901   -1729.5002937   137.3387277
100.9527119   -1729.4760942   133.7195784
100.1135381   -1730.9795618   138.0407363
97.3030897   -1731.4220667   135.0337565
97.6079675   -1730.3299904   131.619513
97.2646745   -1732.4126959   138.39297
93.6515602   -1732.3977947   131.5413266
94.4859358   -1733.4644794   136.7172599
92.7606793   -1735.6059551   139.658466
90.5377539   -1735.5973721   135.1016909
89.8725065   -1734.6570492   131.0206205
89.2910632   -1738.3140326   139.4149661
86.88387   -1737.2670174   131.6544414
87.3708399   -1738.2646799   135.4139894
85.7248577   -1740.344286   137.0120943
83.5997733   -1740.6902313   133.32358
84.1249498   -1742.8033352   139.9437487
82.4534567   -1742.5149679   135.693416
80.8628472   -1744.6721792   139.1899586
80.5499228   -1742.6540852   132.2079599
78.3036622   -1744.9561357   135.2569312
77.228454   -1746.481657   140.3780729
77.8870257   -1744.0832853   131.3554943
74.69776   -1746.7534542   138.2209212
75.3886374   -1745.6630468   133.3677918
73.1466087   -1745.9160089   131.6252053
71.7013749   -1746.8310595   135.0399107
69.9869665   -1747.7251291   139.443785
69.4684061   -1746.5500832   131.4352304
67.7755746   -1747.2418547   135.2390498
65.6590732   -1747.7647066   138.6866271
64.1944083   -1747.2012043   135.2957487
61.8843707   -1747.074008   136.7093921
62.7694996   -1746.3669777   131.5987706
59.6292885   -1746.2872267   135.030061
57.7283176   -1746.4339733   138.7859732
54.9437674   -1745.0338602   134.9967122
53.647724   -1743.8265085   130.6416392
52.5883707   -1745.0793982   139.0510499
49.6723326   -1743.2656288   133.1718713
49.8445304   -1743.9182997   136.6606653
46.8957695   -1743.7478304   139.7824585
43.4351238   -1742.484808   135.6890053
45.4928549   -1742.2897816   131.7030787
43.4758934   -1743.0313826   140.1515156
39.7092374   -1741.6533232   132.3911399
40.4768857   -1742.4625158   140.0044411
38.5850938   -1741.8274879   136.1721456
35.8045372   -1741.5263653   138.9109045
34.2167886   -1741.1887646   133.1331134
31.2553319   -1740.7455444   138.2343918
31.2152775   -1740.9559488   131.5329969
30.248371   -1740.7057285   135.4347765
27.479318   -1739.7990227   139.0649527
25.5558761   -1740.463376   130.7821423
27.2596749   -1740.3315306   134.4994903
23.8995823   -1738.8596535   138.8459206
22.8876742   -1739.4380569   134.9772662
20.0535329   -1739.3110991   132.2415024
20.0605067   -1738.1813526   136.7483437
20.0426253   -1736.9784117   140.3497159
16.4601477   -1737.4266386   135.0434273
17.1821388   -1736.3979816   138.7929767
15.4158743   -1738.2187843   130.9531927
13.5263475   -1735.2597713   137.6366317
12.7817663   -1736.4219427   133.5914284
10.1282271   -1734.5830202   135.3656054
10.2899345   -1733.4631681   138.1048411
9.7326311   -1735.4770899   132.4873865
8.0281767   -1731.2918901   140.3205842
7.4600848   -1732.6595783   136.7353499
7.1960362   -1733.8416576   133.5196197
4.6800049   -1730.3596735   138.6669278
4.9065622   -1731.9103479   135.1929456
3.9571198   -1732.8634262   131.4261258
1.6783746   -1729.460597   137.4213248
1.5184554   -1730.9844494   133.052513
-1.5160171   -1729.0301323   134.4971657
-2.9265014   -1727.6562452   137.180075
-4.9854843   -1728.1826735   132.9181492
-6.973478   -1726.1533737   138.2698864
-7.1131913   -1726.878047   135.3143007
-9.2182485   -1727.3336649   132.0756972
-10.3499023   -1725.9042263   136.6087198
-12.9733411   -1724.9544859   139.7880167
-13.2436482   -1726.3507843   133.4467232
-14.1846267   -1725.5963087   136.6981864
-16.9213144   -1725.0605822   139.2496228
-17.4552528   -1726.1246443   134.5991343
-21.8744604   -1725.9783745   137.7634257
-22.5480524   -1726.9732952   134.5202923
-23.2690898   -1725.7879972   140.0350928
-25.9928433   -1727.1006107   138.1851435
-27.1686045   -1728.6468744   134.079501
-29.5296637   -1728.8956642   137.5010312
-31.6539732   -1730.620265   134.5166862
-32.454702   -1731.9872379   130.9538633
-32.800111   -1730.2888632   139.083609
-34.9024264   -1733.1465483   133.391574
-35.2922408   -1732.4789762   137.0760202
-36.8551937   -1735.4049683   132.520631
-37.5637142   -1735.0921631   135.4936957
-38.3395878   -1734.5821857   139.2152458
-38.7628404   -1737.4056578   133.6685419
-40.2330486   -1738.07621   136.8996799
-40.8260552   -1741.0844564   133.0966502
-40.6556455   -1736.9420528   140.3568685
-42.7924124   -1740.8710718   139.2602324
-41.9335691   -1741.1298752   136.4937127
-43.0781571   -1746.3543415   132.3636323
-43.3392254   -1744.1197634   136.2832487
-44.1817371   -1749.9186993   131.427303
-44.3379609   -1743.8403368   139.3407583
-44.6027247   -1748.4242916   134.6786022
-45.0902907   -1746.779561   137.7141476
-46.1740819   -1756.6264868   130.530566
-45.8789793   -1751.9487143   134.5594376
-46.0056392   -1749.7024536   137.0309144
-47.7702347   -1752.9044151   138.0719543
-47.1858112   -1756.439805   133.7673515
-47.7993814   -1760.2666616   132.4992329
-48.6555425   -1758.6591244   135.5243176
-49.234244   -1756.3692331   138.3178085
-49.2768613   -1764.0265226   133.4373951
-51.1856405   -1761.2603903   138.6596859
-50.918254   -1767.0919895   135.1645589
-50.0129191   -1770.2980042   131.6342205
-52.3277251   -1765.4565573   138.291955
-51.1904684   -1774.0507126   132.2063357
-51.4307944   -1770.7269192   134.3166083
-52.850577   -1769.3566084   137.3888254
-53.0935255   -1773.4421492   135.9724402
-53.2453982   -1777.3951292   134.4234645
-54.7089902   -1772.1492052   139.0347034
-54.6546904   -1776.4097452   137.1362209
-56.7495552   -1777.8695822   139.686808
476.8856811   -1818.5441494   130.8172643
477.1315577   -1813.5333061   130.9847683
476.79614   -1809.1433048   131.6000372
476.817471   -1804.9937487   130.9728622
476.278198   -1801.2260199   130.9035271
475.0230881   -1818.123579   134.1493577
475.4247563   -1812.4129772   134.1423541
474.8013812   -1825.4761696   132.640332
474.3141653   -1829.3629885   132.0815682
474.9719696   -1821.7204809   133.4547102
475.5186038   -1806.4934015   133.7110996
475.1715707   -1803.1932116   133.7916106
474.7242304   -1809.6880913   135.3453398
474.4350957   -1799.1573811   133.9737922
474.0370559   -1795.1550484   132.6486021
473.7744006   -1805.464983   136.695981
472.5212278   -1837.2243643   131.3075572
472.9662063   -1833.250761   132.5305998
473.7005653   -1801.8859625   136.2655014
473.2545363   -1791.4943695   131.2822104
473.0608585   -1816.1109686   137.6392543
472.9043516   -1819.8022842   137.2536719
472.2774597   -1823.2660294   137.4415159
472.9053276   -1812.4949932   138.2229626
472.2546609   -1826.977253   136.2518966
472.4913137   -1808.6947203   138.9235258
472.898488   -1796.1095572   135.8073056
472.5014093   -1799.0148067   137.7339512
472.1281054   -1792.5530672   135.2734119
472.2472849   -1802.6458025   138.9524937
471.4847329   -1804.9412966   140.4639632
471.658011   -1831.212759   135.4694963
471.7331054   -1789.6074057   133.4232241
471.3454964   -1815.1043653   140.4115856
470.6143486   -1834.4486952   135.4889125
470.9784659   -1794.76583   139.2144263
470.683341   -1843.4383869   130.6608468
470.3511866   -1829.5018673   138.1737441
469.6612033   -1826.6171217   140.4173821
470.662673   -1790.4784679   137.2300237
470.27794   -1787.2555256   134.7267926
469.2068743   -1783.8878632   133.0662072
469.2716943   -1840.3022289   134.3083531
469.7729173   -1837.5407457   135.0949705
468.930644   -1832.6034546   138.8971359
468.8220071   -1845.8074331   131.9144368
468.6417925   -1787.9060507   139.8797631
468.0338996   -1836.9724751   137.8782988
468.4109884   -1784.5875025   136.4430338
467.4181613   -1839.8694992   137.1315718
466.1649289   -1846.5083838   135.0381821
465.7218578   -1842.3563242   138.0161345
466.1302837   -1849.6980667   133.3725005
466.9431942   -1779.9701691   133.4733963
467.2613861   -1784.1931581   139.2516494
466.1506387   -1781.042099   137.8074735
465.9652682   -1851.5564203   132.6349229
464.4703241   -1857.6948643   131.5513104
464.0710028   -1853.3540964   134.0904385
464.249787   -1846.4488983   137.5962943
463.4778174   -1843.824625   140.1582062
463.2080468   -1850.0151634   136.922732
461.351675   -1865.96632   131.3747168
459.8042937   -1862.6915216   134.5367581
461.9536819   -1855.8943272   135.3856921
461.3244208   -1848.6536741   140.0967389
460.6610211   -1853.7517786   138.0434632
459.338096   -1872.8126287   130.7100058
459.9000039   -1869.9359894   131.2733293
458.5180553   -1860.3616953   137.1213496
458.3696397   -1855.9725285   139.5637691
458.8474902   -1867.3776388   133.4289908
457.8581574   -1875.4470348   131.2466413
457.5583758   -1870.4009056   133.4565878
456.312907   -1859.4522476   140.0888264
456.5357985   -1867.2001362   135.9472126
456.1682018   -1862.7631664   138.5495365
456.0968401   -1874.3790388   133.4009469
455.75237   -1881.2690973   131.4247102
456.1047079   -1878.0494928   132.0568025
454.7631862   -1872.2436428   135.6381476
454.0563794   -1867.525816   138.5561228
453.2778087   -1888.9449835   131.6689998
453.7039968   -1878.9923191   134.219259
452.9458853   -1884.234786   133.3733052
452.3715796   -1891.5966749   131.7791343
453.3479633   -1875.4031658   135.9312087
452.410263   -1871.7845678   138.4371668
452.3845585   -1894.5389986   131.0101002
451.3772102   -1887.912631   133.8716298
451.3521018   -1877.6949644   137.2656375
451.3898762   -1880.8523417   136.1492276
449.6502551   -1885.0946426   136.6967112
450.1904371   -1897.7267742   132.1898997
449.6300193   -1900.8612633   131.8483204
450.2174827   -1894.5508003   133.0712587
450.1525136   -1903.7922621   130.6469887
449.2034885   -1888.7480497   135.9546483
449.2524537   -1877.9094219   139.6185011
449.1273584   -1892.2259808   134.9186152
447.4026831   -1909.8989964   131.5800101
449.0464004   -1881.2099695   138.6631727
448.927817   -1906.6642523   131.0299337
448.4129073   -1903.1208754   132.4040741
447.5414725   -1895.7542181   135.4590952
446.4973631   -1898.7584114   135.6154531
447.072384   -1912.8447771   131.1609745
445.8834799   -1916.3330793   131.3887686
447.1700611   -1889.2586231   138.1372809
445.3839036   -1892.5147057   139.1233206
445.7210126   -1903.6884308   134.9005997
445.6902268   -1906.9994688   133.9779347
443.6221244   -1912.4857187   134.4816834
444.2088278   -1898.8659382   138.1779164
444.242877   -1914.5009518   133.3324015
444.5856782   -1905.954957   135.4094297
442.0905682   -1904.7608376   138.5546625
441.5572854   -1901.5080929   140.3749734
442.7202465   -1909.6338749   136.2476945
441.2775906   -1914.6665335   136.2121552
441.751686   -1918.1081057   134.782061
440.7462748   -1911.4952087   137.7899945
439.7601756   -1908.2454443   139.9874687
440.3001937   -1910.1032019   138.7245357
437.1901574   -1916.7804718   139.7940218
-53.4369675   -1781.4805508   132.7335984
-53.5015193   -1784.9947214   130.8621913
-55.7037321   -1780.1966667   137.1729076
-55.2020399   -1785.8000994   133.8346303
-55.2887646   -1790.7358408   131.2018484
-57.0855466   -1787.650466   136.3565624
-58.5317341   -1784.2428684   139.9114132
-57.3702184   -1792.8953171   134.3546808
-57.657036   -1796.7962027   132.623136
-59.2899648   -1787.2387171   139.9606317
-59.3929616   -1799.5316982   134.8878443
-60.3052107   -1806.4662218   131.8384856
-60.1150123   -1802.8066158   134.41661
-58.6018888   -1791.8001413   137.1971518
-59.6057502   -1796.6778278   136.8855536
-62.0413152   -1802.4718761   138.9915198
-61.7111651   -1805.7477474   136.2866163
-61.8803827   -1810.7354641   132.3746145
-62.9367558   -1809.386611   136.6506219
-63.0829064   -1806.3658476   139.0888989
-63.2171956   -1814.2416477   132.807821
-63.7839762   -1812.9483461   135.8082145
-64.0040962   -1817.8110123   131.1240047
-65.4331175   -1813.1815195   139.7384405
-65.8502308   -1817.2796965   137.2356266
-65.5323593   -1819.0627098   134.5095485
-66.1586253   -1823.2483864   131.5477192
-67.1226708   -1822.3720789   135.4712248
-68.0932728   -1820.7991123   139.5713538
-68.0589405   -1826.7626762   133.0955625
-68.6297146   -1824.8243332   137.0988637
-69.9060289   -1830.4276466   134.5769912
-69.7069494   -1827.5717497   137.2745186
-71.2789027   -1834.2067003   134.6435994
-71.3982908   -1830.1904202   139.450714
-72.1668331   -1833.5688114   138.2111907
-72.9317395   -1838.9720917   134.4650239
-73.0351535   -1841.7973518   131.2538087
-73.0258552   -1836.8242979   137.3393834
-74.7275082   -1841.2789106   137.6889646
-74.1467801   -1842.4637318   134.2529953
-74.70915   -1845.5010653   132.2859675
-75.7995573   -1846.1155891   135.4325116
-75.8038489   -1849.6083021   130.6074709
-76.1933652   -1844.5910215   138.791129
-77.0204393   -1851.6571522   132.6252073
-77.6860443   -1850.0624895   137.2459084
-78.0762164   -1855.1405668   132.3475391
-78.4468976   -1853.3881903   136.0374093
-78.8245527   -1859.156251   131.3151419
-79.6072213   -1854.4185162   139.8051828
-79.6553818   -1857.7783108   136.1226588
-80.1134435   -1862.2559309   134.1315061
-80.6292621   -1871.3521957   130.7485104
-80.2879659   -1865.4664755   132.7479929
-80.9966055   -1861.9375229   138.3574754
-80.837938   -1868.5711622   133.3621293
-81.1577169   -1866.0080433   136.3558322
-81.6210834   -1874.6930361   132.881552
-81.9114772   -1870.9028959   136.3168955
-81.9220868   -1866.6352034   139.481023
-81.8000165   -1880.4880381   130.9354305
-82.0050565   -1877.6230812   133.2778484
-82.4080435   -1875.5670786   135.8712018
-82.9575387   -1885.8675957   132.6448619
-82.5654594   -1880.2258968   134.410888
-82.7385513   -1873.3004332   138.4748071
-83.2979409   -1890.5602694   130.8337897
-83.1876127   -1876.9516945   138.5005862
-83.3207098   -1882.2191954   136.4424676
-83.76393   -1885.2257729   136.1732483
-84.3267766   -1889.4629478   135.0940317
-85.0652782   -1893.6165571   133.9428723
-85.3959648   -1887.7602816   139.5796984
-85.7495395   -1899.3519545   130.8205128
-86.1699907   -1896.2883949   134.5117986
-85.9137503   -1892.0805454   137.4901533
-87.2857896   -1902.7588367   131.2440932
-87.9177777   -1900.0105858   135.2211088
-87.8059594   -1896.0192204   138.5441124
-88.9546005   -1904.9744606   132.7734739
-89.1398517   -1899.7292519   138.1362528
-90.2158944   -1904.1523933   136.0526979
-91.060671   -1911.3651514   130.7388246
-91.3710324   -1908.8430405   133.9663416
-92.9437009   -1907.5343609   138.6122108
-92.9752914   -1914.432168   131.5265
-93.6117498   -1912.9552841   134.5345527
-93.1786624   -1910.4048014   136.2185478
-95.58067   -1917.5994396   133.443594
-94.7765438   -1912.2407436   137.7872974
-96.2448446   -1916.4158106   136.3307983
-97.6544348   -1916.7597294   139.231652
489.8016947   -2002.7575493   130.5371374
490.4387268   -2007.8165531   130.7116598
491.6094067   -2015.2058601   130.5637807
488.0712005   -2012.3808384   130.7817101
483.8907095   -2015.8715248   130.7985187
485.8030426   -2001.2257099   130.5721998
485.0326898   -2005.7995319   130.962804
484.6924814   -2022.1610069   130.5757165
481.4678701   -2010.9746456   131.0446113
480.3946661   -2001.6052723   130.9046894
480.8504926   -2005.4419041   131.1113983
478.8241433   -2020.0896263   130.6139231
475.8703011   -2011.6605759   131.0326755
478.6111759   -1998.4256029   130.5484325
477.7399572   -2005.5320263   131.2226951
474.9625149   -1999.3659258   130.8466494
474.5046543   -2003.1015873   131.2459707
472.9075851   -2010.4944706   131.1593801
470.7198041   -2000.7426739   131.1405003
470.1495218   -2004.9104691   131.3501447
467.549746   -2008.7285042   131.3540936
464.7928449   -2014.4312382   130.7638586
466.7929234   -1998.3453751   130.9915781
466.6128206   -2004.0354729   131.4668804
462.8564241   -1996.0887432   130.6399107
463.299525   -2008.3012581   131.4313263
462.1023806   -2001.830101   131.5357089
463.4666862   -2005.0599575   131.5659136
459.2109444   -2011.5027428   131.2205046
457.5926038   -2017.0969963   130.5660158
459.730682   -2006.9377422   131.6328198
458.4989073   -1999.9649525   131.5352023
457.0796313   -1995.3422546   130.9073716
456.3884708   -2004.3230057   131.8779737
454.3496194   -2007.5194836   131.8828762
453.1489732   -2012.9418373   131.317988
453.861204   -2000.9038448   132.0349425
454.4258537   -2017.39645   130.6343824
453.4109654   -1996.1732626   131.5378547
450.5849751   -1994.4918156   131.7607462
452.3158791   -2005.3493977   132.175833
450.9013715   -2017.636776   130.8407187
449.6638151   -2021.5656757   130.5368543
451.3626071   -2008.6410046   131.971404
449.2001506   -2000.4229546   132.5982213
448.1360736   -2011.548996   131.9620013
449.2575797   -2004.8310757   132.5559169
448.5095265   -1989.040494   131.1297566
446.9176801   -2017.3544884   131.3192397
444.4178315   -2038.6955738   130.6395978
443.2704123   -2032.6550007   130.9024543
445.0630667   -1996.4883327   133.2741827
443.6812224   -1992.3602343   133.1264675
446.2000849   -1985.5881929   131.1263144
443.4969845   -1945.5826283   130.8523118
443.7305751   -1948.8264322   130.5331737
445.1391073   -2001.1701584   133.3619654
444.2131343   -2009.6802711   132.8338236
443.5976418   -2005.9177876   133.3901882
443.1163492   -1988.743782   132.7156574
445.0202706   -2022.2001076   131.1040372
443.8614967   -2026.1542797   131.0138553
443.6714175   -2013.9951706   132.2636753
443.6988654   -1938.8513565   130.9197843
442.6251473   -2018.5108185   131.8719387
443.4809806   -1981.8439484   131.2413067
444.6246   -1920.3910828   131.6408813
441.739616   -2028.8801193   131.2778145
443.3153244   -1928.4383059   131.5603405
443.1931051   -1933.0126047   131.3901246
441.7136433   -1984.585762   132.4250102
441.7636665   -2049.2448807   130.8958679
441.459355   -2042.1807766   131.2110573
440.735546   -2045.6693172   131.2778741
440.8717873   -2003.433466   134.1919154
441.4704116   -1999.9806881   134.1836452
441.4264383   -1976.2217999   131.1787218
439.4572797   -1969.4744349   131.439507
441.1649825   -1972.253561   130.9129
440.9283521   -1995.4578876   134.2394203
440.0335225   -2023.8587856   131.9135129
440.9022304   -1966.0422802   130.8472604
442.0852783   -1924.6257544   133.0262125
441.164312   -1921.6828346   134.4110668
439.8469152   -2036.0293388   131.5894872
438.6090311   -2039.2332077   131.8821609
439.9800422   -2012.7360821   133.1920475
440.5756863   -2008.9657307   133.6187273
438.7121918   -2054.9526215   130.7311654
441.1277296   -1931.617856   132.9472065
440.3553429   -1950.9735107   131.9012791
440.0226297   -1954.8096657   131.6729188
439.7437694   -1947.2228289   132.5498372
440.769923   -1941.1290884   132.5322837
439.8954334   -1936.6666079   133.3537847
440.1788535   -1991.8166399   134.0652257
440.3282674   -2015.581131   132.7185035
438.1260397   -2006.1683655   134.5682144
439.4091787   -1944.3644285   133.023724
439.994392   -1928.0463457   134.2161298
437.7142163   -2032.4206352   132.1135759
439.22731   -1985.3360653   133.3769411
439.452556   -1958.7516785   131.6802055
439.0531304   -2018.7990665   132.5912029
440.1246431   -1978.9494276   132.0084184
438.4610476   -1981.176734   132.8997314
438.635421   -1962.9085064   131.8033338
439.1453239   -1924.3637323   135.6621236
435.9975728   -2051.0003567   131.9578439
438.4205463   -2047.5177765   131.6882372
438.4901645   -1920.9070206   137.1521354
437.7777698   -1996.389389   135.0981444
437.0893808   -2000.6933212   135.3141069
436.9737329   -2041.6686535   132.2338879
437.6547011   -1973.1484652   132.3331147
436.9788589   -1977.5539637   132.9751462
436.7525103   -1933.2146645   136.0663772
437.9171702   -1966.6900635   132.0051402
436.9630041   -1937.7789497   135.2297068
436.6305443   -1942.5452948   134.8287314
435.5101409   -2044.6770191   132.4723214
436.8199828   -2010.853529   134.3023628
437.1589991   -2028.5050869   132.3288679
437.2826489   -1952.5772333   133.1897974
437.5717016   -1949.4166374   133.4162951
436.4023628   -2015.0315762   133.7446272
436.4721449   -1991.3043976   135.0772679
436.4049258   -2021.569252   132.9465359
435.6422248   -2025.100708   132.8821331
436.5828159   -1956.3148022   133.1371069
437.7355548   -1927.3915291   136.2740695
435.0907328   -2036.9050503   132.787779
436.0857429   -1946.7917681   134.5440149
434.3627515   -1981.8812609   134.3966872
434.3002113   -1968.998313   133.580029
436.057237   -1960.1089954   133.0609173
436.0456886   -1923.5899448   138.8588995
435.0835504   -2018.5928345   133.6325556
435.1213994   -2008.4092617   135.0826621
435.2013739   -1987.5098467   134.9827498
435.5614009   -2055.1917553   131.3960105
435.4568096   -2058.5951805   130.6814551
435.4699524   -1964.2214775   133.1345886
433.9302006   -1998.8392591   136.2294853
434.1094615   -1994.6790934   136.0519975
435.3288534   -1929.2201996   138.039425
433.1441792   -2030.6465626   133.3738416
433.9222731   -1974.0155935   133.8779628
434.8396184   -1950.3642321   134.7650886
433.7668987   -1954.2195797   134.8231137
433.3839091   -2005.1243305   135.9753609
433.149633   -1977.54848   134.3931556
433.4397735   -2040.5960083   133.18941
432.9791638   -1940.6063557   137.66101
434.1590079   -1937.3135567   137.3753548
433.2140359   -1934.4246387   138.7427896
433.888373   -2011.8863583   134.9557638
431.923342   -1945.4016685   137.4948621
433.0798062   -1957.5539827   134.762764
432.6814982   -1991.0020828   136.124149
432.3203089   -2021.4629173   134.1531873
431.3233169   -2016.0355568   135.1006627
432.8257563   -1948.3491182   136.3186687
433.0273839   -1961.728096   134.4119012
432.8785213   -2053.1394482   132.3752701
430.88865   -2048.5713482   133.4726959
430.5807325   -2026.6001225   134.3157738
431.0923638   -2057.1877956   132.1340352
431.9284978   -2044.5275307   133.4509999
432.6100471   -1965.1931524   134.4428658
429.7860088   -1987.9584312   136.5847737
431.5970214   -2008.9979172   136.0683441
430.5125298   -2037.9743576   134.0377033
430.7658794   -2034.1601372   134.0284497
431.5716746   -1951.9839287   136.4925504
430.4095926   -1998.0111122   137.1479332
430.1414462   -1979.1384935   135.6320232
428.0113103   -1983.6331606   136.6939694
431.0261282   -1971.6297388   135.0114644
429.9945357   -1967.7041769   135.6177479
430.6526753   -1937.3985529   140.2540207
431.1435642   -1994.2619801   136.815697
430.5980774   -1975.2327204   135.2801472
430.39189   -2011.752367   135.9678656
429.4119897   -1956.7065239   137.0694339
429.1646602   -2041.6753292   134.34048
430.4523887   -2002.8884411   137.0162517
429.2992624   -2005.892992   137.0842904
426.6717406   -2031.6464901   135.391131
430.7724061   -1959.9943161   135.7858479
430.4438951   -1963.3743763   135.6794238
429.8159453   -1942.0082569   139.8310065
428.1850877   -2054.246664   133.5028112
427.6101562   -2050.3153801   134.2270076
428.6547872   -1946.4579821   139.7097707
427.3569556   -1993.3604002   137.7396137
427.8547587   -2019.964695   135.7659996
428.3076199   -2022.7873325   135.3958845
426.52711   -2046.4019775   134.8451823
428.0931624   -2009.0713501   137.0495409
427.5302263   -1953.2665014   139.0575916
427.2133233   -2012.7460957   136.7753744
427.0773055   -2017.3504353   136.3229752
427.8730424   -1972.2992182   136.5213245
428.3732148   -1961.0228539   137.1116191
426.7545166   -2035.1912975   135.2324039
427.8109046   -1976.8396616   136.4979595
426.5820953   -2026.247263   135.7643306
427.4885925   -2038.8624668   134.8917335
426.9956174   -2002.3572445   137.9192322
428.1121912   -1964.7151232   136.8492991
425.3558489   -1998.6451864   138.3549422
426.5500131   -1979.314208   137.0515078
426.2072863   -1967.8221941   137.6911402
425.4277768   -1985.4297638   137.6692802
425.6041469   -1988.9304638   137.8242821
426.4637502   -1959.1292143   138.650015
424.9211522   -1956.4076662   140.3129101
425.8296313   -2041.2814617   135.2983266
425.5219521   -1962.6305103   138.7423426
424.9626669   -2022.7971077   136.4974827
424.3181767   -2051.0628223   135.0829601
423.9709946   -2055.8717251   134.4571263
426.9403043   -2059.5316887   132.7538937
424.048719   -2006.4723492   138.4009421
424.3503185   -2011.507988   137.7064735
425.2217831   -1981.705308   137.6538277
423.9542755   -1975.1319885   138.366133
424.0062656   -1971.0800648   138.6442482
422.9695173   -2037.6791954   136.257112
423.1213155   -1991.4187193   138.7378126
422.3781946   -1995.6111908   139.1186118
424.0404936   -2015.9189701   137.3327672
423.66187   -2019.8597908   137.1216029
423.7632575   -2002.2714138   138.6749744
423.5270443   -2032.8397751   136.3175362
422.5904318   -2029.1142464   136.8016601
423.2050302   -2025.2075195   136.857599
422.845346   -2044.5747375   136.031419
421.6070297   -2049.7341156   135.9930336
423.6128154   -1960.1950645   140.5219138
423.11686   -1964.9876356   139.9974525
422.1240553   -1968.2222605   140.1631236
420.4182746   -2040.4188633   136.927098
422.3857345   -1979.4772863   138.9368623
422.1605929   -1987.3082638   138.9137059
422.3463508   -1983.2667112   138.8403177
421.2595644   -2000.2167225   139.3072605
421.4224788   -2022.2558975   137.58789
420.9750565   -2010.5707645   138.7674958
421.6758432   -2014.112711   138.2127702
420.4306426   -2054.194212   135.7901245
421.1369427   -2003.664732   139.2438412
418.87894   -2006.7517757   139.6392435
420.4848232   -2018.430233   138.1619424
421.9478192   -2058.7899685   134.4422102
420.5811741   -2033.1449509   137.1882111
419.547719   -2026.2653828   137.8979236
419.1106977   -1990.5465841   139.9614662
418.8333573   -2037.140131   137.4920458
417.1994599   -2043.3204174   137.7329528
417.1867641   -2030.7917595   138.308242
417.6294627   -1998.277545   140.2338445
419.2734333   -1984.880209   140.1670128
418.4189709   -2013.9157772   139.1557455
416.0054597   -2050.3964424   137.5380158
417.1182337   -2021.6920376   138.920173
417.7129986   -2002.4814606   140.0547624
416.9949117   -2010.6935501   139.8042291
417.492983   -2017.3802376   139.1311139
417.1414497   -2056.4382076   136.3621652
415.4446545   -2053.8847446   137.2918934
416.6766676   -2039.4833088   138.0181015
416.2236127   -2035.3219509   138.3446306
413.9742079   -2025.8162022   139.5825595
416.5145131   -2005.207777   140.2826458
414.9016859   -2014.569521   140.1100606
414.0750589   -2047.2552776   138.3425891
413.7554439   -2043.9367294   138.6400908
414.3069061   -2018.2878971   140.0059164
412.7737405   -2032.9141617   139.451012
413.5152819   -2029.614687   139.4476891
414.6468761   -2059.2017174   136.5085244
419.4338741   -2061.2876415   134.5479935
416.3095625   -2061.8803501   135.33023
412.5386449   -2022.7861404   140.2187943
413.4890261   -2040.7943726   138.8499141
413.5137024   -2037.2028351   139.0320659
411.957291   -2050.3001213   138.6520714
410.9469178   -2055.2070141   138.3027881
410.3038879   -2046.2133884   139.4087821
409.4560566   -2041.7993069   139.8635358
410.4975881   -2039.431572   139.7402585
409.4836386   -2036.2255573   140.1744932
408.2621159   -2053.258419   139.2515302
408.6230966   -2049.4601727   139.5725757
406.3911857   -2055.8869839   139.3347085
410.011855   -2061.9084835   137.1530145
407.3557528   -2043.7400341   140.2310282
407.5390669   -2038.6838913   140.5045092
405.0426903   -2051.1710644   140.2120143
405.4448875   -2061.4039898   138.4802312
402.9315683   -2057.9390526   139.7556067
402.5829407   -2053.4734726   140.4595375
399.6528658   -2058.4864616   140.3084248
-96.6207711   -1920.7406044   131.4644814
-97.6788727   -1920.0685024   134.7795278
-98.4514085   -1923.401475   131.3092858
-99.8115269   -1922.1017361   136.6323084
-101.780626   -1925.9793758   134.3676448
-101.6868082   -1923.8678217   138.0486339
-104.0788618   -1925.7565737   140.3761804
-104.3995348   -1927.4463654   137.6278996
-105.0075618   -1929.2976856   135.1267397
-105.2921144   -1930.8493137   132.2057247
-106.9482891   -1933.2060814   130.7595074
-107.3385207   -1930.7363033   137.7120167
-107.1275202   -1931.8168163   134.5573813
-109.4096033   -1932.7726364   138.4625286
-110.165867   -1935.3096485   134.2533231
-110.5844108   -1936.9934797   131.268844
-112.4601094   -1936.7703199   137.4601722
-113.2091013   -1939.3950701   133.2724392
-114.1933528   -1938.0245209   140.2629018
-115.2161685   -1940.5583143   137.3136044
-116.0295335   -1942.7137375   134.8609775
-117.6843373   -1943.808794   138.9282197
-117.6223484   -1946.4645386   132.4503571
-118.8752381   -1947.0492601   136.0745728
-119.8808876   -1950.6076574   132.5061321
-119.8464362   -1947.2037554   140.2576566
-121.1608974   -1950.6899118   138.0819976
-121.8585102   -1953.9916515   133.8917464
-123.0068532   -1953.9496899   140.315786
-123.5429374   -1957.1779966   135.3146881
-124.8582927   -1961.6957903   132.1413815
-125.2178279   -1959.2864513   140.2971745
-124.930772   -1959.9454403   136.7266923
-125.9960262   -1963.2813931   134.815827
-126.7288057   -1966.1812782   132.5738877
-126.6987053   -1963.8038874   137.9999965
-127.7097789   -1966.8402672   136.7559135
-128.2790033   -1967.0761824   140.4966712
-128.7854043   -1970.7649946   134.7958595
-128.7952987   -1973.6322165   130.5630952
-129.3456284   -1970.0614214   139.8064047
-130.5224625   -1976.0586023   135.2455169
-130.3114621   -1973.2992649   138.6933178
-131.5208999   -1980.8120728   134.2130303
-131.5051047   -1976.3230085   140.3153092
-132.0787994   -1979.5509577   138.3250803
-131.7449538   -1986.2135649   130.7568848
-132.2629181   -1990.2855158   130.6510866
-132.2295395   -1984.516263   133.8754147
-132.6348511   -1983.0098152   137.174651
-132.9585043   -1993.7990904   131.8455786
-132.8769056   -1988.0604744   134.1107339
-133.4125129   -1987.7710342   136.6630495
-133.4611503   -1991.677165   134.8776519
-133.4429709   -1984.8769903   139.3040717
-133.7200133   -1998.3985424   133.3529204
-134.0684024   -1995.0475693   135.962829
-133.9145628   -1988.041997   139.1450465
-134.2799989   -1991.8745756   138.6074573
-134.3346564   -2003.326416   134.1948956
-134.4473688   -2006.6103935   132.6555312
-134.5513193   -1998.8267422   137.1686459
-134.8994104   -1995.6636429   139.4387037
-134.9628297   -2010.4820728   132.9816133
-135.145816   -2007.1890354   137.320891
-135.1638762   -2002.5293827   138.8602108
-135.3580681   -1998.9372492   140.4975057
-135.6956092   -2015.4781342   134.2241019
-135.4953972   -2011.6522312   136.8891299
-135.9978644   -2010.3871822   140.364632
-135.9395114   -2019.1297531   130.8369935
-136.1772148   -2014.4181252   139.4596398
-136.5393726   -2021.9247341   135.003835
-136.58801   -2018.7625885   138.9831901
-137.3168556   -2027.484417   134.0384483
-137.2115342   -2022.9940414   139.5577788
-137.3162595   -2025.6328583   137.4325603
-137.7936331   -2026.307106   140.2436197
-138.053867   -2029.4423103   138.2568777
-137.9959909   -2031.2125683   133.8790506
-138.4689537   -2033.5021019   130.9701055
-138.4982196   -2033.2612991   134.1416836
-138.9052001   -2034.0409279   137.0721161
-139.337453   -2036.4239216   133.5676461
-139.7870509   -2037.9366875   130.5841058
-140.0960413   -2038.5274887   136.6423219
-140.3543083   -2039.6308899   133.6038113
-140.9914223   -2040.951252   139.1444206
-141.5993301   -2043.0567265   135.5406791
-141.1935417   -2042.0174599   131.4297318
-142.2326294   -2044.5659161   139.6360695
-142.8924529   -2046.267271   131.808266
-144.1315142   -2049.3941307   136.4870369
-144.6512667   -2050.5924225   132.1260035
-145.5896822   -2053.0529022   139.5723969
-145.8384124   -2053.8277626   135.2658719
-146.0308758   -2054.7590256   130.8933645
-146.9543902   -2057.3444366   138.9241517
-146.9970671   -2058.2351685   133.9772046
-147.8346912   -2061.7601871   137.0660812
426.7923208   -2064.0590191   131.4044446
424.6676984   -2066.1127567   131.30714
422.4018278   -2062.7515316   133.2191974
421.5066703   -2067.8927898   131.5737069
418.7426838   -2071.0549355   131.0233921
417.610121   -2064.7597313   134.0233386
418.157843   -2068.1796074   132.5160563
415.285525   -2072.906971   131.2455982
413.9256301   -2068.1040287   133.9023262
413.015497   -2063.6253357   135.7707828
412.4861332   -2071.0787773   133.0713779
411.5859541   -2073.7404823   132.0646703
410.9133752   -2068.3221817   134.7249746
407.9485359   -2076.0769844   132.0967376
410.046679   -2065.4819012   136.0402256
409.1218235   -2071.1286068   134.1099739
408.4084006   -2073.7555027   133.1214905
406.7274603   -2068.1064129   136.0796392
406.5006646   -2064.5987988   137.3295337
404.5131775   -2071.7258453   135.3098005
403.5015377   -2065.0241375   137.9798353
401.4460864   -2067.5756931   137.7197057
404.5444401   -2077.0363808   132.7765435
403.8645151   -2081.0484886   130.7667196
401.8954309   -2074.5403767   134.8817796
400.67063   -2079.3597698   132.9186708
400.0628414   -2063.1082058   139.3129826
400.0828984   -2082.2587013   131.5343529
400.7021757   -2071.1395741   136.6402358
397.7445038   -2073.7299919   136.4947408
398.3955058   -2077.2423744   134.7732991
397.8827717   -2070.3632832   137.7011389
397.9070308   -2066.8210983   138.8045996
396.7652889   -2085.9973431   130.645439
396.2089839   -2082.3464394   132.9730451
394.6209075   -2063.9736652   140.19835
394.7879197   -2076.1294365   136.4092976
392.4181285   -2080.6293488   135.2232546
392.721993   -2067.6245689   139.7310346
394.8526951   -2071.6686249   138.0595863
391.8505134   -2088.9308453   130.9965998
391.4098712   -2085.6158733   133.0813915
391.7618217   -2075.3724575   137.5976801
391.0160931   -2071.972847   138.9254481
388.4691866   -2081.662178   136.146456
389.506233   -2091.3128853   130.6145787
388.0805495   -2087.5914097   133.3797276
387.7186301   -2077.6998997   137.9395574
387.2694197   -2073.5216141   139.3904537
388.1033482   -2068.2857037   140.5219883
388.5752382   -2084.8753452   134.5711052
385.7630762   -2090.3501511   132.8412592
383.3848061   -2094.0158367   131.8025589
386.3274129   -2083.6658478   135.9986514
384.3193027   -2073.745966   140.0750279
382.4125352   -2087.9151821   135.5148107
384.9686655   -2080.0013542   137.9530281
382.9942169   -2078.2513618   139.151752
381.4198347   -2081.6934109   138.478145
381.5460774   -2085.0944519   137.1067017
380.1331642   -2091.6571617   134.5622838
381.7216428   -2097.2411633   130.5784434
380.0895336   -2076.5683651   140.4570341
378.5380843   -2079.9560547   139.9601847
379.8115375   -2094.6333408   133.0492646
377.4322095   -2098.7429619   131.7135245
378.2259645   -2083.8427544   138.7651414
378.5951855   -2087.7737999   137.0557696
377.0362707   -2093.8973427   134.6936971
377.5264295   -2091.1030769   135.927543
372.9222687   -2087.3553753   139.336735
374.9734285   -2082.1866989   140.3794438
375.3735843   -2101.5541553   130.9170872
372.9355308   -2092.3037529   137.2194737
374.1892847   -2096.38381   134.6074343
372.1488538   -2100.107193   133.4082633
373.0120482   -2103.4784317   130.8543235
369.4196465   -2093.6207771   138.0500942
369.3152788   -2097.7740288   136.0443681
367.5881746   -2091.6175842   139.6319717
370.1928826   -2103.7693024   132.1245283
367.5037744   -2106.0986519   132.0670992
368.0395307   -2101.6805172   134.4787627
365.890977   -2096.6520309   138.1340176
365.1595535   -2099.9252796   136.8175298
364.7278371   -2109.505415   131.3940585
363.3398386   -2102.653265   136.2289339
362.5203492   -2108.4239483   133.3535612
361.0918047   -2105.1280499   136.0218823
362.5765415   -2095.6063271   140.0055289
361.5423115   -2112.6377583   131.2451363
360.606608   -2099.79105   138.9846653
358.9290204   -2108.0152988   135.586977
357.3504957   -2114.8142815   132.4553937
357.3610159   -2104.0949821   138.4509057
355.5928739   -2112.7133369   134.8265558
355.3636792   -2109.3020439   136.8137002
354.9424382   -2105.6878567   138.8537139
353.6495688   -2115.0810719   134.6660852
353.0419888   -2118.5567379   132.8706294
351.6465696   -2107.9673767   139.449209
350.2608212   -2112.8630638   137.8552914
350.343463   -2122.3750114   132.1859956
350.8523526   -2116.404295   135.6216818
348.2214036   -2120.8748817   134.7327828
348.3988019   -2110.6545925   139.9221718
347.8684845   -2117.8388596   136.7257982
346.328673   -2115.2327061   138.9417946
347.3406705   -2127.4249554   130.7959408
345.0378748   -2124.6914864   134.6509457
345.6385853   -2119.7435856   137.1415257
344.429222   -2129.0211678   132.054165
342.2721001   -2123.4023571   137.4437213
341.7576226   -2132.838726   131.3920766
340.4242965   -2129.2338371   135.2659613
339.1292962   -2126.6462803   137.8961504
339.349893   -2136.1865997   130.8391392
338.8259979   -2132.6937675   134.1684312
336.7606672   -2130.4469109   137.435317
336.6968306   -2136.8844509   132.819742
336.2287255   -2127.1750927   139.7545487
335.6205793   -2140.0399208   131.1078519
335.4785415   -2133.430481   136.5418136
334.9739286   -2136.0239983   135.1351589
332.1052464   -2143.8653469   131.220147
333.5798951   -2132.0385933   138.9878988
332.4789675   -2139.2934322   134.8950863
333.2467648   -2141.3738728   132.360965
332.1664902   -2135.7812881   137.7805322
330.3006562   -2142.6529884   134.2360675
329.857138   -2137.6903057   138.4818852
327.9902907   -2141.7849064   137.1915787
329.142985   -2146.3835239   131.9717169
327.2465142   -2149.532795   130.8139116
327.580628   -2145.6906796   134.3171448
327.4478587   -2137.7234459   140.5098885
324.8947533   -2145.6050873   137.1351331
324.500856   -2142.3876286   139.9698257
323.884395   -2149.361372   134.7676814
321.7703374   -2153.9988518   132.0997775
321.9953748   -2144.8817253   140.443787
320.9708007   -2148.7543583   138.3469254
321.3663074   -2152.0316601   134.7771287
318.5726675   -2149.2762566   140.311718
318.8057216   -2157.5994492   131.1570704
317.4478384   -2155.620575   135.2239251
317.3713358   -2152.9967785   138.1605715
315.6391355   -2158.3249569   134.068653
313.9552148   -2162.2962952   130.5447817
313.0161437   -2157.0370197   138.7240291
313.2405552   -2159.662962   135.2780312
310.948846   -2163.1803513   133.2563013
308.9754554   -2162.7495289   136.5019977
308.4128173   -2166.4488316   131.411925
307.3625239   -2165.6579971   134.3048364
306.3435229   -2162.5034809   140.1782185
305.7452711   -2165.3068066   137.1085942
305.4061206   -2169.1966057   130.7702512
302.9091331   -2169.1260338   134.8054111
303.1536611   -2165.3738022   140.4157579
300.9993108   -2168.6849594   138.3836269
300.9343716   -2171.9410419   132.1220249
299.1964789   -2171.8070507   135.2310479
297.8918525   -2170.6955433   139.3588483
297.5356253   -2174.4537354   131.720528
294.8400947   -2173.9275455   137.6339495
293.1952747   -2176.6254902   133.3612353
289.9101945   -2177.8321266   135.8665675
289.482263   -2176.9282818   139.3367052
285.7007953   -2179.6109676   138.3403689
286.0579761   -2180.2608967   134.9789202
281.7588421   -2182.5399399   134.870857
282.5471731   -2182.4944019   132.2449297
278.2801064   -2183.9704514   136.6011798
279.2477878   -2184.0517521   131.7166537
274.227974   -2186.0539913   133.1808269
274.7805091   -2185.4875088   137.1982545
272.1448513   -2186.3911152   140.3155625
272.0760079   -2186.7156029   136.594221
269.7555097   -2187.7288818   131.7149103
268.5619565   -2188.0946159   137.9051208
264.6467658   -2189.5308495   135.5468631
266.0986158   -2188.9488697   132.8320503
265.00797   -2189.4659996   138.3302212
263.5837766   -2189.655304   130.6520402
260.3154453   -2191.1165714   139.979735
259.6569332   -2190.9821033   134.1655552
256.1855885   -2192.191124   137.2451782
255.9522959   -2191.716671   131.2853247
254.9869391   -2192.2428608   134.3283653
251.8198463   -2193.6011314   140.0537938
252.147046   -2193.2313442   137.1493936
250.9373995   -2192.9440498   131.701231
248.5699626   -2194.3323612   139.3187642
246.8341263   -2194.2911148   135.6089115
247.4270435   -2193.7189102   131.3708127
243.7833222   -2195.3527927   138.8860047
242.5881299   -2194.9567795   133.4312707
241.0304817   -2195.8088875   137.8611475
238.0520674   -2195.9836483   134.2283487
235.8667227   -2197.0877647   139.3942833
234.0601059   -2196.4731216   131.7583323
234.4555231   -2196.8762875   135.5389059
229.7707769   -2198.1306076   138.2231414
229.6200665   -2197.606802   134.1197789
228.0251654   -2197.5626945   130.7235956
225.3016206   -2199.195385   139.7749484
226.8505367   -2198.3075142   135.5541795
224.5968255   -2198.3289719   131.8652779
219.7583588   -2199.4674206   134.0283453
220.8420011   -2199.0213394   131.087184
-62.1390668   -2197.5610256   139.2262429
-59.5485298   -2198.7307072   135.0417435
-58.1395356   -2199.1405487   139.0427351
-55.8107821   -2200.12784   137.351051
-56.4653603   -2200.016737   133.1466287
-63.5066954   -2197.2074509   134.0247244
-67.1480624   -2195.6503391   137.2851729
-68.3802096   -2195.3732967   132.8734905
-71.2582795   -2194.0574646   137.10697
-72.3150698   -2193.826437   133.52108
-74.6420947   -2192.7316189   136.7964745
-77.7716962   -2191.7686462   133.8307709
-77.9453842   -2191.3659573   138.7271136
-80.9260932   -2190.5605793   134.0908706
-82.5291006   -2189.5709038   138.2222623
-84.3022791   -2189.4624233   131.0667992
-84.5206705   -2189.0954971   134.0040863
-86.4693848   -2187.7510548   139.3715143
-87.858173   -2187.8204346   131.3323081
-88.8170329   -2186.9909763   135.298416
-90.7786814   -2185.6949329   138.892442
-93.3646885   -2184.8349571   131.1891824
-93.2575194   -2184.535265   136.1514926
-93.4967128   -2184.1723919   139.9824172
-96.5706436   -2182.4941635   134.8641962
-96.2516395   -2182.5995445   137.7572417
-98.8451568   -2180.9279919   131.8579614
-99.3326036   -2180.4141998   135.6873661
-99.9933807   -2179.8708439   139.8044825
-102.8709737   -2177.4013042   136.7164999
-102.8125016   -2177.3395538   130.9592277
-104.3436853   -2176.0923862   140.4222399
-105.3866474   -2174.7891903   133.3890557
-106.1361162   -2174.1232872   136.8291378
-107.2622863   -2172.9986668   140.2704716
-108.5711447   -2171.202898   134.8603964
-108.6711017   -2170.8328724   130.9946179
-108.9189974   -2170.987606   139.0075684
-110.4773609   -2168.6623096   133.1843883
-111.6234986   -2167.2458649   135.1933181
-111.7256609   -2167.3717499   138.3743584
-112.2433273   -2166.0633087   131.7574531
-114.2613021   -2162.9772186   131.1683357
-114.7433249   -2162.8198624   137.768954
-115.4542295   -2161.2632275   133.1769526
-117.1205965   -2158.8644981   138.1234527
-117.2297923   -2158.1809521   133.0325156
-118.7562672   -2155.1873684   130.6376904
-119.667205   -2154.1087627   139.6922618
-119.1031662   -2154.784441   135.0735426
-120.6133095   -2151.5173912   132.5553358
-121.7444865   -2149.0178108   135.2537572
-123.4627692   -2145.1756954   138.7064457
-123.3974425   -2144.9480057   135.3848577
-124.743971   -2141.1378384   130.7476461
-126.0013906   -2138.6573315   139.9959177
-125.1971451   -2139.936924   134.4688684
-125.9808866   -2137.4697685   132.825613
-126.3895956   -2136.644125   136.3738328
-127.3236004   -2133.4967613   135.3110671
-127.120289   -2133.7897778   132.1505904
-127.716097   -2133.906126   140.0136948
-128.280851   -2130.0582886   133.2913935
-129.6686856   -2128.0553341   139.3269598
-128.7603108   -2127.7413368   131.0211122
-129.7728149   -2125.664711   134.8462552
-130.5837957   -2121.6640472   132.1989
-130.3298203   -2125.2613068   137.3200417
-131.434354   -2122.636795   137.9044354
-131.4886538   -2120.6057072   135.068208
-132.025036   -2117.0911789   132.3407441
-132.644209   -2119.9803352   138.472572
-133.670005   -2116.7612076   137.4241412
-133.1189004   -2114.2356396   132.5533539
-134.3014566   -2109.7011566   130.5992454
-135.0878803   -2112.5979424   135.9879225
-135.8624426   -2113.8355732   139.3597871
-136.3138286   -2105.4422855   130.666092
-136.3199679   -2108.4487438   134.1988891
-137.1525256   -2110.5563641   138.5650337
-138.2055608   -2105.246067   134.8520666
-138.957533   -2101.6066074   132.3537529
-139.187905   -2106.4581871   138.2994652
-140.4033033   -2103.063345   137.2204274
-141.0696832   -2097.3775387   132.3391199
-141.2211982   -2100.4257202   136.0842288
-142.6089136   -2101.7944813   140.493229
-142.9668991   -2093.5952663   132.6773316
-142.6303712   -2097.3434448   136.0451877
-144.8320476   -2091.750145   136.0834837
-144.6765987   -2094.6042538   138.4678483
-144.7453228   -2089.7891521   133.8060498
-145.3891126   -2087.379694   133.6781532
-146.0702745   -2091.8464661   139.8987174
-146.0616318   -2084.3942165   133.4737241
-146.6057626   -2087.8789425   138.5721266
-146.6479627   -2085.9291553   137.0921433
-146.6342536   -2079.3924332   131.7195445
-147.3628608   -2081.5219879   137.0795071
-147.2373334   -2076.073885   132.47177
-148.019406   -2076.5535831   137.4918669
-147.4458305   -2072.5681782   131.2667578
-147.6466981   -2062.4349117   132.5890422
-147.9735104   -2070.8329678   134.288162
-147.806975   -2068.7470436   131.8070292
-148.1718151   -2066.4870739   135.4801804
-148.5276548   -2066.9577122   139.0888244
-148.6517517   -2071.4297295   139.8573965
217.4079987   -2200.1452446   136.2685412
215.9387144   -2200.8223534   139.1180307
213.0559357   -2200.8209229   134.9556744
213.8264748   -2201.3452053   140.0507838
210.6369706   -2201.6353607   138.3227408
209.1949853   -2201.4958858   131.851837
207.6008888   -2202.0478249   136.7008537
205.0104114   -2202.4052143   134.4102919
204.8964175   -2202.4569511   131.0884506
203.6610516   -2202.8615475   137.7435327
201.9686969   -2202.978611   132.6365918
202.0279738   -2203.4528255   140.3044462
199.3866833   -2203.7050724   138.7954652
197.1280845   -2203.9599419   133.9480132
195.7771453   -2204.315424   137.7789527
193.3483752   -2204.8749924   132.0307851
193.5734423   -2204.6539783   135.86317
193.1127878   -2204.9541473   139.4932121
189.581153   -2205.4922581   134.826839
190.2366849   -2205.3747177   137.5460774
188.9024349   -2205.8877945   132.1233809
185.9725984   -2206.2859535   137.7500594
185.4336532   -2206.4599991   134.6310377
185.3418919   -2206.8424225   131.442368
182.2678419   -2207.1683407   135.6272101
180.0557943   -2207.6208591   138.0400956
182.5835379   -2207.4129581   132.3340982
179.240373   -2208.0891132   133.8195503
177.3766848   -2208.3568573   139.8427933
175.1871081   -2209.3598843   132.6463372
176.7718466   -2208.545208   135.7288212
174.4178208   -2209.0890408   139.9049312
172.2651394   -2209.6941471   136.6714984
170.8043786   -2210.7853889   131.5383613
169.7571548   -2210.2603912   139.7492737
168.9080568   -2210.6137276   136.1489296
166.1702367   -2211.5306854   134.7773373
165.6941446   -2211.370945   138.0617917
163.4598645   -2212.5480175   132.7506453
162.9120978   -2212.3630047   135.2148354
162.4208959   -2212.168932   139.6645755
160.3549095   -2213.4816647   131.9736987
159.3254777   -2213.0041122   138.6798024
157.1425768   -2213.758707   136.1945868
157.2076949   -2214.1928673   132.4529648
155.0373407   -2214.2050266   136.2546682
154.1580232   -2214.9429321   132.0836991
152.9868218   -2214.4892216   139.9177611
151.9447239   -2214.9848938   135.6700808
150.2409848   -2215.6703472   132.8101605
150.4435512   -2215.0902748   138.3495033
147.654471   -2215.7657146   136.9744986
146.4584144   -2216.2203789   134.3563199
143.6661156   -2216.3405418   138.8728321
144.3400057   -2216.6881561   133.2583427
140.6766745   -2216.8133259   138.3865625
140.3805884   -2217.4687386   131.7738593
138.9906081   -2217.3812389   134.4412714
137.8839584   -2217.2403336   138.0990893
137.2764083   -2218.0178165   130.9521645
134.6203955   -2217.700243   136.9858831
133.7015601   -2218.3499336   132.0429593
132.0669921   -2217.6494598   140.4646188
131.3036951   -2218.0969715   136.3487244
130.3015026   -2218.449831   134.0821534
128.8604411   -2217.9222107   139.6771669
127.0258697   -2218.4484005   136.2356395
124.2031726   -2219.281435   132.1338713
122.1235963   -2218.2555199   138.825193
121.3808926   -2218.7683582   135.8947605
120.5238076   -2219.6011543   131.7775249
118.411419   -2219.142437   134.3351901
116.1468001   -2219.9816704   131.1078817
115.3821918   -2218.9455032   135.5071366
114.7959503   -2218.1997299   138.8020664
110.5489107   -2217.8611755   139.7191882
110.6134029   -2219.6717262   132.8335851
109.6875938   -2218.3597088   137.634635
105.5603894   -2220.2255726   131.2552541
107.645181   -2218.957901   135.3864074
106.8341704   -2218.1611061   138.1154507
102.346954   -2217.8092003   139.486894
104.284552   -2219.1543579   134.6812397
101.6857298   -2219.9733257   132.4481517
101.1247905   -2218.8227177   135.9856427
95.4800817   -2219.3598747   135.0025088
97.9633602   -2220.5078602   131.2199682
97.0135006   -2218.1656361   138.8837099
93.8657495   -2220.8082676   130.8489591
93.5312482   -2220.0512886   133.2316101
91.2014516   -2218.5513973   139.0284002
88.9598402   -2219.9845314   134.6030384
87.2202786   -2218.973875   138.9944404
86.0122713   -2221.2944031   130.9060603
85.9483155   -2220.4589844   133.7778568
83.5792693   -2219.3601131   139.1009837
80.0599726   -2221.7726707   130.6654662
80.9312733   -2220.4813957   135.4586035
77.1286162   -2221.5795517   132.2353631
75.7615837   -2220.6630707   136.9406283
73.3623775   -2221.9715118   131.7629367
70.8655389   -2221.2076187   136.2400353
68.9195069   -2222.2390175   131.7379326
67.7230033   -2221.1298943   137.8389448
66.2843259   -2221.7490673   134.8015964
65.2547749   -2222.6212025   130.7739019
63.957003   -2221.3068008   137.9254609
62.8196272   -2222.2759724   132.767275
59.938279   -2221.8563557   135.2095604
58.5916909   -2221.2338448   139.1032487
57.7289137   -2222.0594883   134.1182739
56.8673285   -2222.6438522   131.0295463
53.5743507   -2221.3892937   137.4916732
55.2540692   -2221.0528851   140.1057243
53.4854802   -2222.0230103   133.8003278
48.7688454   -2221.2231159   136.7684305
46.0433038   -2221.9979763   131.0400665
45.1181205   -2220.7074165   138.1664276
44.3041595   -2221.2600708   134.0413094
41.1269935   -2221.1208344   133.0012828
41.0809191   -2220.4756737   136.9972676
36.9079383   -2219.7217941   140.1450187
38.099018   -2220.4380035   135.2576166
38.1984981   -2221.0392952   131.7740679
35.6696519   -2220.5064297   133.4510744
35.0953611   -2220.9830284   130.5585504
34.3892249   -2219.9313641   136.3514364
31.758097   -2219.2950249   140.382573
32.5954827   -2220.2768326   133.1474185
30.4608615   -2219.7859287   135.2810264
28.2913121   -2220.1805115   131.9295466
28.3444794   -2219.3162441   137.7512813
27.4548801   -2219.7432518   134.3103945
24.4483622   -2219.1829681   137.4017
23.4230431   -2219.8939323   132.2112679
22.4014791   -2218.90378   139.7589445
20.1450857   -2219.2370892   135.590449
19.9728879   -2219.7155952   132.3686838
15.5744823   -2219.3317413   133.760795
15.4205235   -2218.747139   139.627859
13.8542923   -2219.0270424   135.4579329
12.1789249   -2219.3098068   132.3542744
12.5233801   -2218.7883854   137.4692619
8.8820728   -2218.5668945   137.4665797
7.1783932   -2218.667984   134.1056377
2.9303106   -2217.8676128   139.6677345
3.3864649   -2218.0476189   136.5911663
4.0283474   -2218.364954   133.2809776
0.3917488   -2217.8227901   132.7049136
-0.9256331   -2217.3278332   137.5308335
-2.4844138   -2217.1096802   135.5994046
-4.2088357   -2216.9747353   131.5914989
-4.3040244   -2216.6306973   138.5323703
-5.8964816   -2216.5365219   133.2549304
-6.9674579   -2216.1839008   135.3767067
-8.3411662   -2215.7201767   139.0317231
-11.3767115   -2215.2516842   132.4259937
-11.7081133   -2215.0149345   135.8959675
-12.5746457   -2214.6773338   138.8421506
-16.5611235   -2213.72962   136.0208243
-15.4530136   -2214.2882347   130.6605637
-18.5912577   -2213.3300304   132.8793615
-18.9318983   -2212.978363   138.173148
-20.4154579   -2212.4779224   140.1266903
-21.5825168   -2212.4123573   134.1498345
-22.6078359   -2211.9517326   137.4161839
-24.1735307   -2211.3771439   140.016064
-23.8324133   -2211.9812965   130.5892915
-25.6977407   -2211.2598419   133.1704706
-27.319285   -2210.542202   136.8704438
-30.3187696   -2209.9456787   131.1065257
-31.0951201   -2209.5298767   133.4008723
-30.9537975   -2209.3007565   138.3592039
-35.2399675   -2208.0283165   135.1118386
-35.1375071   -2208.3308697   131.1339438
-37.4464718   -2207.0701122   138.6357844
-37.8764001   -2207.1805   133.6870044
-41.7260853   -2205.6508064   136.0552907
-39.6151272   -2206.2520981   139.555335
-42.8426591   -2205.4605484   132.080242
-44.162604   -2204.6685219   137.6090497
-45.2024666   -2204.4119835   134.6336007
-45.2317325   -2204.1528225   140.3104216
-47.7072922   -2203.5894394   131.83631
-47.1995202   -2203.5455704   136.8547082
-50.6669012   -2202.3115158   133.6633116
-53.0196754   -2201.284647   136.0298097
-54.3886153   -2200.6061077   140.2060091
-53.3063141   -2201.3177872   132.4676573
