-1026.738855   -2670.8219051   -1012.3614073
-1024.8895613   -2665.9357548   -1011.4803314
-1027.8691975   -2667.5288677   -1009.8696947
-1031.3509432   -2695.7218647   -999.6756911
-1029.4481245   -2648.588419   -1063.5663271
-1025.6786076   -2652.371645   -1065.8094883
-1030.0478665   -2652.5845528   -1064.5250082
-1025.4777399   -2649.0354538   -1065.2849674
-1021.8492476   -2402.5638103   -931.1403632
-1023.16806   -2379.8029423   -882.3938966
-1023.329827   -2385.434866   -897.5155354
-1021.7561451   -2459.0861797   -969.9596763
-1023.3484236   -2383.0010891   -891.6471601
-1024.9175755   -2378.5619736   -876.4857054
-1022.3699538   -2438.6730194   -966.0320282
-1021.9076601   -2451.3173103   -969.5683718
-1022.0592944   -2480.6585312   -965.5845761
-1023.1332508   -2468.3535099   -968.6535597
-1023.6388174   -2374.4630814   -861.9548678
-1022.6963488   -2375.6093979   -868.753314
-1022.3701922   -2397.2530365   -919.6594954
-1022.2843615   -2372.8952408   -855.0307751
-1024.3204562   -2401.2107849   -925.6055355
-1022.645208   -2447.2408295   -968.5676694
-1022.6109949   -2463.3455276   -969.4494009
-1021.7681853   -2404.6959877   -935.35918
-1022.3107067   -2420.8655357   -954.6932578
-1023.9019123   -2407.4730873   -937.7647042
-1024.0295855   -2476.8309593   -966.3847685
-1023.1168   -2395.5929279   -916.2530303
-1023.0172602   -2417.5648689   -951.0617852
-1023.4406916   -2414.4713879   -947.4835992
-1024.7307745   -2429.817915   -959.2442513
-1024.7394768   -2387.6976967   -901.540935
-1025.9060589   -2377.7289391   -872.2615838
-1025.3226487   -2444.0946579   -966.3106203
-1024.0926472   -2411.9830132   -943.9361095
-1027.6778666   -2392.5623894   -909.004271
-1023.8419501   -2389.5773888   -905.6354761
-1025.3989426   -2455.2404881   -968.4436321
-1028.8589922   -2395.6029415   -913.1378531
-1025.339934   -2425.0051975   -955.2070498
-1024.4250027   -2381.3281059   -886.0248923
-1026.1553255   -2472.5835323   -966.894865
-1025.9753195   -2435.6822968   -961.9446993
-1024.9331919   -2410.2320671   -940.7737255
-1026.004645   -2460.3540897   -968.3915973
-1024.6653286   -2405.5542946   -933.7439537
-1027.7620284   -2405.2150249   -929.5749664
-1026.7256228   -2449.3408203   -966.9157267
-1026.6980854   -2480.2718163   -964.5202756
-1024.3048397   -2483.342886   -963.9399052
-1025.953385   -2421.2441444   -951.5451193
-1026.6552893   -2440.1891232   -963.8548493
-1026.2576071   -2397.7413177   -917.715013
-1027.039024   -2400.0463486   -920.9981561
-1026.9238678   -2464.5411968   -967.8732753
-1027.73163   -2376.6441345   -864.5709157
-1026.7239539   -2417.8116322   -947.6292729
-1028.6969868   -2468.5146809   -966.8515325
-1028.257939   -2381.1597824   -882.109642
-1026.3745514   -2379.7540665   -878.9846897
-1027.4731842   -2384.33671   -892.4318552
-1027.5811879   -2386.3990307   -897.4802494
-1029.4847218   -2383.4047318   -888.5212541
-1026.1325566   -2414.6561623   -944.9537396
-1028.6148516   -2376.4612675   -861.643374
-1028.1909434   -2375.6542206   -856.9492698
-1028.2432763   -2389.7693157   -903.8089514
-1027.7361599   -2408.17523   -934.6581697
-1027.0560709   -2410.1302624   -938.308537
-1028.9393393   -2476.1476517   -965.1793838
-1027.6282755   -2413.009882   -941.4445758
-1030.3791491   -2403.3458233   -923.6325622
-1028.8943974   -2429.1124344   -954.8776746
-1030.1619498   -2433.6657524   -957.0912123
-1029.1576115   -2379.4708252   -874.9600649
-1029.3760029   -2443.4864521   -963.567555
-1028.4493891   -2446.2938309   -965.2207494
-1029.0282694   -2425.0619411   -951.5826702
-1029.9823014   -2458.0338001   -966.6687846
-1030.7285515   -2453.2530308   -965.706408
-1030.342075   -2378.3855438   -868.7560558
-1028.9429156   -2421.4680195   -948.7329125
-1029.872152   -2439.1171932   -960.929811
-1029.5368163   -2461.7671967   -967.0102
-1028.5311667   -2416.187048   -944.0752268
-1031.0400454   -2472.1572399   -965.456903
-1030.0128189   -2399.9559879   -918.6776876
-1028.9261071   -2484.8458767   -962.0804191
-1030.5700032   -2419.4383621   -945.132792
-1031.3362805   -2464.8592472   -966.2410617
-1030.8092562   -2412.0607376   -936.6755486
-1030.7697979   -2384.8659992   -891.9126391
-1031.3571421   -2416.257143   -940.9921169
-1030.8901993   -2391.3908005   -905.6562781
-1031.2270848   -2393.0060863   -908.1588387
-1031.2815634   -2431.7190647   -954.5027018
-1021.8682019   -2353.0831337   -770.9232569
-1022.3972527   -2346.5013504   -729.6183109
-1022.2974745   -2348.4258652   -718.3689475
-1022.5332705   -2368.7574863   -809.9594116
-1024.4825808   -2371.155262   -816.1367774
-1023.3214823   -2372.543335   -827.7971745
-1021.8788115   -2372.2238541   -831.3183188
-1023.2087103   -2367.0427799   -804.5405746
-1023.6882893   -2372.8806973   -833.3067894
-1024.6125189   -2372.4679947   -822.728157
-1022.0610825   -2358.6466312   -786.4396572
-1023.0096308   -2360.5239391   -789.8567319
-1023.0444399   -2362.1308804   -793.4082747
-1022.7050511   -2355.5204868   -777.3752213
-1023.6304728   -2355.057478   -774.5470405
-1023.8287178   -2373.1248379   -846.3194966
-1023.127052   -2347.6452827   -724.7143984
-1025.6703822   -2364.7656441   -796.461761
-1024.937245   -2348.8640785   -747.1767068
-1023.6435858   -2348.9899635   -752.2298694
-1023.6730305   -2356.9936752   -780.199945
-1024.0688054   -2358.4005833   -783.465147
-1022.8455988   -2348.0403423   -721.5274572
-1023.8826004   -2349.7285843   -755.0215125
-1025.9712664   -2351.9589901   -759.2765093
-1023.7550465   -2350.8212566   -715.2093053
-1025.6849257   -2354.5701504   -711.2731934
-1023.9479271   -2347.6324081   -742.0149446
-1023.3242241   -2346.9593525   -737.7856374
-1026.353213   -2367.1472073   -801.451087
-1024.9037472   -2348.0205536   -734.1650724
-1026.7287222   -2373.9671707   -835.92242
-1027.094814   -2374.3078709   -841.4654732
-1025.9902207   -2354.2695045   -767.6618695
-1025.8292881   -2353.0879021   -763.7532353
-1024.8987404   -2373.6960888   -850.2877951
-1026.5711275   -2355.7868004   -771.8162537
-1026.4807669   -2360.7792854   -786.2484455
-1027.6161162   -2375.0476837   -852.7901173
-1024.8447386   -2350.7072926   -718.1797028
-1027.62458   -2350.6550789   -728.5511494
-1029.1031329   -2370.9349632   -809.4473481
-1026.4615742   -2357.1515083   -776.4071822
-1025.5681006   -2350.2879143   -721.6447592
-1027.4563757   -2363.421917   -791.2559509
-1027.8228251   -2374.1774559   -831.4025402
-1028.6570517   -2374.0265369   -826.0220885
-1025.7076947   -2348.5987186   -738.4043932
-1028.1425444   -2351.7787457   -752.8212667
-1027.7409283   -2359.4791889   -781.0550928
-1027.5931088   -2353.4674644   -717.5537348
-1029.1369883   -2375.3497601   -847.2616673
-1027.6121823   -2350.0566483   -742.0400381
-1028.9782015   -2373.4068871   -820.6650019
-1030.690643   -2373.6317158   -818.2755709
-1028.5122124   -2350.5992889   -736.0196114
-1029.8303095   -2351.9103527   -746.3695407
-1030.0639597   -2367.9189682   -798.9315391
-1029.8627345   -2353.758812   -722.8044868
-1030.1658837   -2366.2748337   -794.5712209
-1030.4721323   -2357.7666283   -714.3796086
-1029.2237727   -2359.6673012   -709.2807293
-1025.6328312   -2357.7017784   -706.5132856
-1029.7978846   -2355.4298878   -764.1013265
-1028.9964405   -2356.3094139   -768.9933181
-1029.9882618   -2358.0386639   -772.9316354
-1030.1948515   -2359.4734669   -776.8215537
-1030.3858248   -2363.5089397   -787.4632478
-1030.3089348   -2362.0929718   -783.9529514
-1030.7540623   -2375.6079674   -841.0434127
-1030.8620659   -2370.0034618   -803.8902283
-1031.2121836   -2375.2067089   -830.3661942
-1030.5049149   -2376.3713837   -854.2532921
-1031.6095082   -2364.0327454   -707.3267698
-1021.9912259   -2473.5743999   -688.8430715
-1021.7065541   -2380.9196949   -689.6088719
-1021.7247931   -2456.3455582   -678.0552864
-1022.6103989   -2467.8454399   -684.6550107
-1024.9588219   -2444.4639683   -678.0898571
-1023.7438408   -2462.0461464   -681.9109321
-1023.46656   -2433.9678288   -677.6747108
-1021.7199055   -2409.8291397   -682.0227504
-1023.5590664   -2358.7043285   -702.4443746
-1022.8551356   -2390.4373646   -688.0844831
-1023.0571953   -2385.1287365   -689.48102
-1023.6595599   -2363.6140823   -698.2936263
-1023.9939419   -2416.0423279   -681.9037795
-1023.9515034   -2373.7659454   -693.2761073
-1024.4726864   -2477.1947861   -694.050312
-1026.2987343   -2368.8166142   -697.5528598
-1024.0473477   -2439.139843   -677.5763035
-1024.4879452   -2480.0915718   -698.6253858
-1024.8251883   -2427.71101   -679.6438098
-1023.0622021   -2419.2039967   -680.2917719
-1026.9846646   -2421.6508865   -682.6460958
-1025.1010386   -2395.7836628   -688.380003
-1026.4163939   -2451.4622688   -680.0251007
-1025.5448548   -2408.2167149   -685.4141951
-1028.3113448   -2402.1730423   -689.0547872
-1026.1482922   -2382.3771477   -692.2773719
-1026.7680613   -2411.8800163   -685.3550673
-1028.5520283   -2457.0193291   -682.9428673
-1026.859614   -2469.4123268   -688.5353327
-1028.2625882   -2473.1221199   -692.563951
-1028.3342329   -2464.5996094   -686.308682
-1025.2827135   -2387.2785568   -690.5347705
-1026.3102976   -2391.0589218   -690.4456615
-1027.4767605   -2438.6737347   -679.9752712
-1028.2677142   -2433.5024357   -681.0674667
-1027.7151791   -2362.0729446   -704.2921185
-1028.2993046   -2365.5090332   -701.8622756
-1027.8308121   -2461.1001015   -684.1474175
-1029.6990601   -2378.9508343   -695.8259344
-1029.004666   -2373.6555576   -697.4230409
-1028.5588232   -2416.9566631   -685.2306128
-1030.1980702   -2476.9194126   -697.7919936
-1028.4838406   -2480.0715446   -701.690793
-1023.2329098   -2482.6459885   -704.2157054
-1028.2721249   -2427.1047115   -682.2535992
-1031.1698643   -2448.2653141   -682.8708649
-1030.5064646   -2442.8651333   -681.9581389
-1030.4649798   -2394.6990967   -692.4747825
-1028.6380974   -2387.5110149   -692.8019524
-1029.2222229   -2408.2074165   -688.1526709
-1030.5201737   -2383.9590549   -694.9437857
-1031.6034285   -2369.4498539   -702.3900747
-1029.9451081   -2452.5444508   -682.6997995
-1031.3977925   -2412.6384258   -688.6727214
-1030.5375782   -2460.7608318   -685.8201623
-1026.9808499   -2482.7580452   -707.6669335
-1031.2003819   -2482.7554226   -710.2654576
-1022.6239888   -2514.7812366   -943.316102
-1022.321078   -2553.3082485   -902.0892382
-1022.3993985   -2503.2424927   -951.9613385
-1022.9289261   -2555.6561947   -892.6655054
-1022.477719   -2551.3465405   -906.6926241
-1022.7002827   -2549.4456291   -910.1540446
-1023.2684342   -2496.9732761   -956.2677145
-1022.2875801   -2536.2238884   -925.47369
-1023.7133232   -2532.7908993   -928.5153747
-1023.2363669   -2520.3061104   -938.9179349
-1024.9258009   -2508.7559223   -947.6267695
-1023.7277476   -2547.3999977   -913.2718444
-1023.0344263   -2544.7320938   -916.6333079
-1023.6273734   -2556.7076206   -883.0439448
-1023.3169524   -2486.6485596   -962.6528621
-1023.160669   -2556.7920208   -878.1041503
-1025.3923861   -2555.1018715   -897.177577
-1025.16565   -2556.8876266   -873.4183311
-1024.2941109   -2556.6780567   -868.6753511
-1026.0677067   -2528.4347534   -932.1550727
-1026.0446993   -2523.4851837   -936.207056
-1025.2839056   -2556.4162731   -864.767611
-1026.1711804   -2555.8357239   -860.3007793
-1023.1206147   -2555.1445484   -855.5448651
-1024.8166052   -2540.9247875   -920.7944274
-1026.9919363   -2492.6300049   -958.4745169
-1025.9932009   -2488.9395237   -960.840404
-1026.1535374   -2556.6296577   -887.9945874
-1024.9736039   -2538.3536816   -923.4008789
-1026.7641274   -2535.7811451   -925.7518053
-1027.1455971   -2552.9029369   -904.3879509
-1027.6345936   -2554.3963909   -900.6302953
-1026.8070427   -2500.4417896   -953.298986
-1028.3924071   -2504.7357082   -950.0437379
-1027.100536   -2550.9755611   -908.1018567
-1028.6744563   -2518.709898   -939.7851825
-1029.1568962   -2512.3360157   -944.5300102
-1026.9118277   -2549.2758751   -910.8141065
-1028.647515   -2556.3359261   -892.5507665
-1029.2836157   -2543.1208611   -918.5099602
-1026.9531933   -2545.9508896   -915.2403474
-1027.4600712   -2557.1045876   -878.5495162
-1029.0240971   -2496.6821671   -955.4002881
-1029.2888609   -2557.1963787   -883.4613562
-1028.0359713   -2532.5396061   -928.5920262
-1029.5772282   -2556.7069054   -868.7281013
-1029.407355   -2539.2227173   -922.4835634
-1028.7028281   -2508.4438324   -947.4006891
-1031.0027329   -2557.072401   -874.171257
-1029.4898478   -2556.1769009   -863.6683822
-1031.5961567   -2555.7324886   -897.1614242
-1029.7895399   -2489.1681671   -959.7759247
-1031.5984217   -2524.8360634   -934.8145127
-1031.5029351   -2530.2853584   -930.406034
-1031.6155878   -2557.1501255   -887.9616261
-1030.8181969   -2555.4974079   -859.8278761
-1027.6244608   -2555.1905632   -856.9078445
-1030.9048621   -2500.590086   -952.4672627
-1029.3814865   -2548.2108593   -912.494719
-1030.726525   -2554.6021461   -855.5698395
-1022.3514763   -2486.4094257   -721.2279439
-1024.1763321   -2484.967947   -714.9806619
-1022.9103295   -2487.6768589   -727.6669741
-1022.5041834   -2553.144455   -846.7901945
-1021.9986168   -2511.857748   -789.9193168
-1024.6923891   -2488.8222218   -733.6416841
-1023.6885277   -2500.2377033   -769.8413134
-1023.3599869   -2538.2084846   -817.6466227
-1023.1163231   -2550.1368046   -838.2929564
-1021.9754902   -2506.5119267   -781.5693021
-1023.9412514   -2554.1551113   -851.0316014
-1023.5348669   -2490.3199673   -739.4524217
-1024.8031346   -2532.6712132   -813.2465482
-1023.8784281   -2494.1709042   -753.6677122
-1023.0240551   -2546.4532375   -830.170989
-1022.5441185   -2504.6076775   -778.426826
-1025.2684084   -2502.6285648   -776.176393
-1022.9757754   -2520.3466415   -800.911665
-1025.1822201   -2522.9532719   -805.2475452
-1024.1632191   -2517.2357559   -798.5932827
-1025.2536265   -2543.6439514   -826.7502189
-1024.773213   -2507.3149204   -785.038352
-1025.0194994   -2509.480238   -788.7855768
-1022.794458   -2498.4953403   -765.088737
-1027.172896   -2527.1553993   -810.5362654
-1023.2832161   -2497.2164631   -762.1385455
-1026.2177912   -2551.4285564   -843.1407213
-1025.2219168   -2492.5067425   -748.6388683
-1025.4769055   -2495.9728718   -760.0030303
-1025.866243   -2494.8761463   -756.9857836
-1027.2426335   -2490.9596443   -743.5510159
-1024.8478381   -2548.1336117   -834.4799876
-1025.6724087   -2511.9132996   -792.9444313
-1025.916907   -2514.4088268   -796.5506315
-1025.6681172   -2540.7197475   -822.7276206
-1026.2737004   -2504.8305988   -781.4240456
-1027.6901451   -2486.7653847   -724.9510288
-1027.8504816   -2485.6603146   -719.7089791
-1027.6022879   -2553.188324   -848.9854336
-1026.6608921   -2497.5559711   -764.9093866
-1027.7570216   -2487.8139496   -729.5408845
-1026.1859623   -2518.9740658   -802.2283912
-1027.0484415   -2545.804739   -831.4718604
-1027.1990029   -2549.3705273   -838.5612965
-1027.2136656   -2554.4624329   -853.3623219
-1028.0799595   -2534.5237255   -817.7042007
-1029.2765824   -2537.8966331   -822.0587373
-1028.4166066   -2489.669323   -738.2150888
-1028.8159577   -2500.6449223   -773.6733556
-1028.8244215   -2498.9421368   -769.4810629
-1028.7562338   -2493.2105541   -752.448678
-1028.7389485   -2515.8572197   -800.5979061
-1026.4048306   -2483.8759899   -711.2304568
-1031.1158625   -2484.0340614   -714.5786285
-1030.7762352   -2488.6791706   -733.3898544
-1027.6577202   -2507.6990128   -787.712872
-1027.935001   -2506.2358379   -785.2249742
-1030.2384821   -2530.1749706   -815.6256676
-1027.5628296   -2547.617197   -835.1275325
-1030.219051   -2509.0069771   -791.6047573
-1030.0522772   -2519.0033913   -805.4382205
-1030.328962   -2522.6686001   -809.4067574
-1029.0436474   -2491.9681549   -747.9543686
-1028.5725323   -2541.1100388   -825.4882097
-1030.6623904   -2543.0874825   -829.7102451
-1031.1118094   -2502.4709702   -778.957963
-1030.0913779   -2495.6450462   -760.7972622
-1029.6227662   -2512.4194622   -796.5503931
-1030.6927887   -2549.7488976   -841.5400386
-1030.6158987   -2504.9164295   -784.0784192
-1030.7327238   -2545.924902   -834.1836929
-1030.5658308   -2547.9705334   -837.7609253
-1030.7621685   -2553.3840656   -851.2287736
-1030.9883086   -2490.3137684   -741.111815
-1031.0737816   -2494.2584038   -756.5488219
-1030.4619995   -2506.747961   -787.7005935
-1021.8485323   -2730.7710648   -1069.2702532
-1021.7177597   -2683.2225323   -1066.1115646
-1023.0660168   -2706.0163021   -1067.0653582
-1022.7292506   -2693.962574   -1066.4052963
-1022.5696293   -2655.903101   -1066.1485195
-1022.1769539   -2718.44244   -1008.9523792
-1023.694965   -2744.9922562   -1023.3902931
-1021.9684569   -2726.3143063   -1046.3709831
-1023.0084387   -2720.5045223   -1042.9018736
-1024.3591992   -2723.0882645   -1068.3987141
-1023.1587616   -2716.7239189   -1067.8728819
-1023.2964484   -2751.9977093   -1024.261713
-1023.7236945   -2737.8821373   -1070.0064898
-1021.7169253   -2672.2028255   -1017.4010992
-1025.257322   -2675.8863926   -1065.5463934
-1022.2024647   -2685.243845   -1024.7666836
-1022.7185217   -2697.7374554   -1030.8474302
-1022.014114   -2731.5304279   -1049.2060184
-1021.6424195   -2638.0422115   -1059.9712133
-1024.3820874   -2732.7182293   -1018.7466145
-1021.7882124   -2661.0600948   -1013.6271715
-1022.4096505   -2736.6836071   -1051.8568754
-1025.4951445   -2687.6266003   -1065.8630133
-1022.6479498   -2645.0788975   -1035.164237
-1022.5206343   -2715.5733109   -1040.4061079
-1024.1560666   -2757.4572563   -1072.8018284
-1026.9771544   -2762.1753216   -1073.6551285
-1024.1934983   -2766.0830021   -1074.365139
-1022.9669539   -2639.870882   -1052.5438786
-1026.5320269   -2745.013237   -1070.8937645
-1022.3760334   -2643.3417797   -1039.9321318
-1022.599074   -2642.5228119   -1043.6377525
-1025.4550902   -2752.2108555   -1071.9566345
-1023.8123862   -2693.1760311   -1028.3138752
-1023.2171742   -2754.5340061   -1059.0631962
-1023.4063593   -2750.6341934   -1058.0441952
-1022.2528902   -2654.2224884   -1019.5715427
-1025.5628554   -2660.0866318   -1065.5648708
-1023.2530562   -2669.0533161   -1014.5022869
-1026.5177218   -2711.5428448   -1067.2365427
-1027.7514187   -2698.8999844   -1066.2461519
-1023.1450526   -2648.8304138   -1028.2614231
-1023.2628313   -2651.07584   -1024.5848894
-1024.2657391   -2711.2953663   -1037.4403
-1024.9139992   -2669.9485779   -1065.5050278
-1024.3743388   -2757.073164   -1024.4214535
-1023.9253966   -2758.6858273   -1059.8074198
-1022.5776163   -2656.5537453   -1017.1545744
-1022.7054087   -2640.4752731   -1062.6186132
-1024.6631829   -2640.0969028   -1055.9043884
-1025.4109827   -2714.1740322   -1006.5739155
-1023.3124224   -2711.5204334   -1003.5306215
-1023.5262839   -2678.9474487   -1020.5476284
-1025.317165   -2683.0523014   -1022.0365524
-1023.5393969   -2689.248085   -1026.4031887
-1024.5790211   -2746.3595867   -1056.0166836
-1025.4015652   -2665.2173996   -1065.4635429
-1025.6026713   -2706.1026096   -1034.3416929
-1023.7871138   -2724.0378857   -1013.4570599
-1025.568339   -2720.700264   -1011.0771656
-1025.1567093   -2727.6096344   -1015.7197714
-1026.038262   -2644.3626881   -1047.4008322
-1024.3603913   -2676.1491299   -1018.2679892
-1026.1244503   -2740.8883572   -1052.7415276
-1025.9858099   -2762.4645233   -1024.3194103
-1024.2830244   -2767.0993805   -1025.8487463
-1025.8301226   -2738.6016846   -1021.0955143
-1024.3562189   -2659.740448   -1014.7477388
-1024.3009058   -2647.765398   -1031.8527222
-1025.2924887   -2644.3660259   -1063.9716387
-1024.6132342   -2762.6438141   -1060.3005886
-1025.5230395   -2654.460907   -1021.643877
-1026.6220299   -2701.1823654   -1031.4853191
-1024.9947039   -2765.748024   -1060.488224
-1023.7395493   -2767.8165436   -1059.9093437
-1024.7865645   -2662.6718044   -1012.5528574
-1025.396916   -2673.3715534   -1015.4421329
-1029.8113552   -2681.5891266   -1065.2065277
-1028.8156001   -2733.7498665   -1069.3733692
-1028.3990828   -2728.28269   -1068.7520504
-1025.9253708   -2640.9654617   -1058.5638285
-1026.7398087   -2729.1271687   -1046.298027
-1026.1050192   -2724.2670059   -1043.9225435
-1025.290939   -2733.5410118   -1049.1483212
-1027.6350705   -2716.9361115   -1009.1456175
-1026.1720148   -2687.6523495   -1024.2316723
-1025.59683   -2657.3326588   -1017.7314281
-1025.1174895   -2645.0407505   -1042.2022343
-1026.001784   -2646.7294693   -1038.5205746
-1026.507589   -2736.56106   -1050.3277779
-1027.9819695   -2720.8924294   -1041.434288
-1027.7188746   -2715.8970833   -1038.8456583
-1027.7176825   -2655.2448273   -1065.4625893
-1027.0813433   -2648.7975121   -1034.5439911
-1027.0063607   -2642.2247887   -1061.144352
-1027.8559653   -2696.8362331   -1028.7816525
-1030.4151503   -2691.1473274   -1065.5702353
-1027.8095929   -2642.9648399   -1053.4132719
-1031.2291113   -2705.4302692   -1066.4458275
-1027.1043507   -2652.8439522   -1025.990963
-1027.5411335   -2650.8936882   -1030.3790569
-1029.4474093   -2717.1690464   -1067.5712824
-1026.5658823   -2753.494978   -1058.4511757
-1027.4074999   -2757.1144104   -1059.4396591
-1028.5396305   -2749.7842312   -1023.0451822
-1028.1806914   -2754.7831535   -1023.4531164
-1027.4638859   -2750.5521774   -1057.0683479
-1026.5778033   -2679.9645424   -1019.0579891
-1027.1485773   -2691.9281483   -1026.2659788
-1028.6128251   -2742.6042557   -1021.674037
-1029.3911425   -2745.8810806   -1022.2876072
-1030.1367966   -2739.3491268   -1070.0598955
-1027.858111   -2723.5739231   -1013.0343437
-1027.9909102   -2761.3961697   -1060.4162216
-1031.3062397   -2757.2386265   -1072.8018284
-1030.3396908   -2709.6848488   -1034.8834991
-1026.6471831   -2662.129879   -1013.3663416
-1028.047773   -2661.188364   -1014.9182081
-1027.4725882   -2677.2637367   -1016.3395405
-1027.9615847   -2758.6987019   -1023.581028
-1028.5521475   -2730.5383682   -1016.6636705
-1030.3778378   -2734.8601818   -1018.4274912
-1028.1005827   -2745.4843521   -1054.4973612
-1028.2820193   -2765.598774   -1061.0818863
-1029.0491311   -2643.1760788   -1056.1718941
-1027.5062052   -2663.9642715   -1011.9739771
-1029.7134844   -2670.4998016   -1064.9306774
-1029.1958777   -2666.8508053   -1064.9701357
-1028.6674229   -2658.7028503   -1018.4278488
-1028.3806054   -2647.872448   -1042.3885584
-1030.3182331   -2726.7329693   -1014.7387981
-1028.8607804   -2645.2951431   -1062.4585152
-1028.951141   -2733.6299419   -1047.9459763
-1028.3480612   -2686.4204407   -1021.9786167
-1028.8854567   -2683.6969852   -1019.7663307
-1028.3133713   -2675.0974655   -1013.4575367
-1030.6353299   -2662.4844074   -1064.8394823
-1030.0916163   -2712.8109932   -1007.7127218
-1028.9803473   -2709.215641   -1005.1176548
-1030.0782648   -2686.396122   -1065.3611422
-1030.9637514   -2657.0999622   -1022.9122639
-1031.0046402   -2657.6344967   -1064.6884441
-1030.3411213   -2719.419241   -1011.2268925
-1030.2204815   -2704.5927048   -1032.1502686
-1031.3454596   -2739.7520542   -1020.1585293
-1029.5107094   -2643.5148716   -1058.696866
-1030.4085938   -2761.2450123   -1023.1592655
-1031.5334526   -2765.2156353   -1022.9274035
-1028.3688036   -2767.4498558   -1024.1683722
-1030.1090208   -2650.4664421   -1038.0885601
-1030.4875103   -2646.4660168   -1050.3700972
-1031.1914412   -2648.910284   -1046.3098288
-1030.9306113   -2724.5738506   -1042.495966
-1029.9362866   -2737.8454208   -1049.852252
-1030.811402   -2742.181778   -1051.8393517
-1029.9825398   -2690.3698444   -1023.3056545
-1031.4998356   -2754.2905807   -1057.6685667
-1029.3338028   -2681.0288429   -1016.9119835
-1030.208203   -2700.8507252   -1029.9907923
-1028.4931389   -2663.207531   -1012.8825903
-1030.393335   -2672.8205681   -1008.2695484
-1028.3856121   -2665.6272411   -1010.8646154
-1029.9385516   -2767.291069   -1074.6586323
-1031.294438   -2652.6036263   -1033.5942507
-1030.8625428   -2694.7281361   -1025.7447958
-1031.6002098   -2759.578228   -1059.5638752
-1031.4230648   -2747.6007938   -1054.5018911
-1029.6330182   -2678.5607338   -1014.5542622
-1029.9079148   -2665.3110981   -1011.4613771
-1030.3106038   -2666.9950485   -1010.0953579
-1030.0326077   -2668.9853668   -1008.6241961
-1031.5788714   -2663.0411148   -1014.7578716
-1030.7328431   -2677.6223183   -1011.7241144
-1030.9940306   -2687.4387264   -1020.3356743
-1031.4104287   -2684.8015785   -1017.4949169
-1029.2875496   -2704.2396069   -1002.2678375
-1025.614473   -2707.7350616   -1001.7783642
-1021.9106404   -2742.9461479   -861.8732095
-1022.0497576   -2746.5975285   -865.796566
-1021.7803446   -2730.7636738   -948.9614367
-1021.7861859   -2738.2075787   -941.8017864
-1021.8271939   -2735.1815701   -944.5048571
-1023.6609904   -2760.6637478   -880.0247312
-1023.1857029   -2724.615097   -956.0723305
-1025.1823393   -2739.8996353   -856.9231033
-1023.2774941   -2751.3849735   -870.2449203
-1023.3067004   -2748.8229275   -867.4893379
-1022.355291   -2711.2047672   -977.1069884
-1022.3139254   -2708.9385986   -980.4710746
-1023.1981007   -2713.6046886   -972.5313783
-1023.7858025   -2754.2812824   -873.0992079
-1023.1586424   -2703.6802769   -992.7886128
-1024.5812861   -2742.8944111   -937.9745722
-1024.241778   -2749.8838902   -933.9334369
-1024.0847794   -2754.420042   -931.953609
-1024.010512   -2765.1646137   -884.9003315
-1024.5821206   -2761.4169121   -930.0146699
-1023.5542981   -2766.3712502   -928.6947846
-1022.4770037   -2718.2869911   -966.4554596
-1024.8102871   -2715.780735   -967.4817324
-1023.7334696   -2728.0299664   -951.4778852
-1023.3719078   -2703.3133507   -987.8823757
-1024.9204365   -2704.3101788   -997.9643226
-1025.1249997   -2757.7638626   -930.9104681
-1024.7727362   -2705.9640884   -981.5192819
-1024.6177641   -2704.1301727   -984.59059
-1024.6705738   -2757.5588226   -876.0461211
-1025.5046812   -2720.8218575   -959.7849846
-1024.3745772   -2718.4481621   -964.1695619
-1026.1714188   -2745.5296516   -936.3132119
-1025.2648322   -2740.2780056   -939.7692084
-1024.7093169   -2732.9690456   -946.0620284
-1026.5333382   -2736.1791134   -942.9315329
-1026.7262188   -2747.5254536   -864.1880751
-1026.9026486   -2742.0277596   -858.3097458
-1024.9228207   -2708.0161572   -978.427887
-1026.3129202   -2709.5534801   -974.7262001
-1026.5304772   -2730.1690578   -948.4753013
-1026.5520541   -2699.3463039   -990.3188348
-1027.7174441   -2698.6703873   -995.0830936
-1026.9151656   -2724.9646187   -954.0324807
-1026.1530606   -2723.1137753   -956.581831
-1027.5394646   -2712.1844292   -970.2125192
-1026.8346993   -2752.4907589   -869.2335486
-1026.9098011   -2700.8159161   -986.1742854
-1027.369949   -2759.676218   -876.5217066
-1026.0489909   -2763.3674145   -881.4125657
-1028.8575617   -2762.53438   -878.5626292
-1029.5604197   -2727.314949   -950.8389235
-1027.7222124   -2756.9680214   -873.4835386
-1027.737352   -2752.8862953   -932.6544404
-1027.4857012   -2756.0391426   -931.4838052
-1028.1226365   -2748.58284   -934.5995188
-1027.8037516   -2750.5161762   -933.64501
-1028.1414715   -2717.1103954   -963.1721973
-1028.7505118   -2759.4957352   -930.6359887
-1029.7869173   -2764.6906376   -929.5396805
-1027.2062746   -2703.0014992   -982.8388095
-1030.1490752   -2731.9436073   -946.2939501
-1029.1535584   -2704.8921585   -978.5426259
-1028.7867514   -2714.2307758   -966.6338563
-1029.0311304   -2700.4041672   -999.3917942
-1028.9598433   -2742.3574924   -938.2635355
-1028.6885229   -2739.1083241   -940.4858351
-1029.069635   -2722.2428322   -956.5890431
-1029.3726651   -2719.5911407   -959.6651793
-1029.4967619   -2766.3013935   -882.2973371
-1031.2343565   -2746.4044094   -935.8922243
-1031.5583674   -2708.8940144   -972.463131
-1030.5455653   -2729.4869423   -948.5786557
-1030.7917324   -2737.1098995   -941.9180751
-1030.3003518   -2734.78055   -943.8248873
-1030.0038783   -2697.2017288   -988.1790876
-1029.749724   -2694.9994564   -992.4297333
-1029.9932686   -2750.5369186   -865.3418422
-1029.9455849   -2744.9221611   -859.6394658
-1030.4027525   -2741.3363457   -855.7326794
-1031.0104815   -2700.0834942   -983.4743738
-1030.8947293   -2725.0337601   -953.0923367
-1031.1945406   -2712.3594284   -968.3163762
-1030.3921429   -2692.6038265   -995.8578944
-1031.0864178   -2750.8387566   -933.6251616
-1023.0967728   -2718.0497646   -835.1488113
-1024.0488974   -2721.6978073   -838.4663463
-1021.9182698   -2703.6819458   -820.8773732
-1024.0225521   -2691.860199   -807.7489138
-1022.537562   -2677.5820255   -792.4274206
-1021.7843977   -2733.4377766   -851.6005874
-1021.7123953   -2708.7323666   -826.1727095
-1022.3512379   -2672.5504398   -786.272645
-1025.5667893   -2674.9629974   -788.5090709
-1022.9861466   -2654.8428535   -745.8974123
-1023.0475394   -2653.2461643   -741.3342595
-1022.6654736   -2647.5660801   -730.7940722
-1024.1654841   -2645.2870369   -726.9695997
-1023.4909979   -2650.0968933   -734.431088
-1023.3210055   -2683.3097935   -798.6475825
-1025.6242482   -2685.8141422   -800.748229
-1026.6172615   -2728.4655571   -844.3592191
-1027.4505345   -2725.9836197   -841.4860368
-1022.8740899   -2664.8306847   -772.8588581
-1023.8860575   -2663.4938717   -769.5393562
-1025.9830681   -2695.8174706   -811.4007711
-1024.7683255   -2701.9021511   -818.1085587
-1024.6014325   -2639.9009228   -720.018208
-1023.6745802   -2660.2237225   -761.5456581
-1022.2845999   -2656.4977169   -751.3587475
-1023.7493245   -2656.0595036   -749.222219
-1024.4105784   -2652.2746086   -738.1125689
-1025.514218   -2713.2737637   -829.4680715
-1026.9282786   -2682.1730137   -796.4609861
-1024.8055188   -2667.0875549   -776.5750885
-1023.6813752   -2669.3842411   -781.0432911
-1025.3538815   -2671.8437672   -784.4116688
-1023.9362446   -2658.6854458   -757.1722865
-1024.3235556   -2657.4454308   -753.2566786
-1025.5576102   -2637.665987   -715.6466246
-1026.3452259   -2733.0007553   -849.134326
-1025.6826607   -2736.5920544   -853.1819582
-1026.6740052   -2689.6879673   -804.6396375
-1026.5592066   -2636.2950802   -711.2144232
-1023.5883919   -2633.8772774   -707.0477605
-1024.5946375   -2662.014246   -765.7166719
-1028.1823603   -2643.4135437   -723.2393622
-1026.8399445   -2705.6956291   -821.3780522
-1028.2219378   -2710.0155354   -825.320363
-1027.5718895   -2678.3685684   -792.0499444
-1028.3031193   -2649.2345333   -730.8664918
-1026.5581337   -2665.2724743   -772.3026276
-1025.9121386   -2654.227972   -742.1173453
-1026.6885487   -2655.6880474   -745.6945777
-1028.7891356   -2721.0009098   -836.0087276
-1029.7392336   -2716.1474228   -830.8656812
-1027.1305767   -2651.655674   -735.3950739
-1027.493569   -2659.9829197   -758.7121129
-1028.1945197   -2661.7193222   -763.0560398
-1028.5994736   -2670.0437069   -780.4377079
-1028.8397995   -2663.9676094   -768.2859302
-1027.1788565   -2658.6308479   -754.9214363
-1030.549976   -2724.2367268   -838.5023475
-1029.3625323   -2646.4111805   -726.5508175
-1027.2663561   -2657.6421261   -751.704514
-1028.365585   -2653.6061764   -738.7608886
-1029.7294585   -2640.6588554   -718.4568048
-1028.9764134   -2699.2948055   -814.2322898
-1029.6953646   -2703.2287121   -818.0501461
-1029.6454159   -2657.2992802   -748.2790351
-1030.6478468   -2712.4156952   -826.9053698
-1030.0450055   -2638.7636662   -714.0575051
-1030.4947821   -2677.0648956   -789.8347378
-1028.4421173   -2736.313343   -851.5895009
-1030.039641   -2655.7769775   -743.0769205
-1029.0006129   -2731.5001488   -846.4097977
-1030.7178227   -2637.8281116   -710.1439238
-1027.993056   -2636.0161304   -707.692802
-1031.1346976   -2727.4465561   -841.4745927
-1031.2051503   -2652.6215076   -735.0465059
-1030.051562   -2658.7405205   -752.6851892
-1029.9170939   -2659.7557068   -756.0636997
-1031.3534466   -2637.3741627   -706.1972022
-1022.7849213   -2736.0723019   -646.073997
-1022.8588311   -2688.3769035   -649.2232084
-1022.5159851   -2709.3501091   -646.1561918
-1023.255202   -2725.787878   -646.8649507
-1022.8335587   -2719.5372581   -646.5514898
-1023.1966702   -2758.3434582   -637.8046274
-1022.2667185   -2753.5507679   -639.7359967
-1023.3877627   -2658.6704254   -656.3064456
-1022.1047131   -2631.6101551   -693.9553618
-1021.859142   -2633.6266994   -680.5238724
-1021.9353167   -2632.4930191   -685.0454807
-1022.3374096   -2664.847374   -654.3482542
-1021.8126503   -2646.4383602   -661.5067124
-1021.6501681   -2683.0477715   -649.8847604
-1022.927138   -2741.5235043   -644.9353695
-1021.9698874   -2635.6036663   -676.0211587
-1022.323939   -2631.9425106   -689.4707084
-1023.582193   -2700.8695602   -647.095561
-1023.5329596   -2670.1574326   -653.9340019
-1024.5586363   -2764.0480995   -636.5252733
-1024.0918127   -2749.2370605   -642.6718831
-1022.9723183   -2643.2449818   -665.9989953
-1023.2733218   -2638.6508942   -672.4911928
-1024.6913163   -2705.3301334   -647.2406983
-1024.5549408   -2675.7152081   -653.3323526
-1023.7129656   -2633.0657005   -702.3100257
-1026.6918866   -2634.1502666   -697.8210211
-1024.9160258   -2745.3422546   -644.6602941
-1025.6997076   -2714.5750523   -647.436142
-1025.0873295   -2655.2121639   -659.4728231
-1024.4856802   -2641.8895721   -669.7332859
-1026.6709057   -2681.9453239   -652.895987
-1026.3647763   -2693.2015419   -649.86974
-1026.4763562   -2697.586298   -649.0165591
-1024.1188733   -2650.916338   -660.8833671
-1026.2633292   -2731.2459946   -647.986114
-1024.5818821   -2646.3634968   -664.9477482
-1025.3350464   -2649.3399143   -663.3218527
-1024.9937502   -2635.048151   -683.2034588
-1024.8582093   -2636.5101337   -679.267168
-1025.3367154   -2634.2256069   -687.4040365
-1025.3079859   -2638.617754   -675.902307
-1025.8110491   -2633.7983608   -691.9060946
-1027.687761   -2755.0952435   -641.8109536
-1029.1278092   -2662.3296738   -659.7533226
-1027.8209177   -2667.0160294   -657.1335196
-1027.5484053   -2708.7666988   -648.3306289
-1028.2473294   -2737.0901108   -648.1796503
-1027.8504816   -2720.8006382   -648.4479904
-1029.7511546   -2689.1531944   -652.6152492
-1028.7210671   -2743.489027   -646.9672918
-1026.7235962   -2645.7588673   -668.3641672
-1027.5569884   -2760.3857517   -639.5517588
-1031.5752951   -2727.0877361   -650.108099
-1026.1862008   -2641.276598   -673.0811596
-1027.5072781   -2672.270298   -655.6953788
-1029.574844   -2703.1481266   -649.8020291
-1027.5639025   -2635.1437569   -703.7853599
-1029.0977684   -2748.7437725   -645.3961134
-1026.5165297   -2652.6443958   -662.3229384
-1027.0621506   -2644.0856457   -670.7813144
-1028.5790888   -2677.5400639   -655.0188661
-1029.1683403   -2763.8771534   -639.1249895
-1027.9797045   -2768.4650421   -636.9127035
-1022.768828   -2768.9006329   -633.6699724
-1026.8640248   -2648.0004787   -666.3703322
-1027.5901286   -2637.6473904   -681.6062927
-1027.118179   -2638.8940811   -678.5176992
-1028.0059306   -2636.626482   -685.4156256
-1029.587957   -2656.3398838   -663.3304358
-1028.063151   -2641.2975788   -676.1922836
-1028.1579224   -2651.5257359   -665.0283933
-1028.6771981   -2636.0611916   -689.4273162
-1031.3313929   -2712.1090889   -649.9260664
-1030.9023587   -2716.9289589   -649.6448517
-1029.2569128   -2635.9162331   -693.3760047
-1028.5026757   -2643.5725689   -673.6192107
-1030.0987688   -2731.9161892   -649.4262815
-1031.1706988   -2695.8277225   -651.8737078
-1029.3891159   -2649.4159698   -668.5198545
-1029.4897286   -2646.4939117   -671.6965437
-1029.5858113   -2640.6669617   -679.6793342
-1029.8729865   -2669.4281101   -657.7837467
-1030.6157795   -2673.7411022   -657.1329832
-1031.1006037   -2708.037138   -650.0821114
-1030.4428069   -2639.264822   -683.657825
-1030.7390419   -2638.0836964   -687.2451305
-1031.4073292   -2645.004034   -676.5150428
-1031.224939   -2653.5630226   -667.331636
-1021.6707913   -2758.8751316   -200.6799579
-1021.7838017   -2757.1685314   -183.2966954
-1021.9678608   -2758.1827641   -210.7835412
-1021.9588009   -2707.3945999   -169.2563444
-1021.9539133   -2758.4676743   -197.6334006
-1022.1731392   -2710.2770805   -192.816332
-1021.8674866   -2710.921526   -195.899114
-1022.3135678   -2708.4062099   -181.6634983
-1021.8503205   -2747.5070953   -155.856505
-1022.5622383   -2755.6788921   -179.1598499
-1022.1172301   -2729.5427322   -231.469363
-1021.9789473   -2707.3466778   -163.3562595
-1022.0143525   -2707.4632645   -154.0991366
-1022.2062794   -2709.4497681   -142.4718499
-1022.1258131   -2719.9244499   -216.8374956
-1022.318813   -2717.9882526   -212.7542943
-1022.7369992   -2715.9500122   -206.9105506
-1022.2050873   -2757.4839592   -215.4846787
-1022.1193758   -2752.3343563   -166.1311537
-1021.9964711   -2758.5909367   -203.5233229
-1022.7193562   -2748.6414909   -160.0411683
-1022.365543   -2722.1488953   -220.386833
-1023.1930939   -2709.3622684   -150.2199918
-1022.8749243   -2713.2110596   -199.2922574
-1021.9261376   -2737.7533913   -142.7785307
-1023.6249892   -2750.2865791   -165.157184
-1022.7929083   -2753.0901432   -229.1450351
-1022.6475922   -2727.2269726   -227.4437547
-1022.5382773   -2756.421566   -218.8033611
-1022.355291   -2734.5471382   -140.3694004
-1022.6437775   -2709.3062401   -185.8249307
-1022.6101605   -2710.0868225   -189.732492
-1023.3525959   -2756.3123703   -188.0108863
-1021.6318098   -2732.7198982   -235.9806001
-1022.4289624   -2735.0716591   -236.0371798
-1022.3213164   -2729.7174931   -136.3628358
-1021.9663111   -2714.3380642   -133.7753683
-1021.6669766   -2747.8249073   -239.6061122
-1022.0223395   -2719.5177078   -132.2147846
-1023.5322443   -2753.1006336   -172.8013903
-1022.9567019   -2724.9243259   -223.488152
-1023.9590136   -2715.7187462   -202.6205361
-1023.2590166   -2709.0582848   -177.2301644
-1022.7844445   -2709.3646526   -147.0706612
-1023.9397017   -2756.2291622   -193.7882155
-1022.2867457   -2710.9131813   -139.2304152
-1023.3729807   -2734.1113091   -233.1471443
-1023.4105317   -2756.9217682   -206.4897269
-1022.5856034   -2726.4890671   -135.2286041
-1022.5892989   -2748.9600182   -235.5416417
-1022.0546452   -2742.1996593   -240.0939912
-1022.7137534   -2739.3796444   -237.3964339
-1023.3422247   -2740.837574   -149.2484659
-1023.5902993   -2737.9889488   -146.4276612
-1023.0277506   -2718.4712887   -134.6704364
-1024.0442482   -2742.1371937   -152.1160156
-1022.7687088   -2722.8109837   -134.467423
-1022.7726427   -2713.2127285   -137.2768283
-1024.0335194   -2743.9417839   -154.7092944
-1023.5666958   -2709.1917992   -161.7889106
-1024.7664181   -2710.7453346   -156.9345444
-1023.2202736   -2750.5099773   -231.5517068
-1023.7651793   -2709.3858719   -173.3460724
-1023.2833353   -2753.8678646   -224.7666419
-1023.2131211   -2744.2567348   -236.48417
-1023.8074986   -2751.6510487   -169.0693051
-1023.8953558   -2718.6436653   -210.0093812
-1024.2050616   -2753.746748   -220.2028334
-1024.0922896   -2754.6927929   -181.427747
-1025.2650706   -2753.9579868   -184.0977669
-1024.3713585   -2745.3143597   -157.9619646
-1024.7350661   -2713.9425278   -194.8264837
-1023.926231   -2734.2116833   -143.111676
-1024.2985217   -2756.0427189   -198.8978386
-1024.2711035   -2709.8789215   -165.9656912
-1025.5294768   -2711.6212845   -170.0637043
-1023.6257044   -2731.0421467   -139.8866773
-1023.2053725   -2716.2520885   -136.3914609
-1024.7969357   -2754.5850277   -213.4279013
-1024.4807927   -2755.4731369   -209.3502283
-1024.2254464   -2756.1714649   -202.7518898
-1024.2677657   -2710.4723454   -153.368488
-1024.0169493   -2732.6962948   -230.4107994
-1025.0543085   -2732.4109077   -227.4863273
-1024.343702   -2721.2505341   -213.7655616
-1024.2004124   -2722.9855061   -217.2973007
-1024.10731   -2754.888773   -216.3342535
-1023.8859383   -2713.2167816   -141.6444182
-1024.6340958   -2712.3589516   -146.9644159
-1024.3729082   -2710.9665871   -183.5401207
-1024.9668089   -2711.3511562   -180.0878197
-1023.7496821   -2727.8513908   -138.3465976
-1024.3640868   -2750.2689362   -227.6707441
-1024.0592686   -2724.506855   -220.1014161
-1024.4903294   -2738.093853   -232.175529
-1024.4862763   -2753.1712055   -176.8644452
-1024.4260756   -2725.6941795   -138.681367
-1024.3560997   -2746.6273308   -231.5311432
-1025.5424706   -2713.1400108   -187.9800558
-1024.8067109   -2712.8894329   -190.7333136
-1024.5264498   -2728.2221317   -224.0431756
-1023.4000412   -2717.9393768   -135.8718872
-1024.2556063   -2740.6847477   -233.456403
-1024.8764483   -2748.1923103   -164.1321182
-1024.6424405   -2746.4900017   -160.6907547
-1025.3021447   -2719.4838524   -207.6783925
-1025.3252713   -2718.34445   -205.0283253
-1024.3814913   -2721.9336033   -138.3714825
-1024.1090981   -2716.1929607   -139.6948844
-1025.5357949   -2716.3052559   -198.7590343
-1024.7677294   -2726.5436649   -221.2465107
-1023.9954916   -2718.6043262   -137.901783
-1024.6542422   -2743.2579994   -232.1205437
-1025.9390799   -2712.3324871   -175.6474227
-1025.0493018   -2751.0650158   -222.989589
-1025.8021084   -2737.5590801   -150.6603956
-1025.599691   -2754.155159   -190.2122647
-1025.8795945   -2753.4768581   -186.9542003
-1026.3751475   -2753.1223297   -205.7043761
-1025.3537623   -2750.5583763   -171.3533849
-1025.9680478   -2750.7469654   -174.5465547
-1025.8179633   -2712.2375965   -160.0917727
-1025.8221356   -2711.9398117   -164.8710221
-1025.9825913   -2734.6949577   -148.0334103
-1025.2698389   -2727.2174358   -141.6340023
-1025.0986544   -2731.0278416   -143.272236
-1025.6485669   -2732.65481   -145.6722766
-1025.204393   -2735.9111309   -229.3491662
-1025.688502   -2748.935461   -168.3783978
-1025.1104561   -2716.2852287   -143.3154494
-1024.8297182   -2714.3309116   -144.2408711
-1025.4361359   -2713.0200863   -150.7974416
-1026.6794888   -2753.1728745   -197.3469406
-1026.9045559   -2752.7000904   -192.93347
-1026.1286227   -2718.2545662   -201.7448395
-1025.3404108   -2719.6581364   -141.7340338
-1024.9204365   -2724.5182991   -139.8934722
-1025.6929127   -2726.0751724   -217.9976106
-1026.7703263   -2750.3759861   -216.4355069
-1025.9443251   -2753.2992363   -210.8890563
-1025.4593817   -2748.7390041   -225.2322137
-1026.528093   -2725.5237103   -214.8575038
-1026.2150494   -2750.4706383   -219.2092985
-1026.8348185   -2752.9811859   -201.1554837
-1025.6471363   -2739.9432659   -229.393959
-1026.3391463   -2714.1969204   -154.1078389
-1025.7801739   -2731.1308384   -224.0878046
-1025.4445998   -2732.2087288   -226.0905057
-1026.48482   -2722.830534   -210.6556445
-1025.6880251   -2746.393919   -227.2565216
-1025.6539313   -2743.6625957   -228.8378924
-1026.4516798   -2744.3182468   -161.954388
-1026.3755051   -2742.0599461   -157.9464674
-1026.5241591   -2713.7682438   -183.1001639
-1025.544974   -2723.2747078   -141.8648213
-1024.9536959   -2712.7728462   -148.2923925
-1025.5479542   -2715.4250145   -146.3152021
-1025.4821507   -2714.0307426   -148.2191384
-1026.6878334   -2750.8146763   -178.2587171
-1026.2440173   -2729.1517258   -220.4819173
-1026.9340006   -2715.8710957   -191.0368353
-1027.2199837   -2717.4999714   -195.1495707
-1026.315066   -2739.90798   -154.6722353
-1026.3368813   -2746.6430664   -165.5658185
-1026.1901347   -2728.2152176   -144.8980123
-1027.4852244   -2714.8830891   -180.0415665
-1027.1147219   -2715.3072357   -187.0442927
-1026.504728   -2748.0661869   -221.6793448
-1026.3917176   -2718.9731598   -146.4322954
-1026.243302   -2734.1196537   -225.1475453
-1027.6757208   -2750.3125668   -182.1061075
-1026.6381232   -2737.7271652   -225.6307006
-1027.7381865   -2721.5566635   -203.4245878
-1026.7121521   -2724.3928909   -145.111531
-1026.5129534   -2740.903616   -226.7596126
-1027.2927014   -2748.051405   -172.080189
-1026.6569582   -2751.3408661   -213.4618312
-1026.6451565   -2714.2055035   -157.0906788
-1027.0075528   -2714.0045166   -163.6680961
-1026.5726773   -2716.5482044   -150.0081271
-1026.6837803   -2745.0180054   -224.5469987
-1027.8453556   -2715.3232098   -172.3850071
-1028.8442103   -2717.2408104   -167.0700014
-1027.6704756   -2719.5522785   -198.8226473
-1027.4318186   -2751.7573833   -189.3894225
-1028.3125368   -2744.9429035   -168.9911336
-1027.514073   -2729.7947407   -217.3037231
-1027.1167485   -2732.6862812   -221.2215513
-1027.6559321   -2736.7572784   -154.8581123
-1027.5189606   -2734.1799736   -152.1860361
-1027.5486437   -2715.5468464   -160.4559422
-1027.7126757   -2750.9608269   -185.9629154
-1028.330299   -2716.2232399   -177.0458221
-1027.6769129   -2750.3671646   -209.8466605
-1027.9024569   -2748.4414577   -176.0224849
-1027.5740353   -2726.0408401   -212.2402489
-1027.5872675   -2722.9437828   -207.2304636
-1027.5131194   -2729.4411659   -148.9465535
-1027.2620646   -2732.1882248   -149.8872042
-1027.3787705   -2725.5241871   -147.8175521
-1027.6698796   -2747.1830845   -217.5133675
-1027.6485411   -2736.2043858   -221.7499465
-1028.2712904   -2737.7741337   -157.7871889
-1028.0204741   -2743.8323498   -166.1613584
-1028.3802477   -2750.2839565   -203.4219205
-1028.7086693   -2749.1912842   -206.2129676
-1028.3623663   -2739.3743992   -160.3994817
-1027.2946087   -2722.1946716   -148.226127
-1027.5597302   -2720.3297615   -150.6184787
-1028.3615319   -2741.5981293   -163.9134884
-1028.2978741   -2725.3334522   -208.8072896
-1027.6958672   -2744.5247173   -220.97826
-1027.7950493   -2740.4029369   -222.0028043
-1028.509709   -2717.0815468   -183.931604
-1027.8231827   -2718.7845707   -153.9440751
-1027.8141228   -2717.2856331   -157.3197246
-1027.986261   -2748.3961582   -213.3566141
-1028.5639492   -2750.3166199   -195.1138973
-1028.522822   -2750.4863739   -198.3777732
-1028.9495913   -2747.4918365   -178.5035729
-1028.5848109   -2750.2217293   -191.7465478
-1029.2032687   -2719.0361023   -188.2232577
-1028.5848109   -2718.786478   -192.2590286
-1028.2832114   -2729.2354107   -213.8513923
-1028.5975663   -2717.3261642   -164.0828252
-1028.9030997   -2735.0959778   -217.0205712
-1029.2331902   -2720.8356857   -195.1214969
-1028.7550417   -2730.5135727   -153.5267532
-1028.6899535   -2745.3255653   -171.3330001
-1029.069635   -2745.8062172   -174.3106097
-1028.1520811   -2723.7079144   -151.3734907
-1028.5755125   -2727.5094986   -152.3067355
-1029.3044773   -2748.7106323   -188.5364503
-1028.9795128   -2733.1135273   -156.2963873
-1028.6915032   -2718.4309959   -160.5282277
-1028.4393755   -2721.8093872   -153.8809687
-1028.8763968   -2727.9241085   -210.3326917
-1028.7493197   -2724.6034145   -205.7277262
-1029.4362036   -2748.6128807   -202.0178437
-1028.9650885   -2737.9057407   -218.1460112
-1028.6192624   -2743.8743114   -217.3534036
-1029.1712014   -2744.8356152   -213.8754874
-1029.6374289   -2723.0956554   -198.654592
-1029.1199414   -2748.5883236   -184.8020703
-1029.6683041   -2746.9184399   -181.6879064
-1029.385182   -2746.5319633   -209.3412578
-1028.604838   -2741.9707775   -218.8980132
-1029.8037259   -2725.4567146   -202.568993
-1029.4311968   -2718.4553146   -169.9622124
-1028.8130967   -2740.2665615   -218.6324596
-1029.6056   -2734.4098091   -214.0181661
-1029.0367333   -2721.3609219   -158.0505669
-1030.0290314   -2719.430685   -173.2745618
-1029.2314021   -2738.7077808   -163.1106883
-1029.76391   -2740.3140068   -167.693615
-1029.7051398   -2718.8272476   -180.3649217
-1029.1298357   -2724.8835564   -155.5193365
-1029.8593966   -2731.2648296   -210.1323307
-1029.7754733   -2727.889061   -206.5236866
-1029.853913   -2719.1569805   -176.8734008
-1029.9471346   -2719.8412418   -184.0948761
-1030.0289122   -2747.7126122   -197.5165904
-1030.1607577   -2747.392416   -192.7481741
-1029.3917385   -2727.9224396   -155.6954384
-1030.3305117   -2721.7433453   -190.7175183
-1029.544088   -2720.7136154   -162.7899408
-1029.6686617   -2719.8925018   -166.5272266
-1029.6407668   -2740.7865524   -215.43248
-1030.036184   -2742.7122593   -172.3595262
-1030.3370682   -2745.316267   -205.9461772
-1029.7610489   -2735.2693081   -160.9587073
-1029.7797648   -2737.559557   -214.8648947
-1029.6197859   -2729.8967838   -157.1833491
-1030.5565325   -2730.9422493   -161.7909074
-1029.9161402   -2725.9376049   -158.7165147
-1030.2320448   -2724.5540619   -161.991626
-1030.4120509   -2743.7126637   -176.3171703
-1030.6528536   -2745.7942963   -185.7325733
-1030.5402008   -2746.1292744   -201.8157393
-1030.4048983   -2742.0470715   -210.0696266
-1030.2563635   -2734.4565392   -211.5870863
-1030.8899609   -2722.2909927   -185.9513521
-1030.4892985   -2736.2265587   -165.3632969
-1030.2053419   -2722.9909897   -195.8058327
-1030.6908814   -2723.3228683   -193.3428347
-1031.2177864   -2745.149374   -190.4275566
-1030.7384459   -2722.4037647   -169.676736
-1031.0985772   -2743.2377338   -178.924188
-1030.9560028   -2721.8544483   -174.6466905
-1030.3454129   -2722.8295803   -165.6471938
-1031.091663   -2726.7496586   -198.6371875
-1031.363341   -2725.5170345   -194.9592978
-1030.6437937   -2737.6823425   -211.2237215
-1031.4081637   -2743.1628704   -181.8035394
-1030.9642283   -2722.111702   -182.0088327
-1030.8437077   -2732.9130173   -163.7910157
-1031.3514201   -2736.5531921   -169.32863
-1031.0400454   -2729.0678024   -202.3184597
-1031.0076205   -2731.7559719   -205.639109
-1031.1552016   -2735.8345985   -207.9959065
-1030.673   -2728.4796238   -162.8921628
-1031.5010277   -2744.2469597   -195.4339296
-1031.1020342   -2744.9655533   -199.38007
-1031.3111273   -2740.8146858   -175.5884886
-1031.1813084   -2726.6225815   -167.3041284
-1031.2518803   -2740.1945591   -207.1121633
-1031.4258067   -2733.448267   -167.4203128
-1031.240913   -2730.4801941   -165.6522602
-1031.5441815   -2724.9996662   -191.1001503
-1031.5899578   -2726.4976501   -196.1333454
-1021.7438666   -2675.8081913   154.1890949
-1022.4340884   -2661.0155106   139.6632046
-1022.0454661   -2657.2339535   148.6374289
-1021.905872   -2672.9931831   143.0811882
-1022.3970143   -2676.7885685   162.9907191
-1022.2984282   -2656.018734   156.7557752
-1022.8372542   -2655.9977531   161.5291387
-1021.9083754   -2655.0335884   166.892007
-1021.6963021   -2668.8656807   131.1561316
-1022.0837323   -2662.5385284   134.9264234
-1022.6092068   -2670.0372696   137.0955259
-1021.7493502   -2665.583849   131.4405501
-1022.8384463   -2670.7451344   140.6194568
-1022.2376315   -2664.0615463   134.2388242
-1023.31278   -2656.0750008   165.3649658
-1024.4065253   -2659.0354443   154.1409045
-1023.9143101   -2656.6233635   172.0445901
-1023.3775107   -2656.7389965   175.2971113
-1024.5352713   -2675.9901047   169.6363837
-1023.9559142   -2676.4850616   172.923252
-1022.6843087   -2677.0899296   176.0906875
-1023.0618445   -2672.8463173   146.7305869
-1023.8138167   -2674.5789051   157.2858244
-1024.9654976   -2674.4067669   161.0300094
-1024.5718686   -2675.5073071   165.4383391
-1023.3094422   -2660.5968475   144.3286389
-1023.6125914   -2673.4323502   150.6108046
-1022.9531256   -2666.5201187   135.6270164
-1024.6638981   -2673.0184555   154.3814689
-1024.0499703   -2670.4583168   144.577086
-1023.1413571   -2668.7095165   138.1191462
-1023.7807957   -2664.1418934   140.3065771
-1024.8809782   -2658.2081318   159.4393402
-1025.1774517   -2657.7858925   163.6717767
-1024.4686333   -2667.6976681   141.7526156
-1023.7253634   -2667.0315266   138.7709379
-1024.8944489   -2661.5788937   149.5878398
-1024.809095   -2670.8250046   148.6785114
-1027.1988837   -2658.9753628   166.2010849
-1025.3455368   -2657.4220657   170.2483594
-1024.6739117   -2664.3855572   144.9368298
-1025.4507986   -2671.3416576   151.9303322
-1026.6409842   -2671.2889671   158.0151767
-1026.1654583   -2658.3442688   173.3447164
-1026.1501995   -2675.0197411   172.2677946
-1026.3066021   -2674.7057438   174.5211184
-1025.6063668   -2667.8361893   146.9609439
-1026.7185894   -2660.9416008   158.2857519
-1026.5176026   -2662.0936394   154.123053
-1028.1645981   -2672.5332737   167.2168672
-1027.0058838   -2672.9893684   164.7358835
-1026.3052908   -2670.5582142   154.8921019
-1026.6781775   -2665.1945114   151.3795555
-1026.1682001   -2668.9167023   151.5645832
-1027.2077052   -2659.8188877   162.3996347
-1027.5220601   -2671.298027   161.2990499
-1028.5938708   -2659.825325   170.0772047
-1028.8988081   -2660.2857113   173.498854
-1025.9130923   -2658.5857868   177.2622317
-1027.7294842   -2667.7424908   155.6933224
-1028.4188715   -2664.2720699   157.689631
-1029.3495385   -2664.1800404   160.9417647
-1030.5077759   -2668.6301231   166.1437899
-1028.671476   -2661.179781   165.3825045
-1028.7884203   -2660.3660583   167.803511
-1029.4861523   -2667.7076817   161.1659229
-1029.436442   -2671.9770432   172.5844145
-1030.4202763   -2670.5641747   169.5874631
-1030.0029246   -2662.1406078   167.9724455
-1030.9695927   -2663.1271839   171.1342484
-1031.5344063   -2667.4854755   167.8725481
-1030.4187266   -2666.020155   164.8119688
-1031.6046206   -2669.5165634   174.4959354
-1029.1433064   -2671.766758   177.2865206
-1031.5053193   -2668.8246727   170.8522886
-1022.1332041   -2657.033205   180.0786108
-1022.8112666   -2661.2758636   189.6297336
-1022.1699206   -2675.5363941   184.6931279
-1022.129151   -2672.3356247   190.8438206
-1023.3849017   -2658.8821411   184.1755509
-1022.9801861   -2676.1100292   180.5226654
-1022.2444264   -2671.1442471   192.355454
-1023.3053891   -2664.8285389   191.380769
-1023.3466355   -2673.2711792   187.3364598
-1024.9299733   -2666.8629646   190.6395108
-1024.0815607   -2660.4795456   186.7243648
-1023.2662884   -2670.6874371   191.2266165
-1024.4484869   -2671.0469723   188.9826059
-1025.9449212   -2659.537077   181.0340285
-1026.2613026   -2672.8196144   182.4730784
-1025.7159201   -2674.5655537   177.6011139
-1025.6089894   -2663.079977   187.9081577
-1024.6102539   -2669.2037582   190.2463287
-1026.1931149   -2671.3352203   186.3709688
-1026.1229006   -2660.9487534   184.4069511
-1026.6915289   -2667.3877239   189.019382
-1026.8695084   -2669.362545   187.6614392
-1027.4173943   -2665.5805111   187.7423525
-1028.5672871   -2662.539959   184.1675341
-1030.8967558   -2665.497303   184.7377717
-1029.1899172   -2660.910368   178.1621426
-1028.8470713   -2669.7955132   184.6664548
-1029.7630755   -2667.1862602   186.1844063
-1030.462238   -2662.7142429   181.4227402
-1031.1393467   -2664.085865   183.5107505
-1031.5038887   -2668.0657864   183.5932285
-1022.570583   -2792.0987606   -1080.2359581
-1022.0577446   -2825.5422115   -1090.3356075
-1021.7334954   -2774.8134136   -1076.1141777
-1022.6233927   -2867.102623   -1018.864274
-1021.8604533   -2837.7056122   -1094.4616795
-1022.8721825   -2810.649395   -1085.5628252
-1024.1536824   -2817.8870678   -1087.8692865
-1024.5843855   -2782.1345329   -1077.8021812
-1023.0630366   -2848.5217094   -1098.1602669
-1021.7971531   -2804.9888611   -1083.8236809
-1024.618837   -2799.9818325   -1082.4321508
-1021.8468634   -2862.752676   -1100.9607315
-1023.1389729   -2866.9102192   -1022.9585171
-1023.540589   -2787.1341705   -1078.9812803
-1023.0346648   -2866.4021492   -1081.9455385
-1022.9022232   -2858.0980301   -1100.5015373
-1022.9905573   -2863.9473915   -1061.7877245
-1025.0208107   -2863.5849953   -1065.9015179
-1023.2795206   -2867.1548367   -1010.4566813
-1024.769756   -2866.9946194   -1006.0782433
-1021.9068257   -2867.3567772   -1003.2514334
-1021.9461647   -2869.333744   -1092.792511
-1025.0714747   -2864.303112   -1075.9302378
-1024.5295493   -2864.2435074   -1053.7512302
-1022.8920905   -2780.4350853   -1050.219655
-1024.5321719   -2865.3991222   -1041.0708189
-1026.2087313   -2864.6640778   -1046.5847254
-1022.3115412   -2865.5433655   -1100.3049612
-1022.5647417   -2771.7864513   -1058.0550432
-1024.7672526   -2843.0075645   -1096.2471962
-1023.5002962   -2771.2161541   -1027.8095007
-1023.5705105   -2775.4235268   -1030.38311
-1026.2596337   -2771.0127831   -1075.3717422
-1026.1655775   -2865.5912876   -1035.1608992
-1023.5240189   -2778.6948681   -1054.4308424
-1022.1005408   -2867.5096035   -1099.4400978
-1023.8765208   -2868.1035042   -1088.8806581
-1024.6443478   -2867.1774864   -1098.0571508
-1023.234698   -2853.4209728   -1099.6240377
-1022.6466385   -2777.3196697   -1033.3470106
-1023.7877098   -2781.7304134   -1038.1171703
-1023.7962929   -2779.987812   -1034.8259211
-1026.1337487   -2832.3688507   -1092.6427841
-1024.1644112   -2783.4992409   -1042.6385403
-1024.5067803   -2776.6580582   -1057.4424267
-1024.6615139   -2866.538763   -1025.0189304
-1027.9231993   -2865.7326698   -1028.4519196
-1027.1930424   -2866.3504124   -1085.403204
-1024.995896   -2784.3689919   -1047.1826792
-1027.8407065   -2866.3022518   -1015.2306557
-1029.3980566   -2776.923418   -1076.6825676
-1028.2032219   -2807.2240353   -1084.6180916
-1025.1182047   -2863.3158207   -1099.8350382
-1030.1395384   -2838.9105797   -1094.7788954
-1026.5923468   -2866.6260242   -1094.9890614
-1028.9085833   -2823.2941628   -1089.6830559
-1028.7867514   -2827.994585   -1091.2117958
-1025.1534907   -2865.2956486   -1099.0518332
-1025.432798   -2774.0383148   -1059.1609478
-1029.7130076   -2789.0970707   -1079.5817375
-1030.665013   -2796.0555553   -1081.4368725
-1027.7950493   -2866.0666943   -1021.8328238
-1025.5931345   -2779.7982693   -1031.868577
-1026.119682   -2771.2275982   -1060.3935719
-1029.9457041   -2813.9648438   -1086.7089033
-1026.4014927   -2783.2820415   -1053.7467003
-1026.1926381   -2784.7845554   -1050.702095
-1027.9899565   -2854.3975353   -1099.0030766
-1027.4537531   -2859.6744537   -1099.4948149
-1028.0840126   -2863.5339737   -1057.6521158
-1028.5403458   -2864.5582199   -1080.2018642
-1027.2547928   -2850.2297401   -1098.2664824
-1028.9506642   -2845.7176685   -1097.0157385
-1026.9449679   -2866.7190075   -1007.1167946
-1028.8879601   -2866.3094044   -1009.9910498
-1027.148935   -2775.3405571   -1027.1089077
-1027.7280537   -2771.3577747   -1025.2639055
-1027.708265   -2781.5315723   -1057.4896336
-1027.2459713   -2778.6211967   -1029.066205
-1028.4205405   -2768.6507702   -1061.2498522
-1027.21903   -2784.0840816   -1034.3433619
-1027.2531239   -2786.6408825   -1039.1987562
-1028.3592669   -2866.029501   -1089.9347067
-1030.9226242   -2819.1735744   -1088.3700848
-1028.0399052   -2788.6812687   -1044.4523096
-1028.025004   -2778.0382633   -1059.8270893
-1031.5072266   -2863.4128571   -1050.2775908
-1031.3232867   -2864.1808033   -1040.7779217
-1027.842137   -2864.7742271   -1097.2657204
-1027.0237652   -2866.8415546   -1003.6864281
-1028.3208815   -2788.1906033   -1049.195528
-1029.412481   -2862.8852367   -1069.7815418
-1031.5720765   -2862.4520302   -1064.1025305
-1030.6303231   -2862.7610207   -1074.2001534
-1028.0257193   -2862.506628   -1098.3923674
-1028.8901059   -2774.7600079   -1060.9227419
-1029.6634165   -2782.9768658   -1029.6514034
-1029.5314518   -2771.5401649   -1061.476469
-1028.9007155   -2787.3923779   -1052.8510809
-1031.2792984   -2863.8403416   -1045.7998514
-1029.9521414   -2786.3285542   -1056.3862324
-1030.4797617   -2863.9416695   -1095.334053
-1030.7303397   -2866.2350178   -1005.6558847
-1030.5018155   -2779.3922424   -1026.568532
-1031.2493769   -2775.4733562   -1024.5950222
-1031.4237801   -2864.274025   -1082.980752
-1030.9368102   -2789.7439003   -1035.4191065
-1030.8457343   -2786.9763374   -1031.8664312
-1030.5781094   -2791.29076   -1040.4297113
-1031.1729638   -2859.7910404   -1097.7880955
-1031.2537877   -2782.053709   -1060.559988
-1031.404349   -2785.0835323   -1059.0473413
-1031.148049   -2861.9065285   -1096.5410471
-1031.5669505   -2792.958498   -1048.2788086
-1031.1783282   -2792.7262783   -1044.0427065
-1030.7247368   -2790.5907631   -1051.5949726
-1030.6708542   -2866.5254116   -1001.1560917
-1022.8265253   -2884.5586777   -883.7839961
-1023.3698813   -2885.0183487   -910.6208086
-1022.0813481   -2886.6219521   -904.3397307
-1024.0626065   -2868.2229519   -970.1855779
-1022.090408   -2866.989851   -985.6942892
-1022.0043389   -2866.9979572   -990.4366732
-1022.285196   -2867.0594692   -980.3206921
-1022.7080313   -2886.6221905   -897.6008296
-1021.7971531   -2882.7328682   -874.8188019
-1021.9638077   -2867.266655   -995.6791401
-1024.6355263   -2875.9939671   -942.9910183
-1023.6618248   -2874.5825291   -948.8767982
-1022.1247403   -2882.0242882   -925.1000881
-1023.6551491   -2882.7762604   -920.2897549
-1024.3067471   -2879.8594475   -930.1345348
-1025.5186287   -2866.9400215   -975.3260612
-1023.0848519   -2776.9885063   -914.8025513
-1023.853275   -2771.9442844   -893.8378096
-1022.3681656   -2877.3319721   -859.4487309
-1023.0658976   -2878.5085678   -864.361167
-1023.1845108   -2770.2758312   -926.6175032
-1025.9360997   -2778.1591415   -909.8988771
-1023.3604638   -2874.5882511   -853.8587689
-1025.6633488   -2870.7957268   -959.0523839
-1025.6068436   -2872.8494644   -952.5440931
-1025.8887736   -2869.2135811   -964.0986323
-1023.3103959   -2775.0217915   -921.7512608
-1025.0284401   -2880.2719116   -874.3582964
-1026.5019862   -2877.6979446   -869.4067001
-1023.1551854   -2772.6373672   -924.849093
-1024.3372647   -2777.1315575   -905.5745602
-1027.1149603   -2882.5674057   -888.6342645
-1025.2734152   -2776.4821053   -901.9546509
-1026.9229142   -2775.5761147   -897.5738287
-1027.3958174   -2876.991272   -936.1591935
-1025.3338543   -2881.4582825   -879.0048361
-1026.620361   -2883.7380409   -893.7445879
-1026.0576931   -2777.4267197   -918.2525277
-1026.8449513   -2769.9780464   -888.7643814
-1025.4778592   -2883.0873966   -915.6356454
-1027.126166   -2866.8274879   -999.1644025
-1026.4734951   -2866.6908741   -991.6305542
-1028.3127753   -2866.6715622   -994.7045445
-1026.8007246   -2866.5819168   -987.8432751
-1028.6513297   -2882.8418255   -899.0644217
-1028.6724297   -2882.7786446   -905.3894281
-1026.3641802   -2866.4500713   -983.8038683
-1026.9243447   -2880.402565   -924.3972301
-1029.5341936   -2865.9927845   -979.8096418
-1028.2134739   -2875.1618862   -865.2879
-1028.4390179   -2872.5235462   -857.9359055
-1028.5688368   -2880.3179264   -883.2985163
-1028.1692473   -2778.8109779   -914.6754742
-1026.6489712   -2771.2213993   -926.8229008
-1026.1634318   -2774.4102478   -924.1617322
-1027.0229308   -2776.3185501   -921.7380881
-1029.5852152   -2881.6154003   -912.4619961
-1029.0827481   -2768.3684826   -928.544879
-1028.9407698   -2880.8851242   -918.592155
-1028.1123845   -2872.9012012   -949.0076303
-1030.113074   -2774.1925716   -892.4510479
-1027.8506009   -2767.9607868   -885.437429
-1028.8095204   -2866.7113781   -970.9101319
-1030.303332   -2877.6495457   -929.464221
-1029.0350644   -2778.6967754   -904.5683742
-1030.9506384   -2874.2139339   -940.4443502
-1029.9814669   -2873.4567165   -944.375813
-1029.4875828   -2876.7170906   -873.0010986
-1029.4049708   -2777.7183056   -900.4769921
-1030.2958218   -2865.9179211   -974.9953151
-1029.8599926   -2868.2188988   -962.1050358
-1030.6664435   -2866.9991493   -965.8946991
-1030.0292698   -2778.3341408   -919.8364019
-1029.8870531   -2779.0455818   -917.3922539
-1028.3577172   -2774.0190029   -925.1765609
-1029.4052092   -2775.6478786   -923.8875508
-1029.8455683   -2774.4631767   -925.2743125
-1031.2086073   -2866.1053181   -985.0655198
-1031.6135613   -2866.4348125   -990.7056093
-1030.3202597   -2874.9947548   -869.3592548
-1031.2154023   -2770.2798843   -885.9216571
-1031.48863   -2772.1254826   -888.2132769
-1031.4130513   -2772.6285458   -926.9723892
-1026.1288611   -2872.0862865   -852.4789214
-1021.8929974   -2872.8325367   -847.0428586
-1022.1017329   -2825.8285522   -749.1843104
-1023.2772557   -2822.4778175   -736.9092107
-1023.5315291   -2849.6909142   -807.2087169
-1021.7086998   -2819.773674   -716.1514163
-1022.0523802   -2847.6023674   -801.7588854
-1025.0848261   -2843.5902596   -798.5498309
-1022.1903054   -2820.1117516   -720.1690674
-1024.4303671   -2833.7533474   -778.2769203
-1023.0743615   -2839.0953541   -787.7173424
-1023.6571757   -2836.6751671   -783.61696
-1022.0783678   -2862.5977039   -827.814281
-1024.8372284   -2863.6989594   -833.3193064
-1024.9324767   -2827.3804188   -761.7156506
-1023.7483708   -2855.9038639   -818.2263374
-1025.8357254   -2830.8603764   -773.4811902
-1023.7546889   -2859.030962   -823.6822486
-1024.1270987   -2829.8041821   -767.6011324
-1026.1074034   -2821.944952   -742.0963645
-1024.2193667   -2826.2188435   -755.9862733
-1023.4701363   -2840.2321339   -790.4303074
-1025.5173174   -2866.9548035   -840.2051926
-1025.2594677   -2865.3862476   -836.9559646
-1026.9962279   -2850.1825333   -812.4042749
-1026.4467923   -2818.5698986   -724.7622013
-1026.9360272   -2819.6775913   -732.7827215
-1025.8618323   -2824.041605   -751.1770725
-1024.3421523   -2818.3290958   -715.7164812
-1028.1773535   -2867.8977489   -846.0236788
-1028.093907   -2844.1801071   -803.3748269
-1028.6366669   -2859.6329689   -830.9885263
-1026.8559185   -2817.1987534   -717.1093225
-1028.2671181   -2821.9621181   -748.041153
-1027.2980658   -2838.0994797   -791.5174961
-1026.6022412   -2835.678339   -785.775423
-1027.3200003   -2820.0685978   -736.0507846
-1030.5533139   -2845.3361988   -808.4614277
-1029.4160572   -2831.7651749   -781.4707756
-1027.5261132   -2855.8113575   -822.840631
-1028.6593167   -2852.3688316   -818.3015585
-1028.2609192   -2826.0066509   -764.182508
-1027.9359547   -2828.5367489   -771.0559368
-1029.8635689   -2824.2874146   -761.7141008
-1029.9454657   -2822.8456974   -756.3518882
-1026.0246722   -2816.6761398   -709.2285752
-1028.230044   -2829.8904896   -775.1356363
-1029.6607939   -2840.4989243   -798.8957167
-1029.1168419   -2864.841938   -841.1358595
-1031.3818184   -2820.6934929   -750.4389882
-1029.7910897   -2815.9410954   -719.1703916
-1030.9819905   -2816.4310455   -726.5749574
-1029.6047655   -2836.2166882   -791.0047174
-1031.5962759   -2832.9622746   -787.255168
-1031.2670199   -2848.6871719   -815.1958585
-1031.3899247   -2854.7978401   -825.984478
-1031.0862986   -2813.990593   -708.7694407
-1021.903607   -2816.6995049   -668.2754755
-1024.1257874   -2815.3235912   -660.6928706
-1022.8962628   -2784.6574783   -628.5396218
-1023.9401785   -2815.9012794   -677.1202683
-1023.7077204   -2814.4865036   -652.6728272
-1025.1847235   -2816.7259693   -705.3838968
-1024.3586031   -2815.8550262   -683.6764812
-1023.7999884   -2816.4737225   -692.1303868
-1022.5013224   -2811.2604618   -637.8654242
-1023.4268633   -2812.1445179   -642.5415277
-1023.4676329   -2808.1429005   -634.5659494
-1022.5678412   -2802.9477596   -627.5727749
-1023.0058161   -2795.1617241   -625.8826256
-1022.0538107   -2799.0460396   -625.1172423
-1024.5474306   -2812.4446869   -647.2834945
-1024.0224329   -2790.7111645   -628.0644536
-1024.3980614   -2775.8579254   -632.3434711
-1024.9412981   -2780.5006504   -631.4116716
-1023.2413737   -2817.0773983   -697.2145438
-1025.7641999   -2816.2436485   -703.3420801
-1024.8886076   -2772.0348835   -633.8935494
-1023.9475695   -2804.7785759   -631.7195296
-1027.2351233   -2814.3868446   -675.0855446
-1027.0077912   -2814.1608238   -666.0168767
-1028.8996426   -2813.4036064   -670.3696251
-1024.079415   -2799.052   -627.8071404
-1025.6014792   -2808.3102703   -639.3834949
-1025.3613917   -2801.1221886   -631.0554147
-1026.1524645   -2784.1825485   -631.4978004
-1026.3499943   -2796.0343361   -630.2258372
-1030.6235281   -2813.0860329   -693.7392354
-1030.3067891   -2813.6327267   -699.778676
-1027.2581307   -2809.2844486   -644.5832849
-1026.8416134   -2804.0266037   -635.5301738
-1029.6065537   -2811.0656738   -656.5518975
-1028.0389515   -2810.3618622   -649.9807835
-1027.24466   -2814.6078587   -689.0361309
-1026.9549815   -2814.5549297   -679.4818044
-1027.8452364   -2789.2320156   -632.2823763
-1029.1547505   -2812.4296665   -662.5324488
-1029.8318592   -2813.1549358   -682.7700734
-1028.940293   -2773.8425732   -635.9060407
-1027.7439085   -2778.1767845   -634.0487003
-1029.7629563   -2783.1349373   -634.6081495
-1028.0074803   -2799.623251   -633.72612
-1029.6148983   -2804.5938015   -641.4488554
-1029.6034542   -2795.5863476   -634.8390579
-1030.2152363   -2800.262928   -637.6023889
-1030.5888382   -2812.0427132   -666.5816307
-1030.7727782   -2806.4687252   -647.1052766
-1031.5071074   -2792.1147346   -636.2679005
