-252.6347367   -1486.8603945   -1092.2020674
-253.6840168   -1491.7771816   -1077.7026415
-252.1111695   -1484.1246605   -1081.3988447
-253.1545488   -1482.6298952   -1089.3241167
-254.1067926   -1487.2699976   -1080.0094604
-254.9748746   -1490.1027679   -1093.2583809
-254.6501485   -1493.8007593   -1094.1407681
-254.9007265   -1482.2319746   -1086.1952305
-256.0001341   -1484.5809937   -1082.4158192
-255.2959649   -1485.3074551   -1090.6556845
-257.615122   -1483.9355946   -1089.0206099
-258.121523   -1490.7172918   -1079.2441368
-258.3012906   -1494.0863848   -1077.6621103
-256.0895411   -1496.6983795   -1076.3086081
-258.1612197   -1487.7687693   -1080.9175968
-258.6644021   -1489.1483784   -1092.1398401
-258.5817305   -1492.1646118   -1093.5511589
-261.4249317   -1485.6754541   -1089.2984867
-258.4930984   -1484.9122763   -1083.267808
-259.7959367   -1484.1415882   -1086.8061781
-257.9863993   -1498.5610247   -1094.7755575
-261.1118285   -1496.0260391   -1094.3105221
-251.6770092   -1498.5108376   -1094.4104195
-252.5327531   -1609.0968847   -1095.9324837
-253.7257997   -1590.5556679   -1096.4338779
-252.3262826   -1602.7011871   -1096.0268974
-251.8292395   -1548.6627817   -1096.1667299
-252.1201102   -1552.6726246   -1096.2693691
-252.612683   -1530.4785967   -1073.699832
-253.4246174   -1530.1148891   -1095.9634781
-251.7139641   -1619.6619272   -1095.6429243
-253.3998219   -1522.7366686   -1095.7481861
-251.7636148   -1516.1246061   -1074.2557049
-254.5920936   -1624.4367361   -1095.9038734
-253.7042228   -1577.0123005   -1096.5803862
-252.4547902   -1619.4812059   -1046.1291075
-253.9204089   -1516.49189   -1095.5793858
-252.5167791   -1520.9152699   -1074.1581917
-251.7490117   -1605.7382822   -1055.2527905
-253.0123321   -1602.2990942   -1056.7520857
-251.8985001   -1592.5872326   -1061.0707998
-254.3788282   -1526.0936022   -1073.7370253
-252.2630421   -1613.9622927   -1050.2235889
-252.5376407   -1611.1346483   -1051.9231558
-252.4850098   -1630.5218935   -1036.7771387
-252.048525   -1634.7749233   -1033.0847502
-253.5174219   -1500.3626347   -1075.0977993
-252.6281802   -1616.1367893   -1048.6316681
-252.5360314   -1545.8929539   -1071.3447332
-253.5463897   -1550.1168966   -1070.2934265
-252.2585718   -1574.9387741   -1065.5103922
-252.9646484   -1578.5918236   -1064.6767616
-252.0475713   -1627.5691986   -1039.4934416
-254.2993156   -1570.1117516   -1066.3944483
-251.6329018   -1542.3688889   -1072.1852779
-252.2788373   -1538.9825106   -1072.634697
-253.1174151   -1607.8970432   -1053.7205935
-253.572735   -1566.3701296   -1096.5895653
-254.0675727   -1614.4275665   -1096.0167646
-254.3000904   -1511.5820169   -1095.4008102
-253.4995405   -1624.972105   -1041.3366556
-253.255519   -1535.4073048   -1072.9916096
-255.34645   -1543.2006121   -1096.5327024
-254.9173561   -1503.0987263   -1094.9437618
-254.3865172   -1558.3456755   -1068.5913563
-257.7233044   -1564.3440485   -1067.1652555
-254.3939082   -1599.3391275   -1057.8747988
-257.5760213   -1535.7365608   -1096.6175795
-256.7730276   -1570.2718496   -1097.063899
-253.7879673   -1509.5083714   -1074.1400719
-257.530543   -1596.0698128   -1096.871376
-255.4183332   -1560.5649948   -1096.8283415
-256.2894551   -1554.5425415   -1096.8825817
-255.2550165   -1594.3176746   -1059.8193407
-256.6770641   -1505.4539442   -1074.3716955
-254.9712387   -1621.7529774   -1043.5352325
-256.5563647   -1582.5492144   -1096.9491005
-258.21546   -1629.0788651   -1096.2147713
-256.4089028   -1635.504961   -1095.9361792
-255.8577982   -1551.9310236   -1069.5437193
-256.2008826   -1585.8975649   -1062.6451969
-256.6653816   -1580.4952383   -1064.0046597
-254.2227236   -1590.258956   -1061.5313053
-257.4573485   -1507.8099966   -1095.4346657
-255.0244061   -1513.6630535   -1073.8663673
-255.2849976   -1541.6241884   -1071.6112852
-258.2392422   -1617.4483299   -1096.4605808
-255.3377477   -1605.1212549   -1054.7109842
-255.9047667   -1517.5905228   -1073.7413168
-256.2939254   -1548.9736795   -1096.7891216
-256.4942566   -1627.6507378   -1037.9368067
-256.7081181   -1575.1773119   -1065.2222633
-255.5263964   -1537.4252796   -1072.1902847
-259.0256063   -1602.7960777   -1096.9239473
-256.8203536   -1618.2304621   -1045.6860065
-256.9222776   -1631.5623522   -1034.1231823
-257.5957505   -1522.4807262   -1073.4167099
-258.9208213   -1610.2275848   -1096.7220068
-256.9753853   -1547.2691059   -1070.2290535
-256.8808524   -1608.6181402   -1052.2199869
-255.8424202   -1611.9332314   -1050.5092144
-256.545159   -1534.0373516   -1072.5114346
-258.337113   -1529.7625065   -1072.8622675
-257.2405664   -1601.5174389   -1056.0745001
-258.3330599   -1524.7392654   -1096.3379145
-259.1256825   -1519.1614628   -1096.1821079
-261.0126463   -1529.2105675   -1096.7968702
-257.3625175   -1598.0447531   -1057.7350855
-257.6051084   -1623.9339113   -1040.7329798
-258.4230629   -1500.9889603   -1075.2871037
-259.3688694   -1563.7542009   -1097.4332094
-257.2282282   -1614.4502163   -1048.3282804
-260.3642074   -1574.6743679   -1097.5841284
-259.2325536   -1511.400342   -1073.6736059
-259.0179173   -1513.1160021   -1095.867753
-259.0954033   -1589.94174   -1060.7784986
-260.6329647   -1570.74821   -1065.8866167
-257.9704253   -1555.3158522   -1068.6637163
-259.7973076   -1558.6678982   -1067.874074
-260.9349815   -1622.8015423   -1096.6392756
-260.9153716   -1503.2782555   -1095.3346491
-258.7669817   -1620.8916903   -1042.8110361
-257.7817766   -1515.0049925   -1073.5900402
-260.2924434   -1594.6209431   -1058.5113764
-260.3146759   -1537.1059179   -1071.4457035
-260.6703965   -1543.2846546   -1070.4143047
-259.8464815   -1604.3676138   -1053.7269115
-260.3764264   -1545.0319052   -1097.2534418
-258.8788597   -1551.5373945   -1069.2456961
-258.8207451   -1611.2657785   -1049.9168634
-260.9042851   -1517.2123909   -1073.2066631
-261.352512   -1497.9231358   -1076.7500401
-260.6000034   -1582.9739571   -1062.8547668
-259.8970858   -1586.3161087   -1061.9088411
-261.53675   -1549.8944521   -1097.5314379
-261.0455481   -1628.8052797   -1034.9212885
-261.2262098   -1625.688076   -1037.6549959
-259.5072714   -1533.1279039   -1072.2261667
-260.4714362   -1504.0892363   -1074.7205019
-260.9232394   -1507.1392059   -1074.2013454
-260.2080432   -1617.0428991   -1045.2904701
-261.2544624   -1631.8460703   -1031.7903757
-257.9930154   -1635.2953911   -1029.7368765
-261.5713803   -1612.8661633   -1047.7660894
-261.380705   -1597.7851152   -1097.3693132
-261.3247363   -1554.7088385   -1068.3715343
-261.5688769   -1632.6659918   -1096.4843035
-261.0501973   -1636.8335485   -1026.1161327
-252.4355379   -1759.5179081   -1101.5658379
-252.302858   -1702.3043633   -1097.6057053
-253.3378927   -1725.1597643   -1099.3950367
-253.6989776   -1695.5109835   -1097.1688032
-252.0763008   -1679.6290874   -1096.2586403
-253.6932556   -1670.9800959   -1096.0174799
-254.8051802   -1642.5443888   -1095.7369804
-252.0143119   -1641.9917345   -1025.2313614
-254.197332   -1663.8683081   -1095.8644152
-254.0365187   -1708.0178261   -1098.0528593
-252.7553765   -1638.5552883   -1028.8784504
-252.93878   -1748.4362125   -1101.0099649
-254.8907129   -1730.6771278   -1099.8352766
-255.2462546   -1736.8934155   -1100.2955437
-255.5309264   -1688.5687113   -1096.8075991
-252.4743406   -1646.1975574   -1008.5318089
-254.8042861   -1657.3679447   -1095.7927704
-256.6463081   -1650.0697136   -1095.8741903
-254.5048324   -1713.5483027   -1098.4898806
-252.2015301   -1646.2574005   -1003.6967993
-254.6037761   -1753.4050941   -1101.3125181
-254.1860072   -1741.430521   -1100.5964279
-255.6450693   -1719.3669081   -1098.9648104
-253.7468997   -1644.5083618   -1018.3240175
-253.530058   -1645.3977823   -1013.589263
-255.790445   -1682.2650433   -1096.5080261
-256.645712   -1770.1114416   -1102.0927429
-257.9000322   -1763.9331818   -1101.8605232
-255.4629175   -1676.9365072   -1096.2833166
-256.1656562   -1641.9066191   -1021.8734741
-255.7964651   -1744.9045181   -1100.8524895
-256.8218438   -1776.064992   -1102.3209095
-257.0211617   -1639.0757561   -1025.8625746
-258.282992   -1701.3846636   -1097.6299047
-256.0332743   -1704.6618462   -1097.8243351
-259.4676343   -1757.643342   -1101.5995741
-256.0472218   -1643.9151764   -1009.4130039
-255.6414334   -1644.1316605   -1003.9435625
-257.6290695   -1748.898387   -1101.1232138
-256.9253174   -1727.2921801   -1099.6077061
-258.7721077   -1724.3373394   -1099.3950367
-256.350073   -1643.5917616   -1014.2967701
-259.5500676   -1667.1007872   -1096.2148905
-259.7897974   -1673.4200716   -1096.3585377
-257.7894656   -1692.7684546   -1097.0858335
-260.8260242   -1696.2474585   -1097.3505974
-256.715211   -1642.7445412   -1018.5266733
-257.9501597   -1710.9920979   -1098.3231068
-259.4547597   -1706.8898678   -1098.0319977
-258.2933632   -1741.2728071   -1100.6546021
-259.7151724   -1660.631299   -1096.1347818
-259.512457   -1715.1032686   -1098.6626148
-259.7006289   -1752.4911165   -1101.3513803
-259.7558228   -1655.2299261   -1096.0994959
-259.863588   -1644.4534063   -1096.1523056
-259.1773001   -1733.5158587   -1100.1095772
-260.6252757   -1729.0488482   -1099.785924
-261.0593168   -1737.5081778   -1100.4273891
-260.3025166   -1679.2880297   -1096.5516567
-260.6165735   -1685.0773096   -1096.7841148
-261.0835163   -1690.6559467   -1097.0522165
-260.2966753   -1745.2244759   -1100.9438038
-258.8571636   -1642.103672   -1015.0479078
-259.281489   -1642.1655416   -1010.7908249
-258.8255135   -1642.5020695   -1006.5163374
-260.6608597   -1640.6530142   -1018.8896656
-260.8980266   -1639.0051842   -1022.8648186
-260.9447566   -1767.9238319   -1102.068305
-261.5833012   -1761.3071203   -1101.8033028
-261.6111366   -1641.2736177   -1008.0980062
-261.6108982   -1641.6000128   -1004.2493343
-259.0555278   -1642.6157951   -1002.6465654
-251.6437498   -1645.1352835   -939.5496845
-252.6656715   -1640.1329041   -917.0854092
-251.6625253   -1648.2633352   -954.8230171
-253.0485121   -1647.8985548   -969.4039226
-252.3461906   -1638.1735802   -898.9980221
-251.8079606   -1643.6206102   -932.8519702
-251.8368093   -1638.7774944   -886.9557381
-252.8377501   -1638.1446123   -892.3247457
-254.1575757   -1641.9482231   -924.4932532
-254.0906397   -1648.4822035   -963.9063478
-252.0696846   -1646.6788054   -985.5878353
-251.674029   -1647.1595764   -980.6169271
-252.4132458   -1643.6567307   -862.3390794
-254.8167435   -1644.1994905   -857.3280573
-252.3283688   -1647.7512121   -950.7514834
-253.8897721   -1641.7809725   -866.2905097
-253.336939   -1639.0974522   -911.7310643
-252.3392764   -1646.1929083   -994.1426516
-253.9937226   -1646.7545033   -976.3825536
-255.8747856   -1649.1146088   -957.9902887
-253.3609001   -1645.4753876   -998.9517927
-253.9651123   -1638.5096312   -882.6569915
-256.7538349   -1639.3270493   -871.5125918
-255.0858585   -1646.7542648   -944.1019297
-254.5262901   -1647.657156   -948.202014
-254.7291843   -1645.2959776   -990.2124405
-257.8788129   -1637.7261877   -878.7235022
-257.7867237   -1637.2592449   -902.3166895
-255.1409928   -1638.1014585   -906.5546989
-257.0361225   -1645.1103687   -935.9226823
-256.5316287   -1646.1313963   -940.2131438
-256.904277   -1648.8602161   -952.211082
-256.0456721   -1645.6266642   -981.313765
-257.8029362   -1643.8461542   -930.3008318
-258.613321   -1636.7893219   -886.6627216
-256.2459437   -1645.1609135   -985.096693
-255.2070347   -1644.7805166   -994.8125482
-258.2652298   -1636.74891   -895.0957656
-255.9770671   -1642.1176195   -861.8879318
-258.634421   -1639.5046711   -914.3249393
-259.2336861   -1641.0349607   -919.5503592
-257.1082441   -1646.6816664   -973.7196565
-258.8416068   -1647.6113796   -968.4443474
-261.5345446   -1638.7205124   -911.5827084
-258.1933466   -1643.3118582   -997.9422092
-258.9275566   -1640.0563717   -864.7007346
-256.8052141   -1645.945549   -978.1761765
-259.3046752   -1649.4086981   -961.9256854
-260.918471   -1643.006444   -924.8869419
-258.6332289   -1648.3365297   -946.9367266
-257.576379   -1643.9970732   -992.8356409
-258.7025491   -1644.1346407   -988.6597991
-260.0175468   -1641.2950754   -858.9057922
-259.959015   -1643.0226564   -853.8766503
-256.2702028   -1646.0744143   -850.5836129
-259.3508092   -1647.4112272   -942.4421191
-260.0810257   -1637.7298832   -906.7373872
-260.151538   -1644.5999146   -983.6623669
-259.5298616   -1646.4911699   -938.9458895
-259.1008274   -1646.0291147   -976.4165282
-260.3627769   -1645.5686092   -978.2871008
-260.5933277   -1645.2543736   -933.131814
-261.1846653   -1646.2658644   -936.1904263
-260.9296171   -1646.5864182   -973.6311436
-261.2524954   -1643.0156231   -992.6393628
-261.2160174   -1642.0952082   -1000.669837
-251.6487566   -1679.8665524   -810.4521632
-252.528402   -1722.6297855   -782.9991579
-251.7289845   -1665.6650305   -823.6563802
-251.6729561   -1744.0837622   -773.9145756
-253.1847683   -1711.4980221   -790.4475927
-252.2737113   -1754.4634342   -769.7957158
-252.3340312   -1668.7972546   -819.7481632
-252.9717413   -1701.1561394   -797.4687219
-253.1028119   -1694.1115856   -801.2088537
-253.0318228   -1764.7931576   -768.1647539
-253.2898513   -1770.1832056   -768.3814168
-253.8482872   -1686.7996454   -804.4553995
-253.8247434   -1682.6251745   -806.9713712
-252.403411   -1675.6331921   -813.242197
-252.3358194   -1662.284255   -827.1105289
-252.2946922   -1659.9867344   -830.0964236
-254.1977493   -1728.7205458   -777.9878974
-253.1174747   -1725.4536152   -780.7941437
-252.3820726   -1759.7067356   -768.9384222
-253.9314953   -1649.214983   -846.3060856
-254.0915934   -1651.4395475   -841.7408466
-252.659115   -1648.2132673   -850.0686884
-254.386994   -1669.9559689   -816.8843985
-254.412922   -1672.7311611   -814.2526746
-253.8646785   -1655.5936337   -834.919095
-254.6192137   -1657.3598385   -831.5220475
-255.4365126   -1733.3214283   -774.533093
-255.8737127   -1652.8811455   -837.3094797
-254.6244589   -1775.1928568   -768.1888938
-253.842744   -1749.5750189   -769.2722082
-256.512436   -1716.2528038   -783.6030126
-254.4415919   -1742.5556183   -771.4442015
-256.0879914   -1738.071084   -771.592617
-254.0034977   -1705.2782774   -794.2319512
-257.2614876   -1675.4726171   -809.8293543
-255.6929914   -1679.7944307   -807.6108098
-257.1293441   -1665.7553911   -819.1154599
-256.091508   -1661.9979143   -824.1844773
-255.3547946   -1757.3611736   -765.9216523
-255.8111278   -1752.6211739   -766.2060857
-255.5079786   -1659.3577862   -827.9797435
-255.01779   -1761.2757683   -766.0549879
-256.5225688   -1722.3342657   -779.376626
-257.3811737   -1711.9899988   -786.0820889
-257.0369569   -1694.745183   -798.1225252
-257.5473515   -1702.3016214   -793.1634784
-258.5718361   -1696.9541311   -795.7118154
-256.721708   -1767.7485943   -764.8008466
-256.5119592   -1763.7964487   -764.6418214
-259.4300834   -1688.8492107   -799.6404767
-258.0851046   -1725.3602743   -776.0417461
-256.3775507   -1771.6773748   -765.8861876
-261.1227957   -1705.3034306   -787.6057625
-257.8517458   -1705.6409393   -790.3952131
-259.4818202   -1681.3852787   -803.9636016
-256.2816469   -1748.2143641   -766.9408321
-257.718536   -1654.5016766   -832.9347372
-256.3385693   -1649.4197845   -843.1091905
-259.2918006   -1647.2741365   -844.3697095
-258.1603853   -1649.9701738   -840.1296735
-257.7480403   -1729.188323   -774.235189
-258.0079166   -1669.9317694   -814.185679
-259.8058311   -1739.6079302   -766.7378187
-259.4706146   -1745.1529503   -764.4225955
-258.1371395   -1656.6087008   -829.4600248
-258.0328313   -1760.5240345   -763.0348802
-259.1805188   -1755.5718422   -762.0530128
-257.946047   -1733.2351208   -771.9588876
-259.7074834   -1658.400178   -825.7906437
-258.5301725   -1750.4583597   -763.7555599
-260.7371537   -1651.2805223   -835.3717327
-260.4758469   -1735.3403568   -768.1955099
-260.2304546   -1661.2360477   -821.8327761
-258.616182   -1770.7260847   -763.8191581
-259.0336529   -1774.4187117   -764.716208
-259.9617568   -1764.5839453   -761.4340186
-261.4045469   -1716.2944078   -778.9004445
-260.3709427   -1721.5681076   -776.152432
-259.9446503   -1768.3494091   -762.0690465
-260.971996   -1692.5717592   -796.4038253
-261.622223   -1666.5114164   -814.994514
-260.2733103   -1702.1929026   -790.7319665
-260.402414   -1730.1754951   -771.063447
-261.3466112   -1771.3344097   -762.0272636
-258.580598   -1779.5301676   -766.8733001
-251.9956557   -1892.9685354   -1107.0261002
-252.2732941   -1789.6368504   -1102.7758121
-253.062698   -1800.4829884   -1103.1844616
-252.2575585   -1850.476265   -1105.3439379
-251.7892448   -1876.1214018   -1106.33111
-253.7929145   -1898.6545801   -1107.2765589
-251.6881553   -1840.1589394   -1104.8811674
-255.0279824   -1836.0862732   -1104.6990156
-252.3520914   -1810.7018471   -1103.5823822
-252.9681054   -1855.4520607   -1105.5562496
-253.4787384   -1859.9432707   -1105.7362556
-254.6944348   -1825.78969   -1104.2227745
-253.2577244   -1784.6310139   -1102.6023626
-253.9306609   -1794.5045233   -1102.9788256
-253.6581484   -1817.1533346   -1103.8490534
-254.0523735   -1813.9801025   -1103.7204266
-254.0081469   -1880.738616   -1106.5067053
-254.989597   -1806.8541288   -1103.4405231
-256.1552254   -1820.3681707   -1103.9845943
-256.6660372   -1889.1992569   -1106.8389416
-256.5017072   -1884.3467236   -1106.6408157
-256.1054555   -1841.9072628   -1104.9746275
-256.4424006   -1847.1665382   -1105.2157879
-256.4763156   -1904.4752121   -1107.5214148
-255.2119819   -1867.934823   -1106.0372591
-257.4146119   -1863.2194996   -1105.8697701
-254.8814742   -1909.7100496   -1107.7824831
-255.9627024   -1872.5479841   -1106.2030792
-257.0419041   -1781.7562819   -1102.5391817
-256.3576428   -1830.7873011   -1104.4534445
-256.006631   -1914.8626328   -1107.9910994
-256.2789647   -1876.9828081   -1106.3630581
-257.2071282   -1894.6276903   -1107.0706844
-257.0414273   -1852.3467779   -1105.44312
-256.970617   -1786.8356705   -1102.7308702
-257.1572987   -1791.5356159   -1102.9031277
-256.6338507   -1811.3253117   -1103.6174297
-257.5523583   -1857.5111628   -1105.6544781
-257.7737895   -1796.0848808   -1103.0658484
-258.0276457   -1803.9354086   -1103.3377647
-259.6695153   -1800.1232147   -1103.2058001
-257.6807467   -1815.82129   -1103.7946939
-258.7011782   -1899.1365433   -1107.2570086
-258.8143078   -1880.3786039   -1106.482029
-259.8364083   -1823.4165907   -1104.108572
-260.0590316   -1828.0385733   -1104.3190956
-259.1423718   -1909.9144936   -1107.7325344
-259.7393123   -1808.0173731   -1103.4874916
-261.5092126   -1839.0114307   -1104.8401594
-260.6215803   -1833.0869675   -1104.5563221
-260.3536574   -1868.4403896   -1106.0557365
-260.8723966   -1875.0920296   -1106.284976
-260.289642   -1919.6799994   -1108.1234217
-254.6529499   -1921.9381809   -1108.2998514
-260.8819333   -1844.3020582   -1105.0937176
-260.5546442   -1819.2944527   -1103.9278507
-261.2746684   -1849.2664099   -1105.3185463
-261.1021725   -1902.2247791   -1107.3635817
-260.9555451   -1812.4893904   -1103.6531925
-261.2789003   -1891.8292522   -1106.9164276
-261.224362   -1784.4187021   -1102.6722193
-260.8760325   -1788.9556885   -1102.8339863
-261.1313192   -1793.0929661   -1102.9764414
-260.8651248   -1895.9293365   -1107.0940495
-261.5694133   -1864.128232   -1105.9062481
-251.7883507   -1866.1407232   -803.0440211
-252.3148981   -1785.1766348   -772.606194
-251.8994538   -1910.5296135   -839.4752145
-252.2248355   -1859.4583273   -798.2635498
-252.0603863   -1896.6517448   -831.3795328
-251.6690818   -1900.4371166   -833.7066174
-253.0160276   -1850.8672714   -791.8893099
-253.8672415   -1854.5265198   -793.9565778
-252.9641715   -1836.396575   -785.6351137
-252.9518334   -1825.5184889   -782.7513814
-253.6981431   -1829.7964334   -783.2612991
-253.6535589   -1875.885725   -810.3528619
-253.876361   -1872.3208904   -807.4766994
-252.1367399   -1915.1593447   -842.4811363
-253.8115708   -1820.13309   -780.954659
-253.8354126   -1780.3577185   -770.1985836
-253.888282   -1798.854351   -775.8296728
-253.7052361   -1803.77388   -777.6988149
-254.7083227   -1865.281105   -802.3971915
-253.623995   -1846.9564915   -789.5115018
-253.637406   -1879.6575069   -813.6538863
-253.0044047   -1882.5112581   -816.4488673
-253.7793247   -1794.1120863   -774.1973996
-253.7913648   -1885.1164579   -819.9045062
-253.4352271   -1887.3183727   -822.4169612
-254.5636026   -1842.441678   -786.9436741
-254.3806163   -1809.2881441   -778.7995934
-255.3974716   -1789.7356749   -771.8442082
-253.9413301   -1906.2310457   -837.9147649
-254.9000112   -1868.8150644   -804.941535
-255.6832162   -1890.8610344   -827.2696137
-256.2685934   -1893.8865662   -830.5447698
-255.2576987   -1888.476491   -824.4534135
-255.9426156   -1816.5661097   -779.1139483
-255.9497086   -1812.5998974   -778.5735726
-255.7002036   -1902.0596743   -836.2898827
-255.5882064   -1898.3149529   -833.9434862
-256.5465299   -1912.334919   -842.8258896
-256.4261881   -1908.0628157   -840.1513696
-256.3810674   -1895.6165314   -832.0862055
-255.4105846   -1917.5238609   -845.7558751
-258.0749718   -1857.7983379   -795.1152921
-260.282549   -1861.9068861   -798.8765836
-257.4699251   -1785.0067616   -769.2146897
-256.8695275   -1827.1553516   -780.5452347
-256.0510365   -1823.9337206   -780.3121805
-256.5632788   -1834.2821598   -782.7355266
-258.3641139   -1838.8515711   -783.3619714
-256.7010847   -1882.2586536   -817.1361089
-256.9160191   -1850.0659466   -789.5001173
-257.1916906   -1852.6024818   -791.0405993
-255.9640137   -1793.4799194   -772.7329731
-257.7075688   -1886.2482309   -822.4617839
-257.2983829   -1846.6494083   -787.4031663
-258.4238378   -1877.2019148   -812.1286035
-257.2064725   -1873.7689257   -808.9776039
-258.3433715   -1831.2041759   -780.7545662
-259.0343682   -1801.2611866   -773.6052275
-257.2466461   -1808.2932234   -776.9711018
-258.9984862   -1804.3607473   -774.7439742
-257.7048866   -1820.2914   -778.5821557
-259.1821281   -1854.3900251   -791.5831208
-257.61995   -1870.9676266   -806.6487312
-257.854077   -1797.0821857   -772.7482319
-258.1648556   -1905.3856134   -839.3472433
-259.3641011   -1843.9629078   -785.040319
-259.7201792   -1867.1011925   -803.8401604
-258.3161322   -1892.5548792   -829.8371434
-258.8220564   -1888.4010315   -825.3722191
-259.0647665   -1793.579936   -770.7883716
-259.1463653   -1789.4024849   -769.6034312
-259.2608658   -1899.102807   -835.8573318
-258.5198013   -1896.7484236   -833.7645531
-260.4516474   -1890.354991   -828.004539
-260.4306666   -1902.4441242   -838.526547
-259.1970292   -1815.7846928   -777.0721316
-260.3886453   -1812.6268387   -776.0580182
-259.3954531   -1824.0596056   -778.3048749
-259.6792308   -1894.4472075   -832.0891261
-259.7802011   -1908.5003138   -842.0606852
-259.1443983   -1914.9472713   -846.0277319
-261.1003844   -1911.4613533   -844.7462916
-259.7379414   -1834.933877   -781.1543941
-260.2304546   -1882.810235   -818.6337948
-261.046323   -1880.0253868   -815.4847622
-261.0776154   -1828.2004595   -778.3764601
-259.7954003   -1848.1129408   -786.9247198
-260.5607239   -1851.7545462   -788.9344692
-260.2153746   -1808.185339   -775.1302123
-260.9781352   -1783.442378   -766.6977644
-261.5654794   -1787.0776653   -767.399013
-261.59856   -1819.9945688   -776.2210965
-261.4208189   -1884.419322   -820.966661
-260.5861751   -1796.9076633   -770.7154155
-261.321458   -1856.5083742   -792.7954793
-259.7472993   -1918.6191559   -848.9986658
-261.3616315   -1795.6722975   -769.8106766
-251.8205372   -1986.803174   -1110.5954647
-251.7235605   -1928.7031889   -1108.5927486
-251.73268   -2053.1549454   -1112.4713421
-253.1690327   -2032.5467587   -1111.8764877
-252.8477041   -1964.9064541   -1109.747529
-252.4891225   -2058.7875843   -1112.5651598
-252.1493164   -1959.4550133   -1109.5570326
-252.5148717   -1934.0018034   -1108.7687016
-252.5159446   -2041.4493084   -1112.1505499
-252.9642908   -2012.6969814   -1111.315608
-253.3099977   -2000.7379055   -1110.9807491
-255.1904646   -1992.2994375   -1110.674262
-254.7079054   -1944.9880123   -1109.0432405
-253.0179945   -1973.6298323   -1110.0902557
-253.9276806   -1977.9980183   -1110.2290154
-254.1922656   -2022.4385262   -1111.5496159
-254.7967163   -2027.4574757   -1111.6694212
-254.7736493   -1969.9420929   -1109.8932028
-254.5075146   -1982.5781584   -1110.3767157
-254.1303364   -2037.519455   -1111.977458
-254.9472777   -1950.9105682   -1109.2077494
-253.4619895   -2008.6035728   -1111.1880541
-256.4289299   -2004.9569607   -1110.9983921
-256.4674345   -2049.3133068   -1112.1530533
-255.4360954   -2044.5351601   -1112.0954752
-256.5510003   -1956.3385248   -1109.3410254
-257.3745576   -2016.5667534   -1111.279726
-255.3955046   -1997.2324371   -1110.8192205
-255.2181808   -1936.0541105   -1108.7948084
-257.2450367   -1939.5436049   -1108.8514328
-256.2796799   -1932.2468042   -1108.6550951
-257.95463   -1927.2249937   -1108.4500551
-257.361087   -2055.5500984   -1112.2434139
-257.6861111   -1986.3340855   -1110.4068756
-255.8843223   -1961.149931   -1109.5234156
-257.0627061   -2040.5082703   -1111.9250059
-256.8985549   -1967.0293331   -1109.7172499
-257.4068633   -1964.094758   -1109.5912457
-257.3147146   -2010.4444027   -1111.1174822
-257.8873364   -1974.1411209   -1109.9652052
-258.1308214   -2035.6442928   -1111.7573977
-259.168419   -2030.0166607   -1111.5716696
-257.3853461   -2000.2667904   -1110.8425856
-259.3280999   -1980.3676605   -1110.1514101
-258.0659715   -2025.3989697   -1111.4920378
-259.266111   -2021.7139721   -1111.3522053
-259.234461   -1923.4595299   -1108.2929373
-258.5000125   -1948.4033585   -1109.0574265
-258.5605112   -1969.7525501   -1109.7764969
-258.9091388   -1952.1710873   -1109.154582
-259.6107451   -1996.4026213   -1110.6600761
-261.4628402   -1990.9267426   -1110.4346514
-258.4559051   -1935.5169535   -1108.719945
-260.5433194   -2044.6763039   -1111.853838
-260.5175105   -1960.9134197   -1109.3964577
-260.8725158   -2007.4198246   -1110.9237671
-260.9227625   -1966.4452076   -1109.5844507
-261.6070835   -2039.26301   -1111.6893291
-257.2041479   -2061.8031025   -1112.3784781
-252.8261272   -2018.0630684   -900.5627632
-253.9727417   -1970.4467058   -883.4621906
-252.0988313   -2007.9090595   -899.3701339
-252.1085469   -2037.0275974   -900.0173211
-253.7311045   -1985.5388403   -889.3213868
-254.0379492   -1979.5459509   -887.0597482
-252.1303622   -1943.8351393   -860.4264259
-253.5871593   -1995.8549738   -894.0097094
-253.6186901   -2000.3037453   -896.0911632
-254.856023   -2054.3859005   -897.1990347
-252.9398528   -2012.5870705   -899.9039531
-254.2672483   -2024.5087147   -899.8456001
-253.542873   -1963.3147717   -871.8002439
-252.1957485   -1988.6548519   -891.4135695
-253.5240976   -1948.1737614   -863.0453944
-253.0874339   -2030.0309658   -900.0326991
-255.4457513   -1991.7743206   -890.9463882
-254.6404926   -2047.1112728   -897.5314498
-253.9587346   -2041.6471958   -898.3494043
-254.6493141   -1965.7648802   -877.9198527
-253.9158193   -1956.4402103   -866.4749265
-255.0325123   -1959.8989487   -869.6207404
-255.3893653   -1973.9599228   -884.8217726
-255.3751198   -2004.8766136   -896.7161775
-255.4685203   -1952.4312019   -865.8252358
-255.2326647   -1938.8333559   -859.7399592
-251.8725125   -1936.2243414   -856.3427329
-254.4570295   -1970.2714682   -883.3056688
-256.5985648   -1966.1630392   -879.4564605
-254.9596754   -2033.290863   -898.6665606
-255.5124489   -1963.9132023   -874.8999238
-256.19373   -2009.791851   -897.5404501
-256.3921539   -2037.4045372   -897.4134922
-255.2834479   -1943.8537359   -862.336278
-256.8858591   -2014.5645142   -897.9235291
-258.1987707   -2019.9103355   -897.5408077
-256.5949885   -2029.0980339   -898.1416821
-257.7720014   -1947.1042156   -865.1431203
-257.7365962   -1961.3287449   -873.4456897
-259.2384545   -2000.9973049   -893.1686282
-258.5151521   -1994.5862293   -890.5528188
-258.824381   -1983.181715   -886.0667348
-258.2813827   -1989.3378019   -888.3811831
-256.6547719   -1968.305707   -881.7179203
-256.9701401   -1955.8832645   -868.4383035
-259.2385737   -2041.782856   -895.5051303
-258.200976   -1978.1095982   -884.9240541
-259.250137   -2025.7501602   -896.848321
-259.593877   -1970.1651335   -882.5843334
-259.4328848   -2048.571825   -895.1591253
-261.0600916   -2053.6248684   -894.5665359
-258.8557331   -2057.8989983   -895.577848
-254.7160713   -2061.3400936   -897.1767426
-258.9121786   -2033.2148075   -896.4372277
-260.1185171   -1957.5705528   -871.8551397
-258.1478683   -1941.7073727   -863.0017042
-259.2462627   -1937.8926754   -861.5078926
-259.2081753   -1933.6379766   -858.9420319
-255.2678911   -1933.9904785   -856.9176197
-260.0430576   -2007.468462   -894.7896957
-260.5815259   -1974.6448994   -883.2122684
-259.7768036   -1952.3653984   -868.8035011
-259.6564618   -1962.9203081   -877.0816922
-259.7632138   -1965.9501314   -880.1724911
-259.4313947   -2011.7154121   -896.0403204
-259.3208877   -2037.4219418   -895.7946897
-259.5162717   -2029.4427872   -896.443665
-261.3635389   -2015.4442787   -895.3689337
-261.398646   -1959.5371485   -874.6048212
-261.0486475   -1943.4179068   -865.5079007
-261.6253821   -1947.8417635   -867.9619431
-261.1793605   -1939.8707151   -863.7268543
-260.9357563   -1927.9925823   -856.1597466
-257.0523945   -1930.598259   -855.7306528
-252.597603   -1921.9605923   -847.3693132
-252.9396144   -1931.0852289   -853.7836075
-252.5101034   -1926.3763428   -850.3803611
-255.3537218   -1923.6615896   -850.0467539
-256.8040816   -1926.6290665   -852.9016376
-256.3209263   -1920.8672047   -848.6078382
-258.341643   -1922.596693   -850.9539366
-260.2248517   -1924.4213104   -853.3056378
-261.4041892   -1921.5468168   -851.9952893
-253.0921427   -2122.5554943   -1112.8104925
-253.1815497   -2097.556591   -1112.8976345
-253.4675328   -2194.290638   -1111.1449003
-253.180596   -2200.376749   -1110.9982729
-253.0124513   -2132.5557232   -1112.6903296
-252.2484986   -2064.0408993   -1112.6849651
-252.5548664   -2183.9396954   -1111.5393639
-252.1581975   -2108.7884903   -1112.968564
-252.1872846   -2151.437521   -1112.418294
-254.1717616   -2155.6692123   -1112.1188402
-252.5475947   -2178.9460182   -1111.6787195
-253.9139716   -2167.0310497   -1111.8555069
-254.4598905   -2189.063549   -1111.1881733
-254.6629635   -2086.5077972   -1112.7899885
-253.8337437   -2147.6492882   -1112.3367548
-256.3351122   -2103.3480167   -1112.6574278
-254.2882887   -2175.0736237   -1111.6013527
-254.5361248   -2161.5543365   -1111.9337082
-254.7989217   -2080.1844597   -1112.760067
-255.7103959   -2127.5782585   -1112.51688
-256.2590567   -2142.3707008   -1112.2016907
-256.0850111   -2136.6882324   -1112.3287678
-256.5017072   -2116.527319   -1112.5656366
-255.0837723   -2075.0014782   -1112.7028465
-256.8268505   -2069.0367222   -1112.5217676
-256.6452948   -2092.5643444   -1112.667799
-254.4861165   -2112.2353077   -1112.7699614
-255.3550927   -2171.1997986   -1111.5956306
-258.0783097   -2109.8217964   -1112.4851704
-255.6231944   -2151.2022018   -1112.0821238
-257.5078932   -2179.438591   -1111.1366749
-258.6034266   -2185.7204437   -1110.8334064
-258.5916845   -2132.2295666   -1112.1716499
-258.7146489   -2122.9526997   -1112.3042107
-259.1785518   -2097.4731445   -1112.4753952
-259.0074865   -2191.7312145   -1110.6097698
-258.4717003   -2197.726965   -1110.4872227
-258.906993   -2148.0391026   -1111.8205786
-258.8178841   -2164.6673679   -1111.4104986
-258.0168573   -2168.9875126   -1111.3777161
-259.7928373   -2158.7572098   -1111.4661694
-259.0210167   -2153.1960964   -1111.6887331
-259.2337457   -2173.4075546   -1111.1261845
-259.5684854   -2082.3991299   -1112.483263
-258.8234869   -2077.2588253   -1112.5085354
-258.2203475   -2073.6980438   -1112.5123501
-260.7164112   -2127.5496483   -1112.0544672
-261.490914   -2143.6891556   -1111.653924
-260.3779165   -2101.4242172   -1112.3621464
-260.2992979   -2093.272686   -1112.41889
-261.144611   -2064.4021034   -1112.2062206
-257.830414   -2202.8346062   -1110.4025841
-252.048525   -2093.1854248   -891.7247057
-252.3758737   -2080.70755   -897.7718353
-252.3267595   -2106.8217754   -869.02529
-254.3381778   -2104.0561199   -872.6112843
-253.6332933   -2101.2620926   -877.6528835
-252.0422069   -2113.7309074   -860.322237
-253.4562675   -2085.1464272   -896.6778517
-253.8262335   -2098.9043713   -882.8003407
-252.0339815   -2116.7154312   -856.415987
-253.8212267   -2076.1942863   -898.0308175
-253.6311475   -2071.4201927   -898.0025053
-255.2247373   -2067.2540665   -897.3714709
-255.7926504   -2110.7797623   -862.0231748
-254.7501055   -2108.4549427   -865.9976125
-256.5715042   -2095.5338478   -889.5602226
-257.0055453   -2097.7592468   -885.9594464
-258.2279769   -2092.0481682   -892.9554224
-256.6061942   -2087.8472328   -895.491302
-255.2683083   -2113.8451099   -857.6773405
-255.7319132   -2106.4276695   -868.5766459
-257.8901974   -2084.2378139   -896.5304494
-258.2939593   -2079.7986984   -897.2350955
-258.116099   -2076.8823624   -897.4052072
-260.0790588   -2072.5522041   -896.907568
-257.9279272   -2100.7144451   -879.1432381
-257.1701733   -2102.3144722   -875.6033778
-258.6618987   -2099.3354321   -882.7775121
-258.5844127   -2105.291605   -869.8165417
-258.7320534   -2103.5907269   -873.0376959
-260.3991357   -2062.2737408   -895.547092
-258.6927143   -2107.688427   -865.5447364
-258.513364   -2112.1132374   -858.6894274
-257.998201   -2114.4523621   -855.3695083
-256.0307709   -2116.6186333   -853.3539176
-260.1161925   -2109.7314358   -861.561358
-259.9140731   -2097.1007347   -887.8078461
-260.9127489   -2095.5636501   -890.1819587
-261.5741221   -2098.7026691   -885.0331903
-261.2153617   -2102.4281979   -875.8094311
-261.557254   -2110.1441383   -860.9157801
-260.883185   -2113.3778095   -856.1873436
-252.0217029   -2151.9398689   -816.9813752
-253.1818477   -2183.0456257   -778.8969874
-252.923998   -2169.7435379   -794.9148417
-251.8415181   -2154.9875736   -813.6537075
-253.2874075   -2186.6087914   -724.39605
-254.7985045   -2188.2696152   -743.0804372
-251.6550151   -2189.3575191   -755.7471991
-252.4046627   -2189.1686916   -712.5876546
-252.4968115   -2119.9212074   -851.898253
-252.0947782   -2188.2653236   -764.2017603
-252.4868575   -2189.3348694   -752.0094514
-253.0669896   -2187.0183945   -769.0522075
-252.5889603   -2176.0571003   -787.320137
-254.7572581   -2173.0706692   -790.7482982
-256.3240258   -2179.4188023   -783.4000587
-252.4459092   -2123.1064796   -848.0395079
-255.8510033   -2162.6951694   -804.4535518
-254.3137399   -2187.1283054   -719.8124528
-253.9626089   -2187.4010563   -737.0622754
-256.4646927   -2188.0426407   -715.4614329
-251.740369   -2133.3801746   -836.5988135
-253.66244   -2190.6912327   -709.0960741
-253.4852353   -2134.4840527   -834.1090083
-253.7618605   -2142.6339149   -825.7642388
-257.1033565   -2184.8134995   -774.477005
-255.5309264   -2186.3849163   -729.7910452
-257.3108999   -2158.9038372   -810.0168109
-255.8716265   -2188.7700558   -749.4340539
-254.9987761   -2126.5654564   -841.6494727
-254.3540326   -2123.8222122   -845.3910351
-258.3167879   -2147.5219727   -822.7440715
-255.0956336   -2137.6633644   -829.9772143
-255.2057234   -2186.7618561   -733.7678075
-254.79767   -2131.459713   -836.2540007
-254.5754639   -2129.6267509   -838.4779692
-254.4109551   -2188.8082027   -758.1178546
-255.3289262   -2188.2283688   -761.749506
-257.1008531   -2167.3603058   -798.4026074
-255.5350391   -2188.8644695   -754.4107437
-260.4464618   -2154.4313431   -816.6648746
-260.3057352   -2157.1588516   -813.1431341
-260.5520812   -2151.4790058   -819.7185397
-255.8719841   -2187.484026   -765.5634284
-257.0328442   -2189.5194054   -711.1715674
-255.3106276   -2120.942831   -848.3671546
-255.906674   -2118.4306145   -851.2274623
-258.1896511   -2175.7404804   -787.5848413
-257.9180328   -2171.0448265   -793.6972976
-258.7154237   -2186.3977909   -768.7232494
-259.4158975   -2181.6394329   -780.2527547
-257.4838725   -2186.5558624   -722.5835919
-258.9590279   -2186.1526966   -726.312995
-257.4263541   -2131.8879128   -834.4251513
-259.8466007   -2140.5777931   -829.1365504
-258.8300434   -2144.6294785   -825.5583644
-257.838103   -2186.955452   -738.0912304
-259.2521039   -2187.0014668   -719.4461226
-258.0301491   -2122.3468781   -844.5984721
-257.8881709   -2188.2045269   -758.59797
-257.5705973   -2128.9055347   -837.3209834
-258.1285564   -2173.299551   -790.7207608
-260.5575649   -2187.8759861   -747.1951246
-261.4609329   -2187.1085167   -742.194891
-259.8463622   -2124.3889332   -841.080308
-258.7025491   -2135.420084   -832.1549296
-258.4826676   -2186.3648891   -733.9563966
-258.7800948   -2118.5810566   -849.4806886
-260.967764   -2120.2807426   -847.2106457
-260.0649325   -2187.0880127   -763.9468908
-260.7916323   -2188.0538464   -752.3610592
-260.9925   -2166.1076546   -801.3761044
-260.8349053   -2178.8239479   -784.013927
-260.7081262   -2188.7786388   -712.8539681
-258.6592761   -2132.661581   -833.8304758
-261.3674132   -2190.251112   -709.1788054
-257.599446   -2190.8814907   -708.1372142
-259.1442195   -2126.5919209   -838.9515281
-259.0638725   -2128.1774044   -837.5688195
-261.5959374   -2186.3496304   -723.0410576
-259.0332953   -2130.7835579   -835.0811005
-259.7936121   -2131.765604   -834.702909
-259.6196262   -2129.3494701   -836.4369869
-259.9032847   -2125.2248287   -839.9676085
-261.5566579   -2134.8006725   -833.5605264
-260.5234114   -2129.5948029   -836.3960385
-260.3308884   -2127.0663738   -838.2043242
-260.1069538   -2128.2248497   -837.1693492
-260.1882545   -2125.8530617   -838.9697075
-261.1508099   -2131.3693523   -835.416317
-261.0504357   -2125.0653267   -840.4058218
-260.4762641   -2125.5128384   -839.63269
-260.762426   -2125.910759   -839.1896486
-261.4861456   -2126.2383461   -839.3330574
-253.1268326   -2194.9744225   -701.8510699
-255.7188598   -2192.4440861   -705.5661678
-255.4981438   -2197.6106167   -697.5018382
-252.7547208   -2199.9912262   -693.8978434
-257.779452   -2195.1122284   -701.0685205
-261.4993779   -2197.3586082   -696.9071627
-257.2925416   -2199.7580528   -694.0317154
-260.1476041   -2191.9066906   -705.8705688
-259.2418519   -2193.4227943   -703.4970522
-261.5323988   -2194.798708   -700.9167671
-252.2070733   -2223.3159542   -1110.3928089
-252.4080602   -2292.5517559   -1108.469367
-252.6197759   -2257.4706078   -1109.2685461
-253.5632578   -2250.944376   -1109.3481779
-251.7348257   -2297.7924347   -1108.4436178
-251.9525019   -2314.6083355   -1108.1442833
-253.2219616   -2262.6657486   -1109.0563536
-254.6213595   -2281.9120884   -1108.4367037
-253.2638041   -2324.5446682   -1107.8653336
-251.876804   -2240.3407097   -1109.8755598
-252.6697246   -2244.8613644   -1109.6389294
-253.9267866   -2206.2473297   -1110.7382774
-251.8934337   -2337.8493786   -1107.8455448
-255.0168363   -2212.2642994   -1110.4265451
-254.306647   -2302.1094799   -1108.0788374
-255.8036176   -2318.849802   -1107.6681614
-254.608008   -2307.8768253   -1107.9518795
-253.2006828   -2311.3379478   -1108.0539227
-254.2923418   -2229.919672   -1109.9326611
-255.2979318   -2275.5401134   -1108.4982157
-255.5352775   -2217.7371979   -1110.1907492
-255.5082766   -2236.3312244   -1109.5786095
-254.9527613   -2270.9188461   -1108.6460352
-257.4454276   -2266.3803101   -1108.4680557
-255.1976768   -2336.6651535   -1107.5253487
-257.526013   -2327.8837204   -1107.3766947
-258.4127513   -2333.2574368   -1107.2342396
-256.2826005   -2287.974596   -1108.1212759
-256.0884086   -2296.9579697   -1107.9710722
-255.5641261   -2241.6360378   -1109.4013453
-254.8259822   -2341.691494   -1107.5181961
-256.7741004   -2312.8604889   -1107.6426506
-257.6657859   -2226.3772488   -1109.6539497
-258.9791147   -2221.5406895   -1109.6624136
-258.0141155   -2292.5975323   -1107.8352928
-257.5534908   -2260.1823807   -1108.6183786
-257.1344701   -2255.3269863   -1108.8026762
-258.0968467   -2245.9440231   -1108.9684963
-257.7804653   -2323.3492374   -1107.3997021
-259.6715418   -2251.4848709   -1108.617425
-260.3061525   -2207.9689503   -1109.957099
-260.256025   -2231.2474251   -1109.1842651
-258.0544678   -2304.8493862   -1107.6179743
-259.9294511   -2300.6594181   -1107.4796915
-259.7198812   -2308.6197376   -1107.3814631
-260.9465448   -2278.1968117   -1107.7847481
-260.5988709   -2284.6057415   -1107.6952219
-259.416732   -2272.1395493   -1108.0976725
-261.0752312   -2215.2783871   -1109.6272469
-259.4985691   -2338.6111259   -1107.0833206
-259.6600977   -2240.6945229   -1108.9472771
-261.1634461   -2236.461401   -1108.9042425
-260.3710619   -2316.2424564   -1107.2127819
-261.2001625   -2320.5699921   -1107.0737839
-260.1228086   -2296.0660458   -1107.5356007
-260.5972616   -2289.229393   -1107.6066494
-261.106166   -2324.9447346   -1107.0349216
-260.2176396   -2344.4340229   -1106.9799662
-251.968774   -2225.6042957   -660.4827046
-251.6684858   -2320.5795288   -620.7372546
-251.6648499   -2269.0768242   -641.4712071
-252.0714132   -2303.7481308   -624.5595813
-252.6293723   -2277.8737545   -637.9014254
-251.6445247   -2324.9852657   -620.528996
-252.862784   -2251.7836094   -648.1160522
-253.483626   -2236.9058132   -654.4678211
-253.7689535   -2309.1030121   -623.5737801
-252.4102656   -2314.7878647   -621.6917634
-251.7567603   -2257.1082115   -646.0471749
-253.3688275   -2231.0273647   -657.4969292
-253.6997525   -2205.5547237   -684.7077012
-252.6381937   -2219.2676067   -665.3660536
-252.3343889   -2331.1500549   -621.1844683
-252.0625321   -2295.8698273   -627.764523
-252.4645654   -2286.203146   -633.0007911
-253.8128225   -2261.0111237   -645.5463171
-254.7686426   -2212.0575905   -674.2754579
-253.4165112   -2215.9745693   -668.9008474
-254.1287867   -2245.8217144   -650.6545544
-254.0071932   -2337.7590179   -623.1486797
-256.113681   -2202.3358345   -690.0489926
-252.707812   -2292.8373814   -629.7299266
-254.1695563   -2265.8224106   -644.2266703
-254.1497079   -2282.4873924   -636.4988685
-254.5455424   -2327.9705048   -621.3761568
-255.1360456   -2241.5003777   -652.6242495
-255.4958192   -2222.7487564   -663.0864143
-254.8435656   -2299.8709679   -627.8116107
-255.1483241   -2274.5902538   -641.3802505
-256.5194694   -2332.8413963   -622.2788692
-255.3722588   -2290.8980846   -632.7853203
-257.2535602   -2208.0907822   -680.6313396
-256.1317412   -2322.1483231   -621.8247414
-257.1915118   -2269.9065208   -644.459188
-255.2353469   -2317.9318905   -622.1204996
-255.0608245   -2256.2754154   -647.354126
-258.2598058   -2227.8885841   -660.2401733
-255.8269826   -2296.6401577   -630.0814748
-255.4455725   -2304.7566414   -625.9824038
-257.1508614   -2313.9395714   -623.6221194
-256.272885   -2286.7405415   -635.8582973
-256.2106577   -2279.517889   -639.6805644
-258.3204833   -2218.957901   -666.7622328
-258.1063239   -2248.2509613   -650.5488753
-258.8558523   -2253.1733513   -649.3053436
-258.3116619   -2233.7291241   -656.9308043
-258.608791   -2213.7835026   -672.3201871
-258.9337555   -2238.9776707   -654.4642448
-261.1771552   -2207.4680328   -681.5046072
-257.2751967   -2309.445858   -625.1384616
-258.2894293   -2263.6590004   -646.7456222
-258.3214966   -2258.3987713   -647.9164958
-259.5099536   -2336.7097378   -623.8783002
-257.8141419   -2339.4429684   -624.4953871
-255.3808419   -2341.2187099   -625.0820756
-258.4325401   -2243.6444759   -652.3386836
-259.6612302   -2284.059763   -639.8332119
-259.7245304   -2327.7704716   -622.4964857
-260.2915493   -2210.0269794   -677.6319146
-257.6731173   -2301.6495705   -628.8176179
-259.4673959   -2306.5729141   -627.4331212
-259.0157715   -2277.774334   -642.4512863
-258.3098141   -2274.0778923   -643.5618401
-258.5506169   -2318.5293674   -623.0611205
-258.9641539   -2294.3499088   -633.6499453
-259.7350208   -2290.0862694   -636.669457
-260.8786551   -2223.4561443   -663.6963487
-260.11506   -2298.8688946   -631.9788694
-260.7992021   -2311.6173744   -625.9130836
-261.5346638   -2267.939806   -647.2474337
-261.2982122   -2339.836359   -625.2256036
-257.7174035   -2343.3275223   -626.5714169
-261.6206733   -2249.6993542   -651.0661244
-261.1416904   -2260.7257366   -648.6240029
-261.5943281   -2241.881609   -653.7683606
-253.2028285   -2432.9991341   -1108.4535122
-253.477606   -2447.8521347   -1108.8635921
-252.2421805   -2393.97192   -1107.7854633
-251.9273487   -2469.0299034   -1109.7625494
-253.3181635   -2355.6201458   -1107.5977087
-254.9345223   -2479.4752598   -1110.0383997
-253.4014312   -2464.6275043   -1109.4994545
-252.8305975   -2421.9241142   -1108.2284451
-253.723952   -2362.1218204   -1107.5460911
-253.8079349   -2388.8437748   -1107.6211929
-252.5683967   -2375.3087521   -1107.6512337
-254.3519465   -2367.452383   -1107.4829102
-254.6485392   -2407.2806835   -1107.8056097
-254.0255515   -2402.5380611   -1107.7644825
-253.9643375   -2379.7900677   -1107.5482368
-253.3923117   -2437.9973412   -1108.5669994
-256.6523878   -2441.9977665   -1108.4953547
-255.5077998   -2412.8205776   -1107.8596115
-256.0096709   -2384.3069077   -1107.4105501
-254.7610132   -2457.7944279   -1109.1520786
-257.4989525   -2453.4153938   -1108.8398695
-256.4555136   -2472.5353718   -1109.6698046
-256.0453741   -2398.0693817   -1107.5586081
-254.7734705   -2350.1245975   -1107.4707508
-257.3985783   -2418.8227654   -1107.8714132
-255.5296151   -2371.9918728   -1107.3817015
-256.3739745   -2424.7319698   -1108.068347
-255.6249825   -2428.8847446   -1108.2094908
-255.2937595   -2461.3010883   -1109.2625856
-255.9513775   -2346.2467194   -1107.3749065
-255.8526722   -2467.7231312   -1109.5001698
-257.6327649   -2392.6160336   -1107.3733568
-256.9178668   -2376.1396408   -1107.2782278
-257.3495237   -2436.4790916   -1108.2956791
-258.3129732   -2431.8444729   -1108.1188917
-259.478542   -2359.177351   -1107.0224047
-258.6198179   -2352.935791   -1107.1007252
-257.712516   -2464.1973972   -1109.2560291
-259.468588   -2447.5567341   -1108.5193157
-257.9787699   -2364.5796776   -1107.1556807
-258.3249537   -2388.0834579   -1107.2669029
-258.7767569   -2380.3064823   -1107.155323
-259.5632402   -2403.3985138   -1107.4076891
-259.0366331   -2368.9918518   -1107.070446
-259.3691675   -2409.3124866   -1107.532382
-259.2276064   -2459.389925   -1108.9804173
-258.364412   -2348.6545086   -1107.1327925
-260.0935427   -2476.6962528   -1109.6470356
-261.4019839   -2482.1362495   -1109.7977161
-256.7930547   -2484.8811626   -1110.1622581
-260.5228154   -2413.6872292   -1107.5546741
-259.3157021   -2373.0492592   -1107.0600748
-259.0421764   -2427.8509617   -1107.9776287
-259.7752539   -2468.1880474   -1109.3146801
-260.9459487   -2384.6719265   -1107.0311069
-260.623726   -2439.0921593   -1108.1782579
-261.3513199   -2376.3971329   -1106.9158316
-252.3460118   -2412.2986794   -651.1402726
-252.7693836   -2391.0827637   -651.8124342
-252.2805659   -2470.4833031   -656.7767859
-252.2064177   -2360.265255   -645.5871463
-252.6586977   -2428.4114838   -649.830699
-252.3169247   -2423.0532646   -650.2552629
-251.6697971   -2418.8230038   -650.6525874
-252.0978776   -2363.7692928   -647.7524042
-253.6565391   -2354.2299271   -639.3727064
-253.1904308   -2437.9217625   -649.1182446
-251.8748371   -2346.0571766   -628.5879612
-252.8153387   -2343.5349464   -626.5038848
-252.5928346   -2458.8880539   -651.4797807
-255.1076738   -2462.6381397   -652.7126431
-252.9908744   -2401.006937   -651.614666
-255.3549734   -2396.4390755   -651.704669
-252.8084842   -2347.714901   -630.208075
-253.7348   -2349.6289253   -632.4679255
-254.4501153   -2450.1526356   -649.3763924
-254.9059717   -2480.3857803   -663.8375521
-253.3647148   -2371.2222576   -650.4055262
-256.4069954   -2442.5458908   -648.8791704
-255.8144657   -2376.8603802   -651.3474584
-256.1098067   -2352.3616791   -635.8464956
-256.2382547   -2407.8466892   -651.3033509
-256.9008199   -2456.8624496   -650.6484747
-255.4576126   -2467.6580429   -655.059278
-255.7007996   -2357.6259613   -642.9017782
-256.7586628   -2430.7427406   -649.4203806
-254.9270121   -2367.016077   -648.8243341
-254.7818748   -2419.4047451   -650.5555511
-257.2826473   -2414.0450954   -650.8604884
-258.4317056   -2383.8298321   -651.7446041
-254.1508404   -2387.7384663   -651.8791318
-256.943616   -2471.8284607   -657.3290825
-258.5428087   -2476.1004448   -660.2414846
-255.7425229   -2345.8714485   -628.5271645
-258.0440966   -2362.2667789   -646.3330388
-257.3113767   -2424.7648716   -649.8377323
-258.5101453   -2392.4641609   -651.7582536
-259.3602864   -2402.5650024   -651.3472795
-257.2637526   -2436.3930225   -649.0050554
-260.2722374   -2370.2409267   -649.51545
-260.1704327   -2354.8781872   -639.2769814
-258.1219403   -2348.2849598   -630.8976412
-258.2609383   -2350.6658077   -633.4608793
-259.6386997   -2445.4350471   -648.7337351
-260.0878207   -2453.1183243   -649.6383548
-259.4671575   -2418.9918041   -650.1782537
-259.2821447   -2479.1355133   -662.6067162
-260.4993907   -2481.3377857   -664.6102071
-257.7028004   -2484.7772121   -668.4480906
-252.0299283   -2483.7098122   -667.3423648
-258.9595047   -2465.5928612   -653.8825035
-261.2064806   -2396.945715   -651.4728069
-259.0878335   -2468.6508179   -655.3933024
-259.2648593   -2358.2346439   -642.9561973
-260.007414   -2345.8125591   -628.6679506
-259.4765154   -2433.5505962   -649.0424871
-261.3357035   -2352.4684906   -635.5847716
-259.874436   -2411.0925198   -650.8458257
-260.5988113   -2407.7813625   -650.9574056
-260.1461736   -2473.2136726   -658.1186652
-261.3867847   -2470.8309174   -656.562686
-260.9455911   -2414.5834446   -650.459528
-261.2216202   -2428.9782047   -649.2024064
-251.8524257   -2599.4501114   -1116.9407368
-251.8527237   -2566.4944649   -1114.9857044
-252.1500913   -2542.576313   -1113.3322716
-251.9664494   -2593.0862427   -1116.5640354
-253.7225214   -2572.4682808   -1115.2852774
-253.1339852   -2623.9418983   -1118.6777353
-252.2572009   -2513.7910843   -1111.7277145
-251.8782941   -2518.1698799   -1111.9668484
-252.4289814   -2491.7974472   -1110.6929779
-251.7548529   -2530.7502747   -1112.6445532
-253.2382337   -2578.5181522   -1115.6874895
-252.8435913   -2583.6448669   -1116.0042286
-252.8066961   -2563.7695789   -1011.5433931
-253.794345   -2567.5313473   -1015.1077509
-252.4317233   -2588.280201   -1116.27841
-252.6938049   -2551.6045094   -1113.9006615
-252.3539988   -2509.4342232   -1111.5086079
-253.1248657   -2597.4164009   -1034.681797
-253.5587875   -2591.5226936   -1031.8626165
-252.7100769   -2560.7895851   -1008.1834793
-254.2492477   -2606.1654091   -1117.2925234
-253.4839837   -2586.2948895   -1029.1383266
-252.7085868   -2620.8713055   -1042.119503
-254.4495789   -2556.8571091   -1114.1645908
-254.1113225   -2522.4387646   -1112.087965
-253.8343398   -2527.2862911   -1112.3569012
-255.1204888   -2603.9707661   -1036.6960764
-254.1735498   -2496.3138103   -1110.8019352
-254.3692318   -2505.5553913   -1111.2271547
-254.0223924   -2574.3837357   -1021.0815668
-255.5146543   -2612.4989986   -1117.693305
-256.2120286   -2546.3166237   -1113.3561134
-253.902289   -2534.5833302   -1112.7563715
-254.928681   -2558.9060783   -1005.2466393
-253.0560223   -2556.6058159   -1002.8983355
-257.1487752   -2611.6170883   -1038.6154652
-253.3970205   -2607.6557636   -1038.4278297
-255.0948588   -2617.1286106   -1040.6718254
-254.5374957   -2578.53055   -1023.9961147
-255.2014319   -2570.8553791   -1017.7730322
-257.1569411   -2618.5128689   -1118.0961132
-256.5631596   -2562.5474453   -1114.4468784
-256.6651431   -2500.8144379   -1110.8845472
-256.5135685   -2539.2727852   -1112.9044294
-257.6226918   -2582.6017857   -1025.7594585
-255.9832064   -2489.1211987   -1110.3864908
-256.0258833   -2530.6880474   -1112.437129
-256.7326156   -2595.2403545   -1116.5316105
-259.0156523   -2601.0973454   -1116.8254614
-256.6800443   -2567.8441525   -1114.8159504
-256.2439171   -2516.9041157   -1111.7043495
-255.7092039   -2590.8577442   -1116.3065434
-257.4581829   -2510.6482506   -1111.3308668
-256.1554042   -2492.9032326   -1110.5436087
-256.7904917   -2586.8005753   -1116.030097
-258.0539314   -2552.5484085   -1113.6629581
-256.5313903   -2620.0728416   -1040.9789085
-256.2811104   -2623.3077049   -1041.6674614
-252.9464094   -2626.5089512   -1043.063879
-257.1077076   -2562.2856617   -1008.5810423
-256.6973297   -2565.5612946   -1012.2512579
-257.5201718   -2581.8531513   -1115.7015562
-257.7984659   -2594.5038795   -1032.0849419
-259.2792241   -2599.33424   -1033.7764025
-258.3234636   -2576.669693   -1115.3337955
-260.0762574   -2589.1420841   -1028.7169218
-259.7566573   -2571.5277195   -1114.9113178
-259.4308583   -2569.108963   -1014.8125887
-258.0587593   -2526.3617039   -1112.1120453
-257.9260198   -2534.3277454   -1112.5477552
-259.3268482   -2577.3556232   -1021.6449499
-258.1797568   -2573.0292797   -1018.6452866
-260.1482002   -2521.0466385   -1111.7354631
-259.3052713   -2495.8074093   -1110.5077267
-260.7056228   -2608.2131863   -1117.2434092
-259.227666   -2505.3725243   -1110.9790802
-259.6136061   -2557.8024387   -1113.9364243
-260.0294677   -2559.1847897   -1003.7459135
-256.2476722   -2556.8420887   -1002.1835566
-258.5386959   -2617.511034   -1039.8153067
-260.4529587   -2614.1602993   -1117.6651716
-260.5879632   -2590.982914   -1116.1409616
-258.8704554   -2491.4720058   -1110.3327274
-260.2126924   -2487.7409935   -1110.0963354
-260.6827942   -2530.826807   -1112.2283936
-261.5927783   -2515.3532028   -1111.3721132
-259.9214641   -2621.6475964   -1040.2659178
-261.5432469   -2566.1439896   -1114.4303083
-261.2265078   -2561.6788864   -1114.120841
-260.243806   -2565.4273033   -1010.9019279
-261.213216   -2596.0843563   -1116.4400578
-261.6228191   -2585.2947235   -1115.7444715
-259.499642   -2624.2496967   -1118.4837818
-260.8794896   -2508.1813335   -1111.0389233
-259.1215698   -2627.6466846   -1041.4432287
-252.7637807   -2545.7005501   -986.0529304
-253.3222166   -2540.8990383   -976.6172171
-251.8142191   -2523.7340927   -932.1477413
-252.3918477   -2528.4135342   -946.0889101
-252.6096431   -2526.9100666   -942.033112
-253.1183092   -2517.2934532   -901.6847014
-252.0484058   -2515.7046318   -892.4476504
-252.0194975   -2516.5390968   -898.5087276
-251.699361   -2521.5580463   -924.2972732
-252.972993   -2530.0314426   -868.7761426
-251.8794862   -2526.6392231   -874.8450875
-254.1447607   -2554.5172691   -999.6820092
-252.500805   -2524.5203972   -878.6164522
-255.1732985   -2530.3428173   -950.9704709
-252.1699993   -2519.5634365   -915.8150554
-254.6168295   -2531.0225487   -864.4919991
-254.2134849   -2525.0272751   -935.8719587
-256.4242212   -2543.8554287   -981.6688299
-253.3659068   -2518.9657211   -910.7536674
-254.0440885   -2528.911829   -873.5268712
-254.181954   -2523.0355263   -928.7673831
-254.8126308   -2548.3026505   -990.0255203
-254.1265217   -2532.2141647   -956.4316273
-256.0907332   -2551.6786575   -994.8936701
-253.4968583   -2516.6962147   -895.7480192
-254.8981038   -2538.7220383   -971.6936946
-255.5967895   -2534.2462063   -961.148262
-255.1876036   -2536.4575386   -966.7134881
-253.2012788   -2517.1484947   -887.8033757
-253.3315746   -2517.8523064   -904.3856859
-255.0542084   -2530.9474468   -859.0037823
-253.2904474   -2518.9816952   -884.3504786
-254.5425025   -2518.7902451   -907.3671103
-254.0686456   -2522.5296021   -882.8151226
-255.198094   -2521.5599537   -921.616137
-255.9424964   -2522.7129459   -926.2339473
-255.030903   -2524.3432522   -933.0042005
-255.069944   -2527.7748108   -877.8409362
-255.0984351   -2518.0692673   -899.6587992
-254.0678111   -2520.3814507   -917.4838662
-255.2438704   -2519.9987888   -914.162159
-256.3621727   -2528.1443596   -944.576323
-254.738721   -2518.1086063   -893.0434585
-255.5687157   -2526.5753269   -940.0855899
-257.4088899   -2546.5550423   -986.2128496
-257.5474707   -2530.94244   -872.3457456
-256.9630472   -2531.2709808   -868.077457
-256.6075055   -2526.5464783   -883.159101
-255.4170219   -2521.3956833   -887.2312903
-259.7762672   -2541.189909   -975.3183722
-255.5394498   -2518.7163353   -904.0958881
-256.1548082   -2519.8907852   -910.6766582
-256.9140521   -2519.3815231   -897.7674842
-256.9701401   -2529.7486782   -876.2587905
-257.4202744   -2521.4397907   -917.7729487
-256.3689081   -2524.1751671   -886.2493634
-257.9685179   -2532.6826572   -956.3150406
-258.9669553   -2555.316925   -999.0979433
-257.9546896   -2524.3821144   -930.6011796
-256.6128103   -2520.7717419   -891.5985227
-257.2620241   -2520.0200081   -907.4254036
-258.8330833   -2531.5730572   -861.9644642
-259.2960922   -2531.8188667   -865.517199
-260.2669922   -2549.4596958   -989.8825288
-258.9546768   -2538.2194519   -969.3843126
-257.1315495   -2522.6919651   -924.5384932
-258.9298216   -2525.4364014   -934.0802431
-260.412368   -2531.5065384   -856.8707108
-255.1688877   -2530.4934978   -855.0028205
-258.710715   -2529.4439793   -880.3889751
-260.8352629   -2529.943943   -947.1665025
-260.3378025   -2531.6267014   -952.3185492
-259.1536371   -2536.1824036   -964.6680355
-258.7472526   -2522.7394104   -922.1167564
-259.48337   -2521.8176842   -913.1327271
-258.9071123   -2526.2629986   -937.0453954
-257.4339239   -2523.5438347   -890.1308775
-258.1551401   -2520.4997063   -903.3236504
-258.260223   -2527.4133682   -941.0485625
-257.6067773   -2520.1508999   -898.6430168
-260.3515116   -2534.6083641   -960.4002833
-258.4331957   -2520.9729671   -910.6286168
-260.7892481   -2528.7759304   -943.5291886
-258.8546602   -2526.0252953   -888.4470463
-260.0392429   -2546.2203026   -984.6943617
-259.1339675   -2523.2505798   -895.4231739
-259.7682206   -2523.9443779   -926.446557
-260.6839267   -2532.2327614   -869.1548109
-259.8144738   -2531.1112404   -877.0184517
-260.2547137   -2522.1757889   -908.4220529
-259.7106425   -2522.3505497   -915.9856439
-260.6109706   -2523.2601166   -919.1718698
-259.6732704   -2525.3617764   -892.4604058
-260.6240837   -2527.4250507   -939.0557408
-261.0518066   -2523.2667923   -904.0363431
-261.4858476   -2532.2794914   -863.4336591
-261.2091032   -2527.4524689   -891.0942674
-261.2715093   -2524.7035027   -900.3904462
-261.6210309   -2526.8063545   -894.9950933
-251.8449751   -2528.6614895   -833.5291147
-253.0640093   -2516.9305801   -754.4452548
-253.0721752   -2527.6491642   -801.8679619
-251.807305   -2525.3784657   -781.9911242
-253.2884208   -2503.4906864   -713.1074071
-252.7080504   -2502.2854805   -709.1531157
-251.7646877   -2513.1795406   -745.5499768
-252.2890893   -2504.9834251   -717.5385952
-251.7874566   -2530.1668644   -852.8566957
-251.9224016   -2529.8745632   -849.8985171
-251.6835658   -2505.9888363   -721.0052609
-251.854035   -2509.7503662   -735.2668643
-253.6579696   -2510.6339455   -738.7046814
-253.8077561   -2521.2430954   -764.7206783
-253.3332435   -2526.0236263   -786.6976261
-253.5031167   -2527.2865295   -795.9498167
-254.0576784   -2529.1278362   -839.0848041
-252.9779998   -2506.5853596   -724.3379354
-254.2800037   -2523.5917568   -772.8767395
-253.8929907   -2526.6451836   -791.4037704
-254.0957657   -2507.5984001   -728.6694646
-255.267295   -2508.9199543   -733.6448431
-253.84787   -2512.1724606   -743.1353331
-254.3245284   -2529.5023918   -844.0600038
-254.1297404   -2529.8192501   -847.7756381
-256.4738718   -2513.7913227   -747.4645376
-254.5188991   -2527.8892517   -813.56287
-253.799471   -2527.7531147   -809.6411824
-256.0432283   -2528.1846523   -819.0463185
-255.6301681   -2528.4028053   -824.7185349
-255.7791797   -2522.439003   -768.8373327
-254.7470657   -2527.7161598   -806.6266775
-257.3659746   -2519.1466808   -759.8204017
-256.9684712   -2528.8500786   -830.2942514
-255.1161972   -2524.8506069   -779.784739
-255.6096641   -2524.2323875   -776.4648199
-256.000909   -2505.2931309   -720.5353379
-255.0921766   -2530.1616192   -851.4902592
-256.0773817   -2525.547266   -784.064889
-256.5052835   -2529.1006565   -835.328877
-256.0394136   -2504.099369   -716.4221406
-257.4732629   -2506.4275265   -725.4180312
-259.5795719   -2516.4563656   -753.6342144
-257.2222678   -2527.6229382   -799.6284366
-257.6526133   -2527.8601646   -804.8484325
-257.9263774   -2503.0679703   -713.9490843
-257.5956313   -2501.6760826   -709.9168301
-258.2021085   -2526.4437199   -789.0456915
-257.1906773   -2527.084589   -794.473052
-257.1547357   -2511.6260052   -741.9292927
-258.8992444   -2510.0634098   -737.6039624
-258.1316558   -2528.1333923   -810.3636503
-258.5568158   -2521.2874413   -765.7371759
-257.4451891   -2529.6704769   -842.0523405
-258.2111684   -2529.5171738   -838.5685682
-258.5369674   -2507.6136589   -729.9061418
-258.9753596   -2530.2965641   -847.2040296
-258.5140196   -2523.6885548   -774.5231986
-257.8436462   -2522.9766369   -771.5031505
-257.9145161   -2528.2278061   -815.0005937
-258.033785   -2525.1736641   -781.8745375
-258.5490672   -2530.6916237   -852.4908423
-258.5931746   -2524.5103836   -778.2618999
-259.87384   -2508.687973   -733.4806919
-259.4596473   -2528.7263393   -821.5312958
-259.3428222   -2528.955698   -826.1839151
-259.194347   -2522.3677158   -769.5219517
-260.3008477   -2503.9260387   -717.212081
-261.216077   -2505.3601265   -721.9864726
-259.6247522   -2528.5894871   -817.491591
-261.3849369   -2529.8221111   -835.0839615
-260.7491342   -2525.8262157   -784.502089
-261.1823408   -2527.9922485   -797.4556088
-261.6024343   -2530.3151608   -841.2481546
-254.9975244   -2500.402689   -705.18291
-259.0506998   -2499.4933605   -704.9984336
-260.7804862   -2528.5441875   -807.3833585
-260.8527867   -2523.0610371   -772.4238038
-261.2954108   -2528.8529396   -814.6830797
-261.4337531   -2525.0685215   -780.5237174
-252.8560487   -2494.5862293   -685.3769422
-252.7970997   -2486.303091   -670.3720689
-253.2073585   -2490.5076027   -676.7873764
-252.5661317   -2500.0524521   -702.2587061
-252.1041957   -2500.8335114   -704.4453621
-252.8379885   -2498.1017113   -695.5342889
-254.5321313   -2496.9789982   -693.3661699
-255.3792921   -2495.7392216   -690.082252
-253.2940833   -2498.9640713   -699.0320683
-255.1554767   -2492.2509193   -680.6844473
-255.6147305   -2488.1434441   -672.976315
-253.0437437   -2500.3461838   -703.6452889
-253.7717549   -2500.41008   -704.3921947
-254.222068   -2499.9251366   -703.2345533
-257.2520105   -2497.238636   -696.6951489
-257.7268807   -2492.49053   -682.302475
-258.0126254   -2494.0290451   -686.7770553
-259.7060529   -2490.0705814   -677.2158742
-256.6746203   -2498.7916946   -701.4813423
-257.6194135   -2496.0384369   -692.9715276
-259.5365969   -2494.7304726   -690.5863881
-259.6685616   -2487.4939919   -672.3054051
-260.2516142   -2497.5814819   -700.792551
-261.2433163   -2492.1147823   -683.3730936
-260.9827248   -2495.2111244   -694.3032146
-261.3155571   -2496.0947037   -697.452724
-252.0359484   -2652.8682709   -1045.0589657
-252.0382134   -2755.1352978   -1056.8238497
-251.7109243   -2712.6529217   -1125.6484985
-252.4681417   -2643.9864635   -1044.7921753
-253.3868281   -2633.1293583   -1043.75422
-252.0749298   -2745.5713749   -1129.1959286
-251.819822   -2703.9952278   -1124.9617338
-252.1604029   -2699.0156174   -1124.6211529
-252.9952852   -2738.4757996   -1128.3459663
-252.7168123   -2762.4797821   -1130.7694912
-251.8028942   -2687.7567768   -1123.9917278
-252.3063151   -2746.4401722   -1049.9433279
-252.6551215   -2677.7107716   -1123.3760118
-252.8606383   -2708.0996037   -1125.2127886
-252.3267595   -2694.1628456   -1041.7670012
-252.5428263   -2689.8429394   -1042.2384739
-252.1596877   -2629.5416355   -1119.2153692
-252.7983514   -2657.525301   -1121.9226122
-252.452108   -2671.6446877   -1123.0105162
-251.897606   -2741.2133217   -1046.1009741
-251.7462698   -2760.0495815   -1060.5919361
-253.6643473   -2693.2697296   -1124.211669
-252.297732   -2661.7722511   -1122.3082542
-252.040836   -2658.0152512   -1044.9893475
-253.1243888   -2662.1162891   -1044.4895029
-254.9339858   -2727.5409698   -1126.996994
-253.4430949   -2647.6960182   -1120.9728718
-254.7962395   -2643.1491375   -1120.4539537
-255.2893487   -2676.2421131   -1042.4478054
-253.0231205   -2765.6888962   -1063.5683537
-255.066785   -2756.2582493   -1130.1807165
-251.8124906   -2706.1693668   -1040.0598049
-254.2279688   -2698.3838081   -1039.4269228
-255.2098361   -2683.6433411   -1123.5986948
-254.0196506   -2710.1774216   -1036.9641781
-255.8939186   -2652.1759033   -1121.2838888
-253.6115376   -2730.643034   -1037.1465683
-253.9786426   -2734.6944809   -1038.8967991
-254.87456   -2647.6230621   -1044.2435741
-254.7309724   -2670.5670357   -1043.3214903
-258.0101816   -2665.897131   -1042.4814224
-254.3570725   -2751.7464161   -1052.3639917
-256.4140288   -2739.5384312   -1039.6264791
-257.0097176   -2681.8351746   -1040.7327414
-255.9165684   -2686.7260933   -1040.4993296
-253.4525124   -2717.0784473   -1036.3404751
-255.061361   -2722.3849297   -1033.8956118
-256.9427816   -2749.9997616   -1129.470706
-255.8732954   -2733.15382   -1127.5948286
-255.806121   -2633.6472034   -1119.4643974
-257.2312085   -2641.007185   -1043.2858467
-255.9976903   -2721.3559151   -1126.270771
-256.3340393   -2715.7232761   -1125.6961823
-256.6464869   -2662.7819538   -1122.1711636
-256.8181483   -2668.7674522   -1122.6089001
-256.7858426   -2638.8442516   -1119.9320555
-256.8367449   -2710.2439404   -1125.1889467
-256.1058132   -2761.2888813   -1058.0227375
-256.6230027   -2688.6191368   -1123.8083839
-255.8373538   -2701.7920017   -1037.1330976
-255.3165285   -2701.7400265   -1124.6342659
-256.3517419   -2705.4526806   -1124.838829
-256.4969984   -2746.7927933   -1046.1363792
-258.2787005   -2743.5112   -1041.0138369
-257.9722134   -2656.4662457   -1043.1640148
-257.1468679   -2651.5879631   -1043.5631275
-257.1833459   -2756.5176487   -1053.4963608
-258.3437888   -2743.4401512   -1128.6687851
-256.3286153   -2628.3285618   -1118.9438105
-257.2795478   -2698.0657578   -1124.3112087
-256.0808984   -2749.8700619   -1049.2032766
-255.2984086   -2690.7150745   -1040.1899815
-257.3379604   -2694.4553852   -1037.686348
-257.266256   -2674.1702557   -1122.9454279
-258.7359873   -2679.4333458   -1123.190403
-259.3597499   -2761.3089085   -1130.4774284
-256.8547455   -2765.8975124   -1130.8903694
-253.1695691   -2768.4869766   -1131.1032772
-259.1446368   -2657.2184563   -1121.5834618
-260.251197   -2736.8154526   -1127.7920008
-260.2016655   -2661.4983082   -1042.0359373
-260.665032   -2634.4616413   -1041.7222977
-258.2677928   -2647.2423077   -1120.6949949
-256.4483014   -2712.7077579   -1033.6713791
-256.2952963   -2716.190815   -1033.162117
-256.7180125   -2732.5367928   -1034.0695381
-257.5565902   -2726.9732952   -1031.0384035
-260.4654757   -2692.8610802   -1123.8561869
-258.1446496   -2737.1327877   -1034.8185301
-258.1224171   -2702.7871609   -1034.4928503
-257.7040521   -2753.1664371   -1050.3036976
-259.3451468   -2674.258709   -1040.8046246
-259.9597899   -2642.3041821   -1120.1326847
-259.746286   -2647.0940113   -1042.6980257
-260.2940527   -2730.648756   -1127.0663738
-261.3043515   -2724.5140076   -1126.3141632
-260.3481141   -2721.1596966   -1027.3609161
-261.2333623   -2754.8942566   -1129.8002005
-259.5727769   -2688.0764961   -1037.6758575
-258.8823167   -2702.208519   -1124.4895458
-261.0858408   -2630.1355362   -1118.9379692
-261.5899769   -2696.5589523   -1033.0622196
-260.8113018   -2685.3010654   -1037.5596285
-260.8699528   -2718.6107635   -1125.7263422
-259.304556   -2751.4021397   -1047.0342636
-260.9894005   -2761.6820335   -1053.7006855
-259.5969764   -2764.5430565   -1057.2624207
-257.5862137   -2765.8803463   -1060.0515604
-259.7673861   -2714.4610882   -1029.2304754
-261.3923279   -2713.1195068   -1125.1929998
-259.0360371   -2740.4024601   -1036.4522934
-260.7784597   -2707.5452805   -1029.9081802
-260.5549423   -2748.7590313   -1042.9955721
-261.5136234   -2666.5663719   -1122.2271919
-260.4304878   -2733.1252098   -1028.6070108
-261.4857284   -2671.5993881   -1122.5788593
-261.5713207   -2678.3237457   -1038.8457775
-261.272165   -2756.5367222   -1049.1080284
-261.4029375   -2675.9068966   -1122.8559017
-260.8765689   -2727.4534702   -1026.3966322
-261.1927716   -2741.5585518   -1033.9637995
-261.4692179   -2737.288475   -1029.3984413
-260.5591742   -2742.442131   -1036.1441374
-261.1240474   -2766.6509151   -1130.810976
-252.7047721   -2880.4686069   -1115.9262657
-252.6327697   -2839.6623135   -1094.2120552
-252.0020334   -2839.5030499   -1122.5429773
-251.8043248   -2835.4415894   -1123.2799292
-252.8823344   -2810.9197617   -1083.0397606
-252.1803109   -2804.6526909   -1128.7205219
-253.1529991   -2774.6481895   -1131.2351227
-252.1031228   -2834.6226215   -1092.1981335
-254.3103424   -2865.2882576   -1118.1491613
-253.0781356   -2878.6416054   -1106.5140963
-254.1499463   -2874.2084503   -1105.0229073
-252.4193851   -2795.920372   -1129.9644709
-254.4443933   -2791.3622856   -1130.4687262
-252.4655787   -2826.905489   -1124.835372
-255.0870506   -2820.579052   -1126.0162592
-252.3776022   -2814.8570061   -1126.9818544
-252.1742908   -2809.8289967   -1127.8585196
-253.2960502   -2787.4281406   -1076.0732889
-254.1758744   -2872.7991581   -1116.9844866
-252.4168817   -2843.3694839   -1121.8469143
-252.3491112   -2802.3557663   -1081.8524361
-253.5657612   -2806.1139584   -1081.9789171
-255.3751198   -2827.1801472   -1086.7905617
-252.3295609   -2774.6620178   -1069.8591471
-254.6345321   -2772.4175453   -1066.7387247
-254.9102036   -2831.8960667   -1123.9286661
-254.0880767   -2847.1348286   -1096.6187716
-254.5209853   -2799.762249   -1129.5021772
-254.6371547   -2821.3024139   -1084.7600698
-253.2109348   -2782.1407318   -1073.466897
-252.5555817   -2895.3449726   -1111.892581
-253.7232367   -2798.8853455   -1080.2474022
-255.1292507   -2884.4511509   -1106.8211794
-253.385934   -2888.2367611   -1108.3788872
-255.1042167   -2785.3109837   -1130.9293509
-254.7111241   -2890.2239799   -1114.1314507
-255.0785867   -2893.7728405   -1113.2352352
-255.6555597   -2778.3732414   -1069.5725679
-253.1903712   -2863.8746738   -1102.7659178
-255.1082698   -2859.7788811   -1100.6462574
-255.1019517   -2886.3508701   -1114.8152351
-255.4449765   -2846.858263   -1121.1862564
-254.2850701   -2832.5996399   -1090.1124477
-255.6269494   -2794.2290306   -1077.4928331
-256.840202   -2780.1096439   -1131.1349869
-256.7875711   -2866.7347431   -1101.9123793
-255.873057   -2870.8291054   -1103.4095287
-254.2496649   -2855.6683064   -1119.7049618
-256.6446391   -2858.9167595   -1119.0749407
-254.2820302   -2895.9646225   -1109.9513769
-255.9540001   -2816.2863255   -1082.6848745
-255.2786795   -2890.1441097   -1107.9162359
-257.4939457   -2853.8300991   -1097.4617004
-257.8436462   -2853.0082703   -1120.0474501
-255.944225   -2836.9042873   -1122.9907274
-255.865666   -2841.5803909   -1122.1231222
-255.0810901   -2836.1268044   -1091.4037228
-255.7222573   -2807.8458309   -1128.2763481
-256.1975447   -2811.7852211   -1127.6112795
-258.318874   -2803.8947582   -1128.9752722
-256.0542551   -2803.2503128   -1080.096364
-256.7820875   -2815.6299591   -1126.9425154
-256.1561791   -2795.9091663   -1130.0296783
-259.396526   -2826.9765377   -1124.9018908
-257.5992075   -2843.6932564   -1093.4458971
-257.9960553   -2839.3435478   -1091.326952
-258.9890686   -2877.4805069   -1115.8921719
-258.7330071   -2884.6282959   -1114.7528887
-257.6924888   -2809.440136   -1080.5217028
-256.9514243   -2813.2121563   -1081.546545
-258.0788461   -2770.0047493   -1062.4322891
-258.2694022   -2879.0531158   -1104.1294336
-257.9470602   -2770.4930305   -1131.0691833
-259.7048608   -2775.5374908   -1131.1366558
-254.5322505   -2897.5093365   -1111.2697124
-257.4993698   -2784.8627567   -1071.7493296
-257.9841939   -2789.9727821   -1074.0088224
-257.3343841   -2799.488306   -1078.3330202
-260.482463   -2848.9437103   -1094.0057039
-257.6316325   -2893.415451   -1107.3879004
-257.9448549   -2900.0022411   -1109.3149185
-259.6759526   -2873.8238811   -1102.1951437
-260.5570284   -2869.9307442   -1117.0374155
-258.3026019   -2834.5954418   -1088.8335705
-259.8447529   -2863.2500172   -1118.2038784
-259.337577   -2788.4562016   -1130.753994
-260.2264015   -2793.7436104   -1130.318284
-259.2126457   -2798.6536026   -1129.7440529
-259.4722239   -2775.4876614   -1064.7404194
-259.8035065   -2824.6321678   -1083.1518173
-259.1104833   -2820.0628757   -1082.1067095
-258.5537759   -2893.3253288   -1113.2522821
-258.9910952   -2889.5950317   -1113.9372587
-260.9401671   -2833.7972164   -1123.6066818
-258.0281822   -2899.0659714   -1111.5517616
-259.8868338   -2817.4273968   -1126.7044544
-259.5146028   -2784.0256691   -1131.0030222
-260.6585351   -2863.4104729   -1098.978281
-260.0462166   -2858.5522175   -1097.7828503
-259.5706908   -2889.081955   -1105.6418419
-261.1928312   -2884.4404221   -1103.7967205
-260.7556311   -2832.5736523   -1086.1861706
-259.2281429   -2843.6801434   -1121.7068434
-261.0513297   -2847.7528095   -1120.9332943
-259.6789328   -2797.8825569   -1076.2770176
-260.6152622   -2794.0952778   -1074.0113258
-259.7833005   -2809.0074062   -1128.1894445
-260.0912181   -2839.4188881   -1122.5106716
-258.9099137   -2871.1407185   -1101.965785
-261.403176   -2815.7753944   -1079.9520016
-261.3438693   -2803.3621311   -1077.0642757
-260.3909699   -2813.5051727   -1127.4272203
-260.8330575   -2768.1152821   -1058.6277246
-260.8586279   -2896.7881203   -1106.5346003
-261.4623038   -2838.6685848   -1088.9369249
-261.1604659   -2897.6039886   -1112.1268272
-258.6489645   -2901.2069702   -1110.3322506
-261.5971891   -2903.6064148   -1110.0957394
-261.2774698   -2904.062748   -1108.9712381
