1031.2179299   -2506.6885948   -149.5209634
1030.3896042   -2537.0755196   -152.1307975
1029.9754413   -2539.437294   -156.6800922
1029.0639075   -2514.424324   -157.4505866
1029.1894349   -2512.298584   -149.6935189
1028.38057   -2532.3426723   -153.3094347
1028.3764871   -2535.3057384   -156.7335278
1028.159407   -2518.6226368   -151.3806134
1027.7557345   -2521.1524963   -157.0771486
1027.9606553   -2523.6165524   -151.8301964
1027.6755961   -2526.9448757   -155.5042714
1027.2646817   -2531.0575962   -159.4081968
1082.6003524   -2525.1495838   -156.8841934
1082.2207304   -2530.2696228   -158.0914855
1082.3078128   -2518.4519291   -156.1991423
1081.9573077   -2530.107975   -152.7767032
1082.2914215   -2515.5410767   -150.2144784
1081.208882   -2508.951664   -150.4639536
1081.1441513   -2511.695385   -156.2987715
1081.0907754   -2535.9663963   -156.480968
1079.3928774   -2503.8738251   -149.9510407
1078.5064372   -2505.3784847   -156.361863
1078.4165534   -2541.8686867   -155.7786316
1078.7623795   -2539.1101837   -151.5907645
1076.6690048   -2499.9101162   -152.8036743
1076.1489543   -2543.0035591   -150.7871449
1075.2206417   -2500.878334   -158.7964743
1075.5223604   -2545.9508896   -154.9665332
1074.1189691   -2549.3652821   -158.6680859
1071.6789337   -2496.0279465   -157.0065469
1073.4271678   -2546.2293625   -151.2375325
1072.5645693   -2548.4995842   -154.2326957
1070.0611445   -2492.1417236   -150.9329677
1069.6479055   -2551.9139767   -156.2149078
1069.8178681   -2548.6390591   -150.3351629
1067.0939656   -2492.5239086   -155.9849679
1066.3074823   -2490.0054932   -151.7223269
1065.8982965   -2551.8426895   -151.308924
1065.0874349   -2554.5749664   -155.7901651
1062.9262897   -2487.7068996   -149.6055573
1062.8986927   -2490.5781746   -155.3121358
1059.9591108   -2554.2538166   -152.1486789
1057.371405   -2489.0096188   -154.1149467
1056.2514337   -2557.3351383   -158.0103487
1053.1569394   -2554.7978878   -153.4675062
1052.9812547   -2487.2765541   -149.4980305
1050.2178939   -2490.9207821   -155.7183415
1050.4926714   -2557.164669   -158.5612595
1049.679068   -2552.4556637   -150.0033885
1046.4025112   -2493.326664   -158.3697349
1047.788051   -2554.220438   -154.6099186
1044.880149   -2555.6387901   -159.152627
1044.2689034   -2492.8615093   -153.6854357
1045.7902225   -2552.0663261   -151.6241282
1042.9380807   -2552.5281429   -155.1983953
1042.3609885   -2550.0147343   -151.159063
1039.6230193   -2496.8485832   -155.2773714
1039.1101512   -2499.1543293   -159.4005376
1037.4904247   -2548.7954617   -155.6895226
1039.3821868   -2547.0154285   -149.5715678
1036.0443266   -2498.8977909   -151.4677703
1036.3275381   -2500.7176399   -156.7086726
1035.81315   -2544.9802876   -152.0189047
1032.8601869   -2543.9805984   -156.356439
1033.0212089   -2541.4071083   -151.7847925
1033.9568826   -2504.822731   -158.5581452
1033.4985527   -2503.5324097   -153.2845646
1031.2002274   -2508.3904266   -155.2453041
