108.27401   -1773.1291056   -332.6415718
108.3451184   -1742.8280115   -320.2069402
108.3247038   -1761.4067793   -327.0977736
107.4072989   -1706.6100836   -285.5907977
107.8377935   -1709.0175152   -292.5433815
107.8364822   -1724.7552872   -312.2532666
106.7691716   -1728.7957668   -315.0221109
106.679854   -1713.8696909   -302.1984994
108.0016764   -1721.5167284   -309.9121749
106.4802381   -1752.2348166   -324.8063326
106.7615124   -1755.7537556   -325.9310126
108.2714172   -1746.6834784   -321.7182159
106.8082722   -1710.0208998   -295.6309319
107.1592542   -1704.6934366   -275.3892541
106.7516776   -1740.3782606   -320.217818
106.7802878   -1749.0230799   -323.4781027
106.8337532   -1703.9636374   -269.3541646
107.2620126   -1703.671813   -265.2863562
105.865893   -1711.1545801   -298.4098196
105.2935692   -1732.6322794   -317.732513
105.2534255   -1766.6504383   -331.1659992
105.686334   -1763.6636496   -329.6320736
105.7393225   -1707.5425386   -289.3077433
105.981824   -1705.1978111   -279.049933
105.2310737   -1758.4323883   -327.8174102
105.9736284   -1716.5821791   -306.5514565
105.5419417   -1735.8453274   -319.0013766
105.8238419   -1718.9956903   -309.2989028
103.4439179   -1770.1907158   -333.7486088
104.9118014   -1705.9388161   -282.8083038
105.2186164   -1722.1295834   -312.191546
104.664323   -1704.3148279   -272.5433111
105.7074638   -1743.2024479   -322.0070302
104.5555743   -1773.8778591   -334.8684311
106.9185706   -1776.6419649   -335.0948095
103.5547825   -1744.658947   -323.9042163
103.4763428   -1708.6216211   -292.9753065
102.4138304   -1706.7344189   -286.6387665
103.7123772   -1704.8641443   -276.260078
103.2994362   -1725.1068354   -315.2692616
103.5699519   -1703.9854527   -268.5121298
103.386608   -1750.0642538   -325.92085
103.3511134   -1728.9193869   -317.2407746
103.3033403   -1754.4541359   -327.5311589
102.1714183   -1740.372777   -323.0893314
103.0651303   -1736.1592054   -320.77384
102.1122607   -1711.8576765   -301.3403118
102.9052707   -1714.0306234   -304.6754301
102.0423742   -1705.5572271   -280.049473
102.6657196   -1709.9487782   -297.0826626
102.5525304   -1719.1072702   -311.4826679
103.0711206   -1717.3997164   -309.1689646
102.2491428   -1707.4958086   -289.4431353
102.7043136   -1763.2533312   -331.2384784
102.1141382   -1759.6187592   -330.1604688
102.878091   -1732.824564   -319.3713725
102.6959094   -1766.9795752   -332.7465355
101.0318669   -1721.1533785   -314.0970469
100.9274098   -1715.4465914   -307.9345524
101.6044887   -1706.1856985   -284.0092182
101.4461788   -1704.5913935   -273.1047571
101.8108996   -1772.9430199   -335.8387053
102.2734018   -1776.3754129   -337.1413052
99.6943983   -1747.449398   -327.2704482
100.1566323   -1705.1292658   -276.2047946
99.2614897   -1704.2937279   -267.4204111
102.7411195   -1703.766346   -264.4587457
99.8266312   -1709.0343237   -295.0027883
100.3814312   -1708.0914974   -291.8539345
100.1696261   -1770.0097561   -335.4688287
100.5215617   -1726.9902229   -317.972064
99.2794307   -1729.8235893   -320.307523
99.3607315   -1752.0669699   -329.0480971
100.0415953   -1757.4619055   -330.586493
98.7600061   -1722.6222754   -316.54796
99.108127   -1716.2938118   -310.2101684
100.3106507   -1736.1305952   -322.5831985
99.4905504   -1713.2498026   -304.9997985
99.3212434   -1766.7591572   -334.6252143
99.1835269   -1761.4066601   -332.6147497
99.0084382   -1710.1640701   -298.9822626
99.2765995   -1718.5097933   -312.7005398
99.0336212   -1707.5794935   -289.1241312
98.9764901   -1705.9805393   -280.9772491
107.8399988   -1703.4552097   -257.2211623
107.1234914   -1761.2911463   -123.8870919
108.278391   -1762.3206377   -121.230416
107.5085672   -1730.2069664   -178.9981723
108.2037362   -1721.1784124   -190.7287389
108.312157   -1703.5295963   -252.9075146
108.2792553   -1708.8189125   -216.0862386
107.7551218   -1707.7797651   -219.7003663
108.0165776   -1758.6120367   -131.355688
108.0908748   -1712.8881216   -205.7389319
106.9742414   -1703.8177252   -243.7057048
107.8281077   -1750.7811785   -150.4347175
106.6965433   -1752.6043653   -146.5921104
106.8905564   -1719.1804647   -194.5221573
108.0131801   -1742.7443266   -164.3077433
107.0963117   -1705.5045366   -229.6778113
106.9707247   -1706.2973976   -225.7703841
107.6164516   -1737.3325825   -170.9329784
106.5362068   -1704.850316   -233.7990701
107.0353957   -1704.3687105   -237.4662757
106.7898842   -1756.1849356   -137.7061903
106.2430414   -1757.5684786   -133.8836551
105.9501442   -1740.7782078   -167.8691804
106.9191071   -1733.9096069   -175.1805097
105.6385311   -1707.3991299   -221.632719
105.1105531   -1760.1218224   -126.8358976
106.9638702   -1754.6361685   -141.6648626
105.5992218   -1714.885354   -202.6978582
106.7233058   -1725.7660627   -184.994325
107.0155474   -1748.7462759   -154.7346413
106.1556312   -1717.1751261   -198.2273906
106.1516973   -1728.1352282   -182.3274344
105.4911884   -1723.6555815   -188.6648536
105.0923141   -1745.7695007   -160.9310508
105.4226132   -1703.512311   -261.2109184
105.0610515   -1704.0940523   -240.2853072
104.638991   -1747.5343943   -157.7705443
105.9891852   -1710.98876   -210.9251171
105.4836484   -1709.9130154   -213.8723284
105.5718037   -1703.4803629   -249.9796003
104.2537066   -1712.7851248   -207.5917721
105.1812144   -1703.627944   -246.486485
105.2345308   -1743.560195   -164.3898338
104.459879   -1703.4496069   -254.0176213
104.4175597   -1708.818078   -217.4152732
103.7723991   -1761.9462013   -121.6966659
107.2577211   -1763.5401487   -117.7955493
104.1431101   -1721.6467857   -192.3558712
103.1175228   -1703.4915686   -258.0011785
103.7518951   -1749.5763302   -153.5422057
102.9682132   -1751.6858578   -148.6675143
103.7754389   -1753.6098957   -144.0387368
105.0603362   -1736.3123894   -173.5524237
103.6416563   -1740.2590513   -169.7620004
104.0338548   -1732.6170206   -178.5522103
103.9279076   -1730.1496267   -181.4225018
102.2022339   -1758.4100962   -130.9095472
103.4640344   -1706.0910463   -227.8858572
103.2212945   -1705.2438259   -232.3653847
103.6004695   -1704.5563459   -236.7751896
102.7046414   -1703.8758993   -243.7365055
103.1180295   -1707.1253061   -223.7349898
103.7547859   -1755.4416656   -139.2841339
104.1382524   -1734.4841957   -176.2330532
102.5748821   -1719.5097208   -196.4535415
102.9075357   -1756.9586039   -134.9287182
103.4338447   -1728.0240059   -184.3558699
103.2484146   -1725.9979248   -187.0227158
102.8458747   -1717.201829   -199.976176
102.9428216   -1711.2019062   -211.7251605
102.5425466   -1742.8617477   -166.5748507
101.4479669   -1714.490056   -205.5999786
100.7999452   -1716.2001133   -202.9300332
102.2761139   -1703.6505938   -247.6554662
101.626155   -1703.5725117   -251.1671782
101.4459106   -1724.5358229   -190.2692616
102.5977107   -1710.089922   -214.6815807
101.8096181   -1703.6926746   -261.152178
100.5397709   -1760.0593567   -126.087904
101.0835143   -1704.3683529   -239.7957295
101.2797924   -1737.9447222   -174.0335822
101.6531261   -1708.3835602   -220.1119214
100.327787   -1748.2254505   -156.767264
100.9322675   -1746.6163635   -160.2947712
101.2755605   -1745.0226545   -163.3669883
100.2986404   -1703.6424875   -254.8308671
100.7050546   -1709.6409798   -216.8973684
100.0887724   -1712.7654552   -209.8191679
99.8889776   -1723.2583761   -193.0392981
100.6613346   -1734.6460819   -178.4221828
100.4749509   -1762.7116442   -119.1013604
101.2937697   -1732.1517467   -180.828765
100.1386615   -1730.7206392   -183.4669411
99.6361645   -1705.9576511   -230.6939065
99.2166968   -1753.9116144   -142.2587931
100.9197506   -1753.2080412   -144.5749104
98.8965603   -1755.2790642   -138.5294646
99.6961864   -1749.9275208   -152.5963694
98.7218591   -1741.5320873   -170.1579392
99.3478271   -1705.0843239   -235.7451022
100.2147766   -1706.8411112   -226.4096886
99.3691357   -1728.3943892   -186.9952977
100.2020212   -1761.10816   -123.3289614
98.4293195   -1708.1485987   -222.8082567
98.5860499   -1703.9529085   -258.9372694
98.7684103   -1751.6695261   -147.9818523
99.6088358   -1711.1999989   -213.5633826
98.5478731   -1757.6552629   -132.063821
99.1007658   -1704.0294409   -263.1414533
99.2021533   -1704.0117979   -245.7588911
99.1422208   -1704.280138   -242.5586879
98.5292169   -1721.0774422   -196.970433
99.329439   -1703.8455009   -248.8286197
98.7163755   -1709.2436552   -219.1928327
108.2416447   -1758.5077286   -51.0968231
108.0498072   -1766.1727667   -64.5230561
107.308981   -1764.5386457   -61.8548915
108.2690331   -1751.4638901   -3.1087825
107.9983386   -1755.0384998   -24.9208845
107.0241304   -1754.6103001   -20.8688807
108.1509861   -1768.9605951   -71.8124285
107.4277731   -1767.5546408   -106.9348529
106.5767082   -1767.310977   -67.9335743
107.6759966   -1771.1162567   -90.4863477
107.5558039   -1743.4478998   18.9553052
108.3661588   -1755.2660704   -27.8290249
107.5881692   -1764.9623156   -113.9592454
106.9375547   -1752.4877787   -7.4839666
108.1955405   -1756.8169832   -45.7542464
107.0253523   -1770.7717419   -81.8034261
107.1139546   -1755.6576729   -30.9718084
106.6533896   -1761.2133026   -56.6789173
106.6010269   -1762.8890276   -59.3705885
107.8459891   -1768.7920332   -103.2955647
107.6599928   -1754.0041208   -16.9122871
106.7272397   -1741.4565086   22.6048734
107.5914475   -1748.9696741   6.3055721
106.407133   -1748.0993271   9.2162825
106.7758175   -1749.9712706   3.4155603
103.6267551   -1765.4166222   -112.3526469
105.9966656   -1753.6604404   -14.2320078
104.1766378   -1759.0007782   -52.7651198
105.8590683   -1770.4665661   -94.0197632
105.4699691   -1757.6541901   -48.6043543
105.9337231   -1739.1315699   26.4193565
106.0381504   -1756.1197281   -35.6891192
104.8551472   -1756.552577   -38.8785005
104.8428687   -1769.5752382   -77.7675435
106.6173287   -1769.3493366   -74.5921731
105.6517335   -1750.9775162   0.0528235
106.0541841   -1770.9331512   -87.3897821
107.2525653   -1767.0016289   -66.723749
105.3651842   -1746.8253374   12.6937255
104.4506105   -1745.1723814   16.4442584
105.5988344   -1756.6759586   -43.1313217
104.7692271   -1768.6959505   -102.7614772
103.3991846   -1769.6006298   -97.2113833
105.1892015   -1755.6444407   -27.6737176
105.4791185   -1770.6524134   -84.5373496
104.7613891   -1766.8482065   -108.5111201
103.0469509   -1752.1234751   -4.5500635
105.5518957   -1767.8011656   -70.065707
104.0830287   -1768.3707476   -73.2873008
102.4926873   -1755.4143667   -24.6114451
103.4763726   -1770.2708244   -90.3734714
104.381946   -1754.2718649   -18.0275701
103.8807901   -1749.3898869   6.2557762
103.9968999   -1764.2282248   -115.6345829
103.1480106   -1743.1139946   20.5314085
104.3012115   -1753.1967163   -11.1808954
102.3181053   -1764.8723125   -64.9611205
103.3601137   -1762.4994516   -60.0081161
102.1687361   -1756.2497854   -30.8551695
103.4707697   -1769.9458599   -82.3181048
102.5732728   -1754.9510002   -21.6296315
103.1159731   -1752.6150942   -7.4397554
103.753564   -1750.4419088   2.783987
103.6595973   -1741.133213   23.7468518
103.1469973   -1760.415554   -56.2100708
102.9348048   -1767.8064108   -105.2118912
102.4235757   -1748.1405735   10.2324383
102.5391492   -1770.0428963   -86.2440616
102.3500534   -1753.8102865   -14.7353727
100.391862   -1740.0574684   26.1662342
102.8312119   -1738.3508682   28.4310076
106.4140769   -1736.3687754   31.1818738
102.2760841   -1769.7913647   -93.8165858
101.100591   -1751.537919   -1.2850674
102.4900945   -1757.389307   -46.6727987
101.4941307   -1756.9229603   -40.3133854
101.4241847   -1757.1314573   -43.837782
102.3985716   -1766.7919397   -69.6563572
102.8471562   -1758.010745   -49.8509891
101.2825938   -1746.7556   13.8526997
100.1423868   -1755.9107542   -27.1445643
100.722042   -1756.8011284   -35.7631333
101.3253602   -1768.4037685   -76.5696019
100.1389893   -1768.7250376   -80.2161098
100.4388603   -1766.5134668   -108.5192636
100.3184291   -1745.0556755   17.539518
101.2766036   -1754.5044422   -18.7626276
101.1450263   -1753.1405687   -10.1310527
99.4158658   -1753.5324097   -12.236774
100.5524667   -1759.1730356   -54.0560633
100.4895838   -1768.7078714   -99.583447
100.8739146   -1768.1823969   -102.5906056
99.1086932   -1767.0161724   -73.7958252
98.7920138   -1764.1100883   -115.1604652
100.7032665   -1750.3387928   3.8903456
99.4570526   -1749.2418289   7.7490788
100.4971834   -1741.6986227   23.4106164
99.9540659   -1769.423604   -87.8528878
99.5898219   -1769.2935467   -91.7032436
99.6534201   -1769.0025568   -83.3835676
99.2359491   -1768.9042091   -95.7041979
100.0940176   -1760.9567642   -58.462847
98.8554331   -1743.4031963   20.8239406
98.8959643   -1767.321229   -104.9428433
98.5237928   -1757.5490475   -47.2770669
98.5034975   -1758.3293915   -51.7705232
98.6874374   -1755.1457882   -22.2180244
98.607299   -1738.756299   28.7502632
98.5963019   -1751.0001659   1.6762754
98.4819802   -1757.2487593   -41.9487432
108.3093258   -1737.0090485   165.562585
108.0118986   -1731.9859266   149.7724652
108.0824109   -1723.3667374   109.6598729
106.2983843   -1738.8032675   169.3878472
107.6684567   -1739.9379015   173.5914201
105.8795127   -1723.3786583   104.0614769
107.3980304   -1723.1270075   84.892869
108.3354624   -1725.5535126   125.1899153
107.7596518   -1728.1484604   135.9664798
107.3372336   -1730.11446   50.8064888
107.1450981   -1724.3366241   116.3788736
107.8277799   -1724.8959541   120.9382787
107.4573966   -1722.730279   96.104309
105.7788404   -1728.8455963   55.4986745
107.7996465   -1723.8074541   78.2849714
106.427488   -1724.5578766   74.1690919
107.5277897   -1722.8569984   89.0275761
106.0806485   -1732.5983047   40.8645794
107.7342006   -1723.8095999   113.1561249
107.3613735   -1726.5683413   129.1354001
105.6489321   -1727.8764248   133.1471503
105.5713268   -1734.937191   34.4746038
105.1926883   -1723.1453657   91.9933468
106.6834601   -1730.7368517   144.634515
106.9655391   -1734.5913649   157.365188
105.7245406   -1733.9088917   154.0476382
106.8102392   -1729.4723988   140.2825266
106.9900962   -1733.6556911   37.3367369
106.8572374   -1725.1198292   70.8666667
104.0253314   -1730.6624651   48.5679209
104.4939729   -1731.7667007   44.3896912
105.8215173   -1735.8580828   160.3896618
105.2954467   -1726.9436121   62.9143864
105.9762808   -1727.7604342   59.5706701
105.9606644   -1725.8684635   67.483753
105.0056192   -1723.2760191   99.256523
105.5122884   -1723.7552404   80.954954
105.2644821   -1725.8338928   123.1475845
104.6949895   -1726.616025   126.4341623
105.2242788   -1737.4280691   164.5123959
104.9132618   -1724.3697643   112.6574278
102.693257   -1724.4809866   108.288534
102.6716503   -1732.6695919   147.1610069
103.9807173   -1733.4595919   151.0019302
103.7029894   -1725.6407738   119.5620969
103.9432558   -1724.4472504   77.4105191
103.8008901   -1729.5002937   137.3387277
103.8964065   -1740.9183979   173.6503094
107.7106866   -1741.0392761   176.8539995
103.0892106   -1723.6535549   89.1479775
103.4383448   -1723.5164642   95.5500826
103.0401262   -1723.9695787   83.5903361
103.6948534   -1727.761507   130.3338706
104.2770716   -1729.849577   51.6182519
103.3353182   -1725.1458168   115.6687364
103.8016947   -1734.0745926   37.1682085
103.733656   -1735.5368137   157.1469605
103.1664284   -1725.6219387   70.2266023
102.7580174   -1731.0655117   141.928032
102.3198637   -1725.1864672   74.0549788
104.1910025   -1736.3311052   31.7870453
101.6371521   -1740.5930758   169.6339846
101.2496623   -1732.5083017   42.6370762
101.6505035   -1733.5133553   39.4511372
103.1701835   -1728.0453444   58.7635674
102.2798391   -1726.580143   65.7379702
102.2484275   -1724.0158319   101.2723893
101.8798324   -1724.3286371   104.3231711
101.7857762   -1737.5534773   160.5994552
101.7945977   -1729.1213274   54.808259
101.7607125   -1735.1157665   153.5467356
102.2798391   -1735.4943752   34.1532119
102.1807464   -1724.4445086   80.1598281
99.8513671   -1727.735281   61.5996495
101.8279465   -1726.8924713   123.5442683
100.2512249   -1739.807725   165.1174724
100.378898   -1724.2439985   92.4163759
101.8926474   -1723.9557505   98.1464535
100.5777093   -1725.5841494   112.7296388
101.7992171   -1727.6256084   127.1495372
100.9527119   -1729.4760942   133.7195784
100.828168   -1731.4038277   46.5294644
100.4572185   -1730.3019762   50.727915
101.0623845   -1737.0089293   31.353455
101.8427881   -1734.0546846   150.3457427
99.4843813   -1725.4058123   76.9128799
101.4566394   -1742.172718   174.6776253
103.4685048   -1742.2924042   177.496314
100.0550958   -1734.7756624   36.6974771
100.1135381   -1730.9795618   138.0407363
100.5680235   -1736.8615866   156.7105353
100.4145416   -1726.2185812   116.9518903
100.235072   -1726.8234491   120.200716
99.8857292   -1728.8504839   129.494682
100.5364927   -1724.4184017   85.7006609
99.6203693   -1724.4991064   89.3862918
99.5972129   -1724.5514393   95.2780172
99.0737351   -1728.5808325   58.3562963
98.6354323   -1726.2730598   71.6243461
99.7793051   -1726.5958786   67.8559393
98.9681455   -1725.075841   81.9672644
99.8106273   -1733.0929041   144.7069794
98.8509925   -1732.6190472   141.6548491
98.9890965   -1725.3338099   105.4929346
98.7335714   -1725.7710695   109.0197191
99.0332337   -1735.1523638   149.6007442
98.4188291   -1727.5043726   64.2375052
98.8315912   -1736.7721796   32.521788
99.2355915   -1724.8079777   99.3270949
99.6767255   -1724.8643637   102.4495512
98.9939543   -1728.3744812   125.8628964
98.9097329   -1739.7001982   162.0129049
98.8499793   -1743.9332008   176.7009944
108.1915768   -1753.0069351   222.4392593
108.3195182   -1738.723278   294.845134
106.5025898   -1748.1338978   197.6310164
107.9525026   -1740.183115   287.8980339
106.5982553   -1750.1934767   204.654485
108.0150577   -1752.1060705   255.1731169
107.3107692   -1752.1520853   214.2919898
107.8897985   -1743.7961102   279.3565989
107.1330877   -1752.9340982   248.4469563
107.7716025   -1753.3479929   226.057902
107.1298989   -1753.6631823   230.5442393
106.6606911   -1741.3483858   283.4056914
107.5053187   -1749.1514683   266.4989829
107.0707115   -1753.3751726   244.0065145
106.522617   -1738.0378246   298.0218828
106.7641946   -1740.0922775   313.4356141
106.6078516   -1739.1943932   310.0197613
107.3479625   -1743.139267   182.6657802
106.3583764   -1742.3402071   179.6970218
106.1342033   -1752.6657581   217.6767737
107.4534329   -1753.6872625   238.9419526
106.1241897   -1744.9905872   187.7515316
106.3345345   -1744.9245453   275.5994201
106.4471575   -1753.7940741   234.3803346
106.2010797   -1741.1681414   316.8686032
105.419186   -1749.8605251   262.3956501
104.6730848   -1751.9869804   211.8428499
104.6130928   -1751.2218952   208.1516534
105.7009371   -1746.9543219   270.719856
106.1277958   -1738.5277748   306.843102
103.9960655   -1746.5308905   191.3692802
103.999761   -1748.0114698   196.2112039
104.0842208   -1749.3599653   200.765714
105.6358489   -1742.4100637   320.1555312
108.2136603   -1743.2678938   321.7485249
105.7575914   -1752.18153   252.7801991
105.6667837   -1738.0723953   293.7944829
105.4228219   -1738.6348248   289.7698283
105.3945395   -1750.8665323   258.706063
103.4440073   -1737.4304533   300.6070852
103.3512922   -1737.8233671   304.6867549
104.4072183   -1739.2531633   286.2728834
104.6097549   -1742.4212694   278.9275944
104.0333184   -1753.7724972   227.9658616
103.7888797   -1753.5220385   223.4057486
104.5394512   -1753.6655664   237.8363162
103.4645709   -1747.9034662   266.3495243
104.5728596   -1743.9324856   183.3899915
103.4372421   -1752.6255846   215.19728
103.7539812   -1753.3859015   241.6237593
103.5977872   -1751.1231899   256.0235262
103.2659682   -1752.9020309   245.6424385
102.6244732   -1752.2093058   249.7532219
104.126093   -1753.852129   231.5172404
102.1499606   -1753.2469034   219.1073745
102.6425334   -1750.4860163   204.2339891
104.0287884   -1739.4019365   311.9225204
103.3511432   -1740.2243614   314.786613
103.2172414   -1740.2931452   282.2208703
102.6925119   -1738.4792566   308.8277578
102.8857204   -1737.2329235   296.6962159
102.1914455   -1753.7653446   234.4015539
101.7774912   -1744.3197966   182.1208745
102.2830578   -1743.9937592   273.609966
102.4599644   -1741.4507866   318.1617856
102.409062   -1737.3577356   292.5061584
101.9820841   -1751.3800859   253.1850338
101.4413806   -1745.6355095   269.6327567
102.2584113   -1743.0388927   321.7580616
105.6287559   -1743.8286543   323.2498765
102.4343642   -1737.9426956   288.4887159
102.1890017   -1749.8987913   259.293288
101.1213633   -1748.4009266   262.8293335
101.5496822   -1745.5694675   186.2880886
101.0269793   -1747.9907274   194.2049712
100.5822393   -1752.1688938   211.1247778
101.2950512   -1751.3176203   207.3117644
98.8854142   -1739.0916348   280.2885771
99.1479429   -1740.6769991   276.8894136
99.9550494   -1753.2864809   238.7080193
100.3995212   -1738.079071   285.0707769
99.9691757   -1753.7654638   224.8332947
100.7868918   -1753.8388968   230.1770151
100.7911833   -1749.9005795   201.0940462
100.7018956   -1739.3212318   312.4592304
99.2501052   -1747.2318411   189.4799173
100.4296216   -1752.8624535   243.0386543
99.0599366   -1749.9936819   255.8433712
99.603233   -1746.4846373   266.1084533
99.7194918   -1737.070322   302.6154339
99.6313068   -1736.6802692   298.7598479
99.6400686   -1737.6279831   306.2078059
99.9409827   -1740.4221296   315.7513738
98.6156734   -1751.9563437   246.8537092
98.8915237   -1749.6228218   198.6429691
99.8969349   -1736.6441488   295.4258621
98.3739468   -1738.3528948   309.6162081
99.3275019   -1750.7151365   203.6033422
98.9406677   -1751.0749102   251.4550686
99.1557213   -1736.8584871   289.3253267
98.9176603   -1743.9746857   270.3772783
99.274573   -1742.3000336   273.8264501
98.6139449   -1748.5865355   259.8965168
98.9738675   -1745.8087206   183.3570302
99.4263264   -1744.4117069   324.3966699
108.2282933   -1757.3977709   343.0450559
108.3203229   -1748.5668659   331.5528035
108.3327802   -1775.13659   358.4327102
107.9845401   -1770.8487511   355.134666
108.0068024   -1768.1050301   352.9709578
108.2873317   -1754.2827129   339.5420611
106.9588634   -1750.1858473   334.0750933
108.1852587   -1772.5888491   356.4700484
106.9105836   -1762.8768682   348.3890593
106.7275675   -1760.3011131   345.938623
105.7433458   -1745.4214096   326.3474405
105.912623   -1747.0262051   329.1364312
104.9049767   -1752.576828   337.1763527
105.8695289   -1754.8956871   340.0937617
104.4596108   -1748.4545708   331.4401805
105.1570746   -1765.8652067   350.605756
104.1458818   -1759.311676   344.620496
103.3875021   -1756.8148375   341.9265747
105.5345508   -1774.2567062   356.9974005
103.2276126   -1769.5709467   352.9025018
104.1279408   -1750.3598928   334.1876864
103.9293679   -1762.4187469   347.4999964
104.2240234   -1772.0199823   354.9253941
101.8774482   -1746.5282679   328.2571137
102.1818193   -1754.3689013   339.0307426
102.9802235   -1744.5734739   324.8291016
100.6655069   -1774.4797468   355.4639518
103.1265827   -1777.1075964   358.2277596
106.6149744   -1778.4056664   360.3950739
101.4947864   -1765.9399509   349.7464657
101.0724279   -1751.9124746   335.9197676
101.6460034   -1761.3780499   346.0558057
100.4425856   -1749.1776943   332.1988881
100.4388305   -1758.9478493   343.5582817
99.5725664   -1756.3798428   340.7839835
100.2906831   -1763.5654211   347.5905955
99.211392   -1767.9320574   350.4678905
98.9349159   -1747.61796   329.7450542
98.6551913   -1778.7308693   357.678175
108.3690199   -1797.528863   -341.2117958
107.5480553   -1899.5113373   -335.2787197
107.2773608   -1853.1272411   -337.8056884
106.7834469   -1892.2665119   -335.5489373
107.4214848   -1907.6815844   -334.7417116
107.3381277   -1912.1297598   -334.3362212
107.3321076   -1879.761219   -335.9891474
107.4631783   -1831.4156532   -339.9425149
107.8367206   -1861.7378473   -336.9266987
106.3393029   -1857.7078581   -337.4606073
106.5214547   -1813.1748438   -341.7769372
106.7306074   -1808.0074787   -341.9884145
106.430349   -1790.7903194   -340.8148587
106.5964373   -1794.4667339   -341.5604532
106.5191003   -1825.7949352   -340.7215774
106.3575419   -1903.8236141   -334.9434137
106.0720953   -1917.031765   -333.6985409
105.0777706   -1884.185791   -335.7940018
105.5422398   -1819.3609715   -341.6259587
106.3792082   -1786.1212492   -339.4403756
106.9457801   -1895.8419561   -335.4122341
104.3387326   -1866.2384748   -336.8042409
106.7027124   -1803.712368   -342.1340883
106.7422303   -1800.5540371   -342.0961797
104.0651473   -1781.9304466   -338.8759196
104.9337658   -1840.5276537   -339.6754861
106.1725589   -1873.4456301   -336.2394571
104.1158708   -1876.1062622   -336.1640573
103.4485968   -1871.4286089   -336.4808857
104.6144339   -1888.463378   -335.6258869
102.9037806   -1849.6644497   -338.9765918
103.215334   -1845.0289965   -339.5090699
104.0181192   -1834.7434998   -340.5669034
104.7401997   -1798.0957031   -342.7428007
103.0997904   -1860.6294394   -337.5253677
103.2080921   -1896.0106373   -335.2801502
102.3457023   -1901.4890194   -334.9932432
102.9034229   -1829.2622566   -341.5130973
104.3468388   -1909.6124172   -334.3782425
103.4500273   -1906.1201811   -334.6597254
103.2049032   -1913.0027294   -334.0110779
103.3454212   -1880.1465034   -335.9992206
102.2822829   -1855.3040028   -338.3124769
101.8594774   -1891.1728859   -335.5458677
103.9930256   -1801.3323545   -343.1943059
103.4159335   -1805.0848246   -343.3912992
102.9062244   -1809.6538782   -343.3373272
102.0629676   -1814.4866228   -343.2722986
101.8589409   -1823.5769272   -342.5070047
101.5357944   -1786.6237164   -341.7161107
102.2634777   -1792.1220064   -342.893362
100.7907065   -1818.7460899   -343.3842957
102.2575768   -1795.7063913   -343.506813
100.7522913   -1886.8033886   -335.781455
100.1213761   -1882.3879957   -336.0487223
100.966272   -1837.5667334   -341.0755694
100.150046   -1841.9237137   -340.6904936
101.6297313   -1798.6798286   -344.0151215
100.2195152   -1909.2053175   -334.4337046
100.7336053   -1867.8331375   -337.0028734
100.2176376   -1863.5233641   -337.5658989
99.7820767   -1874.124527   -336.604327
100.003955   -1878.2002926   -336.2913132
99.5015474   -1832.9474926   -342.15042
100.6172272   -1801.9608259   -344.4734216
99.9003621   -1904.9823284   -334.8172307
99.3862423   -1870.2970743   -336.9684517
99.1304191   -1806.4981699   -344.9639082
99.7194918   -1846.4748859   -340.1237726
98.4689566   -1898.021102   -335.393399
98.4019908   -1893.8022852   -335.6310129
101.975617   -1916.3502455   -333.6203098
99.1606983   -1913.8160944   -334.011972
99.4354161   -1811.088562   -344.5316553
99.7410091   -1794.0685749   -344.2510664
98.9831956   -1797.5958586   -344.9345231
98.8560291   -1917.9829359   -333.514452
102.4892005   -1920.0428724   -333.1541419
108.3553406   -1783.0221653   364.3117547
108.342466   -1908.5865021   398.4157145
108.3165082   -1803.5238981   379.1006804
107.8783544   -1915.5973196   397.6583183
106.7983481   -1800.9412289   376.9232631
107.9008552   -1838.8018608   406.9043994
106.2273058   -1816.598773   390.1263773
108.2930239   -1846.9998837   409.7872376
107.3419126   -1820.7169771   393.3366537
107.3704632   -1810.6338978   384.891063
106.3908609   -1807.2029352   382.0406795
105.583516   -1827.3415565   399.5293677
105.3962978   -1830.8938742   402.7435482
108.0835136   -1883.2775354   403.7934542
107.9516681   -1886.8560791   403.213352
106.3788506   -1788.7862921   367.9193258
105.3724559   -1791.2656069   369.4501519
106.1147126   -1812.6912117   386.801064
108.0543371   -1914.0489101   460.0438476
108.2406314   -1864.166975   409.0905786
107.4706288   -1890.6042576   403.049469
108.1166538   -1886.7526054   454.9726844
107.9569431   -1877.0073652   405.3284526
105.453399   -1786.2825394   365.8634126
107.4759039   -1908.9146852   454.4862807
107.367036   -1883.618474   451.4486492
108.2135113   -1892.2048807   464.0474617
105.6768569   -1795.6767082   372.7450371
105.6692573   -1834.7978592   405.7697356
106.887755   -1906.4782858   451.0534406
107.174811   -1887.9888058   459.1176212
106.0066792   -1781.0721397   362.1491194
107.7540489   -1861.0906601   411.8547738
108.2342537   -1854.804039   411.277473
107.4039312   -1851.6429663   412.7008915
107.7862652   -1898.4054327   441.4870143
106.5289649   -1903.9208889   447.0719397
108.3617779   -1881.4426661   442.3699379
107.2779866   -1874.1664886   408.1231058
107.9897853   -1894.1257   436.0484779
107.433525   -1857.0406437   413.9503241
106.6313954   -1897.1272707   402.4738073
106.5682741   -1893.9685822   403.3489227
108.3052131   -1879.940629   439.0274584
106.7899736   -1880.0759315   446.5584457
107.062337   -1880.3061247   406.0309231
106.2651845   -1842.2987461   410.3367925
108.2057627   -1878.595829   435.9175265
107.2888049   -1869.8831797   409.7550511
106.7080768   -1900.862813   401.4740288
106.9354387   -1904.4501781   400.4495442
106.5351339   -1891.8708563   466.7989314
108.1151041   -1887.0047331   429.6974242
108.3360585   -1879.6570301   437.3628497
105.5714162   -1901.7432928   442.1397448
106.7269417   -1889.680624   462.9392922
108.1198724   -1888.5513544   430.644542
107.4045869   -1866.0548925   411.2199247
108.0508205   -1878.4761429   432.8591228
107.2348329   -1893.0090666   432.6250255
105.6368323   -1912.5210047   456.0823143
106.9907518   -1877.2462606   441.331476
103.7166687   -1783.9751244   363.5542691
105.2276167   -1911.8512869   400.5081356
105.2350672   -1908.1023932   401.278466
105.0857576   -1803.9051294   379.1718781
104.6505245   -1823.2696056   396.2405324
104.8002215   -1846.7801809   414.8129225
106.566039   -1917.2617197   461.0881805
104.1693362   -1916.156292   458.3844543
107.875851   -1889.4473314   430.4052889
107.1203621   -1890.0688887   428.4902513
107.6553436   -1884.8615885   427.4565279
107.5730296   -1879.9045086   427.6181459
107.6710793   -1888.7351751   429.0823936
107.8132363   -1886.6938353   428.2847643
107.6439592   -1887.5437975   428.1022847
106.3214513   -1884.6796751   406.123668
106.1989041   -1898.470521   437.7450943
102.4376424   -1798.2516289   374.0019798
107.5040969   -1875.666976   433.2883358
107.5507375   -1876.1906624   429.1343689
106.7733737   -1877.9820204   408.0550075
106.6039177   -1858.7639332   417.8584516
105.6508692   -1888.1521225   406.275183
106.4915629   -1873.6557961   437.2674823
103.9459082   -1837.8620148   409.1196954
102.0152243   -1915.4897928   402.7131498
102.5723489   -1921.7216969   400.8770287
106.551704   -1922.7515459   397.6765871
107.1490022   -1886.6348267   425.8986115
106.9519492   -1864.2895222   415.3219163
107.4324819   -1888.4007931   427.816987
107.1912023   -1887.9716396   426.695466
106.6834899   -1877.243042   424.3437946
106.8177494   -1881.13904   423.8544405
106.8446013   -1871.4804649   430.919379
106.8821224   -1872.4651337   427.2961318
106.1480912   -1871.2217808   434.597522
104.3886515   -1909.937501   452.1211386
104.2917343   -1892.1170235   407.0953131
106.0340973   -1884.5365047   421.1618006
106.6118451   -1868.8259125   413.8121307
105.837998   -1852.6492119   416.3665175
103.0871245   -1809.1319799   383.7939501
105.5333289   -1883.2573891   455.0303221
104.7936352   -1878.7875175   449.76753
104.4354709   -1879.6989918   451.8991709
106.3627573   -1872.8625774   412.6133919
105.8461341   -1877.4362803   411.7105603
105.2526506   -1893.8938379   427.7968407
105.7132753   -1896.7142105   433.4703088
106.4016791   -1889.2703056   425.1800179
105.0814959   -1884.8714828   458.1394196
104.8790487   -1886.7955208   461.5779817
106.279579   -1891.0183907   426.7392457
105.966595   -1881.0317516   409.1595411
104.6632501   -1875.9561777   445.4420209
104.5359048   -1872.6760149   441.7781532
106.2879237   -1862.9112244   419.8506773
106.1241301   -1868.2723045   417.6046252
104.2917641   -1904.340744   403.2962322
103.7981185   -1907.5242281   448.1994808
106.1865958   -1873.3472824   422.7219224
106.0999902   -1867.7843809   428.5609126
106.3579889   -1869.5526123   424.4613945
105.7578596   -1880.2243471   419.8412597
101.7918261   -1802.4296761   377.5059879
105.4362329   -1888.6566162   421.7996001
104.4095727   -1888.8115883   464.8542404
104.3554219   -1900.1809359   404.4632316
105.8228882   -1876.5126467   419.6120203
104.5426401   -1896.2708712   405.4249525
102.1650108   -1779.8671722   359.8905802
105.9362563   -1871.5691566   416.5326655
105.2852841   -1868.2277203   433.0826998
105.8004173   -1860.7388735   422.2204685
104.0684553   -1853.0404568   419.5125401
104.2250963   -1857.7672243   423.0362475
103.8049134   -1855.1567793   421.508491
103.7787768   -1890.3019428   467.8117633
104.4467064   -1893.027544   470.9549844
103.2341095   -1905.4028988   444.2073107
104.5841249   -1869.5129156   437.2352064
105.1066788   -1891.6970491   423.8975942
101.7380031   -1805.7157993   380.5217743
100.8897098   -1788.6430025   366.0794497
103.2094928   -1818.23349   392.0786679
102.0583185   -1821.2895393   395.0553536
105.5964204   -1875.3416538   415.8174694
106.1934205   -1870.4755306   420.5207825
106.1826321   -1866.625905   422.1611321
106.1119112   -1866.5145636   425.3071249
105.1650616   -1885.2528334   409.9025726
105.9226664   -1863.720417   423.8539934
102.3811968   -1841.2562609   412.9098356
102.0424636   -1814.2749071   388.6356354
104.1286858   -1899.0608454   433.6458147
103.1774553   -1901.78442   437.1379614
105.9165271   -1873.4474182   419.0428853
102.1926972   -1811.6805553   386.1798942
105.3636047   -1864.1569614   427.1164238
104.2311164   -1864.4818068   430.7299554
104.4976088   -1884.5361471   415.5702591
104.2644354   -1885.6450319   415.1515365
105.034885   -1882.0636272   412.8432572
104.7380539   -1860.7999086   425.2438545
105.2306863   -1879.3623447   415.8384204
103.1192514   -1848.8020897   418.2260633
103.0234071   -1794.8577404   371.4956343
102.0305129   -1832.2805166   405.3349793
101.0774048   -1834.8218203   407.9985619
104.1291627   -1889.2594576   410.3090167
103.7256988   -1897.3418474   429.2610288
102.725056   -1915.5150652   456.4130306
101.9085916   -1913.4191275   453.2984197
101.9682857   -1828.7438154   401.9987881
101.2937995   -1826.5030384   400.1348615
102.116433   -1904.2772055   439.8814142
103.1122776   -1881.9210529   456.6006958
103.0190261   -1892.9175138   419.2394018
100.9166213   -1830.6539059   404.178679
102.137235   -1792.6659584   369.5439696
103.82804   -1861.4696264   428.0747473
103.6283048   -1918.7641144   460.2007866
103.7768992   -1867.5183058   436.3119304
103.8517328   -1865.6805754   433.3830476
103.5217913   -1894.2836523   423.0422974
102.6646169   -1896.692276   425.3698587
102.0381423   -1911.1392498   403.8036764
102.7530702   -1908.0862999   403.9616287
102.1880778   -1883.8244677   460.4803622
102.6306125   -1886.4274025   463.5017812
100.8865806   -1842.8564072   415.1874185
100.3355356   -1844.8965549   417.3058569
102.3695739   -1857.2007418   426.7872274
102.3841175   -1875.3467798   448.530972
102.226195   -1871.848464   444.2964792
101.287094   -1824.3181705   398.0247974
102.2954556   -1869.1083193   440.7618344
102.9206785   -1877.7447939   451.2155652
102.7000519   -1899.2605209   407.174021
102.3306819   -1896.5144157   409.1314673
100.6115051   -1878.3743382   454.7277391
103.2021316   -1889.9949789   414.1378105
101.7526361   -1887.9814148   466.3647115
100.6714078   -1911.2428427   449.0790963
101.6455563   -1903.3144712   407.2052836
101.1101874   -1907.1645737   406.4233899
102.0175787   -1863.5503054   434.2030585
102.3473414   -1860.7515097   430.457294
101.913956   -1853.2270193   423.455447
103.0540141   -1892.5718069   410.7021987
101.936427   -1900.0498056   430.4887056
99.8395654   -1903.7181139   433.2457781
101.7414006   -1849.8545885   420.5187857
99.7868153   -1837.3918533   410.9542966
100.9653481   -1908.4745646   445.3574717
101.0839614   -1890.3871775   469.9161053
101.2996706   -1899.5133638   427.4769723
99.4717451   -1782.3234797   360.7077599
101.4581891   -1865.8498526   437.9864037
101.1435958   -1897.2195387   421.1030602
100.4976007   -1818.5881376   392.8120732
100.7555696   -1906.8686962   442.2971904
101.9781502   -1894.6956396   412.5818312
101.1197539   -1895.9723711   416.2314236
99.7976037   -1880.2243471   457.9240084
100.2694341   -1816.4640665   390.8594549
99.1860005   -1798.3621359   373.3464181
100.4201444   -1914.2017365   404.8275948
100.5630764   -1875.6711483   451.2577057
100.1317474   -1916.2772894   454.6307921
100.7511886   -1918.4775352   457.4979544
101.1502417   -1900.4440308   409.4076753
100.0943752   -1899.6514082   423.6109853
99.6914776   -1884.9500418   464.1183913
98.8302203   -1872.3913431   448.8063455
99.0371379   -1839.7099972   413.4224951
100.3984483   -1858.2115173   430.1778674
98.6207398   -1855.6392193   429.0262461
100.0008854   -1860.330224   433.0149889
100.4968258   -1899.236083   412.8599167
99.8379263   -1869.6792126   444.4128573
99.2720994   -1866.651535   441.4184988
100.2891632   -1904.7780037   436.7019236
98.7864705   -1813.1753206   387.7159357
98.4325679   -1881.6130161   460.8211815
98.7166139   -1792.4245596   368.2642877
99.1407605   -1907.1115255   439.3108785
99.1295549   -1847.3746777   420.417279
98.4559032   -1808.0468178   382.5175464
99.6001931   -1863.842845   437.7872944
98.5943647   -1861.0271215   435.4845285
100.2752455   -1917.9913998   403.8495421
99.5117994   -1902.6316404   429.4840097
99.5398732   -1804.1343689   378.7632287
98.5283824   -1887.4485493   467.7195251
99.0881892   -1904.7372341   410.9831154
99.14386   -1907.7284336   409.2431366
99.3685695   -1901.5316963   425.6671369
99.2537113   -1911.8552208   407.1984589
100.0689241   -1898.4200954   418.2150662
98.7757715   -1901.0924101   419.3721712
99.7304591   -1899.3886709   416.3880348
98.5788079   -1909.3261957   442.5959885
98.6521216   -1910.9638929   445.5956221
98.437843   -1903.0245543   415.3820276
107.9861196   -1904.8798084   487.2658551
107.7087792   -1900.5308151   479.3078005
108.1153127   -1910.7387066   501.8717647
105.793682   -1907.7267647   494.64643
106.3975366   -1909.5351696   498.149991
108.2889112   -1916.7106152   510.63627
107.1771058   -1912.9759073   504.8211813
106.661913   -1898.3485699   476.3438106
106.1292263   -1915.8537388   507.599473
106.2596711   -1906.0674906   491.9424355
104.8311862   -1895.6462145   474.1927385
104.8014136   -1912.5699997   501.8107295
103.7769886   -1901.7310143   482.6853275
101.871905   -1905.1123857   489.0221357
103.1776341   -1897.641778   477.4262905
103.8587066   -1915.4797792   504.9484968
101.4858159   -1913.9162302   500.7147193
101.0722788   -1910.9586477   496.314764
100.0909182   -1907.0938826   490.7847941
103.3011945   -1917.9786444   507.3056221
104.7307523   -1918.9809561   509.63974
100.7925542   -1894.2587376   474.6595621
101.0476323   -1909.1449976   493.9931631
100.6809445   -1920.6906557   507.8139901
99.6761294   -1898.0897665   479.3955386
100.160894   -1903.6533833   486.7391586
98.371205   -1901.5635252   484.1074049
107.7002259   -1985.4189157   -323.7447739
108.2642647   -1958.2225084   -327.2619247
107.5744899   -1962.9439116   -326.4397085
108.0316576   -1953.309536   -328.0129433
106.8569692   -2002.7556419   -322.3773837
106.9093319   -1971.3035822   -325.2203166
107.616541   -2010.6797218   -322.3485649
108.214018   -2048.2769012   -323.54334
107.0544692   -1947.805047   -328.8271427
106.0859533   -2023.4959126   -322.0800161
108.2470986   -1943.3387518   -329.8076689
107.074258   -1940.0051832   -330.242306
107.5483235   -1995.5627918   -322.8783309
106.8715128   -2054.4040203   -323.1378198
107.6118322   -2061.0179901   -323.2701719
106.3471111   -2043.7405109   -322.8506446
106.7624661   -2029.0279388   -322.4306703
106.8665954   -2014.6801472   -322.1552968
105.9156033   -2037.9936695   -322.5352764
106.2263819   -1927.02806   -332.3720694
105.1535281   -1931.7765236   -331.5302134
106.3128682   -1922.2658873   -333.0590725
104.8244806   -1977.4810076   -324.2260218
106.2768968   -1966.6548967   -325.742811
104.5277985   -2033.2171917   -321.9980597
106.3769134   -1998.7367392   -322.4755824
106.235114   -1989.2293215   -323.1513202
105.1447662   -1982.5153351   -323.6812353
104.6462628   -2018.2480812   -321.685642
105.0148579   -2049.4618416   -322.5645423
104.9985858   -2007.6141357   -321.8795359
105.2670749   -1992.9385185   -322.7080703
102.7860614   -1937.4089241   -330.384016
105.1892611   -1955.8707476   -327.2234499
103.9923998   -1959.9871635   -326.4837861
104.5817705   -1943.0302382   -329.4303119
103.8510772   -1951.9747496   -327.7785778
103.7006351   -1986.2880707   -323.1498301
102.7747663   -2013.0589008   -321.4229643
104.2892011   -1964.2002583   -325.8981407
104.3066057   -1996.4464903   -322.3268688
101.7255159   -1947.2423792   -328.5453022
102.5790545   -1968.0016041   -325.2681196
102.5292548   -1972.8144407   -324.6457279
103.5107645   -2053.6658764   -322.2022057
102.0591231   -2058.8116646   -321.8234777
103.4929129   -2000.159502   -322.0049441
102.5736304   -2004.3139458   -321.6882646
102.9120358   -2028.7766457   -321.5071857
102.8949889   -2041.4180756   -321.8838573
101.8015119   -2045.9733009   -321.7751384
102.6638123   -1924.4759083   -332.5446248
102.5960418   -1990.5270338   -322.6551712
102.7418347   -1928.3771515   -331.9533765
102.9317351   -2021.2848186   -321.3994205
100.5887958   -2024.4104862   -321.0946918
101.6975912   -2037.4600887   -321.5289712
102.2194596   -1994.0178394   -322.3394752
101.738927   -1955.7756186   -327.0679414
100.409356   -1931.7243099   -331.3980997
100.4273268   -1982.3020697   -323.4703839
100.1011702   -2052.0408154   -321.542263
101.3763519   -2008.2764626   -321.4168549
99.3693443   -1976.1110544   -324.2397606
100.3526422   -2018.9833641   -321.072191
100.4683348   -1942.3806667   -329.4603229
100.3541025   -2033.1468582   -321.2100267
100.8505198   -1997.2635508   -322.0157027
100.9539338   -1963.3610249   -325.9109259
99.7461649   -1959.2622519   -326.5607953
99.2549928   -1951.749444   -327.8108239
99.978921   -1987.7291918   -322.8773773
99.9117466   -2001.449585   -321.6925561
99.1280945   -2029.2496681   -320.9935725
98.7054976   -2042.0062542   -321.2248683
98.4723242   -1939.244628   -330.1395476
98.4863015   -2015.1491165   -321.0290968
99.1563471   -1926.979661   -332.2339058
98.9346477   -1922.3145247   -332.9269588
98.8312336   -1971.0605145   -324.9156177
98.7375053   -2005.6595802   -321.4258552
98.664728   -1948.2814074   -328.4616172
108.0799075   -2030.8887959   405.8035612
108.2918318   -1935.7059002   396.3775039
108.0445322   -1976.2244225   398.7223208
107.955602   -2000.701189   398.9337683
107.3584231   -1988.7470007   398.486346
106.859562   -1968.2793617   399.0808129
106.7248555   -2019.7114944   402.0648599
106.9457503   -2015.1760578   401.059866
106.9742712   -1951.420188   398.0653286
106.7880365   -1955.6274414   398.571074
107.9779836   -2023.9214897   403.3233821
106.7176434   -2027.0783901   404.2346478
107.5007292   -1922.3986864   464.8921192
107.8116866   -1947.2818375   397.344172
106.9349023   -2051.1388779   413.0717814
106.2157127   -1993.2276011   398.6290693
105.8686348   -1980.0075293   398.8303542
107.9033586   -1925.5260229   396.6940641
105.7093414   -1963.142395   399.2893398
106.8130704   -1943.9078569   397.3507583
106.9370481   -2041.5525436   410.0085199
106.2648567   -2046.2682247   411.688745
106.7431542   -2037.7099514   408.4855914
105.9775623   -1972.5230932   399.1120458
105.7136031   -2056.344986   414.0178263
104.3079468   -2034.8470211   406.9477916
104.0840717   -1958.7030411   399.5340168
105.9922548   -1940.125227   397.426635
105.0618859   -1997.6271391   398.9062607
104.6463522   -2007.4784756   399.788022
103.5134169   -2012.2570992   400.5687237
106.0752841   -1919.8428392   462.5525773
103.5842272   -1984.8070145   398.8937438
104.0818068   -2002.450943   399.2808163
105.0141426   -1933.8102341   397.8319466
104.0852936   -1928.776145   398.6785412
103.7522527   -1937.1743202   398.3693719
102.4950417   -2029.52981   404.7565162
103.5765978   -1975.4152298   399.3453383
103.5265001   -2024.1401196   403.1548798
104.0095659   -1948.1085539   398.7122178
107.6403233   -1925.8322716   467.3856497
104.2107912   -1925.4543781   465.4209018
104.4201823   -1928.4700155   467.5901532
107.8025075   -1929.4461012   469.9295461
103.1934889   -1922.477603   462.6619816
103.6586436   -1989.7565842   398.8332152
102.4343046   -1953.9735317   399.7449577
103.7981483   -2016.5150166   401.3329148
103.8068505   -2038.7458801   408.5340798
103.5186323   -2043.5934067   410.4260504
104.0751608   -2049.4718552   412.5480056
101.4052006   -2053.3108711   413.48207
101.6995283   -1970.184207   399.9450207
102.6309105   -1965.6732082   399.9705017
103.5471233   -1943.5622692   398.5912204
101.7187508   -2019.721508   402.0440876
101.7615172   -2047.2426414   411.5675092
101.3153168   -1993.7427044   399.1749883
103.1242879   -1940.0708675   398.6954391
101.0577949   -1979.2523384   399.486959
101.4473411   -2059.3290329   414.609462
105.3731414   -2061.4514351   414.3660367
101.1723848   -1961.8409872   400.4074037
101.4758023   -1998.6578226   399.3285596
101.276842   -1933.4260225   400.1078904
101.3708385   -2005.4850578   399.8148143
101.187137   -2008.6684227   400.1790583
101.8650206   -1927.8833866   465.8516645
101.2845012   -1930.5996895   467.3185945
103.9899858   -1931.8065643   469.3743289
100.837973   -2036.9768143   407.4137807
100.8878621   -1925.8960485   463.8532102
99.9398502   -1928.6036491   401.815176
99.6208163   -1957.8487873   400.9069502
99.4413169   -2002.0852089   399.7843862
101.0998162   -1946.2046623   399.7945189
99.7503372   -1950.268507   400.5903304
100.0930639   -2015.6257153   401.3294876
99.8666557   -1988.2582426   399.3825912
100.8239063   -1921.194315   460.0735903
98.6647876   -1983.3744764   399.7229636
99.0896197   -1974.4644165   400.1984894
100.7676693   -1942.7266121   399.9232948
99.5894047   -2026.0219574   403.6346674
99.4366678   -2022.7725506   402.8172493
98.9091667   -2011.3561153   400.7722437
99.451867   -1923.9567518   461.3641798
100.4602584   -1938.3950233   400.2290666
98.6550423   -1929.1605949   464.8376405
98.5394093   -1932.7555895   467.2152996
100.7185551   -1933.7743521   468.9703882
98.4609994   -1940.6458139   401.4266729
100.3419431   -1936.4402294   470.423311
108.3704802   -2011.0309124   513.2152438
108.1880602   -2005.2990913   511.8256807
107.2654101   -1950.8062601   482.6709032
107.6683971   -1946.3621378   479.0807962
107.8990372   -2015.1147842   514.5547986
108.121452   -2018.6579227   515.7698393
107.1160408   -1971.889019   500.2818108
108.0795201   -1957.5691223   489.5843267
105.756131   -1954.6993971   486.0871136
107.5959774   -1960.3520632   541.832149
107.3257001   -1952.1454573   535.4963541
108.2513901   -2051.5909195   530.4464102
106.6261502   -2054.8431873   531.9200754
108.2167598   -1925.8140326   517.9824829
107.9001697   -1921.9174385   514.9404407
107.469854   -1977.7331352   556.6595197
108.155218   -1956.8352699   539.7596359
107.4848147   -1930.3046465   520.3483701
107.3590489   -1936.2479448   473.0980396
107.6843115   -1973.9272594   553.3491969
108.052549   -1970.911026   551.1558056
108.2604202   -1991.4805889   575.0075579
105.4473492   -2033.949852   523.5789418
105.7727011   -2048.4075546   529.6006799
105.5127057   -1980.0884724   504.9053431
106.1906787   -2040.5957699   526.3881683
105.4588827   -1995.5801964   510.2913976
106.222299   -1920.7400084   512.5160217
105.6407662   -1939.8376942   474.327445
108.1292602   -1995.9793091   580.9850693
107.4893149   -1994.5405722   577.152431
107.9487475   -2023.042202   604.7228575
106.5157624   -1933.0613613   471.1418152
108.1446382   -2015.3210163   600.6097198
108.0360683   -1998.6561537   584.143877
106.2377366   -2001.3964176   511.3569498
102.8149398   -2043.4575081   528.0026197
106.7269715   -1984.9399328   562.7142787
108.0141338   -2001.064539   586.7305994
104.8193546   -1965.7268524   495.931983
105.0645979   -1969.0717459   498.4045625
105.3024503   -1944.9192286   528.6617875
106.5396043   -1955.6255341   537.309587
106.5891656   -1969.1380262   547.7916002
107.5343462   -2004.6401024   589.21206
105.1166626   -1975.325942   502.3372769
107.6146635   -1990.0318384   571.0207224
106.3336106   -1965.1889801   544.3842411
106.2391075   -1949.0762949   532.3543549
107.9770895   -2019.4256306   602.6887298
108.2208725   -2039.3435955   612.4081016
104.3094965   -2028.0385017   520.9451914
105.2458855   -2037.856102   525.3522396
107.23677   -1987.324357   566.4097667
106.6643568   -1936.6534948   523.9759088
105.785993   -1934.1368675   521.5267539
108.0280217   -2036.0434055   610.7376218
105.7238253   -1940.1388168   525.6848335
105.9749099   -1962.6972675   493.6698973
105.1118942   -1960.3568316   491.4602041
106.0578498   -2023.5097408   518.378675
105.9276732   -2020.7128525   517.1576738
107.5461181   -2043.4701443   610.0334525
108.172861   -2046.3628769   613.352716
103.5870584   -1944.1492558   476.2641788
107.1324321   -2017.9746151   598.4787345
105.0519618   -1984.7428799   507.0363283
105.8461937   -1981.962204   558.3940744
106.0471507   -1990.6964302   568.0041909
105.2981588   -2009.1240406   513.526082
104.7266098   -2005.8522224   512.7344728
107.1400317   -2012.5968456   594.8604941
107.40864   -2015.3243542   597.7637172
107.454476   -2007.5144768   591.8073058
107.1063253   -2029.9396515   604.0021181
107.2506877   -2034.4507694   606.5259576
108.2669469   -2053.0984402   615.1539087
107.574937   -2049.8418808   611.7089987
104.8108312   -1989.2992973   508.7450743
107.4122759   -2025.9151459   603.7407517
103.5560044   -2012.7620697   514.9825811
106.9638702   -2055.3207397   610.0661159
107.3935898   -2057.309866   612.6855016
105.9943112   -1994.2911863   572.9589462
105.4003211   -2051.9590378   531.0201049
107.2730096   -2038.7368202   607.74827
105.828044   -1924.767971   515.2369142
104.5691045   -1929.0822744   517.2260404
102.9352816   -1946.6365576   477.6485264
107.4522706   -2047.034502   610.5068922
105.9020134   -1958.3256245   538.7187004
106.4406904   -1998.0282784   578.7869096
104.3301793   -2017.35425   516.248703
106.2502535   -2004.0695667   584.4468474
103.8689288   -1958.0543041   488.8570309
105.4749759   -1973.1366634   549.8157144
106.8457039   -2025.1369476   600.7145047
106.9763871   -2020.9441185   599.342823
104.0906581   -1977.5100946   551.959157
104.2705449   -1963.612318   541.1478281
103.4857901   -1960.9370232   538.6035442
106.6751155   -2048.9783287   606.5599918
106.8039807   -2041.8972969   605.0932407
106.1585518   -2007.1568489   586.8113041
105.0539883   -1998.3327389   574.942708
103.7185463   -1932.2429895   518.7200904
104.6865257   -1980.3804159   555.2833676
105.8112951   -2001.1167526   580.2842379
105.8230373   -2009.8581314   587.8924131
106.3131662   -2016.3109303   594.0326452
106.3944074   -2060.2805614   609.2601418
107.0812913   -2060.2827072   612.3900414
104.0533455   -1935.6302023   471.5137482
104.5100065   -1954.7860622   535.0589752
103.481141   -1952.7006149   532.9177976
106.6974076   -2037.3010635   603.2018065
106.5220209   -2032.7177048   601.0465026
105.4168614   -1988.6978865   564.4387603
105.3422364   -2013.8556957   588.6184573
101.9816967   -1972.1509218   500.2986193
103.8157018   -1951.3201714   481.8823636
101.6135188   -1949.8095512   479.6490669
106.1716052   -2028.6581516   597.956121
105.8728667   -2023.5393047   595.2040553
106.0699495   -2054.1899204   605.3540707
105.9860858   -2057.8808784   606.5791845
105.9569391   -2043.4031487   600.9965539
105.9074076   -2046.5114117   601.7517447
105.7693335   -2020.8423138   593.7027931
103.7071618   -1985.3389263   558.606267
103.5081121   -1988.4459972   561.3101721
105.9829863   -2035.9125137   598.9245176
105.336723   -2040.0907993   597.2702503
105.9189113   -2050.3013134   603.3154726
103.5013171   -1937.6758337   522.4045515
102.2464605   -2054.6400547   532.4533582
101.9125553   -2057.6272011   533.6185098
104.8253747   -2060.4972839   534.3330503
103.5817238   -1968.7819481   544.4678664
103.2439741   -1972.0059633   546.6965437
105.7023975   -2026.5638828   595.2954888
103.4983667   -1957.6789141   536.3571048
104.4082018   -2001.6860962   576.980412
105.6034835   -2032.7439308   596.5250731
103.1228574   -1966.2730694   542.1828628
105.5113646   -2018.4431076   591.4928913
104.7949465   -2007.3792934   582.7195644
104.4661971   -2005.4638386   580.1033378
102.5280329   -1949.7848749   530.339241
103.6728593   -1999.2672205   511.4187002
101.7602357   -2004.8706532   513.171494
101.3012501   -2038.7916565   526.1984468
105.005649   -2030.3189754   593.6455131
104.8508259   -2052.4573326   600.3638506
104.7525378   -2056.4439297   601.6063094
103.5350534   -1994.5361614   567.4462318
103.2798859   -1991.6584492   564.04984
101.6655239   -2000.8437634   570.3973174
105.1484617   -2036.2401009   595.5645442
102.6125225   -1963.0273581   493.2676256
103.3273014   -1954.2256594   484.5388234
105.4133149   -2044.1031456   598.9423394
102.5217446   -2020.4496384   518.0303454
105.1415177   -2049.5245457   600.0187397
104.7575744   -2046.9374657   597.7331996
103.5116883   -1982.945323   556.1413169
103.3011945   -1924.1238832   512.7874017
102.1631631   -1926.9000292   513.997674
104.104993   -2013.4551525   583.9964747
103.0662628   -1934.6101284   519.9769139
102.3212346   -2050.5375862   530.9515595
100.779769   -2047.3086834   529.9386382
100.9041043   -1957.083106   486.5110517
101.923612   -1943.0923462   525.3373384
102.5412055   -1940.6952858   523.9895582
103.9045724   -2027.9903412   589.2313719
101.8957468   -1939.6250248   472.9391336
104.3445738   -2034.5511436   592.5603509
101.5691432   -1976.8307209   503.2206774
101.9393178   -1984.1743708   507.101357
100.3704043   -1981.1698198   505.6964755
104.6237918   -2022.6023197   589.8010135
103.7161025   -2019.5388794   585.8258009
104.4038209   -2043.2286263   595.3733325
102.6652428   -1974.9823809   548.52283
102.6625606   -1994.8455095   510.623455
101.9644114   -2035.3636742   524.6403813
100.7317575   -2030.6446552   522.7844119
100.1200648   -1947.5654364   527.695477
100.6079289   -2008.5704327   514.4367218
103.1354638   -1921.6653109   510.6524229
104.2749854   -2038.8939381   593.6262012
103.7370237   -2050.8034229   596.4355469
101.4038595   -1960.457325   490.4040396
102.1016511   -1968.3873653   497.5860715
102.6596399   -2002.0647049   573.2503533
102.7776571   -1986.3278866   507.9448223
105.3837808   -2063.0571842   606.3683629
103.7481996   -2062.2780323   601.3222933
103.2964262   -2060.1246357   599.1573334
103.933868   -2031.3792229   590.4077888
101.8649014   -2023.6740112   519.5636749
102.960554   -2053.6401272   595.6506133
100.4372212   -1965.9591913   495.3305423
99.9420854   -1989.3732071   509.4197989
103.2353612   -2008.3913803   579.0350437
102.2348972   -2010.8764172   578.4828067
103.1613024   -2046.1776257   593.3650136
102.244434   -1981.5462828   553.4686446
103.5077842   -2023.5595703   586.6768956
100.3930839   -1929.9168587   515.0318146
100.2471419   -1956.238389   533.5008502
101.9416424   -2006.7853928   575.5037665
102.1676036   -2058.2752228   595.5021381
102.6478382   -2018.7680721   582.9856396
102.9226752   -2042.3510075   591.6817188
102.7922901   -2038.5227203   590.22367
102.2655042   -2035.0203514   588.1322026
99.9106737   -2016.4330006   517.1388388
99.6854278   -2026.9348621   521.3392377
100.2705964   -1964.9481773   539.32482
100.5088957   -1977.5236845   548.7088561
100.8044752   -1979.9391031   550.8844256
100.7595929   -2031.1062336   584.1810107
101.2671562   -2026.2684822   583.2076073
100.6990346   -1953.4250498   482.5536311
100.9502979   -2051.3017178   590.7173753
101.8920811   -2022.0794678   582.7617049
101.3078066   -2015.8038139   579.212606
100.7802757   -1985.2615595   555.1689863
101.4163765   -1988.0501032   558.2245588
100.1573475   -2001.5070438   512.740314
98.7243923   -1948.1313229   477.1462381
101.0121378   -1971.1436033   544.2373157
100.6503972   -1968.5657024   542.1290994
99.1948517   -2012.216568   515.9144402
100.3984781   -1995.1889515   563.4690523
100.2038094   -1998.2346296   566.0065413
100.1258763   -1991.730094   560.0976348
99.6870073   -1936.5912676   519.4972157
99.0500721   -1939.7950172   521.6777325
98.5623273   -1959.9438906   535.1752639
99.6796461   -1953.7674189   531.6736102
101.3694676   -2056.2803745   593.1516886
98.5490354   -1956.4648867   484.6856892
100.3335091   -1924.4388342   510.7838511
101.4210554   -2046.4799404   590.0275111
99.7239324   -1974.4912386   545.8059311
100.0885638   -1933.2033396   517.2658563
101.3196977   -2041.9678688   588.4370208
99.1700264   -2040.8005714   527.3739696
100.0044914   -2044.1324711   528.7335515
101.2757691   -2038.3572578   587.2762203
100.1159223   -2012.5184059   575.8055449
99.9358865   -2006.2091351   571.9981194
99.8769971   -2020.430088   578.9365172
99.4419428   -1950.7523775   529.6414495
98.5210212   -2020.7612514   519.0442204
99.8533341   -2036.2701416   584.4604373
98.9251407   -1982.7213287   551.6372919
98.8570722   -1974.8082161   501.8235445
98.5380086   -2059.7159863   534.9003077
101.415095   -2062.4153614   535.6037617
99.8070212   -1939.942956   472.2855687
99.8734804   -2024.8532295   580.6783438
99.5146009   -2044.9414253   586.3120556
99.1376611   -2049.7777462   587.0876908
98.4104844   -1989.0096188   556.2444329
98.8076004   -2056.9412708   588.2995129
100.2868684   -2058.7770939   591.7161107
99.4714173   -2041.0673618   585.3997469
98.7576815   -2028.5532475   580.6458592
98.6048552   -2053.4241199   587.1706009
98.7460884   -2060.7972145   588.9434218
106.9906028   -2142.2255039   -305.6488335
104.9974831   -2144.9604034   -301.6198277
107.4172529   -2077.0025253   -322.1190274
108.0769273   -2136.9283199   -310.1542294
106.3807281   -2067.4288273   -322.5976527
106.3403758   -2159.7909927   -277.0730853
107.2103354   -2161.7364883   -273.2196748
107.2380813   -2124.8891354   -314.0068948
107.4053916   -2152.9810429   -291.0918295
105.5466803   -2116.6546345   -315.2830005
107.6749834   -2150.4151821   -295.7069576
104.6859594   -2128.8335323   -312.3387098
106.0936423   -2093.4791565   -319.3195462
106.1022552   -2111.8421555   -316.2488937
103.9147647   -2162.5134945   -269.5598602
105.2670153   -2163.9277935   -267.0000196
104.2538854   -2122.0946312   -313.9131963
104.9874397   -2087.2764587   -320.0657964
105.1021489   -2148.260355   -297.2766161
105.6678864   -2158.0445766   -280.2950144
105.2850159   -2154.6547413   -286.5893245
102.8878363   -2156.0878754   -282.4118733
106.1660918   -2138.54146   -308.3432615
105.5680784   -2107.7618599   -316.8429732
103.4240099   -2080.6932449   -320.6170499
103.7063869   -2136.4166737   -308.8924885
103.9839061   -2073.3113289   -321.4952946
105.3054603   -2103.4076214   -317.5301552
103.7843796   -2149.8413086   -294.0502465
105.4511639   -2098.8502502   -318.2910085
103.818086   -2064.1512871   -322.0329583
102.5502356   -2152.302742   -289.1174257
102.9802831   -2125.6167889   -312.913537
102.6077243   -2159.5730782   -275.306344
100.9056839   -2160.5668068   -272.4452019
102.699128   -2068.2549477   -321.5531111
102.5265726   -2110.7385159   -315.8977926
103.5720678   -2113.4805679   -315.5306876
101.9712957   -2096.4796543   -318.1778789
101.6001972   -2091.4404392   -318.8860714
103.3163043   -2146.5361118   -298.7886071
100.2773913   -2157.5090885   -278.2745957
101.5760573   -2140.9430504   -304.794848
101.3050946   -2106.089592   -316.5777028
99.649367   -2120.1636791   -313.8708472
100.0643345   -2114.7408485   -315.0021136
101.8982502   -2101.1908054   -317.4248636
100.1851531   -2154.3161869   -284.2334509
100.2670499   -2086.3392353   -319.4028139
99.8888286   -2133.9073181   -309.5081151
99.7273596   -2149.7235298   -292.2512889
100.3392013   -2124.0546703   -312.9590452
100.011793   -2076.6909122   -320.3913569
98.9699634   -2071.0952282   -320.6722736
98.4188291   -2161.72719   -269.2974806
101.0809513   -2163.4531021   -266.4177716
100.0956567   -2144.1857815   -300.7815182
100.3373238   -2065.2298927   -321.2473094
100.532529   -2146.9459534   -297.0269024
99.9816033   -2155.9724808   -281.02386
100.1551422   -2137.7100945   -307.1104586
98.4578701   -2099.134922   -317.5132573
98.7235578   -2102.9512882   -316.950798
106.8149778   -2188.8346672   -232.2384119
107.6830598   -2165.7204628   -264.0479207
107.4475916   -2167.5293446   -260.1572275
107.5846823   -2172.4960804   -251.5592277
107.2285148   -2174.6797562   -248.1770217
107.5481745   -2169.2795753   -256.9119036
107.1723672   -2176.7480373   -245.2543527
106.6373261   -2183.7658882   -236.8410528
104.5885655   -2185.986042   -234.3704402
105.7349714   -2181.1697483   -239.5197898
104.1150066   -2178.0526638   -243.0378944
105.650601   -2194.4596767   -226.749897
105.1221462   -2197.1342564   -223.5880643
106.2571081   -2199.6064186   -220.4810679
105.0122353   -2170.5374718   -254.1107833
104.3789657   -2191.1418438   -229.6585292
104.5627864   -2166.3627625   -261.4661455
102.8290661   -2164.7324562   -264.2303705
102.573541   -2172.9795933   -249.8585135
103.5577031   -2168.0953503   -257.9651475
104.3965193   -2175.5855083   -246.3508099
103.7467393   -2188.4665489   -232.0010364
102.6071879   -2183.4025383   -236.605078
101.4834615   -2180.372715   -239.8727536
100.91531   -2195.3737736   -224.7534841
101.7367812   -2193.161726   -227.184251
100.6732555   -2198.2524395   -221.1135924
98.9632281   -2170.0649261   -253.8506091
101.9438478   -2186.5880489   -233.319968
99.9174985   -2165.9419537   -261.126101
100.8419963   -2175.7605076   -245.6601858
100.7476719   -2189.9375916   -230.0702035
99.6151539   -2178.0388355   -242.5383031
98.6054214   -2167.498827   -258.1784725
99.2008122   -2164.4585133   -263.9164627
98.6217829   -2184.4680309   -235.064283
99.124101   -2182.005167   -237.7808839
99.4323763   -2196.7754364   -222.7325737
102.2805544   -2200.6347179   -217.7318186
99.1434427   -2199.7635365   -218.3431089
108.199534   -2108.5512638   400.6329477
107.8191968   -2115.3683662   398.4738886
106.7274483   -2187.3738766   347.9926884
107.4824902   -2182.6555729   353.0703187
106.6456112   -2130.2685738   391.0830915
108.1494363   -2139.8923397   384.1048777
107.2880896   -2143.5534954   382.0601404
107.4390682   -2147.1774578   379.9190223
107.5565787   -2080.3611279   409.8752141
105.9034141   -2075.6397247   412.0618701
106.2736186   -2178.7347794   356.2877178
107.3091897   -2157.8605175   373.2863963
103.8272651   -2162.0121002   370.6512451
107.6897951   -2095.9775448   404.2855203
106.5380546   -2092.3843384   405.7775438
106.3022288   -2122.9112148   395.6915438
105.7292791   -2127.8240681   393.03267
106.903431   -2193.3729649   340.2387798
105.462459   -2190.0420189   344.3114161
106.3727411   -2171.6990471   362.0078862
105.7619723   -2088.227272   407.4018598
103.6039861   -2083.8415623   409.7193778
107.3929938   -2164.2241478   368.0712879
107.0382568   -2167.3722267   365.5033708
106.7139479   -2195.8866119   335.7329071
104.8685881   -2135.5516911   387.9209161
104.9915227   -2132.5547695   390.0057971
104.7940525   -2196.5842247   333.096236
106.6576215   -2198.5561848   329.8220932
104.336557   -2168.7822342   364.2689884
105.7867678   -2112.3373508   400.4463553
104.1864427   -2153.0447006   377.5591552
103.5500737   -2176.0714054   358.0581546
104.3504747   -2071.3245869   413.4911299
104.1976782   -2120.1994419   397.8901207
105.7485612   -2102.2102833   403.4319222
105.0583991   -2107.7890396   402.1677971
103.7301096   -2184.8843098   349.6939838
104.8567864   -2066.1971569   414.1863883
106.279281   -2138.0028725   385.8449161
105.3374382   -2099.3449688   404.2419195
104.9370142   -2140.9378052   384.278506
104.9060794   -2115.9536839   399.489671
104.9561771   -2096.1089134   405.2319527
104.4504615   -2080.1301003   410.9359086
103.2805713   -2181.5314293   352.9280126
103.9451929   -2149.3003368   379.824549
104.051617   -2144.9363232   382.1758032
102.011648   -2166.3835049   366.6220009
102.9383215   -2164.1569138   368.7539995
103.7485572   -2158.9312553   373.4340668
102.8283807   -2193.7155724   337.6375437
102.981505   -2191.5476322   341.2288427
103.3037277   -2187.0408058   347.1718431
102.4531098   -2195.3225136   334.3951106
102.0622822   -2197.3452568   329.7939301
102.3921045   -2198.9824772   326.1945844
105.9735986   -2199.8856068   326.1637986
102.2517058   -2131.831646   391.3626969
101.8214496   -2088.4685516   408.5408449
101.328549   -2093.7445164   407.0799351
103.0395599   -2172.9886532   360.5335951
103.3506068   -2171.1332798   362.205565
103.6295267   -2126.0325909   394.9041963
101.80631   -2123.8679886   396.8501985
103.0598851   -2078.3042908   411.9438827
103.1450006   -2075.3855705   412.7869606
102.0978662   -2138.466835   386.708498
102.6769551   -2179.4316769   354.8302352
101.7424437   -2113.0673885   401.9107223
102.9778691   -2101.1333466   404.7833681
101.6336652   -2104.5966148   404.415369
100.2569171   -2128.4518242   394.4590986
100.1777621   -2189.3210411   343.1520164
102.0515534   -2063.6608601   414.7543609
102.2714349   -2098.259449   405.7189226
101.1939319   -2108.5860729   403.5539329
99.5486947   -2135.2705956   389.7607327
101.136026   -2142.0252323   384.7721219
102.2117408   -2118.2484627   399.6123075
100.3237339   -2068.0556297   414.7984982
100.3622385   -2174.3712425   358.9605689
100.2868684   -2146.6207504   382.4796677
101.6652855   -2081.1095238   411.3316238
99.8488637   -2073.4446049   414.0080214
101.2177738   -2168.7846184   364.3356562
101.0737988   -2120.8131313   398.8197148
100.301561   -2151.7531872   379.6566427
101.2868258   -2157.2210789   375.739485
99.3283065   -2159.6176624   374.4827509
101.2847694   -2183.2921505   350.6086171
100.379047   -2084.5785141   410.3280902
100.8285555   -2170.845747   362.3380959
99.4421216   -2187.1762276   345.5958366
99.7899445   -2180.5455685   352.9283106
98.939416   -2076.9891739   413.267076
98.8152   -2156.383276   377.3213029
100.4084023   -2191.8799877   339.5202756
99.8135182   -2101.1989117   405.8756232
99.3236276   -2163.5396481   370.2993095
98.5381576   -2194.0038204   334.9281251
98.5532971   -2178.3251762   354.7771275
98.9948484   -2196.2180138   330.6262493
102.6588353   -2200.2851963   323.2132494
98.6039313   -2098.0622768   406.9381654
98.5322567   -2116.538763   401.8723965
100.0553938   -2139.6400928   386.582613
98.9055308   -2121.982336   399.0313113
98.5443863   -2111.884594   403.6353827
98.6320051   -2081.7625523   411.7648005
98.4570654   -2107.575655   404.9259126
98.4535488   -2169.5563793   363.6716902
99.0296575   -2200.1290321   321.7431307
107.1488532   -2068.1431293   537.26542
107.8996929   -2093.6441422   553.3397198
107.8712615   -2090.0352001   550.483048
107.8533205   -2077.8200626   542.2909856
108.0528768   -2105.9911251   568.6407089
107.3223027   -2081.4335346   544.6193218
107.125518   -2098.5088348   558.9476824
107.4788841   -2071.7554092   539.0372872
107.8785928   -2108.6337566   590.2150869
105.4970893   -2084.8846436   547.5991368
107.4945303   -2103.730917   565.6779408
107.067016   -2101.2375355   562.595129
106.1141761   -2074.2988586   540.6679511
108.005968   -2109.4427109   582.9747319
105.2598926   -2064.1863346   535.7273817
108.3154651   -2106.4965725   599.6749401
106.2766286   -2094.9690342   556.2025905
107.9665693   -2103.2791138   602.4538875
107.9499992   -2100.9514332   605.1704288
107.7745231   -2106.7917347   595.5629945
107.0526811   -2107.2981358   586.7837667
106.4684065   -2106.2300205   576.5314698
107.7558371   -2098.1256962   609.2544794
107.6749834   -2096.2142944   613.940537
107.1633371   -2107.8214645   580.5829763
106.1007055   -2104.4216156   571.7613101
104.1942807   -2087.1851444   550.3981113
106.2820228   -2091.6826725   552.9611111
107.1639033   -2102.1552086   599.6198058
107.0033284   -2103.5542488   596.5497494
106.1187955   -2103.1868458   568.4726834
106.5380248   -2106.4589024   583.8756561
106.040326   -2095.17169   601.8287539
106.8060967   -2094.5281982   609.3507409
106.5194877   -2103.7933826   593.2435393
106.1770888   -2103.8143635   590.5391574
104.6893569   -2078.823328   543.8665748
104.8154505   -2076.4229298   542.2207713
106.9047423   -2092.63134   616.2691116
105.996606   -2090.2516842   612.1234298
107.8383895   -2095.400095   619.8154092
106.3297363   -2094.1507816   606.2238812
104.9014898   -2100.4846096   566.1665201
103.8005324   -2070.8670616   539.3207073
103.9317521   -2081.8581581   546.3341475
107.1545454   -2064.1577244   613.6694551
106.4553233   -2064.2313957   610.7313633
108.3645495   -2064.0816689   618.5715199
107.3131832   -2068.1593418   615.5909896
105.6057187   -2104.6457291   581.0005069
102.767584   -2066.6811466   537.3817682
104.5353683   -2097.9969501   562.5274777
103.8866612   -2094.9277878   559.3830943
105.6072982   -2098.7057686   595.0040221
106.0578199   -2069.1311359   611.6741896
105.8402034   -2073.30966   612.9286289
107.1987423   -2071.0659027   616.7996526
106.3537868   -2089.5047188   616.6810989
107.0219549   -2091.8431282   619.7959781
105.7713302   -2090.6996727   608.4396839
105.4304513   -2096.4050293   596.8292356
105.1844629   -2103.0488014   585.0065947
106.521097   -2074.3267536   615.7796979
105.1857444   -2076.4791965   612.0388508
106.4456078   -2077.7590275   617.5351739
107.8027161   -2072.8707314   620.0293899
103.8856479   -2101.3529301   574.657321
104.5154604   -2102.4951935   578.5514116
104.9069437   -2069.0970421   607.6270342
105.3739759   -2090.8477306   604.5188308
103.1289371   -2091.3524628   555.6517839
105.0950857   -2099.550724   591.0236835
104.5977744   -2099.9696255   587.6262188
104.2952808   -2101.1309624   570.191443
102.9109927   -2074.2006302   541.5678024
104.9682172   -2072.1452236   609.4381213
104.670045   -2092.5550461   596.8540311
104.6706709   -2090.7618999   599.3005633
105.0448092   -2085.6804848   610.7526422
105.7550284   -2086.9374275   614.7597432
104.7082218   -2087.1863365   606.0202122
105.808911   -2082.7331543   616.3897514
106.1464819   -2086.5032673   617.777288
103.1695577   -2088.218689   552.3869395
104.5617732   -2094.4769382   593.8479304
104.2942377   -2096.7347622   590.1673436
104.2471799   -2101.5925407   581.4418793
103.9229604   -2065.6812191   603.2468081
104.7877642   -2089.2260075   602.7804017
105.3716215   -2079.6606541   613.7335896
104.6546074   -2079.4813633   610.3438735
104.7319444   -2082.7307701   610.5417609
104.1365238   -2077.3017406   607.8498363
103.5825881   -2098.2980728   584.5333934
104.0260168   -2068.5842037   604.608357
104.1205796   -2082.0875168   607.2189808
103.8552197   -2071.9380379   605.5415869
103.7590178   -2074.8872757   605.9746146
102.0152541   -2083.7855339   548.951447
102.8075191   -2097.4161625   565.3563142
102.6859852   -2098.1628895   568.4705377
101.846573   -2077.7196884   544.1719294
103.9666506   -2085.4125023   602.9491425
103.964475   -2087.1493816   600.0708342
103.6987873   -2088.2947445   596.4868069
103.5189005   -2089.8356438   593.2986736
103.6688062   -2092.7248001   590.8994079
101.9870313   -2094.9440002   562.9799962
102.7468713   -2098.6464024   579.1643262
102.6417585   -2098.8090038   571.7078447
103.0864688   -2093.3818817   587.3661637
103.2832237   -2079.1125298   604.1285396
102.1902534   -2067.2633648   598.8412499
102.5311323   -2072.6604462   601.1201739
102.7234169   -2083.4388733   597.2775221
102.8279039   -2081.0091496   600.3014445
100.3451022   -2080.6024075   547.516942
102.5543483   -2064.1112328   598.7180471
100.5087169   -2091.5887356   560.1411462
101.728228   -2097.1376896   574.6045113
103.0973168   -2075.1059055   603.5071611
100.2067002   -2071.6640949   540.980041
100.5338403   -2068.7155724   539.0911102
103.014526   -2087.3506069   593.3436751
102.8015884   -2085.313797   594.7906375
102.3061248   -2094.5260525   582.9294324
102.7898463   -2089.206934   589.832902
102.4581464   -2077.0902634   600.6625891
101.8908294   -2062.0546341   596.272707
101.0397943   -2085.4873657   551.5320897
100.5338999   -2087.4898434   554.3294549
99.9740931   -2088.9179707   557.1793914
101.7180058   -2089.7278786   584.8948359
102.1933528   -2085.2723122   591.3309455
99.8968752   -2075.1168728   543.3558822
101.9080254   -2079.6141624   596.2893367
100.8159789   -2094.8574543   566.7557716
101.8911573   -2082.3876858   593.1099653
101.6731533   -2086.3220692   587.8117681
98.6205312   -2065.474987   537.7601385
101.1933061   -2094.4404602   578.4538388
101.1180254   -2095.9610939   570.6211925
101.094273   -2065.5372143   595.2717662
101.3324829   -2073.4753609   596.8223214
101.5261086   -2069.9577332   597.3420739
101.0902496   -2091.398716   581.0574293
100.8798154   -2082.0229053   588.457942
100.4068526   -2062.2637272   592.8431749
99.1593274   -2082.48353   550.3302813
99.8187038   -2092.520237   563.8715625
100.91531   -2079.0188313   591.6171074
100.7023128   -2075.5517483   593.3580399
99.7121605   -2093.1990147   572.8380084
100.6194028   -2085.2985382   584.47963
100.0142964   -2087.8264904   580.6767941
98.548797   -2077.3532391   546.0771322
99.9765667   -2071.9876289   592.1456814
100.0226709   -2090.4605389   578.4381628
99.0219089   -2090.413332   574.8041868
99.6842953   -2093.2888985   569.3765283
99.7235449   -2066.0376549   591.7278528
98.466483   -2084.3007565   553.301394
99.9520393   -2077.6507854   588.3679986
100.0896665   -2076.1141777   590.3486609
99.6772023   -2081.9945335   583.964467
99.1049083   -2078.353405   584.811151
98.5756191   -2091.1121368   566.7442083
99.2369624   -2083.7655067   581.237793
98.939565   -2068.8941479   589.411974
99.1038653   -2074.8641491   587.3480439
98.8483103   -2088.0458355   577.0079494
98.4062227   -2080.3830624   581.246078
108.199385   -2095.8399773   623.4484911
108.3330484   -2086.2305164   630.7406425
108.2487377   -2082.7488899   627.8502941
107.6081666   -2078.0055523   622.2965717
107.8328463   -2080.5623531   624.8418689
107.996461   -2092.0424461   628.7228465
107.4655326   -2091.7611122   624.1971254
107.5960072   -2087.25667   626.8080473
107.3372933   -2083.9562416   624.3673563
107.2288128   -2081.6082954   622.618854
106.4745756   -2082.044363   619.5971966
107.0427867   -2087.2347355   623.3829856
106.6888245   -2088.9987946   620.3487515
106.5788838   -2084.3660831   620.5985546
108.0669435   -2208.8618279   -162.0967239
106.6386374   -2207.8306675   -184.0877384
107.2578403   -2208.4414959   -168.9450741
108.1298264   -2209.3343735   -156.3221216
106.3569757   -2209.6571922   -152.7458578
107.0869239   -2208.1229687   -177.8948158
107.1456047   -2206.6159248   -204.0226758
107.206312   -2203.8657665   -212.9840702
106.4586612   -2202.2147179   -216.2262648
106.7617508   -2207.4000835   -195.4801381
106.7230376   -2210.8902931   -144.2830265
106.0903641   -2212.4361992   -135.4649812
105.7464751   -2213.6147022   -130.4887682
106.4724299   -2215.1827812   -125.0972301
105.460045   -2215.9440517   -122.0992878
105.278221   -2216.7553902   -118.9916506
103.530583   -2211.6265297   -139.6594942
103.7141057   -2210.1063728   -148.958236
105.1529916   -2207.2834969   -187.8645718
103.6452325   -2206.6893578   -192.9242611
106.0486408   -2205.5613995   -207.646057
105.1784428   -2204.4715881   -210.6603682
104.7965559   -2208.3859444   -164.3879861
104.6088608   -2207.8242302   -174.9820411
103.6396893   -2207.906723   -170.5228239
104.0165099   -2206.4862251   -199.4196177
105.0262126   -2208.5881233   -161.9136631
103.263733   -2209.187746   -155.2625746
103.4322055   -2208.8303566   -158.2678109
102.5016578   -2207.9732418   -167.5439477
102.781442   -2203.0107975   -213.2343203
102.6853295   -2205.4319382   -205.183208
102.5285097   -2206.2096596   -197.3649561
103.2096716   -2210.8118534   -144.4187313
104.7761413   -2207.5815201   -181.560263
102.1528216   -2206.8703175   -184.8792732
101.6013893   -2207.0832253   -180.2697033
102.0919653   -2214.3406868   -127.9524863
103.556064   -2215.5945301   -123.2851818
101.4271947   -2213.1314278   -132.2370917
99.8743447   -2212.269783   -136.2162828
103.8926216   -2204.9558163   -208.5093409
101.4369103   -2216.3808346   -120.12209
101.3888391   -2203.6790848   -210.9040618
103.4743758   -2204.4687271   -209.8008692
101.8643948   -2206.5477371   -188.6237413
101.5624674   -2208.2300186   -163.1716043
100.7356318   -2207.3891163   -173.8943905
98.5083552   -2207.0446014   -175.4489243
100.641069   -2205.5358887   -200.1731843
99.778709   -2202.0485401   -214.0580565
102.1201285   -2204.4737339   -208.8655978
99.7272702   -2209.8166943   -150.4684091
98.9107462   -2210.4218006   -146.6200054
99.4539531   -2205.4374218   -195.9484369
99.2869707   -2205.7671547   -191.2899464
99.7290286   -2207.4706554   -171.0131168
99.0792187   -2214.7023678   -126.52421
99.3637713   -2215.8417702   -122.0786422
99.1196903   -2209.1231346   -154.8508406
98.3804139   -2208.4417343   -159.6745402
99.0388068   -2210.9189034   -143.6561048
99.9550494   -2204.3046951   -207.6370418
98.510054   -2208.0967426   -162.7396345
108.1049713   -2223.729372   -84.952198
107.1351143   -2229.1018963   -52.0157628
107.531217   -2235.8338833   2.2609653
107.4777516   -2236.9401455   14.457141
108.1877025   -2227.1325588   -63.9100224
107.4568304   -2238.1243706   28.8302973
106.8606051   -2235.4948521   -2.1314288
108.2225414   -2234.9879742   -5.539652
107.7289256   -2236.5591526   10.4455817
108.3637448   -2222.3565578   -93.3713093
108.046976   -2231.5306664   -35.108421
107.2736057   -2231.3005924   -37.2394398
107.1153256   -2229.4328213   -49.9037653
107.7797683   -2222.905159   -90.0543705
107.4209782   -2236.2427711   6.5029766
107.0507439   -2233.0942154   -23.6835144
107.0044311   -2233.9000702   -16.9671569
107.2620722   -2224.8082161   -78.2568753
106.2409552   -2224.3282795   -81.3069046
107.205567   -2230.6990623   -41.4813235
105.9443029   -2218.8885212   -110.621348
103.9636704   -2218.2247639   -113.1280959
107.7962788   -2220.9541798   -101.1789069
105.8974238   -2221.4376926   -98.3903334
105.6838306   -2226.3903618   -68.7957257
107.524571   -2226.7739773   -66.217497
105.1989766   -2225.4014015   -74.8131052
104.7971817   -2228.0669212   -59.0145588
104.85172   -2228.6493778   -55.4403104
105.8770689   -2237.6375198   20.0201534
105.2111062   -2238.1260395   24.8099845
104.8148843   -2220.1426029   -104.9367785
105.61758   -2234.5373631   -12.7192205
104.9679192   -2227.5807858   -61.9199835
105.047104   -2234.9777222   -9.2964647
104.9377295   -2232.5060368   -29.7632031
105.4801317   -2231.9178581   -33.7820351
104.608831   -2233.0133915   -26.1688158
104.7367128   -2221.9564915   -95.4311267
104.5056256   -2225.9645462   -71.538128
105.485675   -2237.395525   16.59403
104.9439283   -2222.3849297   -92.9869041
103.4947606   -2235.6085777   -5.0817863
103.265998   -2227.06604   -65.2972534
103.1399342   -2223.6213684   -85.6704116
104.1061553   -2224.1153717   -82.7296972
103.8549813   -2220.8271027   -101.4428809
103.6922606   -2223.0696678   -89.0192464
104.0181192   -2237.1828556   11.9938534
103.6462756   -2236.5777493   4.9666478
102.0610007   -2237.3008728   10.4311872
104.8344346   -2230.512619   -43.8459963
105.1828834   -2229.9063206   -47.6210155
104.5529517   -2231.1401367   -39.759621
103.3624383   -2231.7018509   -36.5049131
103.456405   -2224.6873379   -79.2839676
102.3337515   -2229.4583321   -51.3953269
102.837232   -2234.146595   -18.5149051
103.1433912   -2233.5796356   -22.8800587
103.1638654   -2234.7810268   -12.9402885
104.6455475   -2235.8486652   -1.2460554
101.6344997   -2236.5202904   1.7439474
101.19271   -2219.5689678   -107.1334183
100.8159193   -2221.4193344   -98.1195346
102.4463149   -2237.9398346   18.1113873
101.6976508   -2238.3856773   22.1029334
100.8160981   -2226.2620926   -70.3848675
102.3713025   -2237.6701832   14.9431825
101.3219329   -2232.5642109   -31.5297693
100.8231314   -2217.7062035   -114.8469225
101.2515696   -2238.8482094   26.9130226
103.0163141   -2238.9605045   31.0421269
101.7447086   -2225.7642746   -73.0813816
101.9469174   -2225.2616882   -76.0326535
101.7094823   -2230.6482792   -44.2604497
99.5624634   -2230.1864624   -47.8799976
101.2880179   -2235.3906631   -9.4397524
100.8936437   -2227.6597023   -62.3891391
102.5979193   -2222.4707603   -92.4517512
100.8040579   -2233.299017   -26.6077239
100.9407314   -2228.6207676   -56.7329153
100.6791862   -2220.2992439   -103.7480459
99.082348   -2236.6564274   0.0082025
100.3447147   -2231.7273617   -37.8257446
100.4736098   -2231.2376499   -40.9832448
100.4937264   -2224.0839005   -83.1470564
99.9826165   -2222.9127884   -89.9674147
99.2751094   -2224.7784138   -79.2014599
100.4520627   -2232.2123051   -34.4939791
99.1981002   -2235.1160049   -13.7078101
99.765596   -2233.9670658   -22.2752672
99.388388   -2237.5166416   9.032662
100.1121076   -2218.4007168   -111.8935868
99.4958552   -2222.0218182   -94.8639214
98.8653573   -2238.3348942   17.1466712
98.439035   -2238.7821674   21.6274634
98.65689   -2223.8016129   -84.9241465
108.2297238   -2213.2706642   162.6497954
108.2849177   -2238.5892868   56.0753532
108.1735464   -2238.3515835   59.04264
107.68002   -2212.542057   168.3907807
108.2215282   -2238.7156487   39.366167
108.1253859   -2215.4800892   150.0069648
107.8661355   -2238.6138439   36.3552868
107.3218556   -2234.2448235   85.8696252
106.9796654   -2237.6055717   66.0732463
106.938866   -2236.7959023   71.2104291
107.3033782   -2226.7627716   111.0023707
108.2339855   -2223.2019901   121.6480583
107.1989807   -2224.3916988   118.1295291
107.4562045   -2238.9905453   51.6077988
106.8900796   -2233.1721783   90.8828899
107.0735725   -2236.1266613   75.2456188
107.6714965   -2221.8286991   126.0399073
105.5603894   -2220.2255726   131.2552541
107.645181   -2218.957901   135.3864074
105.8765026   -2238.663435   32.6407664
106.0638698   -2229.331255   103.8487479
106.3070866   -2235.1467609   81.5579891
106.3964339   -2230.8743   99.1546735
106.8341704   -2218.1611061   138.1154507
102.9047044   -2228.5671234   106.7367345
105.8164509   -2214.6296501   153.9481282
106.1623665   -2213.8895988   158.415854
105.7984801   -2216.7754173   143.7159479
102.346954   -2217.8092003   139.486894
105.9968444   -2239.2854691   45.2843979
104.3202551   -2239.4211292   41.2461273
104.6099337   -2236.0885143   77.1124065
104.1238578   -2235.7227802   79.5336217
104.8124107   -2212.3782635   172.9975641
107.0442172   -2212.0211124   176.7416596
105.0779792   -2215.9488201   147.1991837
105.0444218   -2231.9965363   95.8676711
104.6046289   -2212.8770351   166.5641814
103.8229438   -2225.7530689   114.7735193
105.3019138   -2225.0225544   116.61008
105.6057485   -2239.3624783   48.3805835
104.1537794   -2238.8806343   59.4109446
104.5748564   -2239.3350601   53.9014228
104.158816   -2223.0577469   122.8639707
103.3494743   -2224.3304253   119.077608
104.2203578   -2213.2732868   163.0394906
101.924208   -2215.3322697   150.2403766
102.6932272   -2239.3381596   35.5348811
103.1482788   -2221.6172218   127.3629963
104.284552   -2219.1543579   134.6812397
104.2197021   -2233.7100506   89.6053389
102.131364   -2239.80093   52.1426722
103.6186489   -2234.7073555   85.2740705
103.2364341   -2226.747036   111.9724885
102.698532   -2238.2776737   65.1583746
103.9998802   -2236.9265556   72.4788383
101.708171   -2212.9437923   168.8651592
101.8117043   -2237.7064228   69.2450777
102.6762398   -2230.7322025   100.49247
101.2414368   -2235.3947163   82.9032734
102.1159264   -2214.4575119   155.1011503
102.6116582   -2213.8376236   159.0667367
100.1746329   -2232.9721451   93.7415659
101.4037999   -2233.5932255   91.0527557
102.0145985   -2239.9523258   46.9676442
101.6592058   -2216.20965   146.0635811
101.3561758   -2216.994524   142.7280456
101.6857298   -2219.9733257   132.4481517
100.4789146   -2232.1169376   96.6114029
100.9793254   -2212.8219604   175.3141582
104.4590744   -2212.2631073   178.3215851
102.1873625   -2236.4127636   76.6695216
101.4824482   -2213.1817341   165.9281701
101.2050184   -2239.4618988   57.8523725
100.575951   -2239.8459911   54.9968854
99.7231873   -2240.013361   39.1064659
101.1247905   -2218.8227177   135.9856427
99.3609103   -2213.758707   161.8680954
101.3793322   -2234.4946861   87.1883854
100.9266051   -2223.2863903   122.7048337
99.5637151   -2239.0632629   62.4542795
100.6134423   -2236.0081673   79.910256
100.5809578   -2237.2267246   72.8571936
99.4654568   -2226.5853882   113.1593287
99.6536585   -2228.0526161   108.8649407
100.4001769   -2238.2054329   67.2441944
98.6138555   -2239.9661541   36.0773392
100.5734178   -2229.9590111   103.136763
98.9506813   -2236.6676331   77.0762786
98.7926694   -2240.4232025   48.3271852
98.7079116   -2215.0185108   152.8777033
98.5181006   -2213.2651806   172.9017347
99.1468998   -2216.5970802   144.5914209
108.1464561   -2214.3673897   205.8614045
106.1061593   -2215.0084972   209.4832063
108.2972261   -2214.84375   270.1739669
107.3443266   -2216.2914276   234.5949113
107.3417934   -2212.521553   191.520676
108.1809076   -2209.600687   297.0422208
106.9389554   -2216.0537243   258.7068379
108.0634566   -2216.3209915   239.2560989
108.135012   -2206.8696022   308.7547421
108.3419295   -2205.9061527   311.9185269
107.2844537   -2213.8490677   201.5898377
106.6222461   -2216.3558006   247.1571714
107.9919013   -2216.3243294   252.6521087
106.284109   -2215.4829502   214.134112
107.5271937   -2212.1093273   186.4647418
106.675026   -2210.9587193   288.5122001
106.2889072   -2210.2673054   291.932255
106.9211336   -2207.6544762   305.143714
105.837253   -2216.3529396   242.9282069
106.0773405   -2216.1109447   223.0699211
104.5297059   -2215.9438133   217.7196145
107.8474792   -2212.4564648   281.8224132
105.8960529   -2216.2554264   227.4640203
105.9572073   -2213.2000923   277.5996029
105.2052649   -2211.8048668   283.5932076
105.1931056   -2215.1026726   267.2753334
104.5096191   -2215.7871723   260.8212531
105.8656546   -2204.2124271   315.1866794
106.1029109   -2209.0785503   298.1564701
104.7057482   -2208.2509995   301.0004163
105.4015728   -2216.3300514   231.9576591
102.4276885   -2213.7553692   273.6721039
103.917447   -2212.4199867   183.4357828
105.1642271   -2213.2351398   195.4305321
104.8367592   -2213.9091492   200.1471519
104.495612   -2201.9429207   320.1800883
106.8040105   -2201.6434669   322.2903907
104.315606   -2206.2106133   308.570534
103.6342653   -2204.5917511   312.9676282
104.5427593   -2209.3963623   295.2438593
104.9404415   -2214.48946   204.5744359
105.0376865   -2216.3610458   238.4146899
103.4826609   -2216.1142826   255.1811337
102.4823757   -2216.2430286   250.2486706
103.9450439   -2212.6598358   188.0361736
102.6967736   -2216.4056301   235.5968803
102.7804884   -2213.2027149   192.1929121
103.6518785   -2206.9346905   305.706948
101.7480167   -2215.5718803   210.6662542
102.9868992   -2209.9170685   291.3042903
103.1349572   -2210.7901573   287.1049643
103.4577759   -2216.3178921   246.9812036
101.9555303   -2216.0391808   215.4889703
102.7246388   -2216.4452076   228.2235324
101.5711995   -2216.527462   225.5475223
99.8144718   -2216.6047096   222.0811546
102.8560074   -2212.4636173   279.5274854
100.8583876   -2212.8410339   277.1134675
103.3700677   -2215.4290676   263.8324797
101.1265787   -2202.9006481   316.0633147
102.806774   -2216.3698673   240.5194789
101.8407913   -2216.3462639   243.4337139
101.234016   -2207.4859142   301.766485
101.7324301   -2211.4357948   283.4716141
101.0394665   -2213.9971256   197.2050965
102.8070124   -2215.023756   206.9810927
100.2776595   -2216.537714   232.4660569
101.4896306   -2212.7323151   179.5203835
101.5993925   -2214.6778107   203.1382024
99.4293066   -2208.4445953   295.8227098
99.0017327   -2216.5522575   218.3326632
101.6029688   -2215.6515121   260.6024444
101.3002964   -2201.5073299   319.6177185
99.8963984   -2215.0571346   264.9893165
100.4398438   -2214.0274048   271.4165449
99.151698   -2214.5807743   267.7755356
100.8828851   -2206.2268257   306.4526916
100.2530726   -2204.7660351   310.6851578
100.9427281   -2216.0868645   253.2719076
100.3267141   -2214.4110203   199.6033788
100.614247   -2213.0908966   186.1307472
100.6490561   -2213.2763863   189.1863942
100.3912064   -2212.9762173   182.8941256
98.785338   -2216.2761688   245.5137223
99.1665395   -2210.1066113   287.7240181
98.5202762   -2212.1505737   278.8643837
98.741469   -2215.2211666   204.5458108
98.6294719   -2216.3965702   240.3165996
99.5370122   -2216.629982   228.533864
100.2443107   -2215.8718109   256.9149137
99.0419658   -2216.1362171   250.5421638
98.4550687   -2213.237524   274.284184
99.0817519   -2216.1953449   213.7103528
