-713.7044398   -2569.2706108   -674.0346551
-714.1264407   -2570.7550049   -674.0736961
-715.6089274   -2571.8712807   -672.9297638
-714.3360106   -2644.2475319   -902.5291204
-715.2210204   -2630.7630539   -902.8071761
-714.1481367   -2647.3186016   -903.1460285
-714.385244   -2641.0162449   -902.649641
-714.2144171   -2650.0666142   -904.140234
-716.9084278   -2653.0506611   -946.6413856
-714.59994   -2662.5599861   -973.3309746
-714.2576901   -2653.9711952   -908.0443978
-714.1865221   -2652.0311832   -905.6101441
-714.4751278   -2652.4209976   -931.7731857
-715.3086392   -2655.4684639   -912.6637578
-714.9200169   -2656.1021805   -960.504353
-716.7608467   -2659.1722965   -965.2448297
-716.6027752   -2652.4779797   -937.0180964
-715.9768073   -2666.7354107   -980.9445739
-714.741203   -2667.0134068   -990.9940958
-716.7265145   -2655.4460526   -917.591393
-716.377112   -2654.4709206   -923.4779477
-715.4540745   -2665.1375294   -999.725759
-716.723415   -2627.5253296   -900.7203579
-716.6075436   -2667.9708958   -986.8164659
-716.4655653   -2661.552906   -969.8547125
-717.2262398   -2665.1115417   -975.7983088
-716.5719   -2653.4590721   -928.2928705
-718.4678046   -2635.2062225   -902.0862579
-717.1858279   -2654.4005871   -952.934742
-716.7873112   -2652.5540352   -941.6410923
-717.1654431   -2655.687809   -956.9604397
-718.5151307   -2639.8329735   -901.766777
-717.7551714   -2664.8952961   -1001.7834902
-717.6404921   -2653.2409191   -906.1967134
-717.9231373   -2654.8037529   -908.6686969
-718.0857388   -2650.0570774   -903.215766
-718.468043   -2646.1195946   -902.015388
-718.5611454   -2643.2218552   -901.5988111
-718.0301873   -2653.2490253   -931.88411
-717.9510323   -2663.6142731   -972.1930027
-718.3832852   -2668.4947014   -991.3861156
-719.3407742   -2657.7982903   -959.7834349
-719.5275751   -2666.5527821   -1000.1077652
-720.4582421   -2668.6146259   -994.9711561
-720.3367678   -2631.2909126   -900.4746079
-720.2595202   -2656.1737061   -913.4150147
-721.5724913   -2669.536829   -982.4669957
-720.6505267   -2667.6478386   -977.5035381
-720.4462019   -2654.3748379   -927.4359345
-719.9766365   -2655.4203033   -921.3241339
-720.6243006   -2662.9948616   -968.4795737
-719.9300257   -2653.4428596   -941.10322
-721.6063467   -2670.006752   -987.9829288
-721.6196982   -2627.6886463   -897.9702592
-721.0718123   -2655.2708149   -950.5699873
-720.4942433   -2656.4898491   -955.2006125
-721.410009   -2654.6294689   -907.5294733
-720.8002535   -2665.8594608   -973.4586477
-721.3914124   -2652.7581215   -904.5889378
-720.0274197   -2651.2186527   -903.6040902
-712.2343508   -2666.2135124   -988.7807965
-712.4118534   -2665.9345627   -984.9141836
-715.185496   -2666.3751602   -995.420754
-711.8308274   -2466.2685394   -887.4299526
-712.2432915   -2466.0725594   -881.1426759
-712.6251189   -2475.7037163   -951.9724846
-713.2844654   -2468.4762955   -913.2175446
-712.7963034   -2473.988533   -947.8672147
-713.0474774   -2481.4047813   -959.479928
-712.7971379   -2472.8887081   -944.1633821
-712.5915018   -2471.9552994   -940.1186705
-713.5196654   -2470.7086086   -930.5745363
-714.5251957   -2470.2792168   -925.848186
-714.4739357   -2466.2013054   -864.0719056
-714.1331164   -2466.2594795   -856.4509153
-714.6739689   -2471.6730118   -935.3387952
-713.0474774   -2479.0599346   -957.0264816
-715.5433623   -2469.6252346   -919.5141196
-716.2120072   -2467.2284126   -894.0354586
-716.235253   -2466.9079781   -888.6773586
-713.9892308   -2466.1419392   -872.4840283
-715.1725022   -2466.2623405   -868.9696789
-716.6433064   -2466.5641785   -877.4501085
-716.4202658   -2467.9107666   -902.3790359
-716.3727013   -2468.4913158   -908.5041881
-714.9613825   -2477.9379368   -954.6381831
-716.7658535   -2466.7901993   -884.3187094
-717.0632807   -2473.1054306   -940.2050972
-716.3811652   -2475.5034447   -949.079752
-717.6142661   -2477.1199226   -951.7893791
-718.0478302   -2474.5647907   -945.0811744
-716.6923014   -2480.1661968   -956.8918943
-718.137714   -2483.1995964   -959.3297243
-714.8126093   -2484.5554829   -961.4144564
-719.0521685   -2469.4597721   -913.3110642
-718.7393633   -2471.6825485   -929.3592572
-717.5075737   -2466.5899277   -872.1835017
-719.6646658   -2466.812849   -867.6466942
-718.5070244   -2466.7062759   -861.8509173
-718.9119784   -2470.8180428   -923.6465096
-720.7525698   -2473.0985165   -935.089469
-718.7136141   -2478.9254665   -954.2844892
-720.0507847   -2467.4003124   -888.7173533
-720.6972567   -2476.5632153   -948.5155344
-720.9462849   -2467.0479298   -857.7876687
-719.2171542   -2466.9733047   -852.0388603
-712.528917   -2472.4764824   -783.9033008
-713.2372586   -2474.2324352   -776.4603496
-711.8462054   -2479.0561199   -760.4218721
-712.3104063   -2470.5405235   -794.8865891
-712.195727   -2468.3465958   -814.5974278
-712.6538483   -2466.9210911   -835.5448842
-712.8827301   -2480.9689522   -756.1079264
-713.5300366   -2466.6666985   -842.5654769
-713.2003037   -2468.0240154   -819.9112415
-714.1506401   -2471.4717865   -790.1887298
-714.4524781   -2467.4968719   -829.3407559
-713.9892308   -2466.4647579   -848.8005996
-715.8156363   -2476.2599468   -770.0434923
-716.3188187   -2469.7542191   -804.8313856
-716.8611018   -2469.1393375   -811.4330173
-716.4909569   -2468.0757523   -824.2583275
-717.0906989   -2478.3930779   -763.8598084
-715.8927647   -2470.3485966   -799.3085384
-717.3143355   -2480.5326462   -758.194387
-718.1983916   -2468.6903954   -818.394959
-718.5243098   -2471.2107182   -794.8203087
-719.3832127   -2473.6452103   -781.7140222
-718.8623873   -2472.2959995   -788.2509828
-718.3599202   -2467.3736095   -840.1243687
-718.7136141   -2467.7195549   -834.0349793
-716.7013613   -2482.5623035   -753.3391714
-720.9539143   -2475.3906727   -775.0812769
-718.4718577   -2467.0979977   -846.1274505
-719.2915408   -2468.0843353   -828.9168477
-721.2609974   -2470.6428051   -801.4922142
-721.4841572   -2482.2022915   -755.1946044
-714.0083043   -2619.6465492   -1010.6796026
-714.2393319   -2623.6231327   -1012.5933886
-715.1081292   -2612.1995449   -1005.9328079
-713.2574049   -2609.4741821   -1003.580451
-718.1796757   -2615.9880161   -1008.4844828
-719.7773186   -2621.7045784   -1011.6887093
-720.3886238   -2611.1702919   -1005.1199198
-716.3375346   -2608.8867188   -1003.2343864
-717.5620524   -2626.2674332   -1013.6470795
-720.1819149   -2607.4404716   -1002.0751953
-713.3104531   -2581.0668468   -987.2513413
-712.1420828   -2572.3023415   -984.2779636
-715.0648562   -2576.7214298   -985.1791859
-712.2047869   -2586.979866   -989.72404
-713.5159699   -2550.6291389   -984.4021797
-711.8338076   -2556.0417175   -983.6503267
-711.8738619   -2590.7840729   -991.3645983
-712.837669   -2594.3102837   -992.6877022
-712.9851309   -2531.9745541   -981.7957282
-712.3672692   -2567.3997402   -983.3435416
-712.0604245   -2538.962841   -983.1834435
-711.669418   -2616.8653965   -891.5191293
-712.9307715   -2487.2467518   -963.6653066
-712.9610506   -2607.8338623   -1002.1132231
-713.3140294   -2544.4722176   -984.2517972
-711.8024556   -2523.3252048   -978.3607721
-712.7530304   -2491.5266037   -965.1325941
-712.7258507   -2616.0366535   -887.8369927
-712.6284567   -2518.5229778   -976.5486717
-712.144467   -2495.3932762   -966.3956761
-713.4297816   -2498.8892078   -967.3453569
-714.5973174   -2525.9373188   -980.5456996
-716.2828175   -2614.0773296   -874.0554452
-715.76533   -2612.6859188   -868.5783148
-713.9187781   -2563.1124973   -983.1838012
-715.1289908   -2509.3746185   -972.6606011
-714.0122382   -2620.1403141   -895.8312869
-715.1560513   -2601.272583   -996.6897368
-717.6428763   -2596.5898037   -993.2330251
-713.8819424   -2621.9787598   -898.4184861
-713.4889094   -2624.2573261   -900.9356499
-715.3695551   -2513.894558   -975.4232168
-716.0334317   -2611.6008759   -862.6077175
-714.16876   -2609.8554134   -858.3398461
-716.2518231   -2605.5319309   -1000.1348257
-715.1592699   -2615.278244   -881.4721107
-716.2104575   -2616.7051792   -885.0063682
-717.192742   -2615.1916981   -877.5845766
-715.05222   -2557.3508739   -983.8316441
-716.746184   -2499.5598793   -968.0650234
-717.8024975   -2503.9432049   -970.5746174
-716.5591446   -2618.578434   -889.6752596
-716.4233652   -2520.7993984   -979.2775512
-715.9232823   -2554.3658733   -984.4560623
-716.1851851   -2591.9396877   -991.0008311
-716.9390646   -2535.3472233   -983.9867353
-717.6146237   -2540.2402878   -984.8229885
-716.0002915   -2570.0929165   -983.5552573
-716.6878907   -2573.2371807   -984.0402007
-716.2556378   -2494.8322773   -965.7818079
-718.4209553   -2584.436655   -987.4233603
-718.3143822   -2565.9835339   -983.1982255
-716.6908709   -2516.7245865   -977.5075912
-716.3111893   -2490.228653   -964.1130567
-719.2004649   -2487.4720573   -962.2160792
-717.8675858   -2528.0826092   -982.43469
-718.0123059   -2531.5802097   -983.4214449
-721.4386193   -2580.5618763   -985.481441
-719.4924084   -2545.8288193   -985.4833484
-719.4832293   -2551.4531136   -985.301137
-716.3837878   -2621.7520237   -896.03585
-717.2581879   -2624.4051456   -898.2971907
-717.8894011   -2560.8437061   -983.6515188
-717.9293362   -2620.9383011   -893.0979371
-720.4589573   -2612.8988266   -858.7973118
-718.0753676   -2611.0334396   -855.3074598
-713.9472691   -2608.5753441   -853.5196185
-718.7032429   -2524.004221   -981.3935757
-719.8984352   -2556.5917492   -984.6025109
-719.9637619   -2575.5646229   -984.2116237
-718.080732   -2510.9009743   -974.952817
-719.7192637   -2507.3904991   -973.5561013
-720.0278965   -2617.1798706   -880.7017207
-719.0067498   -2513.6680603   -976.8762589
-720.0576989   -2613.7690544   -864.2020226
-720.5021111   -2614.9535179   -869.0638542
-720.3162638   -2571.3980198   -983.4731817
-721.0555998   -2593.3272839   -990.8794165
-721.0103003   -2589.1396999   -988.8741374
-721.4303938   -2619.3304062   -885.3060007
-719.6134058   -2491.3232327   -964.2944932
-720.9546296   -2495.6636429   -966.59863
-720.9499804   -2623.8377094   -895.0051069
-720.1891867   -2516.954422   -979.0235162
-720.6718651   -2520.5388069   -980.763495
-721.5870348   -2621.5250492   -890.4142976
-720.4130618   -2500.2832413   -969.1848755
-721.0273472   -2536.429882   -985.1971269
-720.2632157   -2533.1804752   -984.4638109
-720.9999291   -2525.809288   -982.7575684
-721.3134495   -2510.3714466   -975.9339094
-712.293717   -2533.3986282   -710.9898329
-713.7083737   -2567.5475597   -736.7712855
-712.2189728   -2508.9664459   -727.1441221
-713.2075755   -2492.338419   -738.1675839
-713.3180825   -2496.3881969   -734.3633771
-712.6741139   -2575.232029   -775.9121656
-714.0011517   -2488.6109829   -742.5618768
-713.7212483   -2571.2664127   -760.4168057
-713.0412785   -2570.2793598   -755.5952072
-716.407868   -2485.388279   -747.7816343
-713.3606402   -2577.1434307   -780.819118
-712.6596896   -2500.8299351   -731.4793468
-713.5950056   -2594.4132805   -816.3485527
-713.3935419   -2602.2005081   -835.1386786
-713.5289637   -2517.2231197   -722.7990031
-715.1882378   -2568.6485767   -742.7251935
-714.9162022   -2587.4927044   -802.5130033
-713.7931315   -2584.8419666   -798.0817556
-715.3796879   -2525.616169   -716.6852355
-714.8179737   -2521.2023258   -719.9493051
-715.6775919   -2567.401886   -731.6421866
-716.8343989   -2567.5749779   -725.5992889
-715.0021521   -2581.2573433   -789.8679972
-716.65332   -2506.0164928   -727.3705602
-715.2602402   -2572.6993084   -765.9479976
-716.5256468   -2529.5894146   -712.8577828
-714.3103806   -2569.1907406   -747.6014495
-716.0318819   -2570.2478886   -752.1288991
-714.7259442   -2599.6863842   -826.877594
-716.5837017   -2598.4065533   -821.8793273
-714.5123211   -2606.5063477   -845.7499743
-715.3842179   -2567.6941872   -720.1371193
-714.9600712   -2568.230629   -715.7962322
-716.2035433   -2513.2694244   -723.8043547
-715.1426999   -2590.5959606   -807.9973459
-715.8103911   -2601.8066406   -831.0754895
-714.2892805   -2569.0968037   -711.4306092
-716.8117491   -2579.0951252   -783.8463783
-719.1288201   -2593.9478874   -810.5211258
-715.4559819   -2583.5313797   -794.5150137
-715.506169   -2605.2284241   -840.6319618
-717.7928416   -2574.7888088   -771.7720866
-718.21973   -2509.8640919   -724.8704433
-717.2364918   -2533.3909988   -708.74542
-719.1141573   -2498.916626   -731.2707305
-717.8376643   -2577.0936012   -778.2253027
-717.6981894   -2571.3720322   -757.3527098
-718.6112133   -2494.989872   -734.783709
-718.7441317   -2491.5988445   -738.524735
-718.6361281   -2605.7710648   -837.3384476
-720.3067271   -2604.8843861   -832.7255845
-718.8600031   -2517.3418522   -720.7706571
-717.8269354   -2596.8513489   -817.2547221
-718.7350718   -2568.8753128   -739.6094203
-718.8908783   -2572.5522041   -762.5370622
-717.7681652   -2585.7009888   -797.2637415
-716.8148486   -2608.9560986   -849.6311307
-720.3657357   -2488.7878895   -742.3865795
-719.7534768   -2569.4181919   -714.9142027
-720.7745043   -2570.4727173   -711.3973498
-717.2450749   -2570.510149   -708.344996
-713.6693922   -2570.2800751   -706.1335444
-719.7146145   -2570.26124   -747.8858232
-719.6361748   -2608.0627441   -842.2148228
-719.4714276   -2602.4534702   -827.8666139
-719.1002098   -2600.5337238   -823.7656355
-720.2590434   -2521.7494965   -717.5338268
-719.1301314   -2590.8234119   -805.1306605
-720.4609839   -2588.6223316   -800.3878593
-718.7472311   -2568.6225891   -718.0874944
-719.3575827   -2583.7080479   -792.4127579
-720.818731   -2581.5784931   -787.079215
-720.3201977   -2569.6749687   -743.037045
-719.8271481   -2573.759079   -766.9853568
-720.4991309   -2525.7806778   -714.5110965
-720.6009356   -2568.6163902   -721.4717865
-721.5387551   -2568.549633   -730.0486565
-721.6191021   -2571.5613365   -754.1590929
-721.4096514   -2484.0867519   -751.0921359
-720.6434933   -2599.4491577   -819.4032907
-721.6111151   -2611.2918854   -849.2346406
-721.2544409   -2606.6300869   -835.8386159
-720.2832428   -2571.4590549   -707.2835565
-713.706824   -2540.4169559   -701.5975714
-711.7250887   -2554.5845032   -686.2819791
-711.8050782   -2558.1140518   -682.5833321
-712.1083466   -2572.7956295   -693.1484342
-713.2080523   -2572.4432468   -697.6134181
-713.4881941   -2543.8404083   -697.3526478
-711.8487088   -2570.6636906   -675.9574413
-712.1525732   -2567.4650669   -675.5954623
-713.7257782   -2563.9212132   -676.3949394
-712.0440928   -2571.6955662   -677.7724028
-713.3433548   -2573.5692978   -682.2742224
-712.590429   -2573.3804703   -686.2868667
-713.2408348   -2572.8852749   -679.2414188
-714.1262022   -2573.9679337   -689.1769767
-714.7285668   -2548.5129356   -691.1558509
-716.5242163   -2545.4618931   -693.9197779
-716.4789168   -2551.4066219   -686.9975924
-716.5454356   -2571.4507103   -704.2794824
-711.6781203   -2569.8752403   -675.5347252
-712.4300925   -2570.4581738   -675.1402617
-716.8761221   -2536.993742   -704.7704458
-716.7014805   -2555.4544926   -682.5603843
-715.4798237   -2559.6554279   -679.0201068
-715.3833834   -2573.3332634   -676.1681437
-716.0858838   -2574.177742   -693.0978894
-715.1064602   -2567.1291351   -673.6575961
-716.0073248   -2575.0117302   -684.9218607
-717.5838677   -2573.5545158   -697.4631548
-719.407293   -2573.0612278   -700.6922364
-716.0949437   -2574.7961998   -679.4698834
-718.9273564   -2542.0897007   -697.2749233
-720.700833   -2538.34939   -701.5860677
-719.1360918   -2561.825037   -675.1563549
-718.6962096   -2575.7830143   -688.2457733
-717.2559229   -2568.9313412   -671.6187
-719.6451155   -2547.5883484   -689.9236441
-718.693587   -2565.9964085   -672.2265482
-717.868301   -2573.2238293   -671.8642116
-718.1484429   -2575.1698017   -675.3615141
-720.3047005   -2557.8386784   -678.1830788
-720.479819   -2577.0936012   -682.995379
-721.0604874   -2575.6587982   -692.7857995
-719.4608179   -2552.7818203   -684.0025783
-719.2685334   -2570.7781315   -669.8178649
-719.3962065   -2572.6189613   -669.8989272
-720.0160948   -2568.8402653   -669.9436307
-721.0360495   -2577.2480965   -678.2498956
-721.1801735   -2576.8213272   -674.3247509
-721.0125653   -2575.2937794   -671.3514924
-720.8158699   -2572.1120834   -668.6393619
-713.8687102   -2655.6079388   -1009.8177195
-712.4172179   -2647.7949619   -1013.6535168
-712.6654116   -2635.1995468   -1015.435338
-712.3175589   -2639.0657425   -1015.5104399
-712.2435299   -2629.9717426   -1014.6176815
-712.3805014   -2644.3583965   -1014.6802664
-714.3842904   -2641.9641972   -1015.4473782
-716.2284581   -2651.9653797   -1012.7167702
-713.4427754   -2627.1188259   -1013.8300657
-714.115831   -2632.1411133   -1015.1314735
-715.4537169   -2660.1109505   -1006.652832
-713.8782469   -2662.6751423   -1002.7358532
-715.1256529   -2637.2110844   -1015.8147812
-715.8366171   -2629.7988892   -1014.7658587
-716.0516707   -2639.8935318   -1015.8891678
-716.0464255   -2645.7812786   -1014.9924755
-715.9268586   -2648.6475468   -1014.0269995
-717.723581   -2633.7358952   -1015.630722
-719.7619406   -2658.146143   -1010.0294352
-717.2900168   -2655.2159786   -1011.2828016
-717.6838843   -2643.0885792   -1015.6927109
-718.5598341   -2637.4378204   -1016.0645247
-721.1589543   -2662.702322   -1006.531477
-717.6961628   -2663.2297039   -1004.3321848
-720.0854746   -2629.6410561   -1014.7192478
-719.0401284   -2649.0056515   -1014.6312714
-720.7251517   -2645.3409195   -1015.7287121
-719.4485394   -2654.8678875   -1012.0685101
-720.4850642   -2641.7052746   -1016.3068771
-720.5171315   -2665.0965214   -1003.2913685
-711.6993395   -2663.8069153   -998.9468455
-712.0746104   -2626.9836426   -903.2679796
-712.3226849   -2659.5003605   -969.9516296
-713.1151883   -2663.9931202   -977.470994
-713.3210627   -2652.741909   -951.7124295
-713.7186257   -2654.0448666   -956.2351108
-713.1914822   -2653.0497074   -926.7657995
-713.260266   -2633.6722374   -903.8172364
-713.8755051   -2637.3467445   -903.4672976
-713.5387389   -2651.6389847   -941.7051673
