-65.4985634   -1662.324667   -885.5594397
-65.5517308   -1644.0964937   -917.5713062
-65.500292   -1695.9775686   -894.2652941
-66.4006797   -1690.374136   -883.970201
-65.0757877   -1688.6407137   -881.757021
-66.7223064   -1696.3094473   -899.0944028
-66.1867587   -1689.522028   -920.5907583
-66.1816327   -1682.7812195   -879.3529868
-65.7057492   -1670.8316803   -930.0779104
-67.1874014   -1645.1524496   -922.1224785
-66.5235845   -1681.1060905   -927.0964265
-66.5446845   -1650.8319378   -927.7691245
-66.4134351   -1655.1811695   -929.787159
-67.2965375   -1659.8167419   -931.0510159
-67.1573607   -1644.2302465   -907.4944258
-66.6566817   -1643.280983   -910.9253883
-67.5610033   -1694.6659088   -911.8347764
-68.1785075   -1692.6190853   -887.6531124
-67.5786463   -1674.6563911   -929.7847152
-66.5878383   -1647.5893259   -925.3436327
-70.1124398   -1655.4495096   -893.4303522
-68.611118   -1686.7333651   -881.8338513
-68.185064   -1646.5680599   -903.3915401
-69.0598217   -1695.6418753   -907.8573585
-67.0631257   -1685.6975555   -924.3255258
-67.6119653   -1684.1387749   -925.6383777
-69.0738288   -1642.1663761   -914.9307013
-67.8347079   -1674.3708849   -879.3281317
-67.1449033   -1671.013236   -880.1486492
-67.9254261   -1678.5480976   -878.7882328
-68.3986274   -1668.0918932   -881.5133572
-67.9622022   -1667.7464247   -931.2378764
-67.8146211   -1677.9379845   -928.7824035
-69.3852035   -1694.3509579   -891.7592168
-67.6325289   -1691.2956238   -918.7888503
-68.7077371   -1687.7766848   -922.9323268
-68.8721267   -1664.0785933   -884.5227361
-70.1090423   -1664.0297174   -932.2221279
-69.6812002   -1695.294857   -895.5587745
-70.4473583   -1642.4349546   -919.5374846
-68.8736168   -1653.2737017   -930.2543998
-69.9380962   -1671.3165045   -931.2616587
-70.213112   -1680.6288958   -928.3112884
-71.3029829   -1681.8282604   -880.2644014
-70.3505603   -1690.1775599   -920.7749367
-71.0969893   -1693.7032938   -914.6233797
-70.7890121   -1692.0944452   -917.8456664
-69.2348806   -1648.1332779   -927.5975227
-70.6838099   -1650.0014067   -929.8100471
-70.2280132   -1645.7611322   -925.8328676
-70.8616105   -1642.5101757   -910.1379514
-70.0269071   -1684.4735146   -926.058054
-70.9514347   -1671.5162992   -880.7108998
-70.3860251   -1656.3224792   -931.8399429
-70.8479015   -1677.2164106   -929.8738837
-71.5243546   -1674.3776798   -930.9666753
-63.5607568   -1686.6264343   -879.7492385
-62.8763763   -1693.136096   -886.1718178
-62.1285764   -1680.0374985   -926.3271093
-62.2397987   -1661.1528397   -929.0733337
-61.8903963   -1646.3392973   -919.6360707
-62.4237386   -1644.618988   -908.8335633
-62.6435605   -1694.2602396   -912.5106931
-61.6655675   -1669.8352098   -928.8778305
-62.9054634   -1673.5284328   -928.6182523
-62.1568886   -1653.5195112   -926.6455173
-65.0251833   -1649.2708921   -899.7685909
-64.346346   -1682.6610565   -925.6920815
-63.8300506   -1656.9558382   -929.0377498
-63.6491505   -1646.1327076   -904.5660496
-63.4765951   -1653.5058022   -894.6328163
-63.0845753   -1649.8243809   -924.8973727
-63.9338819   -1695.7161427   -908.7584019
-63.9636246   -1643.7269449   -913.395226
-65.3887717   -1696.4150667   -904.2721391
-64.4489852   -1695.0366497   -890.0651336
-64.2642108   -1668.6137915   -880.5016279
-64.8745028   -1664.9725437   -883.0987811
-64.1610352   -1676.3805151   -878.0192137
-64.1751019   -1679.8913479   -877.8440952
-64.5527569   -1687.0826483   -922.565937
-64.4473759   -1677.1221161   -928.1417727
-64.0858141   -1672.4472046   -879.0451288
-63.7532202   -1647.3566294   -922.9403734
-64.4680587   -1691.0309792   -918.2037711
-66.4024679   -1692.8861141   -915.8036113
-64.3168417   -1667.7488089   -930.0370812
-65.4277531   -1664.3813848   -930.5002093
-67.2713844   -1659.022212   -889.236331
