928.3579262   -2500.1440048   -32.170821
928.2908412   -2553.057909   5.7098218
927.1807345   -2529.7756195   -13.1038763
927.3819896   -2505.8877468   -29.1354917
927.2608431   -2522.2327709   -18.8369304
926.9937845   -2516.2043571   -22.7757953
927.8409752   -2547.0736027   0.655895
926.9843372   -2488.2528782   -36.4081524
927.2429319   -2556.4479828   11.126115
926.2113246   -2525.3679752   -15.5381234
927.7299913   -2560.8203411   15.6258214
926.9180866   -2562.1592999   19.3119962
927.9850694   -2554.84128   8.0981152
927.0034107   -2511.1479759   -26.015969
926.9648763   -2540.0977135   -4.3595172
926.3481768   -2536.7956161   -6.3885902
927.1908375   -2541.918993   -3.086257
926.6868802   -2494.410038   -33.6045735
926.2756678   -2497.0738888   -32.2895795
926.5598925   -2564.4936562   23.9788089
926.2326332   -2548.7749577   4.6385238
925.83963   -2532.1569443   -9.6103465
926.8909069   -2567.5017834   28.5003372
925.1178773   -2491.6620255   -33.9351147
925.4409643   -2502.1784306   -29.6536926
925.6817671   -2507.9174042   -26.9099083
925.0893863   -2518.2688236   -19.6660794
926.0930093   -2543.2004929   -0.4621967
925.8901449   -2513.1371021   -23.8860101
924.4571301   -2498.1720448   -30.8110379
925.7621738   -2557.0156574   14.8426797
925.8221956   -2552.8867245   9.6807806
924.7964593   -2544.9588299   3.2520802
926.0038408   -2559.394598   17.5691601
925.1739355   -2550.1232147   7.8387223
924.7397753   -2504.992485   -27.7959965
923.4377714   -2520.9035873   -15.99502
924.3607792   -2553.497076   13.6173656
924.9685677   -2539.2575264   -2.4177623
923.9259633   -2526.2815952   -12.0806294
924.9286922   -2529.1676521   -10.9726638
923.6873063   -2509.9890232   -24.0308344
923.447636   -2513.972044   -21.1233571
922.5635501   -2487.6997471   -34.4027691
924.3990155   -2559.8728657   22.8907373
925.156978   -2559.3569279   19.7596662
922.9129525   -2493.6828613   -31.833481
923.6408146   -2560.3439808   26.3066366
924.6267649   -2563.4937286   28.7525095
923.2980581   -2532.033205   -6.2970463
923.0856272   -2535.0279808   -3.3277166
922.6928922   -2545.7451344   7.9605561
922.7299067   -2523.2567787   -13.0862016
923.6867102   -2541.3205624   1.5307814
924.0541729   -2557.154417   19.6151286
922.9195686   -2528.3558369   -8.9731412
923.2900115   -2549.6397018   11.2860445
922.7654012   -2553.7414551   18.6776146
922.9051145   -2506.074667   -25.7710535
922.4663349   -2502.7759075   -27.2638295
922.2203168   -2499.4437695   -28.7499931
920.0299057   -2489.6612167   -31.9708996
921.1882325   -2516.1962509   -17.0352124
922.4181744   -2537.1382236   -0.2214743
922.1038195   -2542.9439545   6.1209686
921.7292043   -2496.3767529   -29.8431758
922.1748384   -2556.3333035   24.5195366
922.0980378   -2550.4341125   15.8144347
920.9008189   -2523.5319138   -10.2161197
920.7826229   -2510.5321407   -20.8511855
920.5518635   -2506.8278313   -23.1622607
921.2054583   -2538.8636589   3.6945569
921.854076   -2557.5335026   28.0098524
922.6410063   -2560.126543   29.8019405
921.6752621   -2545.9611416   10.7267099
921.9959351   -2553.6715984   21.0713539
920.9751161   -2513.1399632   -19.1368591
919.6538004   -2520.1308727   -11.3813635
920.6683906   -2530.8375359   -3.0965165
921.2994548   -2529.1233063   -5.7829367
920.8921465   -2547.7130413   15.5145088
921.2856861   -2534.0781212   -1.1422446
920.7878979   -2526.545763   -7.3081129
918.996987   -2493.4723377   -29.3838903
920.5770763   -2503.7915707   -25.1042973
920.5814274   -2549.8645306   20.268973
919.2125174   -2499.997139   -26.103599
920.1111766   -2534.8391533   1.8050774
920.0472506   -2497.112751   -28.3359196
920.3909608   -2552.0129204   24.0045842
920.0113984   -2553.981781   28.8748089
920.5698641   -2543.0018902   9.7998781
919.7734269   -2540.0121212   8.1068622
919.9546548   -2544.1241264   13.2196946
919.0476211   -2527.7271271   -3.1009449
919.3043383   -2531.1088562   -0.2679785
919.168708   -2536.5514755   5.607652
918.6738404   -2511.7344856   -17.3751898
919.1546115   -2544.1594124   16.0190761
919.4003912   -2546.2973118   18.8505463
919.0446409   -2548.7689972   24.2891852
918.512431   -2545.9849834   22.049604
918.5737642   -2540.1945114   11.8055008
918.6005267   -2550.0152111   27.6923645
928.0962022   -2499.976635   166.0129726
928.2438131   -2512.4287605   166.3288027
927.7168187   -2516.3197517   165.7128632
928.0149909   -2533.0917835   165.0477946
927.9828938   -2525.1061916   165.3429866
928.126839   -2571.0084438   31.9525339
928.1685623   -2580.4710388   64.2533377
927.3070069   -2503.5216808   165.7550335
927.3810061   -2574.4636059   47.7362834
926.9771846   -2572.3145008   43.1261696
927.8957816   -2576.7731667   52.4934568
926.7994436   -2490.0574684   164.012
928.3077391   -2572.6306438   35.8569808
927.772847   -2572.7508068   39.5285152
928.1235906   -2583.7495327   73.2977763
927.1846684   -2493.5317039   164.7978723
928.2433661   -2558.7911606   163.5740995
928.2782944   -2554.6619892   165.0010943
928.3556315   -2588.5174274   101.7812937
928.3696385   -2565.4621124   159.8421186
927.2880229   -2519.2482471   165.1132256
927.3943277   -2577.0306587   57.071697
928.3255609   -2571.1495876   153.5066664
928.3353361   -2588.511467   97.7081731
927.9314848   -2585.8786106   83.5989118
928.1525286   -2581.9237232   131.9529563
927.8631481   -2586.6470337   105.765298
927.8535815   -2584.9039555   79.7371939
927.9978844   -2572.3090172   150.0629187
928.1467768   -2585.5724812   119.3813309
925.9543093   -2496.5746403   164.5389348
927.404997   -2561.1059666   159.2980623
926.1714192   -2528.7899971   162.7035588
928.0300113   -2586.4136219   112.7528623
926.8080565   -2538.6955738   162.8201753
927.3969802   -2535.7656479   164.0298516
927.5204214   -2582.5083256   122.7399185
927.7194115   -2574.8198032   144.0894455
927.6784035   -2576.6487122   140.2429938
928.2951327   -2581.7394257   66.8291077
927.9594692   -2581.5184116   68.0963472
927.5814565   -2581.2859535   127.7655661
927.6157292   -2572.8714466   146.8965113
927.2519322   -2580.7230473   70.2670515
925.639716   -2509.6585751   164.5424217
925.2609583   -2505.6400299   164.4118279
927.1690222   -2547.8260517   162.8914773
927.2535714   -2551.6498089   162.5214219
927.5753769   -2578.070879   136.380136
926.968393   -2543.545723   162.7826393
927.730796   -2580.4507732   66.6304454
927.1159741   -2578.3956051   64.6419376
927.5476309   -2584.253788   115.5822277
927.2697242   -2565.0265217   155.2954912
927.5000962   -2568.8028336   152.2827744
927.500871   -2585.3133202   87.9456252
926.9327196   -2581.8850994   77.049613
927.4044009   -2584.7389698   109.2998013
927.4139675   -2585.4263306   91.8878168
927.5970729   -2578.7482262   62.7798438
926.1794063   -2575.5076408   61.1124635
927.4030598   -2579.1943073   132.1449578
927.3895296   -2585.505724   95.6567526
926.0910126   -2567.9011345   33.2458466
926.9811782   -2562.0853901   156.8004489
927.4693104   -2585.7572556   98.971054
927.0898374   -2584.3808651   102.0182967
925.8798035   -2569.0705776   38.5757647
927.1061691   -2555.1300049   161.0703319
925.508407   -2513.5731697   164.0145034
926.6864034   -2558.5775375   158.0622047
926.0148676   -2521.4207172   163.5423452
927.1260174   -2582.1902752   118.3153465
926.3401898   -2579.4765949   73.2015148
924.4401427   -2500.887394   163.8578027
927.1209808   -2583.332777   112.3363897
925.7330867   -2533.9615345   161.4221632
926.8153282   -2569.4403648   147.4230438
924.9164733   -2523.4971046   161.8927717
926.9173118   -2578.9072514   67.2169402
926.6889962   -2582.0934772   81.2996849
926.4613362   -2582.0355415   85.4468048
925.7212254   -2573.4119415   55.3790741
925.4885884   -2572.1452236   51.9408286
926.642892   -2582.5781822   105.7074443
925.8719357   -2569.7212219   41.0262831
927.331117   -2579.5683861   66.5680468
926.5114637   -2572.3164082   140.3229684
926.8622073   -2571.5389252   144.3164647
924.2804917   -2517.2634125   162.3166949
926.7739328   -2574.8682022   136.9903088
925.0393184   -2486.9325161   162.5758857
926.5604588   -2566.0524368   150.592804
926.3049039   -2577.7189732   124.3440956
926.604596   -2577.529192   128.5110712
926.4818104   -2575.6542683   132.4743778
926.3573857   -2580.271244   114.4450083
926.1160167   -2578.3276558   119.4491088
926.2370142   -2581.7859173   89.9881348
926.2383255   -2581.8507671   97.749345
926.5625449   -2582.9086304   93.7191769
926.3184937   -2580.9698105   109.63431
926.1814328   -2575.1457214   59.4866797
925.9004565   -2574.3927956   58.2046844
924.7552129   -2569.4372654   47.2881868
926.0332259   -2562.1278286   152.2837877
926.2247952   -2550.8775711   159.7013921
925.5636605   -2576.6835213   69.7599202
924.5935651   -2492.9347038   163.4166241
925.5067381   -2545.8405018   158.9163393
925.7794591   -2555.0510883   156.4249843
926.037428   -2580.9109211   102.2047922
925.28331   -2541.2991047   159.3894809
925.5859824   -2578.8457394   79.2365
925.0255498   -2577.0640373   76.9388676
925.6043407   -2575.7992268   66.5415823
925.2465936   -2565.880537   31.9153368
925.7774623   -2568.2258606   142.8108513
925.6549152   -2565.6137466   146.1657882
924.6866675   -2537.2784138   158.9777619
923.8428744   -2489.7227287   162.4870598
925.7275435   -2571.6462135   135.514766
924.9311658   -2573.7199783   64.325802
925.3896447   -2578.794241   82.9064772
925.202665   -2577.8024197   105.3860337
925.4724058   -2573.8525391   127.1427125
925.6952079   -2558.6702824   153.7825167
925.588605   -2579.9403191   93.4028476
925.321308   -2562.5157356   148.3138353
925.2023967   -2568.4490204   138.2636875
925.0214966   -2570.8811283   130.9614778
925.0633093   -2578.2294273   87.0941728
925.7264408   -2567.2552586   33.2889035
925.2365502   -2577.0769119   110.6877252
925.1019629   -2575.7272243   115.1593998
924.6591004   -2567.1439171   39.7615395
924.8189899   -2575.7553577   73.0227977
925.6303283   -2576.0717392   121.6284558
925.2988371   -2574.4485855   123.1902465
925.0948104   -2549.9005318   156.4914733
925.0584217   -2577.9275894   100.2329662
924.7924956   -2577.434063   95.914647
925.1362356   -2578.5808563   90.5714035
925.3769191   -2573.6026764   59.6973822
923.398939   -2530.0066471   158.2858562
923.5337051   -2525.2361298   159.6786529
924.8425933   -2573.7903118   119.5492819
924.9227317   -2559.1049194   149.9260962
923.7652691   -2519.4251537   161.291495
922.6475926   -2496.1485863   162.4617577
924.7379573   -2572.1106529   58.3642498
923.9691468   -2566.7021275   43.0108272
924.61243   -2555.5298328   151.5664905
924.1323742   -2550.3497124   153.1914026
924.7898432   -2563.7130737   143.8970268
924.6215495   -2565.3350353   140.0711387
924.0833493   -2565.0324821   35.7527994
923.7659844   -2534.021616   157.9821408
924.4923564   -2567.7018166   134.0664178
923.2355031   -2510.9004974   162.3759568
923.4719249   -2507.692337   162.9625112
924.0967008   -2572.7050304   67.4535036
924.6200296   -2577.0452023   92.5982222
924.4232448   -2575.9549141   80.557026
923.7436029   -2572.9346275   71.9287619
924.6527823   -2572.302103   60.5146103
924.4514974   -2572.2625256   62.4139197
923.2310029   -2514.6427155   161.6363525
924.1874786   -2542.8543091   156.4615518
923.7796935   -2545.9184647   154.2009264
923.8301488   -2569.3616867   53.8110696
922.4267276   -2566.1654472   51.6935252
924.2966446   -2570.8153248   123.3067587
924.3926974   -2569.9288845   127.2286326
923.939881   -2574.2938519   77.053383
924.1324338   -2575.458765   84.0094313
924.2456826   -2559.5977306   146.1079717
923.6610802   -2539.5364761   156.2659889
922.2924086   -2504.4281483   162.2811407
923.3937832   -2562.5751019   32.263875
924.3255826   -2574.4638443   108.04829
924.1525205   -2573.2185841   111.5196347
924.2360266   -2575.1130581   101.9431725
923.8215061   -2573.3599663   104.7408804
924.2120358   -2565.4528141   136.7803216
924.2146584   -2575.865984   89.8915753
924.5035323   -2571.3381767   56.5599278
924.4336458   -2570.9950924   55.7188503
923.947868   -2571.6736317   115.3589636
923.5448214   -2573.9648342   87.9571214
923.8905283   -2574.4345188   98.301515
923.6575934   -2566.5068626   129.3496937
923.9655706   -2561.3875389   142.317459
923.4293672   -2570.3961849   63.7015924
923.7795147   -2556.1461449   147.4119574
923.5608848   -2569.4715977   118.8005805
923.4088036   -2573.3790398   93.3261216
922.2605797   -2564.3856525   46.4972407
921.8008491   -2564.0985966   48.6368127
923.892078   -2570.3299046   57.905376
922.9792031   -2536.1013412   155.8850408
922.7353605   -2563.5333061   39.7762693
923.9078733   -2570.9269047   61.2820424
923.6892732   -2570.297718   60.2579899
923.6015948   -2562.4947548   137.9611641
923.3655008   -2552.4408817   148.8771737
921.7640432   -2491.8348789   161.5238041
923.2402416   -2563.2703304   133.5295737
920.2070209   -2500.0340939   160.7366055
922.9880246   -2572.1838474   81.2298506
923.5766502   -2567.5992966   125.4018396
923.2385429   -2570.8534718   107.9783663
922.995952   -2566.6360855   121.8729466
922.9694875   -2548.3527184   150.3379643
923.08369   -2556.9691658   143.0861354
922.4710139   -2521.2125778   159.2309028
923.2372912   -2572.0291138   101.1421233
922.816393   -2541.6405201   153.4488052
923.088667   -2569.5135593   111.9602099
923.037109   -2572.5004673   85.4496881
922.6736399   -2570.9688663   76.6223222
923.1880876   -2559.5834255   140.1011944
922.372845   -2561.8522167   35.9595679
922.6679178   -2569.9880123   70.22091
922.5536855   -2569.0667629   66.8424964
923.5300692   -2569.7951317   59.2141226
920.7380088   -2560.3582859   42.8551845
922.9654344   -2568.3259964   115.2264625
923.288134   -2569.5750713   60.8473122
922.6506623   -2570.7066059   97.3721594
922.7157804   -2569.8902607   104.0456519
922.0370027   -2543.8122749   150.1405239
922.5794645   -2553.1971455   144.8315829
922.1290322   -2532.7091217   155.2569717
921.4336547   -2516.9169903   158.9502394
922.5996407   -2567.9848194   59.8970167
921.975133   -2565.7765865   54.1916303
922.1372875   -2537.9986763   153.3340812
922.5881072   -2564.1252995   125.2776086
922.3834547   -2562.0491505   129.0056854
922.3404201   -2558.797121   135.7460469
922.3451587   -2565.6027794   117.5405234
921.7618974   -2526.4008045   156.6441357
921.2883683   -2523.1506824   156.9350511
921.3006469   -2507.8148842   160.8444005
922.0215949   -2567.445755   64.3963963
922.1592518   -2569.2930222   73.3519644
922.2814711   -2570.3763962   88.8700113
921.6641458   -2568.2153702   93.5525373
920.8420189   -2528.845787   154.1870087
921.8934151   -2559.9262714   33.0336317
922.1019717   -2549.6618748   146.1505294
922.105846   -2559.8814487   131.7994148
922.2884449   -2567.7640438   107.8192666
922.1377643   -2568.6621666   100.5652174
920.8468171   -2511.8570328   159.6526206
922.257212   -2556.450367   139.1437352
921.8933257   -2565.3772354   112.5287786
921.8346151   -2553.5240173   140.8254653
921.425906   -2563.7316704   50.0810258
921.7685732   -2569.0231323   84.3110904
921.6426583   -2562.2208118   120.9541634
921.1259457   -2567.2702789   79.683587
921.6172072   -2535.0079536   153.3958912
921.3668676   -2545.8950996   146.5184689
922.0833155   -2566.6520596   58.2670569
921.2266775   -2539.6776199   150.196746
920.7464131   -2559.5316887   39.2378718
921.6362508   -2566.5433407   103.5445035
921.1152764   -2566.9817924   75.3666237
921.4351448   -2566.8168068   68.5620308
920.9059151   -2566.0858154   71.7772245
921.6004583   -2567.5065517   97.4826217
919.3517836   -2494.6615696   160.0928456
920.9348532   -2557.3294163   31.5442979
921.3207337   -2559.7560406   125.1163781
921.4269193   -2550.4140854   142.5702125
921.6161045   -2566.8621063   66.4520115
921.4060279   -2564.8882389   55.7165071
920.0975569   -2520.6432343   155.9581012
921.4550229   -2558.7608814   128.9794445
920.519677   -2557.9891205   35.4942866
921.0231277   -2561.6014004   115.9199998
921.2615164   -2564.540863   107.338056
920.9255847   -2553.3676147   135.9237432
921.1757454   -2556.5280914   131.7388117
921.0744473   -2566.9965744   88.4298608
921.3033887   -2565.04035   58.2531989
921.037701   -2565.1829243   63.7955889
919.8360714   -2504.4500828   159.9586457
920.6493767   -2561.3441467   47.0488556
920.8730432   -2561.3274574   45.314163
921.0059913   -2565.2942657   99.9282897
920.6511649   -2535.9733105   150.7194787
920.2968451   -2532.2089195   151.7030448
921.0197004   -2547.6441383   143.6928362
920.1928648   -2541.3467884   146.0544765
920.2212366   -2560.4331493   110.5793342
920.8370122   -2550.7330894   139.3438876
921.0759672   -2563.4737015   51.8966429
921.3775071   -2563.4245872   49.2421575
920.1635691   -2564.794302   83.8804096
919.1791984   -2490.6442165   159.6877575
919.8639067   -2524.7027874   154.0271044
920.5675098   -2564.650774   96.1105898
920.082477   -2563.8754368   92.0312628
920.8465787   -2559.2286587   121.9055429
920.3993353   -2558.619976   119.097203
920.462397   -2562.984705   103.0917466
920.3572246   -2564.2948151   67.9896325
921.2677153   -2564.2871857   53.792078
920.3397008   -2555.5963516   127.2471249
919.1300245   -2517.7879333   155.3798467
920.2928814   -2547.7104187   140.5127048
920.2629002   -2561.3980293   50.2031446
920.5167266   -2562.3719692   51.8634506
919.9311706   -2561.8517399   55.3609803
920.4243096   -2562.6196861   53.9818145
920.000908   -2544.5258617   142.65275
920.0330051   -2556.3325882   122.4776581
920.6986698   -2564.012289   60.0162484
920.4162034   -2563.1670952   58.0352098
920.185742   -2559.867382   45.1590121
920.0242134   -2560.9292984   106.0975194
919.6570488   -2537.2481346   147.3946124
919.9591549   -2552.7722836   130.7282597
920.5053719   -2564.2390251   65.5539408
920.7255217   -2564.57901   64.4829795
919.9070307   -2564.1117096   75.6261572
919.2669662   -2562.6430511   79.887256
919.3239482   -2562.3123646   87.7186209
919.6290048   -2557.3694706   114.8812547
919.6457835   -2561.4187717   98.9028215
919.1109809   -2554.526329   34.0566225
919.7846922   -2548.64645   136.8423402
919.3305644   -2549.4923592   132.9718977
920.1226207   -2563.2638931   64.2886534
919.3858775   -2561.3396168   60.9794185
919.0529855   -2561.8362427   71.9521046
918.9176532   -2529.6134949   150.034979
918.6278852   -2526.9129276   150.7570297
918.6442467   -2555.1857948   38.9671102
919.5970865   -2557.9240322   41.8626927
919.5431741   -2562.2780323   66.3228035
920.0069579   -2562.5247955   59.8530993
919.1068383   -2533.6418152   148.1973976
919.7159084   -2560.1525307   49.5981984
919.9807318   -2560.0645542   47.4285707
919.4363328   -2561.5918636   94.9106738
919.2047688   -2559.7195625   52.4416678
919.1962155   -2559.1855049   102.8505862
918.7439355   -2559.5724583   57.4088469
919.21815   -2554.9924374   118.4842214
919.1796454   -2552.9224873   124.3150979
919.3049642   -2552.1233082   127.3811907
918.7889966   -2544.2931652   137.9103363
918.9624461   -2557.5108528   106.7066267
918.7262031   -2555.7177067   110.6737033
918.4583398   -2540.2538776   141.1508471
918.7534722   -2537.9779339   144.2280412
919.7020801   -2558.6485863   44.0593213
919.3630191   -2557.6953888   43.0048481
919.4537672   -2558.7089062   46.2879948
919.2817184   -2558.0143929   44.5904471
918.4875461   -2560.5351925   83.532013
918.8283356   -2560.3778362   62.9651174
918.4749099   -2559.4797134   91.6276574
918.9407202   -2553.2448292   121.2043017
918.5761782   -2557.8186512   49.6890061
918.873963   -2557.8596592   47.2427271
918.7407466   -2549.5355129   129.0909201
918.4054407   -2560.5516434   75.8787394
918.6238917   -2546.2872982   134.3400031
918.4370013   -2558.5334301   95.9976017
918.4263619   -2557.6939583   99.5732099
918.9108583   -2556.5297604   42.0851968
918.4383126   -2556.566   45.6315577
918.7200042   -2556.5130711   43.4223637
918.8955101   -2559.1328144   52.6290275
918.7835129   -2557.757616   47.5848243
927.4478527   -2224.8029709   20.5042027
928.1342896   -2236.8211746   -6.7650746
928.0320974   -2233.3021164   -5.8740932
927.7115437   -2247.9069233   -11.3253137
928.1155737   -2337.2118473   -23.9305012
927.5954636   -2259.8023415   -15.403132
928.0760559   -2283.5526466   -19.8810212
928.0038746   -2295.6624031   -21.5550698
927.5438758   -2299.8533249   -22.8234548
928.2318624   -2331.4130306   -23.5858317
928.0721518   -2221.9154835   -2.755339
927.8096529   -2218.8453674   -1.0697505
927.3053082   -2244.7359562   -10.952739
927.6583763   -2216.760397   7.1267136
927.3114475   -2219.5773125   14.5041309
927.2927614   -2266.8502331   -18.0611052
925.8617433   -2263.2169724   -19.4776002
927.4640354   -2304.1675091   -23.3693961
927.572635   -2326.9307613   -24.5907232
927.700785   -2341.6283131   -24.767857
927.9631051   -2274.7998238   -18.7172834
928.1046363   -2226.7296314   -3.9368863
927.1320673   -2229.0809155   -6.3531119
927.0295771   -2228.6746502   23.7795375
926.6456338   -2222.256422   18.3694307
926.7157885   -2278.4080505   -21.5983652
927.2541674   -2310.1186752   -24.2368877
927.1647009   -2216.0568237   3.5277747
926.1157187   -2249.1030693   -14.4572211
927.1938773   -2256.3962936   -15.01304
925.1808497   -2252.9337406   -17.3425432
926.9725653   -2288.6459827   -22.6303898
926.9878837   -2285.5398655   -22.1764781
925.3372522   -2231.3418388   25.7851444
926.716921   -2233.4980965   27.4514239
927.1406206   -2323.3809471   -25.2392981
926.6340109   -2320.494175   -26.0462817
927.0206364   -2239.0084267   -9.4096428
926.3438853   -2242.0594692   -11.7004048
926.1725517   -2216.7072296   11.9819054
926.4725419   -2215.5487537   8.6835762
926.7773303   -2215.8155441   0.2042927
927.0578297   -2271.9829082   -19.7532661
926.2125763   -2268.6400414   -20.4234533
925.9214374   -2314.5449162   -27.0326566
926.2797805   -2334.1679573   -27.1171555
926.7988475   -2328.8574219   -26.0584634
925.7815751   -2291.7573452   -25.2306387
926.8676313   -2294.7313786   -23.5278625
926.5781613   -2232.7153683   -8.3373152
926.011351   -2235.1355553   -10.0009181
925.8354875   -2338.2530212   -27.9795434
926.8224212   -2224.73526   -5.9887362
926.3939234   -2283.2250595   -22.9249503
926.5183779   -2218.3647156   -4.5798519
926.1761876   -2220.9217548   -6.5974654
925.634441   -2225.8179188   21.6168538
924.9464544   -2272.343874   -23.6570109
925.9497496   -2296.1933613   -25.4081897
926.0436567   -2215.575695   -3.1721848
924.5794388   -2218.0924416   14.8769086
924.3229004   -2212.0084763   5.7066116
924.5956215   -2256.5221786   -19.5337348
924.3556234   -2259.6223354   -20.9828578
925.1316162   -2325.4797459   -28.9912876
925.5921217   -2299.2646694   -26.3916459
925.9951087   -2305.4466248   -26.2262337
924.1844984   -2243.0841923   -15.813522
924.8021515   -2309.1330528   -28.7658144
925.8699986   -2311.9969368   -26.9667972
924.7541996   -2211.7195129   1.1646842
925.4220995   -2322.1197128   -28.3468366
925.7047745   -2227.1409035   -8.6689172
925.3847571   -2229.3963432   -9.7109135
923.5948297   -2227.2891998   22.6700883
924.0974756   -2238.5447025   -14.5355165
925.3033372   -2286.719799   -25.47713
925.1413914   -2223.8428593   -9.1682281
924.9735447   -2331.1374187   -29.4289235
924.8597892   -2328.1521797   -29.5556374
925.0323745   -2212.9473686   -1.9804093
924.6524545   -2282.8946114   -26.1295978
923.9324602   -2276.386261   -26.4062602
923.7519773   -2218.6565399   15.9803126
924.3398579   -2222.2816944   18.9452507
924.2612096   -2316.716671   -30.2949827
923.6879917   -2319.8206425   -31.5330662
924.648759   -2232.0344448   -11.6504235
925.2731474   -2217.9319859   -7.3410161
925.0514778   -2215.600729   -6.4075897
924.336371   -2213.6085033   9.3581723
924.1511794   -2214.8804665   11.3754943
924.2247912   -2333.7483406   -30.7968836
924.0512522   -2267.3985958   -23.9456259
924.5326193   -2219.0265656   -9.4982525
923.3228537   -2246.8881607   -18.5328964
924.3775281   -2212.8956318   -5.3156903
923.7392815   -2233.9584827   -13.7983961
924.3068369   -2302.6940823   -29.1645732
923.1923195   -2293.081522   -30.2828047
923.5538813   -2296.4141369   -29.9492497
924.1955849   -2313.1461143   -30.209681
923.8066944   -2338.0224705   -31.5939486
925.54414   -2342.4427509   -28.5495427
923.660961   -2289.755106   -28.9843306
924.1015586   -2227.060318   -11.6524911
922.683117   -2230.140686   24.114415
923.8169464   -2210.4890347   -0.8568233
923.078117   -2216.0201073   13.2086305
923.1920215   -2209.9087238   3.7396406
923.8508316   -2285.4559422   -28.0456543
922.7631661   -2259.5894337   -23.7040445
922.6171049   -2263.6218071   -25.2969712
923.8631996   -2214.568615   -8.9966692
922.6486953   -2251.5397072   -21.2154984
923.2307049   -2222.5189209   -12.6336832
922.9121479   -2208.9819908   -3.1203865
923.4139892   -2329.5686245   -32.3032029
923.1390329   -2270.2672482   -26.4164824
923.288134   -2273.3488083   -26.9383714
923.3015748   -2306.9319725   -31.4721093
922.7937432   -2310.4498386   -32.7278897
922.8155287   -2280.547142   -29.2736255
922.7479073   -2283.4107876   -29.8401769
922.0318171   -2228.5892963   -15.8583708
922.5919815   -2256.2861443   -22.905916
922.5075515   -2217.5683975   -13.2794082
922.7046045   -2322.9522705   -33.5572846
922.8855344   -2302.6890755   -31.8878517
922.5194129   -2210.3588581   -7.892237
922.2959252   -2220.1907635   17.5231192
920.6238659   -2223.0398655   19.1231593
922.6027104   -2212.4400139   9.2472034
922.1085878   -2218.2602882   15.9459319
922.3761233   -2315.110445   -33.8312909
921.8246015   -2336.5085125   -35.3123583
921.9809147   -2331.5808773   -35.0926332
920.7116338   -2225.8121967   20.9502876
922.6658615   -2242.0580387   -18.0993602
921.9386252   -2298.5081673   -33.3097689
922.0709177   -2213.5510445   10.8120795
921.5745898   -2207.5314522   1.9088766
922.7822991   -2225.8675098   -13.9682908
921.5583476   -2236.4096642   -18.4645075
922.0970842   -2267.4450874   -27.4440795
922.7804812   -2235.2309227   26.7878547
921.0849079   -2232.637167   24.7849878
924.8010787   -2234.5981598   27.6566949
922.2727986   -2276.8485546   -29.621413
921.8068691   -2212.2223377   -12.4468654
922.564325   -2286.2973213   -30.5881966
921.6380986   -2209.3710899   5.4402603
923.1136712   -2340.8064842   -32.95587
921.1821529   -2232.2561741   -18.1627478
921.3780733   -2288.6025906   -33.1837237
921.4945408   -2295.3782082   -33.8289365
921.7238399   -2325.1788616   -35.5429128
921.1974414   -2207.0689201   -6.1117094
920.752314   -2244.351387   -22.1127421
921.8175384   -2248.2471466   -21.5742011
921.1623939   -2307.4514866   -35.6714353
921.6958257   -2271.5818882   -29.4160359
921.7223497   -2223.4861851   -15.6718362
921.8654307   -2220.3891277   -14.9237532
921.7379066   -2216.5675163   14.4094545
920.7721623   -2291.8217182   -34.7712487
921.1949082   -2317.4693584   -36.3091044
920.1571318   -2214.4248486   12.2733535
920.7431348   -2302.2542   -36.0416621
921.1474629   -2311.6593361   -36.0553525
919.2163619   -2235.5337143   24.591133
920.4050871   -2238.7473583   26.6011432
924.3542822   -2236.9816303   28.6136344
924.2365333   -2235.5771065   27.8763715
921.2130877   -2260.6012821   -26.7413873
921.2883087   -2257.09939   -25.4060924
921.3700267   -2283.3242416   -32.4818119
919.785914   -2229.7811508   22.6494689
921.0574301   -2241.2815094   -20.6429958
920.7665595   -2252.831459   -24.8740278
921.037254   -2264.2042637   -28.2471944
920.1202961   -2207.0260048   -11.0229235
920.7674535   -2219.2361355   -16.892897
920.6087264   -2215.0912285   -16.5804662
920.755324   -2205.7554722   -2.8797137
920.3638407   -2313.8866425   -37.7463698
920.4888018   -2218.0407047   15.5351078
919.5972057   -2220.2985287   16.8937929
920.4505654   -2279.0470123   -33.498913
920.8305153   -2275.2051353   -31.9303125
919.7911295   -2205.0645351   -0.1597657
920.105693   -2321.3863373   -38.6833623
919.5675822   -2211.3234997   9.3162619
919.6483763   -2209.0544701   6.5634791
919.9241968   -2267.6196098   -31.2843099
920.3225645   -2225.3568172   -18.5527615
919.2758771   -2228.3127308   -20.9520143
920.7540723   -2333.8329792   -37.490312
920.0200709   -2328.6197186   -38.9908291
920.2100905   -2298.1965542   -36.6337448
920.0156602   -2336.4608288   -39.0251204
920.0694831   -2339.6186829   -38.9057733
921.4200052   -2342.3585892   -36.2155028
920.2738973   -2247.3704815   -23.946505
919.9097725   -2211.2674713   -16.7645719
919.3634661   -2208.2271576   -15.6084206
919.7497638   -2222.4721909   -19.2261748
919.2647608   -2270.2152729   -33.2994387
919.5801588   -2206.8371773   4.2724223
919.9352237   -2234.1833115   -20.8500791
919.6637841   -2239.2208576   -22.488663
919.928995   -2294.4309711   -36.7407091
919.8778542   -2285.7818604   -35.7018895
919.1554161   -2288.9399529   -37.5370085
919.4997521   -2281.617403   -35.766162
919.5717844   -2257.8940392   -28.6867954
918.4133979   -2254.1210651   -29.3272231
919.3486842   -2262.2568607   -30.4732919
919.3453165   -2204.1463852   -7.0345686
919.8116931   -2316.6069984   -39.0317403
918.4583994   -2305.1059246   -40.823061
919.467059   -2205.4564953   2.1909028
919.4292697   -2275.2149105   -34.4699845
919.2616614   -2218.6095715   -19.7250433
918.9856323   -2332.9811096   -41.1842987
919.1398891   -2301.3784885   -39.1004533
918.7146994   -2212.5632763   -19.7985172
919.8847087   -2242.6302433   27.7783033
923.2223304   -2240.2441502   29.318681
918.4637638   -2313.888073   -41.6487381
918.8400479   -2297.2652912   -39.2188206
918.736157   -2320.3277588   -41.4106362
918.5801419   -2338.0045891   -42.0481712
918.8152822   -2343.2524204   -41.6340902
920.3744801   -2245.673418   29.5227934
918.8036295   -2249.2179871   29.7504403
927.839038   -2327.7692795   87.1367604
927.6218387   -2324.9337673   85.463807
926.7231496   -2322.0758438   83.4912062
927.3686083   -2302.5472164   72.8627592
925.7253381   -2339.9658203   93.4846103
927.902964   -2261.007309   46.5688929
928.2525452   -2286.126852   63.6032075
927.9994937   -2306.8659306   75.6560192
928.2861622   -2268.4464455   52.0792119
928.1288358   -2271.9678879   54.3111674
927.8233024   -2296.1194515   69.323346
926.4328452   -2299.1287708   70.3227371
927.7168187   -2249.2380142   38.2584333
927.9717477   -2240.4117584   32.4529074
927.1083149   -2318.1250095   81.4637169
927.2643598   -2283.5254669   61.4224263
926.3966354   -2280.8330059   59.174668
926.6259345   -2275.2182484   55.6658581
926.8525811   -2255.7587624   42.2005579
926.7162355   -2293.7147617   67.2764853
926.0159703   -2246.2098598   35.1304337
926.6357692   -2265.2745247   48.8477573
927.6760789   -2236.09519   29.4274446
924.444166   -2331.994772   88.2979259
926.5161725   -2289.0326977   64.3375665
926.8394383   -2270.1468468   52.3202457
924.4897338   -2314.658165   78.4258097
924.9142083   -2260.1270676   43.8484102
926.2626144   -2237.4444008   29.9304798
925.8781048   -2252.5897026   39.4016132
925.5149635   -2291.7394638   65.3835908
925.8257123   -2336.6968632   91.6125253
925.6712469   -2309.8649979   76.2900785
925.342408   -2242.4175739   32.2759934
925.1000556   -2278.5425186   56.8612553
924.8506697   -2286.6435051   61.8344173
924.8377355   -2272.8073597   52.7787916
924.7994097   -2306.8954945   74.1048083
924.4296821   -2327.9919624   85.9318972
925.0354739   -2296.9563007   68.1556612
923.8524707   -2250.1578331   36.0165201
926.0003837   -2235.2375984   28.4044836
923.588601   -2324.4202137   83.5205689
924.7486862   -2269.156456   50.2169952
923.3521494   -2301.24259   69.7541535
923.6887368   -2304.3925762   71.9817504
924.0280958   -2283.7536335   59.466023
924.4846078   -2263.0820274   45.6001274
922.4634143   -2321.1379051   81.1941177
923.7047108   -2318.2728291   80.0904259
923.2242974   -2259.100914   41.6202247
924.3546399   -2255.4206848   40.0367007
923.0675968   -2294.7666645   65.4774904
923.3862134   -2266.6225433   47.2010523
923.5356721   -2276.6261101   54.3595366
922.3678979   -2290.6968594   62.4172911
922.9951175   -2280.6603909   56.5984845
923.0481061   -2245.7141876   32.3218554
923.4668287   -2248.2624054   34.2417583
925.0505241   -2235.7578278   28.3560324
923.0034026   -2253.4189224   37.2470059
921.5803715   -2337.4726772   90.5487761
921.525416   -2342.5910473   93.609497
925.2113672   -2345.1633453   96.2286443
921.4743944   -2310.8003139   74.7460276
922.4940809   -2242.9869175   30.1490966
922.41129   -2297.3668575   66.624552
921.2664338   -2286.9644165   59.1267049
922.6388904   -2272.0029354   50.2796248
921.8435856   -2274.9958038   51.5980609
921.5479466   -2307.5408936   72.7215633
921.8203994   -2269.8242664   47.8288606
920.6405552   -2318.3751106   78.7624046
919.8645624   -2314.8312569   76.3207152
922.1622022   -2262.6829147   43.0776663
922.1351417   -2265.0790215   44.8158681
921.546516   -2330.561161   86.3219351
919.6081432   -2334.3946934   87.9277885
920.7730564   -2327.3086548   84.0775445
922.002432   -2257.4987411   39.0158631
920.9761592   -2283.6937904   56.7709357
921.4521917   -2304.7573566   70.822306
920.3470918   -2302.7091026   68.6929598
920.7379194   -2278.4867287   53.0168712
920.9530326   -2248.8126755   31.9334492
920.9401878   -2267.6825523   45.2886894
919.5793244   -2300.3237247   66.4780065
919.6805628   -2297.5115776   64.6057427
919.6385416   -2294.0113544   62.2170232
921.2591024   -2252.6283264   34.6446894
920.5444726   -2255.4073334   35.6161632
919.7432967   -2323.8782883   81.6138759
920.1540323   -2273.4065056   48.5857688
918.8857945   -2321.5196133   79.8043683
920.2399226   -2261.6472244   39.6853313
919.2095669   -2290.8420563   59.7078875
919.9383231   -2281.5191746   54.2642027
920.0124117   -2265.5739784   42.3991382
919.3995865   -2258.5992813   36.438711
919.3859669   -2276.8316269   50.2379797
919.356552   -2270.2744007   45.1254509
918.9422699   -2306.2801361   70.1782778
918.7113019   -2309.5085621   72.2523257
918.5548993   -2330.9559822   85.4107365
918.7825295   -2253.4196377   32.1582034
919.0327796   -2268.6080933   43.2904772
918.6661514   -2275.4757404   48.2300669
926.627365   -2479.1767597   -40.3664187
928.033975   -2458.1639767   -45.1843217
927.9826554   -2461.5030289   -45.1053195
927.5455149   -2471.0609913   -43.4643887
927.4272593   -2467.3075676   -44.2632064
927.8064641   -2442.4567223   -45.405224
928.2652708   -2439.7258759   -44.3431921
927.9707643   -2350.7800102   -24.4461056
927.3315641   -2346.832037   -25.5037099
928.1010302   -2379.8236847   -22.8962395
928.262827   -2435.0562096   -42.0394614
928.367761   -2400.5184174   -16.9552621
925.3392192   -2446.5613365   -45.929309
928.3047291   -2431.0295582   -34.6371308
925.8020791   -2463.8597965   -44.5014536
927.9433759   -2428.9462566   -32.3016122
928.2980832   -2363.7356758   -23.9732992
927.9262694   -2369.8852062   -24.6126764
927.5824698   -2366.3165569   -25.4960004
928.2585057   -2406.4779282   -16.3130853
928.3157261   -2421.5345383   -20.7362175
927.8843077   -2357.3687077   -24.8167105
927.4438592   -2386.8129253   -23.413673
925.457743   -2451.4057636   -45.7162671
927.2730919   -2436.6054535   -44.7667688
927.9761883   -2415.9560204   -18.6708644
927.2190305   -2417.9644585   -22.2933106
927.3878308   -2391.2518024   -22.5010514
927.665052   -2424.2246151   -25.9344764
927.328256   -2420.8750725   -23.9904616
927.8333756   -2409.7905159   -17.5834727
927.1809133   -2382.096529   -25.3648981
927.2960695   -2425.3306389   -29.3784849
927.3648234   -2376.7054081   -25.5246125
927.3667606   -2372.7054596   -25.8963238
925.9574982   -2353.5506725   -28.373776
927.6824268   -2395.9128857   -20.2589408
927.870241   -2399.0712166   -18.8260805
924.0736338   -2473.7432003   -41.3625576
926.9286665   -2360.3141308   -26.817793
927.2071394   -2404.6926498   -19.6685325
924.5535406   -2455.3067684   -45.4924256
927.662489   -2430.3238392   -37.9269086
926.8622073   -2430.1950932   -41.4584205
927.0936819   -2427.8185368   -35.9440558
926.3127717   -2365.9939766   -28.5726693
926.0768565   -2438.8008118   -46.2291501
925.9577664   -2431.899786   -45.3106798
927.0552369   -2426.3534546   -33.0104232
924.8788031   -2459.7797394   -44.9827127
925.9887012   -2349.6406078   -28.0593112
926.9269379   -2410.3224277   -20.577278
926.3237985   -2370.0230122   -28.7288539
926.1831018   -2356.464386   -28.0797109
926.5189739   -2400.8779526   -22.7665361
924.1709086   -2441.5664673   -46.6515645
926.5726181   -2414.6256447   -23.0885465
926.5649291   -2394.0837383   -24.5585777
926.3308021   -2397.3989487   -24.3379753
926.5864762   -2421.5774536   -28.0099511
926.6032251   -2427.7675152   -39.1549654
922.7486225   -2467.5223827   -42.8458564
926.2115332   -2392.493248   -26.336506
926.1240634   -2385.9362602   -28.4021944
925.8502992   -2389.891386   -28.4801368
926.4811846   -2374.5031357   -28.3937808
926.245031   -2378.787756   -28.9691519
924.7729751   -2347.8384018   -30.1623009
926.0969432   -2417.5400734   -26.589103
926.0250004   -2422.3027229   -32.1904533
924.106923   -2434.6044064   -47.3719649
926.096526   -2407.8421593   -23.1930017
925.7424446   -2404.7622681   -24.5587807
925.9247156   -2382.9421997   -29.6476763
926.1653396   -2424.5131016   -35.6236808
926.3136359   -2425.9808064   -37.4725387
924.5440038   -2363.6367321   -32.5422809
924.3434044   -2358.5114479   -32.1257822
925.9447428   -2410.8901024   -24.1684746
925.275025   -2426.7838001   -44.3251245
921.831158   -2477.656126   -38.7666114
923.4187277   -2480.7729721   -38.2051729
924.7262152   -2484.2026234   -37.2662097
925.4175099   -2423.6910343   -39.0295759
925.6378087   -2419.0585613   -30.0656594
925.4215332   -2413.0940437   -26.9852672
925.7297786   -2395.791769   -27.0665511
925.5070957   -2401.8909931   -26.0706879
925.0112446   -2371.90485   -32.7829309
925.0915321   -2379.5800209   -33.2295746
924.3153604   -2374.4282722   -35.5848335
924.7453185   -2399.0516663   -29.7943726
924.9514314   -2368.4020042   -32.3031284
925.1903566   -2394.339323   -29.7700223
925.1350733   -2420.9105968   -36.082387
924.9218079   -2386.7213726   -33.140149
924.9787005   -2415.564537   -30.34674
925.0796708   -2408.5290432   -27.0723552
923.3475896   -2438.1663799   -47.278557
924.8960289   -2418.2217121   -33.2553573
924.2569777   -2352.0731926   -31.4894356
924.2778095   -2428.0834198   -46.4987457
923.1950911   -2428.8394451   -47.8699394
924.772379   -2384.3586445   -34.1663174
924.6931347   -2392.4267292   -32.4380025
924.4605573   -2389.7795677   -34.2753232
923.6112209   -2344.5343971   -32.1623646
921.0394593   -2462.9571438   -43.5138196
924.7597428   -2404.8717022   -28.2766353
924.3492159   -2421.4389324   -42.8315029
924.453524   -2424.4534969   -45.2152006
923.7491461   -2403.0940533   -32.8615308
919.7181734   -2450.5395889   -45.8830222
924.4002076   -2411.3430977   -30.7295118
924.2195459   -2419.0762043   -39.6105871
920.852867   -2443.7744617   -46.7846431
924.1903695   -2396.1877823   -33.07724
924.2194565   -2417.3645973   -36.4902653
923.851219   -2382.1167946   -38.2078625
923.9014658   -2377.9268265   -37.6823768
923.9633056   -2406.812191   -31.6749215
923.6404272   -2370.9654808   -36.871843
923.9631864   -2413.9990807   -34.4346091
923.6891838   -2366.1448956   -35.3072658
924.0329536   -2386.2125874   -37.1089317
920.7834574   -2457.5932026   -44.7061248
923.2499572   -2348.1719494   -33.0726616
923.6608716   -2399.5406628   -34.2980251
923.6226948   -2393.270731   -36.7967635
923.4167608   -2362.1811867   -34.8317586
923.8161119   -2389.3990517   -37.2968018
923.6238273   -2409.954071   -34.0121649
923.4659644   -2420.1595783   -45.3933552
922.8621992   -2416.4559841   -44.0051258
922.3883124   -2354.1529179   -35.4026593
922.6915809   -2358.2587242   -35.568554
923.1766435   -2374.5052814   -39.552249
922.6299497   -2419.3456173   -47.1562743
922.4988493   -2422.7039814   -47.9198322
922.1782359   -2350.3775597   -35.3158899
923.2619079   -2414.4768715   -39.0427448
922.9558083   -2397.9997635   -38.1716564
921.415356   -2439.8105145   -47.495123
920.8932193   -2436.0897541   -48.3842418
920.3478666   -2431.583643   -48.9318483
920.7977625   -2471.2216854   -40.7237746
919.856933   -2474.8153687   -38.9579274
923.0671795   -2383.7687969   -41.2982106
923.08521   -2387.9215717   -40.7972634
923.0468842   -2406.7370892   -36.1227319
923.1128665   -2410.8524323   -37.1715464
922.9748221   -2379.3382645   -41.2802398
922.5958558   -2391.5917873   -41.9442803
922.3541888   -2367.8650856   -39.59978
921.8450757   -2360.8818054   -38.1967872
921.5393337   -2364.6688461   -40.4603332
922.9272576   -2402.6925564   -36.8370935
922.4552783   -2371.1459637   -40.6769328
922.4660071   -2395.3781128   -41.352164
921.5663048   -2347.6133347   -36.2500176
920.6165048   -2481.9417   -36.1653343
922.7926406   -2411.4162922   -39.5729728
922.4101575   -2411.844492   -42.039603
921.753225   -2425.6088734   -48.7836823
921.7058989   -2376.2757778   -44.7278582
921.7513176   -2372.6992607   -43.4757695
922.3767193   -2408.4460735   -39.9773456
921.8719574   -2385.5979443   -45.3658849
921.8392047   -2389.0881538   -45.2815071
921.5821596   -2381.4637661   -46.028275
922.1641692   -2404.9518108   -40.6225808
922.143695   -2400.4096985   -41.2706062
920.0770827   -2427.223444   -49.8152673
921.8095215   -2411.9222164   -45.9775962
920.6692847   -2415.1291847   -49.953714
921.3286015   -2423.1812954   -49.114991
918.6680587   -2468.4917927   -40.6862125
918.9450117   -2465.5640125   -41.8268628
921.009955   -2357.0301533   -38.9260426
921.9116541   -2418.9457893   -48.2518561
921.2240251   -2419.5947647   -49.0840599
921.6433438   -2393.5928345   -45.2873148
921.6904315   -2396.9683647   -44.0926068
921.1427542   -2369.6649075   -43.866273
921.7143031   -2408.3278179   -43.9210758
920.3854772   -2353.4781933   -39.4026227
921.2465557   -2417.3045158   -49.2019616
920.1960834   -2366.6293621   -44.8979773
920.1194616   -2348.2089043   -39.1530879
918.9869436   -2460.5650902   -43.3253758
921.0847887   -2404.1683674   -45.7805023
921.1216243   -2400.2797604   -46.1329371
919.8875698   -2363.0456924   -43.8815728
919.8000403   -2358.3338261   -42.029541
920.5288263   -2391.6494846   -48.9700362
920.593706   -2387.6383305   -48.9425175
918.5973974   -2478.0535698   -36.7638506
920.8613309   -2408.3600044   -47.6711392
920.9142598   -2411.0822678   -48.7746671
920.0107726   -2423.0456352   -50.1410067
920.6917258   -2372.2331524   -46.4640111
921.029863   -2378.0741692   -47.1431389
920.1737615   -2375.6799698   -48.9132181
920.5265614   -2396.6012001   -48.5965796
920.5773743   -2384.3450546   -48.9619374
919.9933382   -2378.4160614   -49.9713644
919.7428199   -2381.3288212   -50.8027412
920.1676818   -2411.870718   -50.3259078
919.4570156   -2417.6428318   -50.7658608
919.4889339   -2368.3383465   -47.93467
919.8673936   -2401.5700817   -49.6401414
920.1008352   -2405.3182602   -49.5141558
919.93126   -2408.4208012   -50.6091826
918.8447269   -2371.2282181   -51.1511192
919.1093417   -2385.6463432   -51.9289151
918.7838408   -2390.6812668   -52.6961796
918.7948378   -2393.1868076   -52.4991192
918.715504   -2398.6985683   -52.26098
918.7036129   -2352.5345325   -42.8920686
918.4452268   -2364.5586967   -48.6750975
918.5386869   -2375.1637936   -52.7909212
918.8529821   -2412.361145   -51.7118834
918.6583134   -2347.9754925   -42.2647297
918.5197326   -2414.5567417   -51.7551228
918.5812446   -2403.8336277   -51.9966222
918.4059175   -2485.0144386   -33.2621485
928.3492538   -2354.2921543   101.7380208
928.3320876   -2347.0945358   98.1343016
927.1737012   -2367.852211   108.2797274
927.7633997   -2412.0254517   130.1798373
927.0915063   -2430.5238724   138.3018941
927.4215373   -2400.8982182   124.9985099
926.6448589   -2404.6046734   126.5393198
928.1092259   -2418.5183048   133.1664324
927.7055236   -2415.4214859   131.6882074
927.2763105   -2379.5506954   114.3500507
927.45882   -2440.2573109   142.8951323
927.6894303   -2422.0445156   134.638682
927.8508099   -2425.0266552   136.0060871
926.3265701   -2385.866642   117.386803
927.2498163   -2357.5201035   103.0756459
925.9765717   -2361.271143   104.6861261
927.0019802   -2394.3619728   121.7709482
927.5923642   -2397.4246979   123.4037876
927.4771484   -2477.7429104   160.9265953
926.7050596   -2390.6128407   119.8415533
926.3344976   -2470.7505703   157.6426327
926.0567399   -2466.7088985   155.6364596
925.2649816   -2383.0990791   115.6998351
925.6801876   -2444.2703724   144.4474161
925.9106191   -2454.1831017   149.3038237
926.5648695   -2450.0329494   147.3724693
925.5409809   -2480.9396267   161.268115
926.9448789   -2484.1103554   162.7274454
926.62811   -2458.1434727   151.4451951
926.4812442   -2474.4577408   159.351632
926.3030859   -2462.2659683   153.4911245
925.639269   -2352.5269032   100.220181
925.5768033   -2372.4114895   110.2563515
923.5692891   -2377.3725033   112.3233065
924.8018833   -2408.3149433   127.7914345
925.7285269   -2363.5158539   105.7309359
925.0630709   -2438.028574   141.3394213
926.0605248   -2434.5362186   139.9030238
924.3227812   -2355.2045822   101.2264267
923.2880148   -2349.552393   98.0544686
924.6477457   -2417.2725677   131.7896992
924.8238178   -2421.1158752   133.5467398
923.7403842   -2448.0040073   145.8622664
924.1418811   -2425.3730774   135.2969408
923.3810576   -2413.8901234   129.976511
923.9711734   -2411.1485481   128.8862079
923.599151   -2365.9617901   106.4907163
924.412814   -2380.3532124   114.0737757
923.6027571   -2397.7766037   122.6034909
923.5367151   -2477.3902893   159.3900323
923.5469969   -2441.8871403   142.8341866
923.3491989   -2402.3249149   124.6854141
924.7825118   -2357.9547405   102.7579531
922.9391786   -2434.6792698   139.3221617
922.1803518   -2429.8186302   136.8486583
924.2807897   -2393.214941   120.5595285
923.6928197   -2460.5145454   152.0198137
923.8807531   -2390.2225494   118.9830005
923.1909486   -2369.8372841   108.3664149
922.5856932   -2405.1675797   125.8187741
922.652212   -2457.6210976   150.3728032
922.6462515   -2451.6675472   147.4132836
923.0373772   -2473.2344151   157.673046
922.6080152   -2469.1421986   155.8688134
920.96549   -2384.9616051   115.5712754
921.5897592   -2388.6578083   117.6087037
922.1588942   -2464.6682739   153.679952
922.2512814   -2362.9415035   104.6477184
921.9401451   -2455.1486969   148.9744484
921.2189289   -2446.1259842   144.5520967
921.6372939   -2353.9054394   99.9241769
922.5748154   -2374.0148544   110.3611067
921.636221   -2481.4257622   159.69266
924.0521463   -2484.0540886   161.431551
920.8922359   -2344.7332382   94.6656018
919.7306903   -2439.6419525   140.9862489
919.8823246   -2417.8905487   130.9743226
920.7998189   -2422.2712517   133.1269145
919.5538732   -2409.2299938   127.0180643
920.363334   -2359.3199253   102.3815498
919.967142   -2379.8401356   112.711519
920.2623936   -2393.1627274   119.5222735
918.9283224   -2395.7126141   120.4506233
920.0021299   -2426.6626835   134.9588335
919.6930202   -2413.8300419   129.1204691
918.4963378   -2449.7027397   145.6600875
918.3828803   -2462.3456001   151.5030265
920.1604398   -2400.7608891   123.1776178
920.1801094   -2368.3845997   106.9238484
920.3100773   -2365.3998375   105.4409593
921.3059815   -2376.0163784   111.0814065
920.1932522   -2444.2062378   143.3845013
919.2467602   -2475.1648903   156.7917168
919.7468432   -2478.7590504   158.0804139
919.7963747   -2404.7574997   125.0007898
919.3940135   -2351.3827324   97.968623
919.3167361   -2472.0571041   155.7838172
919.8068055   -2432.1928024   137.4718547
918.4338721   -2435.3010654   138.6390626
919.3896028   -2453.4504414   147.5873142
918.8345643   -2467.5438404   153.8901478
918.9956757   -2429.6550751   136.088863
918.9863773   -2464.4050598   152.6100338
918.704507   -2456.7804337   148.9920616
921.2415191   -2486.9329929   160.5935246
918.5112687   -2387.775898   116.3898706
