453.0063691   -1777.0124674   200.3953457
451.090199   -1774.6993303   192.4394965
448.7254443   -1771.4881897   194.7164536
451.9900056   -1775.6588459   196.0956305
450.2992006   -1773.042798   197.8854835
446.4466693   -1769.4675922   190.7998472
446.8105408   -1769.1209316   198.066473
444.9582221   -1767.8496838   194.206655
441.8180855   -1764.9812698   198.9745945
438.7970986   -1763.228178   195.3980625
439.0317472   -1763.1214857   199.838385
434.9257918   -1760.9239817   198.0679333
435.8231696   -1761.4114285   192.5552636
433.5839274   -1759.9794865   190.8463985
433.7840798   -1760.2460384   194.6075112
431.0858371   -1758.8409185   195.8155185
429.6341064   -1757.9284906   193.2951808
429.1065606   -1757.42805   190.6395853
427.9066893   -1757.5236559   199.7969449
426.5994849   -1756.496191   194.3318993
424.2038401   -1755.7348013   198.4926909
424.0372451   -1754.8830509   191.3136989
421.7720451   -1754.3824911   196.1315423
419.1821041   -1753.0149221   194.9193478
419.3902286   -1752.6253462   191.5552765
418.1052866   -1753.251791   199.8607963
416.8207767   -1751.7172098   193.6283708
416.4990159   -1752.076149   196.7976093
413.7552353   -1751.0764599   198.1800348
413.4087833   -1750.3666878   195.04264
411.3559993   -1748.7579584   191.8031424
410.28851   -1749.1596937   196.2138712
408.8028642   -1747.2884655   190.5847341
406.8793925   -1747.2054958   194.4457889
406.5931412   -1747.9695082   198.6269355
403.1387391   -1745.2869415   193.771109
403.1052264   -1746.4747429   199.0234256
398.7130346   -1744.459033   199.1788447
400.3881337   -1743.9107895   193.5459375
397.4697264   -1743.0678606   195.9505379
398.2522758   -1742.3713207   191.4560199
394.6075114   -1740.5176163   191.3319677
392.5195458   -1740.2168512   194.3568587
390.4477926   -1740.593195   199.9971122
387.0908292   -1736.8253469   191.7598546
386.3229724   -1738.0295992   198.1263161
384.7907307   -1736.5691662   195.4886466
382.1296068   -1736.2247705   199.5925903
382.3081376   -1734.2420816   191.3844943
381.8899217   -1735.1180315   195.7720071
378.2097372   -1733.944416   198.8188177
377.4682405   -1732.5383425   194.9053556
376.3688626   -1731.3314676   192.5066113
373.8882365   -1731.4088345   198.1405169
373.1936636   -1729.7096252   193.0215508
369.7428974   -1728.4554243   195.8147138
369.4501045   -1729.3181419   199.5811313
370.2106746   -1727.7733088   192.0244247
365.5456575   -1725.1805067   192.2297031
365.9351739   -1726.7010212   197.4101067
364.6906587   -1725.2699137   194.5525557
363.1701442   -1725.4868746   198.9022344
361.9389655   -1723.4244347   193.0757463
360.3976639   -1723.3761549   196.697697
358.0600741   -1721.3019133   192.5527602
357.2370084   -1722.1184969   199.0775764
356.0522767   -1720.8795547   196.0377097
354.2626175   -1719.4925547   192.56787
353.9226773   -1720.3143835   199.1659999
351.592076   -1718.8200951   197.2835213
351.1244627   -1718.1617022   193.3417022
348.8133522   -1717.3391581   195.8528012
348.3991744   -1716.8750763   192.037046
345.7632335   -1715.7359123   190.6096488
345.0055393   -1715.5536413   194.2747533
346.1054536   -1716.2942886   198.542431
343.3231386   -1715.0813341   200.2409399
342.1445759   -1714.3101692   192.3321187
340.1231142   -1713.44769   195.8453059
339.1606482   -1713.0023241   193.0596381
337.3495909   -1712.2459412   198.1254369
337.0574983   -1712.1077776   195.1817572
336.9201394   -1712.120533   191.4156526
334.153113   -1710.8762264   197.5577921
334.2666896   -1710.9812498   193.4833825
332.7804776   -1710.5190754   190.8966899
331.7707451   -1709.9999189   195.0325668
329.7554823   -1709.2943192   198.4283626
328.8384648   -1709.0572119   193.9654201
325.7634612   -1708.1183195   196.8285888
324.76711   -1708.078742   192.0259893
323.7100514   -1707.5835466   198.8985986
321.5370747   -1707.1584463   196.4943111
319.7909268   -1707.0549726   191.7953044
317.9202946   -1706.4187527   199.5175183
316.9788095   -1706.3829899   195.3578293
314.9273964   -1706.4467669   190.9828931
314.7043558   -1705.9389353   198.1921196
312.8476711   -1705.8887482   195.2817738
310.1854595   -1705.9733868   192.1593249
311.2952384   -1705.563426   199.1380155
308.8988038   -1705.5773735   195.9604472
306.6660436   -1705.2789927   200.09242
306.0075613   -1705.7141066   193.1526065
305.3080412   -1705.4740191   195.8809793
302.3585352   -1705.3669691   198.4820664
302.0840856   -1706.1252594   191.3833171
302.2004636   -1705.6764364   194.7157085
298.4780344   -1705.4083347   200.3497034
299.2759319   -1705.6738138   196.4131743
299.5780679   -1706.0619593   193.2951808
296.5077432   -1706.2910795   194.3143904
296.4765402   -1705.8590651   197.5042522
294.6601781   -1705.8435678   199.8675019
292.4663099   -1707.2997093   192.3818439
293.4603664   -1706.4220905   196.6572255
290.656385   -1706.5041065   199.9583989
288.9316054   -1707.3051929   196.7674643
287.1284755   -1708.1854343   193.6098337
284.1541144   -1708.5174322   196.9343871
284.3189212   -1709.1583014   192.8129494
281.6097411   -1708.8965178   199.2294341
280.4967435   -1710.1196051   194.6836859
278.5944911   -1711.7724419   190.7115579
277.1624597   -1710.7576132   198.2727349
276.8280479   -1711.6477489   194.4275349
273.7273844   -1713.5390043   192.3466027
274.2761942   -1712.3647928   196.194008
272.6392122   -1712.4093771   199.9227703
271.1475464   -1713.8675451   196.088329
269.6880373   -1715.3577805   193.0399835
268.8020738   -1714.5065069   199.1595477
267.5199779   -1716.0986662   194.7938651
267.800835   -1716.8781757   191.2667751
265.8661278   -1716.2895203   198.5031962
264.1173276   -1718.123436   195.2988207
264.9673792   -1718.3592319   192.1829283
263.6803361   -1717.5289392   199.3091553
261.7315324   -1720.5256224   192.5847679
260.4226144   -1720.6981182   196.0064024
259.5980438   -1720.6676006   199.2917061
259.0673538   -1722.3991156   193.5566068
256.6426667   -1723.767519   197.1552968
256.9113346   -1724.6892452   192.0618415
254.6865615   -1725.1608372   200.2650946
254.1332813   -1727.0053625   193.9050257
253.5339864   -1727.004528   197.163254
251.9450756   -1729.9252748   191.6680783
251.5669438   -1729.6756506   195.5823302
251.5933784   -1729.0863991   199.8401433
249.268529   -1733.0238819   193.5535073
249.3106099   -1732.4272394   197.8345066
247.476426   -1735.1329327   196.2985098
247.6215037   -1734.5166206   199.2703974
246.6841611   -1736.530304   193.8233227
245.2267381   -1738.9098406   191.5243119
245.7689615   -1737.0849848   199.1023719
243.9918491   -1739.8707867   195.6391782
243.0349263   -1740.3464317   199.5103508
242.2344359   -1742.4852848   192.4758852
241.1649796   -1742.7479029   197.3655969
239.546475   -1745.6793785   190.752089
238.2593127   -1746.1172342   194.754526
238.0004796   -1745.3471422   199.4756907
236.0536727   -1748.7865686   190.7580793
235.2788421   -1748.0009794   197.6495534
233.996627   -1749.5057583   195.2631176
232.0302697   -1751.3234615   192.7388012
229.8797639   -1751.8125772   196.3942796
227.7054461   -1753.6239624   192.3000067
226.3979884   -1753.2063723   198.1752068
226.189402   -1753.8766861   194.7834343
224.9158891   -1754.9973726   191.5929168
222.7914902   -1755.3117275   195.0942427
221.0342558   -1755.4136515   199.7482926
220.6371995   -1756.9098473   190.7342821
218.5696336   -1756.8246126   197.1753091
217.6007601   -1757.9193115   192.6289648
215.3291973   -1758.649826   194.6583092
214.9635228   -1758.2660913   198.7653375
212.5486704   -1760.2345943   192.4253851
211.2639519   -1760.3235245   195.9455013
211.1327025   -1759.9872351   199.2827356
208.9492651   -1761.6916895   194.1879541
207.9477879   -1761.6901398   197.692737
207.2564634   -1762.8222704   192.0423955
206.003991   -1762.8804445   195.1326132
202.8078111   -1763.4847164   199.006632
202.5278481   -1764.4523382   193.5371608
199.6534141   -1765.6434774   191.3887262
198.6370953   -1765.1849985   195.7616657
197.5535127   -1764.8345232   199.5806098
195.0703832   -1766.325593   193.0331439
193.5347589   -1765.9014463   197.160244
193.5766312   -1765.4128075   199.9025196
191.2616762   -1766.291976   195.5655962
190.9479471   -1766.6671276   192.7314401
189.5770701   -1765.7067776   199.2904395
187.5294717   -1766.4363384   193.5910732
187.1828409   -1765.981555   196.7243701
184.5795187   -1765.2525902   199.7404844
184.5622631   -1766.4141655   191.1852509
184.3315633   -1765.9159899   195.0684488
180.9190484   -1765.2035952   196.2255538
178.6616119   -1764.0712261   200.2803385
181.4557584   -1765.7470703   192.8907484
178.5332235   -1765.237093   191.8680817
178.311226   -1764.8781538   194.6751624
173.7079891   -1763.0414963   198.2622147
175.0394376   -1764.3237114   191.5298253
172.6308437   -1763.1156445   195.0089335
171.2999316   -1763.1698847   190.6954795
169.333783   -1761.4485025   197.5987554
168.3914634   -1761.7273331   193.3659166
164.885995   -1759.6452236   196.3605434
164.6544906   -1760.3698969   191.4290488
162.8029319   -1757.7210665   200.2589554
161.8725034   -1758.7975264   193.3958083
160.6800529   -1757.4565411   197.0531344
158.1782969   -1757.1251392   192.563042
155.651954   -1755.2349567   197.3081082
155.4065915   -1755.4863691   193.9918548
151.6801091   -1753.6895275   197.6585537
151.091245   -1753.7051439   193.270728
146.7367383   -1752.3401976   198.9093125
146.8478414   -1752.0576715   194.9287355
146.5510102   -1751.6288757   191.4683878
144.12829   -1751.9789934   200.4297972
143.3198424   -1751.0700226   195.758462
140.9625681   -1750.9454489   197.9256421
140.265164   -1749.6765852   193.3066845
137.6725706   -1748.3129501   191.1401451
138.3505436   -1750.1937151   196.6474503
135.0287768   -1749.0637302   194.9862689
136.6658183   -1750.7483959   199.6019483
133.5025402   -1747.4060059   191.1968589
131.3619288   -1750.4171133   200.0370175
129.8960718   -1748.234868   194.3930537
126.5392276   -1749.0171194   197.1912682
127.124277   -1747.209549   192.576766
126.2348267   -1750.0693798   200.3703862
124.5104047   -1746.3399172   190.9830123
121.6634484   -1747.5577593   194.626376
121.9382259   -1748.939991   198.3113885
118.9146014   -1748.2614517   197.1525252
115.8764931   -1746.2221384   192.1658963
115.5482801   -1748.8998175   199.6881664
113.1276163   -1747.3446131   195.5921203
109.5221015   -1746.2295294   192.2772676
106.5025898   -1748.1338978   197.6310164
103.9960655   -1746.5308905   191.3692802
103.999761   -1748.0114698   196.2112039
101.0269793   -1747.9907274   194.2049712
98.8915237   -1749.6228218   198.6429691
96.0627767   -1749.8816252   196.9141066
95.4166027   -1749.632597   194.0970421
95.2981981   -1750.8649826   200.4593462
92.2231647   -1751.1270046   197.8264451
90.6219157   -1750.6808043   191.588223
88.7794169   -1751.8980503   198.2249767
87.6837643   -1751.7768145   194.7018653
86.7298516   -1751.6680956   191.4841235
85.0022706   -1752.3361444   197.5990385
83.5359963   -1752.2792816   193.7850565
80.5742415   -1752.4102926   197.4765211
79.9235376   -1752.3053885   191.4030015
79.1967782   -1752.3275614   194.6365833
75.0255259   -1751.7459393   196.5215504
75.7288011   -1751.9558668   193.2715476
71.3863643   -1750.7230043   198.7692863
73.3958753   -1751.6112328   190.9597069
71.921316   -1751.1864901   193.8126087
70.3293952   -1750.9465218   190.8074766
68.5383352   -1750.2014637   194.2035705
67.3075589   -1749.2852211   198.944971
64.144698   -1748.7806082   192.4551725
63.42074   -1747.7123737   198.1641948
61.7137822   -1747.5351095   193.7325597
59.214619   -1745.1152802   200.1903057
58.81193   -1745.5796003   196.6516525
57.9940947   -1745.7346916   192.9610968
54.0166768   -1741.8934107   199.1127133
54.8804673   -1743.2377338   195.7864463
54.2295846   -1743.7562943   191.2336648
51.8943342   -1741.52565   194.0043569
50.8384975   -1739.2390966   199.9923587
50.567952   -1739.857316   196.8068928
48.4463247   -1739.0595675   193.4621632
48.1977137   -1737.7216816   197.6230592
46.3747653   -1735.6125116   199.3189305
46.0198792   -1737.6377583   191.3224459
45.6310185   -1736.420393   194.4512129
44.3011197   -1733.3184481   200.2087235
42.9670485   -1735.0187302   191.197902
43.0758866   -1733.2296371   196.978271
41.0907539   -1732.9727411   192.045927
41.700569   -1730.6932211   199.795112
39.9309071   -1730.3711176   195.8851814
38.73041   -1727.386713   199.6061206
38.1913456   -1730.4471731   190.7834411
36.7219719   -1727.0686626   194.931969
36.1073288   -1724.7803211   198.2477307
34.1732176   -1725.9671688   190.8211708
34.2328223   -1722.3501205   199.6828914
33.769277   -1723.5466242   195.6319362
30.9847268   -1720.5760479   198.1662661
29.9850973   -1721.7342854   192.5038993
27.9544862   -1719.5856571   196.2925941
25.9549292   -1719.3354368   193.6067194
23.367432   -1717.4816132   198.2601881
23.7396034   -1719.2087173   191.3444549
22.8025588   -1718.2343006   194.1399276
20.9081443   -1717.5779343   195.9091127
20.3687819   -1718.5281515   190.5759275
20.1927694   -1717.0090675   199.0886927
17.2374519   -1717.7270651   193.3122873
16.9986161   -1717.3668146   197.6781338
18.4236439   -1717.1244621   200.168252
16.1836418   -1717.3815966   200.4152685
14.9181756   -1717.7484035   196.2019801
14.3384012   -1717.9825306   192.1551526
11.7039355   -1718.5885906   198.1245577
11.6004618   -1718.4716463   192.9561049
7.6033147   -1718.6357975   190.8550858
6.5071257   -1718.9303637   194.589898
8.6917552   -1719.0663815   198.7388581
5.7390007   -1719.4559574   199.5344162
2.5671395   -1718.7123299   191.2007034
3.3263239   -1719.1742659   195.7631856
2.5159391   -1719.473958   199.1271526
0.0759634   -1718.9004421   193.7401593
0.56645   -1719.2307711   196.9777644
-2.7187196   -1719.0423012   196.7048943
-4.1868416   -1718.7114954   193.4514493
-4.9621192   -1719.3899155   199.6431053
-5.8588115   -1719.0271616   196.5369582
-7.9530207   -1718.8950777   194.1641718
-8.8152615   -1719.4184065   198.4243691
-10.5454651   -1718.8718319   191.1507249
-12.0941726   -1719.4056511   195.1287985
-12.6666156   -1719.9101448   198.8368332
-14.2441121   -1719.4178104   191.5735304
-15.4669014   -1720.5970287   200.2562881
-15.1849715   -1719.9547291   195.8404928
-14.6330325   -1720.2546597   199.1418749
-17.7118508   -1720.2211618   192.2986656
-18.1299774   -1720.7075357   196.2262988
-19.1221563   -1721.4225531   199.3133277
-20.8926526   -1721.2454081   193.6436743
-22.1084086   -1722.1318483   197.3456889
-23.4641758   -1721.8124866   190.9639984
-23.9984123   -1722.3324776   193.6672479
-24.818751   -1723.6783504   200.4446387
-26.2989727   -1723.7174511   196.5617985
-27.5851218   -1723.6753702   192.4756765
-28.5249082   -1725.3119946   199.8229921
-30.5668441   -1725.6045341   195.5475807
-31.5981833   -1725.472331   190.9035742
-31.892809   -1727.0495892   199.3462741
-33.0884782   -1726.6840935   193.4958398
-34.5541564   -1728.012681   196.1310357
-35.5147449   -1727.8350592   191.3737953
-37.364277   -1730.2857637   197.6489127
-37.8292529   -1729.9165726   194.1775531
-39.0827981   -1732.2633266   200.3451288
-38.6101333   -1729.9469709   190.9417659
-40.0220481   -1732.0623398   196.3338852
-40.5736891   -1731.7816019   192.5584227
-42.6057307   -1734.7861528   198.4761208
-42.3745839   -1733.6921692   194.7163194
-43.3427421   -1733.9330912   191.4703548
-45.0345007   -1736.2058163   194.6604848
-45.3957049   -1737.459898   198.2518882
-45.9930626   -1736.3467216   190.7791644
-46.9940034   -1739.8233414   200.1273036
-47.6181833   -1739.3454313   196.2098777
-47.5467173   -1738.0669117   191.4385855
-49.2987362   -1741.6881323   197.1310526
-49.3551818   -1740.6561375   193.346858
-50.9252278   -1744.1269159   197.5351274
-50.7144658   -1741.8961525   191.0759509
-52.4589745   -1747.6528883   200.4494071
-51.2424437   -1743.3761358   193.8399673
-53.7212221   -1747.4163771   194.6947128
-56.0182063   -1752.5746822   197.7154016
-56.6714732   -1751.773715   193.029359
-55.9546081   -1753.9098263   200.4990727
-58.0537645   -1756.0293674   196.7473328
-58.5400192   -1754.7025681   191.645816
-60.5516163   -1761.2218857   196.0675567
-60.1218072   -1758.0742836   191.9608712
-60.3205291   -1763.3795738   200.1114786
-61.5332452   -1767.6441669   200.4797161
-62.0620576   -1761.9768381   190.6860024
-61.6525737   -1765.003562   197.2718388
-62.4962179   -1764.9006844   193.7358528
-62.9670946   -1768.0535316   195.8366185
-63.3991686   -1771.7859745   197.6575553
-63.8767806   -1776.0323286   198.8399625
-63.8681976   -1768.0023909   192.0513064
-64.3472401   -1771.2081671   193.6582178
-64.8783771   -1775.0931978   194.8075444
-65.5711619   -1773.8078833   191.0343021
-66.2101237   -1777.7911425   191.5641725
456.8858119   -1794.0888405   200.5215287
456.4858349   -1799.7459173   198.2316524
456.2253924   -1801.6068935   198.1227696
456.6186043   -1792.8030491   197.977826
456.5030756   -1796.934247   197.5436658
456.4015242   -1789.2228365   199.4024664
456.1871114   -1795.8093882   194.5410818
455.9583487   -1788.8059616   192.556724
456.0518833   -1792.417407   192.3890561
455.9053453   -1799.1259098   194.1308677
455.7082029   -1806.1156273   199.0094334
455.9175047   -1786.0685587   198.9032924
455.2762332   -1804.3445349   195.0212121
455.1367434   -1782.6108932   199.9358833
454.997507   -1809.9783659   200.479269
455.2708092   -1783.4975719   196.4364201
455.3920152   -1784.6786976   191.8820441
454.6303871   -1808.1482649   195.6717968
454.1530284   -1780.3288698   194.0025985
454.454762   -1806.0803413   191.2401915
453.9217027   -1779.4519663   197.5132823
453.0963125   -1813.7722015   197.3606348
453.2732936   -1811.1673594   191.0110861
452.1345022   -1815.1278496   192.8532869
450.8575024   -1818.5776472   193.9640641
449.819726   -1822.6233721   200.3731132
450.4301967   -1820.4989433   198.1413066
449.7916969   -1821.3624954   193.4412122
449.075115   -1823.1819868   196.3139325
447.9746791   -1826.1247873   198.7147778
448.3652832   -1824.8000145   193.8481331
446.8134614   -1828.4724951   194.1215694
445.991573   -1830.4615021   197.5737959
444.8183151   -1833.2715034   193.7101185
445.1438608   -1832.8359127   200.1689821
444.1251727   -1834.9632025   196.2575167
443.6735781   -1836.3718987   199.742645
443.4786262   -1837.1076584   192.499876
442.552832   -1839.3820524   195.9794611
441.2573697   -1843.7322378   193.8510388
441.4449754   -1842.5455093   197.9814321
440.5402514   -1845.6103802   196.7489421
440.7269629   -1845.3367949   195.4965889
440.8702376   -1844.4092274   198.2593387
439.4753995   -1850.4334688   192.1682209
438.5269406   -1851.6259193   198.2208639
436.6607489   -1856.1842442   193.9787567
437.6266869   -1854.7763824   191.7062998
435.6106194   -1857.2757244   200.1932114
434.7733977   -1858.7979078   198.5991597
434.5677616   -1859.7531319   192.499429
435.3938075   -1858.5777283   192.0962781
433.0928745   -1861.3607883   196.9139725
431.1681958   -1864.1252518   195.2059716
430.3523722   -1865.0218248   198.4113306
430.4268184   -1865.7286167   191.7092502
429.3274256   -1866.8674231   194.5953071
429.0539744   -1866.8692112   200.497508
428.0107143   -1869.26651   192.7749962
427.6336553   -1869.1279888   197.3403096
426.6387793   -1872.0115423   190.947488
425.6488355   -1873.010993   193.6110705
425.9219291   -1871.7554808   198.2554495
424.0314188   -1876.1628866   192.3031807
423.8726767   -1875.3408194   196.6863722
421.5863319   -1880.646348   191.4562434
422.0515909   -1877.9102564   198.6730248
421.8357327   -1879.0713549   194.9857175
420.3603091   -1880.8989525   197.3176599
419.9809553   -1880.9889555   200.374648
419.8801788   -1882.4199438   194.6404129
419.352931   -1884.2520714   191.7533875
418.223572   -1884.2148781   197.9349405
417.9739776   -1885.551095   194.474861
416.3023802   -1889.7080421   191.1147684
416.3565608   -1887.8059387   195.6955642
415.525225   -1888.4670734   198.5775828
414.5326438   -1890.9186125   195.3748912
413.7413921   -1893.9118385   191.5067136
413.5147008   -1891.5935755   199.4405538
412.4169322   -1894.245863   196.1717904
411.6068008   -1896.928668   192.7534789
409.7163203   -1900.1989365   192.7451789
410.2299037   -1897.6461887   197.2472817
408.5083725   -1901.0168314   195.7449317
408.0977263   -1900.780797   199.0107
408.0998274   -1903.275609   192.287311
406.2030735   -1907.0307016   191.6879714
406.2016579   -1904.1152   198.3689666
404.7327908   -1908.5693359   193.4633553
403.4657749   -1908.6936712   198.4268278
403.0433419   -1912.3616219   192.5671846
401.7006429   -1912.1426344   197.2997636
400.8169147   -1917.5760746   191.0885721
400.9019258   -1914.7338867   194.9813813
399.9878588   -1914.4080877   198.8420635
399.7957083   -1917.3184633   194.0121204
398.4017941   -1918.3913469   196.2892562
397.9430916   -1917.2084332   200.3145814
-63.834521   -1779.6846628   200.5084455
-64.59752   -1790.0161743   200.1013607
-64.6639792   -1785.1213217   199.4156837
-65.0616614   -1795.317173   198.9178509
-64.4177524   -1811.7941618   199.7606456
-65.1237694   -1808.8502884   197.631523
-65.3592674   -1780.0377607   195.9510893
-65.0294153   -1801.7077446   198.6662596
-65.5821291   -1804.4835329   196.7779845
-65.6646816   -1798.6853123   197.1063614
-65.3188554   -1814.9471283   197.5595951
-66.0696951   -1812.7549887   195.0117797
-65.3139082   -1817.5914288   199.3696988
-65.9302799   -1788.143754   196.36558
-65.7706586   -1792.0372486   197.0231533
-66.1887256   -1784.409523   194.7925389
-66.4426414   -1800.2363443   194.8590279
-66.6978685   -1795.2648401   194.4336891
-66.0504428   -1821.1628199   200.0569701
-66.3833944   -1806.9367409   194.3216622
-66.2813512   -1818.6087608   196.0193813
-66.2439195   -1815.8555031   194.6772635
-66.928002   -1782.3258638   191.4300174
-66.7002527   -1790.6720638   194.3118721
-67.1489564   -1823.0361938   196.5568364
-67.4782125   -1815.1357174   190.6987429
-67.4085347   -1787.399888   191.5162355
-67.1989647   -1819.3416595   192.4424171
-67.9501621   -1825.899601   200.1339048
-67.5407378   -1806.7042828   191.0820901
-67.6233498   -1798.3304262   191.5575117
-68.2445494   -1823.2716322   190.7058805
-68.5527054   -1826.8742561   197.6315081
-68.6766831   -1826.4839649   194.3441182
-69.8312251   -1828.4541368   191.0446435
-70.1705543   -1830.3852081   199.5768547
-69.8896972   -1829.503417   195.142433
-71.3267056   -1832.1270943   192.3453361
-71.3140694   -1832.5352669   195.9641874
-72.4055497   -1834.5119953   198.5110641
-73.166403   -1835.9627724   194.2609102
-74.2852417   -1837.7236128   197.9643106
-75.4654137   -1840.0722742   195.4737604
-76.5310851   -1841.0804272   199.8825371
-77.0874349   -1843.042016   192.9334253
-77.3802725   -1843.1549072   197.2712576
-78.7807433   -1845.9781408   190.5854791
-78.9021579   -1846.0768461   194.659844
-79.6929923   -1846.8000889   198.0710775
-80.0426928   -1848.1836319   192.0976937
-81.2239376   -1849.8309851   195.6085563
-81.8343488   -1849.9352932   199.3267536
-82.0422498   -1851.5433073   192.1973675
-83.0191699   -1852.3488045   197.8623569
-83.4489194   -1853.6868095   194.9012727
-84.1166107   -1855.0821543   191.6656792
-85.783693   -1856.9560051   198.8534629
-85.2638213   -1856.779933   194.7750002
-86.9015185   -1859.6564531   195.7392246
-88.0310265   -1860.3779078   200.3492713
-88.9437524   -1864.2417192   191.856429
-88.8602463   -1862.8172874   198.0605274
-89.5635811   -1864.7738695   196.0964203
-90.1195732   -1866.5482998   193.1119263
-91.1117522   -1865.8393621   200.2871633
-91.8243257   -1870.8375692   190.8752173
-92.0397965   -1869.5236444   196.6150403
-93.863043   -1873.8378286   194.5601702
-93.6038224   -1874.6333122   191.5198863
-95.1392976   -1873.1430769   198.7415701
-95.3586427   -1877.7338266   192.6320642
-96.220049   -1876.4549494   196.5974867
-97.2115723   -1875.6971359   199.4275749
-96.9934193   -1881.562829   191.2200749
-98.0704156   -1880.1468611   195.6193745
-99.6212689   -1879.1880608   199.5293945
-99.8246399   -1884.5353127   193.7570125
-100.1628963   -1886.7796659   191.1698431
-100.7366506   -1882.4703693   197.1802115
-102.6811925   -1889.0670538   193.0871755
-103.8274495   -1885.6244087   197.6431906
-102.289888   -1881.9435835   199.5830536
-105.1280824   -1893.2669163   191.9186413
-105.3553549   -1889.4344568   195.7740635
-105.1325528   -1891.0712004   194.1145957
-107.2488753   -1885.463357   200.4546672
-107.8430144   -1888.8136148   198.2187033
-107.492241   -1892.3305273   195.4106539
-108.5848538   -1896.3804245   192.8762496
-110.0801555   -1891.7373419   197.6467073
-110.9133092   -1894.5960999   195.893839
-111.3167731   -1889.7067308   199.6660382
-110.5705825   -1899.9451399   191.5318966
-112.1616093   -1897.9384899   194.1192597
-113.0446521   -1892.6562071   198.1256455
-113.2039753   -1900.6848335   192.7044839
-114.3505303   -1895.9993124   196.4269727
-114.729437   -1890.131712   200.187102
-115.6180827   -1899.4991779   194.5512146
-115.3609482   -1902.7820826   192.3759878
-116.9743863   -1893.474102   198.4709054
-117.9894534   -1898.4103203   196.1295456
-117.6407067   -1905.5896997   191.4242804
-118.7542406   -1902.0605087   193.9884871
-120.3758446   -1895.611763   197.674945
-120.4495756   -1892.3900127   199.2669553
-120.2284423   -1899.0697861   196.017459
-121.3246313   -1905.5303335   192.4629211
-122.9665605   -1888.8070583   200.3349811
-123.3029691   -1901.8636942   194.8004514
-123.4607426   -1908.8783264   191.1688596
-123.5302416   -1897.4663019   196.6730654
-123.5500304   -1893.5229778   198.2470453
-125.9433357   -1906.0877562   192.8067356
-127.58449   -1891.3984299   198.1529444
-128.6198226   -1886.4591122   199.2480308
-127.4289218   -1899.0095854   195.4582632
-127.2253124   -1903.1983614   193.9136088
-126.90756   -1908.7011814   191.4776862
-126.3727275   -1895.3118324   197.0252246
-129.0948717   -1882.9096556   199.9771744
-129.6956269   -1895.0349092   196.2512583
-130.5508343   -1907.8348875   191.5934682
-130.2514998   -1901.6671181   193.8585788
-131.1309067   -1904.4173956   192.7459985
-131.4490763   -1898.1146812   194.6216077
-130.7128993   -1887.994051   197.6951957
-131.9466559   -1891.3103342   196.1998343
-131.0302941   -1874.8754263   200.2057731
-132.1443645   -1869.6733713   199.7241825
-132.8565804   -1880.2591562   197.8661716
-132.7404109   -1884.5324516   197.2918808
-133.4877936   -1894.5832253   194.5470572
-133.3791939   -1900.6458521   193.0552572
-133.5721342   -1846.603632   200.3414184
-133.1504909   -1862.6413345   199.3898451
-134.9538294   -1907.4060917   190.5522048
-135.2071492   -1887.6125813   194.975853
-133.9575974   -1858.9853048   198.958382
-133.9919893   -1872.9050159   197.6793259
-135.1029006   -1876.3771057   196.2498575
-135.2261034   -1898.3411789   192.7120984
-134.0807406   -1829.9400806   200.3387511
-136.4710061   -1836.2588882   198.2033551
-134.5481006   -1868.558526   197.5021064
-136.5699498   -1831.5910101   198.4061748
-136.1240474   -1890.7980919   193.7317103
-135.7225505   -1903.0801058   191.3275719
-135.2996556   -1850.5063057   198.5194385
-136.2184016   -1884.4490051   194.5242882
-136.2438527   -1879.5316219   194.9391812
-137.2484294   -1864.9077415   195.3563988
-136.9600622   -1860.5289459   196.0898638
-136.2257329   -1842.7070379   198.1931329
-137.342426   -1839.5695686   197.430715
-136.4033548   -1855.8288813   197.0517337
-136.4779798   -1851.5906334   197.4126548
-137.3711554   -1894.5761919   192.2013015
-136.1863343   -1846.3257551   198.0560124
-137.2109977   -1873.5575676   194.6561933
-136.7566315   -1827.1661997   198.809132
-136.6063086   -1824.1863251   199.3667036
-137.2088519   -1818.2307482   200.293839
-138.8855902   -1869.8302507   193.4510767
-138.3249489   -1821.4974403   198.9531815
-139.0915243   -1875.3391504   192.8525865
-138.2530657   -1844.9698687   196.4939237
-138.2189719   -1835.1145983   197.0427036
-138.6249987   -1886.256218   192.4411207
-138.3350817   -1882.2873831   192.9554939
-139.0436021   -1878.4217834   192.6322132
-139.3633214   -1851.2732983   195.1760203
-140.0568811   -1856.5649986   194.0475404
-139.3822161   -1824.6207237   197.7389604
-139.9593679   -1828.1731606   196.7912167
-139.7760836   -1861.371398   193.6545223
-140.7548515   -1815.3971434   199.3576735
-140.3419105   -1818.8186884   198.6006051
-139.8554174   -1864.8056984   193.170771
-141.0355894   -1835.5802298   195.2211857
-141.6147081   -1844.527483   194.1578537
-143.4075562   -1840.3946161   193.3821291
-140.6222907   -1831.9232464   195.8859563
-142.5794093   -1849.2136002   193.1198239
-141.701254   -1833.3472013   195.1028407
-141.8947903   -1821.4417696   197.259903
-143.2140795   -1865.9203053   190.5683279
-144.2999569   -1807.4945211   200.4594505
-143.47181   -1852.5708914   192.1905875
-143.3649389   -1825.46556   195.6631392
-141.9858662   -1812.1784925   199.8286694
-142.2360865   -1862.4733686   191.7105466
-142.8407756   -1859.2553139   191.7458922
-142.6515905   -1829.3691874   195.2074021
-143.1457726   -1855.8467627   192.0154989
-143.7062947   -1817.5839186   197.447449
-143.6003176   -1832.5217962   194.2206174
-145.0184909   -1813.8217926   198.0323941
-145.73023   -1836.0067606   192.690298
-146.4191405   -1820.7544088   195.5386698
-147.1780268   -1843.4097767   191.0306066
-146.3988153   -1847.9508162   190.9838319
-146.2540952   -1828.923583   193.6867833
-147.3232237   -1825.1277208   194.1365153
-148.6205784   -1839.4804001   190.8640265
-149.081978   -1807.9890013   198.2851028
-148.3791796   -1831.3502073   192.3632324
-147.7947561   -1815.5351877   196.4431405
-149.3137208   -1811.6674423   196.9543397
-148.2884613   -1804.9271107   199.7992545
-150.3748027   -1835.60431   190.7354295
-150.4382221   -1827.5778294   192.4770027
-150.2948729   -1823.0593204   193.621546
-150.9019462   -1817.4425364   194.8230267
-152.1562663   -1831.6193819   190.9490824
-151.8833367   -1814.3415451   195.253551
-151.513013   -1803.9723635   198.9219934
-152.4667469   -1809.5053434   196.4542568
-153.6252824   -1800.5570173   199.895218
-153.1862346   -1827.8253078   191.4971918
-153.5479156   -1820.8087683   193.0672526
-155.924472   -1824.7522116   191.3354099
-153.8387267   -1806.6536188   196.9282478
-155.8965174   -1817.3933029   193.0618435
-154.8844901   -1803.9027452   197.7685392
-156.2285749   -1810.1457357   194.7581023
-156.2707154   -1813.6572838   193.8105077
-158.4523646   -1820.530653   191.4102435
-157.86961   -1800.9735346   198.4351128
-158.1807462   -1805.2492142   196.0016638
-159.461352   -1812.7541542   192.8065121
-160.3975026   -1808.0009222   194.0165758
-159.9673954   -1816.9534206   191.6471273
-161.4296166   -1798.34342   199.4635165
-161.9997946   -1801.6494513   196.7890114
-162.6115171   -1805.4009676   194.4407374
-163.9210907   -1812.6469851   191.1355108
-163.4996859   -1809.2290163   192.4038678
-165.0796262   -1799.0422249   198.2181519
-163.7112228   -1803.6698103   194.9967295
-165.7629935   -1801.4239073   196.0539967
-166.4101807   -1806.5308332   192.6625073
-167.9883925   -1809.1877699   190.7931417
-166.6851369   -1803.8150072   194.0153837
-168.3776108   -1797.3518372   199.4318664
-167.9141251   -1799.4741201   197.3174363
-169.1250531   -1801.3712168   195.4067796
-170.2925888   -1804.6002388   192.5012618
-171.0946289   -1798.5599041   197.7281719
-172.632846   -1806.5114021   190.6021982
-173.1333462   -1800.7354736   195.1528788
-174.9597517   -1803.3087254   192.4166083
-175.9469239   -1797.2164154   198.7203211
-177.2204963   -1800.6494045   194.5200264
-178.1833497   -1803.3176661   191.7497069
-180.6434122   -1798.8241911   196.1335838
-180.894765   -1796.2291241   199.5510459
-181.0167757   -1801.8398285   192.6745921
-185.3189198   -1797.6509333   197.1714646
-183.5129587   -1799.8526096   194.5666224
-184.2481223   -1801.9425869   192.0202672
-186.5912405   -1800.5429506   193.2915151
-188.4758202   -1796.3097095   198.6771077
-189.8035733   -1798.8901138   194.8654205
-191.3808314   -1801.5613556   191.0424978
-192.2235814   -1795.134306   199.6781528
-193.7669841   -1796.417594   197.3168552
-193.1561557   -1798.7327576   194.1801608
-195.069584   -1800.293088   191.4117485
-196.3643757   -1798.2083559   193.805933
-198.7856952   -1793.6573029   199.5855272
-199.8074976   -1796.4961529   194.5381612
-198.5894767   -1799.320817   191.0287291
-205.3926913   -1792.6992178   197.0002502
-203.2052604   -1795.9625721   193.0326372
-209.7976533   -1792.550087   193.1094974
-209.8842589   -1791.0447121   196.6487914
-212.9370896   -1789.1237736   199.8794973
-213.2331458   -1791.6721106   191.0923868
-213.2151452   -1790.760994   193.9477772
-217.1293823   -1788.8427973   196.9800144
-216.7708007   -1788.4136438   200.0272721
-215.7365409   -1790.2901173   192.4120039
-218.2998387   -1789.1526222   193.7629282
-221.7442123   -1787.9452705   198.1500685
-221.4304534   -1788.3481979   194.4108009
-223.6303417   -1788.2336378   191.6744113
-226.0836688   -1787.7113819   195.0756311
-226.9115178   -1787.7836227   190.9116656
-227.7275649   -1787.612319   198.0586201
-229.7114459   -1787.5477076   193.9297765
-228.8569538   -1787.6105309   190.5999482
-231.8348018   -1787.7044678   197.4881291
-233.3855955   -1788.0158424   199.9588311
-234.2511741   -1787.6263857   193.9945668
-234.7065536   -1787.8860235   196.9031096
-237.7572385   -1788.553834   199.4312406
-237.8509966   -1788.1134748   195.4330206
-238.2734743   -1787.7562046   191.8673366
-240.8561436   -1788.5890007   195.6402808
-243.9084379   -1788.5854244   192.277804
-242.7071659   -1789.5482779   199.7681409
-245.1374856   -1789.2628908   194.923684
-246.2451784   -1790.2389765   198.9716738
-248.7181751   -1789.976716   194.5695281
-249.4100062   -1791.0916805   199.3169487
-253.3880798   -1790.7135487   192.9482967
-252.2404519   -1791.418314   197.4201202
-254.1892854   -1792.4854755   200.0978887
-255.5486289   -1791.8422222   195.5559552
-257.3602525   -1791.5767431   192.5805956
-258.095893   -1793.0049896   197.879374
-261.2751452   -1792.9317951   194.2277551
-261.1780492   -1793.7489748   197.6464838
-265.3129426   -1794.7412729   197.1950978
-264.1240684   -1793.3642864   192.9778457
-267.9322091   -1794.1576242   191.9906288
-269.600722   -1796.0976362   197.5609213
-271.4563934   -1795.5343723   193.1171417
-273.4978525   -1797.4334955   197.5315213
-276.5007345   -1799.2284298   199.8664737
-274.2953626   -1795.9616184   190.68259
-275.9270994   -1797.8937626   195.6870407
-280.0506083   -1800.5257845   198.6372322
-280.2181569   -1798.9590168   192.1194047
-282.2781531   -1800.7961512   195.0480342
-284.526023   -1802.7747869   197.9819238
-284.2991678   -1800.9235859   191.0839528
-286.3601772   -1802.9459715   194.1397637
-288.1018845   -1804.8686981   197.5263655
-289.999756   -1805.4054976   194.5210993
-291.0148827   -1807.1057796   199.0050972
-295.3620879   -1808.9878559   194.3753213
-295.0243083   -1809.6215725   197.8319138
-298.6392704   -1812.1402264   198.435396
-300.0231711   -1812.1488094   194.9322075
-300.8967368   -1813.8308525   199.2173493
-301.9287316   -1812.6621246   192.2589839
-303.6423055   -1815.1298761   197.4877715
-305.7207195   -1815.4723644   193.8828528
-307.2660295   -1817.6870346   198.2802451
-308.4334461   -1816.8483973   193.069458
-311.2119762   -1818.3021545   192.7497387
-313.283774   -1820.2056885   195.3008026
-315.0901524   -1820.2419281   192.3485398
-314.8713437   -1822.5654364   199.843958
-316.4345948   -1821.8564987   195.2533424
-317.6641194   -1823.8575459   199.1085857
-320.4701868   -1823.0429888   192.4998611
-320.2544776   -1824.5053291   197.0957071
-323.2640354   -1825.7797956   196.2443292
-325.2839176   -1825.2700567   191.9636577
-327.0701496   -1828.7096024   198.4523833
-327.8461424   -1827.3295164   194.0634102
-330.2230564   -1829.1863203   195.6474185
-329.6864954   -1830.234766   198.7143457
-332.0384947   -1828.2684088   190.9000129
-333.2717744   -1830.8173418   195.7147121
-334.4915239   -1832.9145908   198.886022
-337.3022405   -1831.6514492   192.6985979
-337.3111216   -1832.5295448   194.7558671
-340.2917115   -1834.346056   195.1891184
-341.9220773   -1836.7254734   198.2132941
-343.4093324   -1834.6819878   191.9679493
-343.7244026   -1836.6180658   195.894748
-344.3521587   -1839.278698   200.4399747
-346.7133967   -1839.4794464   198.0749369
-346.319112   -1836.79533   192.911312
-349.1891352   -1838.8540745   193.4926659
-349.9077884   -1841.5461779   198.0913728
-352.0060507   -1840.877533   193.749547
-352.4175016   -1842.6166773   196.7658401
-352.6020376   -1844.3468809   199.7500956
-354.5281617   -1841.5321112   190.9778267
-354.4198004   -1842.8225517   194.1244304
-355.5363146   -1845.0187445   196.8145967
-354.8583714   -1846.4529514   200.3922462
-357.4273316   -1844.3076611   192.2024339
-357.9710452   -1848.2457399   199.0623176
-358.7648002   -1846.8624353   195.2723116
-361.3391248   -1847.4552631   191.9277161
-360.7805101   -1850.8933783   199.3138641
-361.4371745   -1849.7160673   196.2406933
-363.0276052   -1853.1336784   199.4555891
-364.7925583   -1851.0570526   192.8848475
-365.1067344   -1852.9208899   195.7182735
-365.6844226   -1855.7661772   199.3056983
-368.6245409   -1859.2488766   199.8752803
-368.4465615   -1857.1639061   197.1026808
-368.4794632   -1854.7217846   192.9488331
-371.2928025   -1858.2413197   194.056794
-372.5364534   -1861.2326384   196.6992021
-374.6254174   -1862.000227   194.5362836
-376.4880625   -1862.9641533   193.0731088
-374.2350665   -1863.7686968   197.5958645
-375.8220998   -1866.7955399   199.1415471
-378.0107824   -1867.1269417   196.5523809
-379.4467179   -1865.7948971   192.6816702
-380.7713119   -1868.8975573   194.9577183
-382.0263473   -1874.4795322   199.4160265
-382.6255528   -1872.7039099   196.8722641
-382.3785511   -1868.5219288   192.2521591
-384.0732304   -1871.6102839   193.8197315
-386.6161434   -1876.7709732   196.1411536
-387.5096766   -1874.0272522   192.2542751
-387.2766224   -1880.0905943   198.5038817
-390.140268   -1878.3500195   193.5152262
-390.5955879   -1884.0401173   198.3062625
-390.489432   -1881.1743259   195.7838535
-392.9465143   -1886.3652945   197.7250278
-393.1079236   -1883.4928274   195.0038821
-394.8321668   -1888.9479637   197.9149282
-394.110891   -1881.2208176   191.7542666
-395.6896392   -1885.0600719   193.6179847
-396.469566   -1892.3711777   199.4384825
-397.6951567   -1887.4738216   193.6834157
-397.6437179   -1889.7725344   195.8776414
-399.4540898   -1892.9275274   197.0616132
-399.9932734   -1889.8425102   193.6555952
-402.2221295   -1888.5660172   190.5571669
-401.7301527   -1896.1360455   198.3219087
-402.8008906   -1893.5666084   194.8774755
-405.5979577   -1896.9758749   196.5391934
-406.4058987   -1893.4160471   192.2544092
-406.2967626   -1900.0548124   199.5943487
-408.9721171   -1899.2906809   197.4105835
-409.8221985   -1897.1493244   194.5018768
-410.1807801   -1902.1023512   200.2311945
-410.9849659   -1894.3377733   190.7470375
-413.1235806   -1899.7352123   196.5605319
-413.496348   -1896.9244957   192.9717362
-414.082977   -1902.16887   199.515149
-418.4821574   -1897.8079557   193.6510354
-416.55049   -1900.7704258   197.6093054
-419.6912972   -1900.5726576   197.7049261
-423.6734835   -1895.616293   191.5927529
-422.2923247   -1899.4768858   196.9603598
-424.5300023   -1897.470355   194.9516833
-424.8133627   -1900.8153677   200.3391087
-426.5899388   -1898.6468315   198.3510256
-428.0698029   -1894.6526051   192.4664825
-429.4668166   -1896.4767456   196.9676465
-431.2405316   -1897.2733021   200.3089488
-431.6392867   -1892.6204443   191.6966438
-432.2371212   -1893.9318657   194.9581057
-435.165259   -1890.5081749   190.6698644
-434.9809615   -1891.9028044   193.6617643
-434.366676   -1894.723773   199.1504282
-436.553928   -1892.2368288   196.3442862
-438.1707636   -1892.3455477   198.7567842
-438.6678664   -1889.8057938   193.0446178
-439.9527041   -1890.4666901   196.4054257
-441.7974678   -1890.5838728   198.8797188
-443.2021109   -1888.5644674   195.015192
-444.9515072   -1886.6816759   191.0094917
-445.760223   -1888.7517452   198.196277
-447.5693432   -1887.0897293   194.6295351
-448.7062422   -1885.9971762   191.4663166
-450.8893219   -1887.3802423   198.0970651
-450.8949248   -1886.3666058   194.2412108
-453.0443875   -1885.5391741   191.3523972
-454.1142908   -1886.310935   195.3249574
-456.4990727   -1886.865139   198.6337006
-457.0448128   -1885.858655   193.24103
-458.556625   -1886.2632513   195.5112219
-461.9421688   -1886.0881329   191.4979368
-460.5438439   -1886.7784739   197.6214051
-462.6606432   -1886.5077496   194.3011284
-464.6330801   -1887.0517015   196.1597949
-465.0910822   -1886.8426085   192.4666762
-466.5105072   -1887.7583742   198.4997094
-467.5467936   -1887.6692057   194.0053999
-470.2375857   -1888.812542   198.4862238
-471.0802761   -1888.8912201   192.1804547
-471.5231387   -1889.0329599   195.4747289
-474.4455544   -1890.3027773   198.6596435
-473.6053673   -1890.1357651   190.5574203
-474.2365805   -1890.2466297   194.171235
-476.8320052   -1891.4283514   197.8089064
-476.0930268   -1891.4061785   191.4995462
-477.8569666   -1892.1144009   194.7743297
-479.1595665   -1893.3024406   190.5962974
-480.8047739   -1893.666625   197.5483447
-480.7265726   -1893.9058781   194.0531433
-482.4996916   -1895.5558538   191.9554919
-483.0040661   -1894.8245049   199.4202137
-483.0110995   -1895.3555822   195.466578
-485.1771323   -1897.3222971   193.8239187
-485.9634367   -1897.023201   199.8300254
-485.220286   -1896.8156576   197.2512752
-487.1608941   -1899.420023   192.790091
-488.3460728   -1901.3676643   190.5612051
-487.7358405   -1899.0662098   196.3527203
-489.1959158   -1899.8317719   200.0877708
-489.318463   -1901.3161659   194.0299869
-490.8069102   -1902.4176598   196.151793
-490.7406298   -1903.5038948   192.2572255
-492.1927182   -1905.924201   191.3304776
-492.5543991   -1904.2994976   197.3475665
-492.5924269   -1905.3012133   194.2486465
-494.6821658   -1906.3900709   200.1608312
-494.2933051   -1908.5643291   193.2130009
-494.1371409   -1906.6830873   196.4420378
-495.9090678   -1909.3378782   197.3965615
-497.0049588   -1912.9760265   194.7637647
-497.6619212   -1912.0569229   198.8338679
-498.799893   -1917.6876545   194.3175793
-499.3889061   -1915.8983231   199.3906349
-500.4913536   -1920.4641581   197.5516975
398.4943452   -1921.1838245   191.825524
396.0205587   -1920.7578897   199.2658973
395.6821235   -1924.8104095   193.4229285
395.3436437   -1923.3360291   196.416989
394.8348733   -1928.1198978   190.9697056
393.7151106   -1923.9765406   199.9344528
392.5364288   -1927.2738695   197.1752644
392.3457088   -1929.5049906   194.3101883
393.0058899   -1930.6114912   191.5372163
389.9489614   -1933.0720901   194.4976151
390.7632204   -1929.8539162   197.3424703
389.6227302   -1935.8779192   191.7620152
388.4211155   -1931.9990873   199.96503
387.4611529   -1937.4727011   193.8747019
387.1322992   -1935.3784323   197.4951923
387.084377   -1940.5388832   191.2665069
385.1243826   -1944.5605278   190.5751675
384.722692   -1938.8608932   197.927773
384.9368217   -1941.3859844   194.1196024
382.9837861   -1944.8105097   193.8835979
382.7921423   -1942.6333904   196.9174594
382.3422315   -1941.3483143   200.2078146
380.6735995   -1948.3788013   194.1511035
381.3172551   -1945.4451799   196.4046806
380.8825435   -1944.327116   199.1511136
379.5378628   -1947.2464323   198.0542392
378.8753124   -1951.9585371   193.6044395
378.1140866   -1955.6657076   191.3430244
378.0667754   -1950.4780769   197.039023
376.6993257   -1953.8669586   195.7105398
375.5572113   -1959.6447945   191.8979734
375.3903332   -1957.3808908   194.4291741
375.5007955   -1952.8933764   200.3041804
374.7248473   -1955.9234381   197.6901293
373.7692656   -1959.207058   195.5977827
372.5358965   -1962.298274   194.7616935
370.5943497   -1968.9817429   191.534996
369.4749447   -1968.7132835   193.8811541
371.2892952   -1961.0743523   199.4684935
369.8357763   -1964.718461   198.0785728
367.8080114   -1968.0877924   198.7647563
367.6354411   -1971.9628096   194.1897124
366.454986   -1975.8405685   192.410171
366.2723722   -1972.200036   197.1987039
365.8247712   -1971.6544151   199.4004697
364.7856238   -1975.1669168   197.0842034
364.1447844   -1981.6890955   190.8860058
364.8083629   -1979.2635441   192.1372712
364.1397925   -1977.7653217   195.2608675
362.0025786   -1981.145978   196.4229494
362.2496101   -1978.3393145   200.0598609
361.4714267   -1985.6402874   192.2710389
361.0661151   -1981.2721014   199.0131885
359.9118563   -1985.9640598   195.5604851
358.9274111   -1989.2847538   193.9006895
359.154475   -1984.590888   199.8313367
357.8735413   -1992.5403595   192.5959438
357.7709468   -1988.8927937   197.3098814
356.2450083   -1996.3121414   191.7872578
356.052843   -1993.2518005   196.062848
353.6733361   -1995.3764677   199.3343234
353.7622067   -1999.9319315   192.9495633
354.2309674   -1997.4640608   195.0520128
351.9884171   -2000.4017353   196.3794827
351.5172126   -1998.83008   199.9298632
351.3581129   -2002.9084682   194.3509132
350.2105596   -2005.4144859   193.2963431
349.6080907   -2002.9587746   198.3603239
347.5974026   -2008.8789463   193.8588023
346.5458425   -2011.4505291   192.0849681
348.1196734   -2006.374836   196.5694427
345.2993306   -2008.6348057   200.5063891
345.2520939   -2010.9446049   196.230799
343.9491066   -2014.8932934   192.7965283
342.7829715   -2013.0729675   200.1333833
343.0863293   -2014.4343376   196.1652339
340.941635   -2020.1802254   192.6527172
341.5505113   -2016.7007446   196.9532818
339.8516151   -2019.4818974   198.2700974
338.3336338   -2024.8682499   193.1926608
338.1864103   -2023.5066414   197.0160306
336.5628096   -2027.3516178   196.4937747
336.8037912   -2028.0520916   193.2542771
335.8042809   -2031.1501026   191.4720386
334.3513878   -2034.8191261   190.563634
335.1196321   -2031.4588547   194.3536252
334.4338509   -2031.8408012   198.7077743
333.1834944   -2035.0418091   198.1530339
332.8736397   -2036.752224   194.2819953
332.5173827   -2039.0820503   190.6359643
331.5688344   -2039.1745567   198.3355582
331.4011665   -2040.38167   194.5218146
330.5116566   -2043.4448719   192.291975
329.9808773   -2043.6367989   200.4504651
330.0233456   -2043.6632633   197.1173733
328.7140699   -2047.8277206   194.7485358
328.5661312   -2047.7385521   199.0525126
328.0642005   -2050.7090092   191.1630034
327.6073905   -2050.665617   197.9017854
327.0575973   -2052.5827408   195.5517232
326.2660476   -2055.5644035   192.8185225
326.261607   -2055.4440022   200.336203
325.8507224   -2056.5152168   197.3832399
324.980733   -2059.8540306   192.6450878
325.0148269   -2059.3655109   196.3655204
-179.7435609   -2059.2873096   192.1240687
-176.0757891   -2059.3078136   191.1440045
-182.5800864   -2056.3509464   190.9431368
-186.1749021   -2055.9999943   191.3909465
-183.5338203   -2059.0689182   192.8506494
-190.4462901   -2056.5927029   192.439273
-186.6882769   -2059.9045753   194.0577179
-194.8868958   -2056.1664104   192.7172542
-191.3958517   -2058.8607788   194.1522211
-195.6579415   -2053.1744957   190.718174
-199.2889968   -2055.4580688   192.5213635
-198.7910596   -2058.1450462   194.472447
-194.9472753   -2058.6493015   194.483161
-203.2800642   -2054.3727875   191.8567866
-203.8407651   -2058.1641197   194.7068274
-207.0521442   -2055.0706387   192.3885047
-212.2857896   -2054.8739433   192.1108216
-212.0401589   -2058.8576794   195.2710152
-208.0445019   -2059.1216087   195.5643296
-217.8517906   -2055.4499626   192.3185885
-214.8778764   -2057.2385788   193.8708872
-218.0512277   -2058.8243008   195.0103045
-214.5517198   -2060.7542992   196.7479289
-220.349106   -2056.6740036   193.1523681
-226.6884772   -2055.8423996   191.9295341
-223.2102481   -2059.1478348   194.9378252
-231.085333   -2056.8168163   192.1572238
-227.4326412   -2058.412075   193.9698011
-234.2080203   -2057.6691628   192.3240274
-232.3531238   -2060.1038933   194.7578341
-237.2482745   -2058.950901   192.7471012
-235.6403796   -2062.4778271   196.1793303
-240.0328843   -2057.5432777   190.6271875
-241.5280072   -2060.4805946   192.7623451
-499.7645346   -1923.5299826   191.2636459
-500.9103743   -2055.5500984   192.4942136
-499.4497029   -2058.2125187   194.4064349
-495.8255021   -2061.5358353   192.0768321
-499.7687069   -1921.5033054   193.3208257
-500.762674   -1927.1751642   192.5016493
-500.8103577   -1924.2687225   195.2378154
-502.3616282   -2053.1175137   191.1572218
-501.5917746   -1925.6370068   198.098883
-501.5588728   -1934.3990088   191.1876649
-501.5040366   -1931.0829639   193.4449524
-501.9505946   -2055.9883118   197.0030367
-504.4234721   -2051.612854   195.7656443
-502.0622937   -1930.2870035   197.4474341
-502.2209612   -1933.4801435   195.7207918
-502.826306   -1935.4140759   197.8453845
-503.318998   -1940.6471252   195.944041
-504.4631688   -2053.1644821   199.8604536
-498.5813824   -2060.3394508   197.2017735
-503.1444756   -1943.0320263   192.2893673
-504.3911663   -2049.9947071   191.6588247
-503.7826029   -1939.7953749   199.8849213
-504.109594   -1945.7410574   195.3906864
-504.2050806   -1948.5676289   192.600593
-504.5999018   -1951.6887665   190.6515211
-504.8311678   -1950.0619173   195.3790039
-505.6295124   -1956.7226171   191.531077
-505.6781498   -2048.5506058   194.5067793
-505.9851138   -2046.9400883   192.120716
-506.1526028   -2049.0658283   198.2071847
-505.5634705   -1954.9331665   194.5373416
-505.6137768   -1951.5841007   199.8581588
-505.6495396   -1953.4560442   197.3981261
-506.3428608   -1960.3084326   193.3982819
-506.4124791   -1959.3695402   196.833849
-506.7771403   -1960.2739811   200.0255436
-507.0564476   -2045.1443195   194.7522759
-507.1735112   -2043.4422493   191.0003275
-507.4363676   -2046.0586548   199.2353797
-507.1193901   -1964.2751217   198.6046135
-506.9850413   -1964.6289349   194.7414577
-507.4516264   -1967.7724838   197.9822516
-507.364246   -1967.8037167   193.1290925
-507.94861   -2041.7511463   193.8132495
-508.2039563   -2042.8888798   198.5366493
-508.50341   -2038.3620262   190.5873418
-507.7030388   -1970.7750082   196.4958161
-507.8496663   -1971.4022875   192.0253485
-508.010122   -1972.9955196   199.3813813
-508.3311526   -1975.7305384   193.4408396
-508.7415902   -2038.9823914   196.2047219
-508.4523884   -1978.1959057   199.7695267
-508.7816445   -1979.8173904   194.6867257
-509.0878931   -1980.4381132   190.9232587
-508.8969199   -1981.6931486   197.4944025
-509.317371   -2034.7111225   194.1457242
-509.4538657   -2033.4568024   191.5084124
-509.2473952   -2036.9365215   198.2185394
-509.391996   -1983.8708639   193.1709349
-509.5312325   -1986.3488674   196.6691166
-509.8433224   -1989.0451431   197.7610439
-509.6816746   -2032.926321   196.4482516
-509.9206892   -1986.9588614   191.5826946
-510.1281134   -2028.9449692   195.3498721
-510.2107254   -2028.4023285   191.7416453
-510.1539818   -1989.6664619   194.0562725
-510.081741   -2030.1122665   198.7676471
-510.201904   -1992.1181202   197.4899173
-510.6026856   -1997.2196817   199.5954365
-510.3851286   -2026.699543   197.4096298
-510.5384318   -2025.4743099   193.7285513
-510.5979172   -1993.4784174   193.0649877
-510.7564656   -1995.7520962   194.0506846
-510.747048   -2023.052454   196.8674511
-511.0567538   -2019.9828148   194.1751391
-510.8973709   -1998.5679388   195.5911666
-510.9582869   -2002.0489693   198.3805597
-511.0175339   -2018.944025   197.6565719
-511.2439124   -2002.7632713   193.3392733
-511.2782446   -2017.6064968   192.1607405
-511.1585585   -2006.0396194   196.7516541
-511.1605851   -2009.875536   198.8239735
-511.2096993   -2015.5181885   196.0006952
-511.1288754   -2013.286829   199.8924911
-511.365625   -2009.7744465   193.7279701
-511.3328425   -2005.4514408   193.0332035
-511.2367598   -2012.5079155   196.2124556
-511.3914935   -2014.1847134   192.6502436
324.2614838   -2062.5600815   200.3344148
324.1934451   -2062.2167587   195.0624883
323.9382776   -2063.4694099   192.2879666
323.2395919   -2065.5272007   195.8603412
322.6361843   -2067.8482056   198.9893615
322.8210183   -2067.363739   192.2916919
321.8498798   -2070.2438354   196.1331367
321.4649232   -2071.7673302   200.1357377
321.9254883   -2070.6496239   191.796422
321.0003944   -2073.1003284   194.8951781
320.982066   -2073.744297   191.9466406
319.9680122   -2076.1237144   197.7123171
319.6779164   -2077.3575306   194.3409741
318.8084336   -2080.6117058   192.5684214
318.5835155   -2080.3575516   196.3752508
317.6450106   -2083.5030079   194.2266822
316.5946873   -2086.1299038   195.9021389
316.8153437   -2086.5442753   192.8835958
315.4965612   -2090.2709961   193.0563748
315.9608217   -2087.2225761   198.7041235
315.391657   -2089.5116329   195.9152371
315.0601359   -2089.4598961   198.9659518
314.4645663   -2092.9918289   193.6960071
313.0747946   -2096.3578224   195.3265518
312.3454424   -2096.5521336   199.3593574
311.5068349   -2101.4473438   194.2277998
310.5854066   -2104.7623158   192.9624081
310.046223   -2103.8236618   197.7189928
309.4148608   -2108.8521481   191.116333
308.8672134   -2108.3621979   195.2424347
308.4041747   -2107.6304913   199.2411762
307.7948662   -2112.4866009   192.0921504
307.4963363   -2111.0446453   197.2312927
306.5218898   -2114.4425869   194.9052364
306.0171279   -2113.8937473   199.0464628
305.4625066   -2117.1736717   194.1721141
305.2912327   -2116.4910793   197.0717758
303.647128   -2120.9952831   195.0150579
303.6971065   -2121.9885349   191.4822459
304.7948452   -2116.6274548   199.5499879
303.2617243   -2120.6030846   198.7380981
302.1108481   -2125.3342628   191.8130666
301.3306233   -2125.3118515   197.2379684
300.4395636   -2128.5881996   192.4566776
298.6275824   -2131.2377453   195.6082433
299.2455634   -2131.5970421   190.5581653
297.3723384   -2134.3615055   192.9582655
296.5774509   -2134.8009109   197.0181316
295.8822819   -2137.6564503   190.815866
295.1151999   -2137.9184723   194.6716011
294.8453101   -2137.6652718   197.87319
294.3553003   -2139.8034096   192.2538131
293.2128879   -2140.846014   195.7846284
292.5617965   -2141.1526203   200.0826746
292.7999469   -2142.8208351   190.6037033
291.7783233   -2143.8822746   192.5963312
290.3691503   -2145.0872421   197.065562
290.1763888   -2146.0900307   193.7373132
288.7422713   -2147.6945877   196.43794
287.8822061   -2150.0115395   191.7400807
287.21374   -2150.4173279   194.2703873
286.3243791   -2151.0410309   197.5153089
286.2197133   -2152.6401043   190.995723
283.6328419   -2155.0838947   196.6884136
283.8529619   -2155.9505463   191.2775189
281.4861508   -2157.7079296   198.7632066
282.1827205   -2157.8965187   192.8716004
280.7498547   -2159.3742371   195.2020079
280.122337   -2161.0944271   191.289112
280.1795276   -2159.6198082   198.1406063
278.0112299   -2162.9521847   195.8659291
277.2995206   -2163.1247997   200.2936006
276.2224647   -2165.5352116   194.6022213
275.8275243   -2165.2877331   198.7955123
273.9967676   -2169.1310406   190.884307
274.9150368   -2167.3634052   193.7849075
273.8977047   -2167.9961681   197.1590817
273.0112644   -2169.5892811   194.4558769
270.7885476   -2172.4712849   193.3173984
272.1313509   -2169.989109   198.2045174
270.9133299   -2171.1695194   199.9807805
269.4856199   -2173.1612682   197.8713274
267.8392204   -2176.3057709   191.0421401
268.0385681   -2174.9811172   196.764186
268.1870731   -2175.388813   193.646431
266.4311203   -2176.2952805   199.6009648
265.6569751   -2177.8204441   195.4021156
265.3131755   -2179.046154   191.0400987
263.9579149   -2179.2912483   197.2602606
263.2605704   -2179.5749664   200.1116723
263.265309   -2180.6538105   193.700403
260.5742785   -2182.696104   197.4802464
259.959695   -2184.1230392   192.9680109
257.8020366   -2185.1513386   199.0171671
256.9002482   -2186.7051125   195.1390952
257.2883638   -2186.7916584   192.6579922
254.5928629   -2188.2343292   198.6323297
254.0156814   -2189.6669865   193.4626997
252.3653778   -2190.4108524   197.3935515
251.5736493   -2191.7510033   193.3697313
249.4237991   -2192.4488544   200.2004236
248.1655451   -2193.8757896   197.071448
249.3889304   -2193.8705444   190.650627
247.0793696   -2195.2750683   192.0489222
244.6645769   -2196.4199543   195.8586723
244.4432946   -2196.1886883   199.5206922
244.0948161   -2197.0613003   192.5476193
241.7833479   -2198.1141567   195.9571093
239.8032817   -2199.3768215   191.0599917
239.2322692   -2199.3815899   197.3228157
238.3757504   -2199.9073029   194.4351345
-52.2634117   -2198.2381344   197.806403
-48.7994877   -2199.5625496   198.384285
-52.3738591   -2198.417902   193.612799
-55.9425084   -2197.1580982   191.7010695
-48.8849608   -2199.899435   192.0014322
-55.5518595   -2197.0739365   195.5643147
-47.952923   -2200.0260353   195.6099421
-59.2264859   -2195.5697536   197.6412237
-59.1137139   -2195.8417892   193.1023896
-61.8669716   -2194.7097778   194.8438585
-63.1988374   -2194.0898895   197.818175
-65.893921   -2193.2895184   193.094939
-69.0619079   -2192.0435429   195.6892014
-69.0799681   -2192.232132   190.6139404
-70.7695214   -2191.3561821   198.4930187
-72.4290935   -2190.956831   192.0096427
-73.2148019   -2190.5972958   194.3971664
-73.0378357   -2190.5272007   200.401336
-75.6997196   -2189.6233559   198.5387504
-76.6685335   -2189.4073486   193.2712495
-78.2928196   -2188.7514591   196.9790012
-79.2711107   -2188.5380745   191.9815242
-80.7034699   -2187.9680157   194.6457326
-81.4258186   -2187.7934933   191.1113113
-82.5681416   -2187.2332096   198.4440982
-86.6182176   -2185.9388351   193.2715178
-83.7018219   -2186.8698597   196.2984651
-86.659166   -2185.8248711   196.9789863
-89.446458   -2184.7980022   200.3297657
-90.05222   -2184.7259998   195.6029832
-92.456433   -2184.0412617   192.0452565
-93.0205909   -2183.6900711   196.8473643
-93.7601057   -2183.3531857   199.1768777
-95.3510133   -2183.1026077   190.8222288
-96.7768756   -2182.4429035   194.8345602
-98.9448754   -2181.4148426   199.6863782
-98.4950391   -2181.7374229   196.5611726
-97.5082842   -2182.302475   191.8284744
-100.9658305   -2180.9201241   193.3299005
-102.8284756   -2179.9967289   196.5320855
-101.9649235   -2180.1724434   200.2833337
-104.4030515   -2179.4934273   190.6219423
-106.138858   -2178.548336   193.7084645
-106.3981382   -2178.1928539   198.7555474
-109.2875329   -2176.6209602   200.3936321
-109.2157689   -2176.8035889   194.667086
-109.9680988   -2176.330328   190.5970871
-111.493322   -2175.3931046   198.1237233
-112.6048294   -2174.5722294   192.8478032
-114.3930284   -2173.4602451   198.3276904
-115.1309339   -2172.5389957   191.1960989
-116.7901484   -2171.4165211   193.8990504
-117.4215404   -2171.1645126   197.371304
-119.0961925   -2169.6634293   196.1898655
-121.5379564   -2168.0016518   199.5823681
-121.3800041   -2167.2039032   193.5864389
-124.5740382   -2163.492918   191.5472299
-123.6718027   -2164.8800373   193.3594793
-124.6194569   -2164.7229195   196.8276352
-127.6498166   -2161.2126827   194.8596835
-126.7244545   -2160.9466076   190.8780038
-126.9458262   -2162.94837   198.5684633
-128.4147827   -2162.1267796   200.4649192
-129.4843284   -2158.3650112   192.0441985
-130.1276413   -2159.7111225   197.8450716
-131.3121644   -2157.8197479   195.6599653
-132.0597259   -2155.4317474   191.5860921
-133.8861314   -2155.9536457   197.3758042
-134.7252456   -2153.9731026   194.6365833
-134.3860356   -2153.0075073   191.8012351
-137.5003187   -2152.6253223   197.7532357
-135.9606711   -2154.6835899   199.1188526
-137.2776953   -2150.9625912   193.8082725
-139.8323504   -2148.9262581   194.9579269
-138.9829842   -2148.3182907   192.136392
-141.8069927   -2149.610281   200.0516951
-141.7795149   -2146.3172436   193.8814819
-143.7350241   -2145.9715366   196.8145818
-144.05677   -2142.0142651   190.9582019
-146.5251771   -2142.6568031   196.3737756
-145.4826919   -2146.140337   200.4666626
-146.1227266   -2139.8355961   191.4933175
-149.038407   -2141.9477463   200.0886053
-148.4731165   -2137.4652386   192.3680604
-149.2073265   -2138.9274597   195.7866699
-149.9957768   -2133.6340904   190.6071454
-151.507887   -2138.6346817   199.9374926
-151.6213147   -2134.2380047   194.4796592
-152.9211728   -2135.1554394   198.2598454
-153.1119076   -2129.9710274   192.6628649
-155.2803842   -2131.1845779   198.5332519
-155.4970471   -2124.8626709   193.2648718
-155.4940072   -2127.6242733   195.5675185
-156.8180052   -2119.4851398   192.8309202
-157.4138729   -2125.8764267   198.4739751
-157.0617882   -2116.6176796   192.0287013
-157.9699842   -2109.6255779   191.6550845
-158.0269662   -2121.5951443   197.049886
-158.0952732   -2118.0109978   195.2890903
-158.3935944   -2115.0491238   194.7111487
-158.9262811   -2111.2036705   194.6677417
-159.1478316   -2107.0358753   193.9108968
-159.2632858   -2117.7778244   198.0496347
-160.5690447   -2085.2921009   190.6935126
-159.6412984   -2097.9905128   192.2740489
-159.6916047   -2103.4247875   194.2102611
-160.4693262   -2100.0328064   194.9543059
-160.0886313   -2114.0408516   198.4091401
-160.0956646   -2092.5452709   191.8260157
-159.8531333   -2108.0987453   196.0153878
-160.1082412   -2110.7177734   197.359696
-161.1777274   -2105.6368351   198.1817782
-162.407848   -2088.2053375   194.7321445
-161.7916552   -2080.1258087   190.9068078
-161.5820257   -2093.061924   194.9256212
-162.3238055   -2095.8065987   197.2275227
-161.370906   -2101.6225815   197.2876042
-163.2290808   -2075.68717   191.112712
-163.7060372   -2082.8025341   194.5840418
-162.509772   -2099.0123749   198.6209601
-164.114925   -2090.8753872   198.229149
-164.075884   -2078.794241   193.432644
-164.7190181   -2093.906641   200.2833933
-165.3140513   -2086.0292912   197.871089
-165.5050842   -2073.1878281   192.4078315
-166.3183299   -2075.961113   194.5009232
-167.1011177   -2069.4491863   192.0876056
-165.8825604   -2079.4489384   195.6816614
-166.9414369   -2081.9163322   197.826013
-168.3428017   -2084.4874382   200.3675103
-168.2114331   -2072.1800327   194.2785084
-168.4713689   -2066.3518906   191.5023029
-168.7825648   -2077.9714584   197.6459324
-169.1938368   -2074.6903419   196.3312924
-170.1796976   -2081.0148716   200.2398074
-172.4433032   -2064.5561218   192.7984357
-170.8411304   -2068.4013367   194.0701753
-171.2845293   -2072.322607   196.5290606
-171.6584889   -2075.2060413   198.329404
-171.8340842   -2078.0024529   199.9094784
-174.5179621   -2061.9649887   192.1105832
-174.0631191   -2067.1031475   195.0497329
-174.263033   -2069.9136257   196.8339235
-174.3377773   -2072.7000237   198.5038817
-174.5740501   -2075.9563446   200.4532069
-177.9973833   -2065.217495   195.3812838
-177.6047079   -2067.9898262   197.092697
-177.6101915   -2070.1384544   198.4404176
-177.5736538   -2073.0414391   200.2505064
-180.7204811   -2069.3585873   199.0945488
-182.6225249   -2065.8094883   197.2329468
-182.0853678   -2062.5474453   194.8468685
-184.1014949   -2069.1812038   200.0928968
-186.0555736   -2063.31563   196.3714957
-187.2799126   -2066.0560131   198.6678541
-190.4049841   -2062.9920959   197.0624179
-192.761871   -2065.0930405   199.1483718
-193.2682125   -2061.1157417   196.1234212
-194.8799817   -2063.0254745   197.8712231
-197.9835955   -2060.5709553   196.2880194
-198.6384717   -2063.9619827   199.0827024
-203.453931   -2062.5555515   198.2738376
-202.5937168   -2064.8591518   200.1489699
-207.2486607   -2061.776638   197.7309138
-210.6051771   -2063.5845661   199.2090493
-215.3704492   -2064.1219616   199.519515
-218.4536783   -2062.2274876   197.8003532
-218.6706392   -2064.1322136   199.3903071
-220.5447284   -2061.1753464   196.7980862
-221.4009491   -2063.0655289   198.3344853
-226.5619365   -2061.4836216   196.5978295
-225.6780592   -2065.2570724   199.8677701
-228.7045447   -2064.0318394   198.5780001
-229.9160687   -2061.7413521   196.4748204
-232.0847241   -2064.6827221   198.7131536
-233.885142   -2066.9767857   200.3642619
-238.8833491   -2065.1614666   197.7361739
-239.1916839   -2061.8007183   194.7083324
-240.8086387   -2068.5834885   200.0302821
-241.7579023   -2063.6425018   195.5294311
-243.8251106   -2066.3826466   197.1673667
-244.3045703   -2061.9671345   193.0098534
-245.5383865   -2064.915657   195.1644868
-247.9821173   -2069.767952   198.3363032
-247.1478311   -2071.8204975   200.3938854
-247.0394102   -2066.7202473   196.1084008
-247.2008196   -2062.1874332   191.8625087
-249.1281358   -2064.7687912   193.314448
-250.0042049   -2067.7468777   195.5992877
-252.8631417   -2070.523262   196.6912001
-252.925965   -2065.8397675   192.2974288
-254.848334   -2075.4966736   200.072363
-257.4059097   -2070.2595711   194.1480488
-256.0482947   -2072.7775097   197.1662939
-256.9650737   -2067.6295757   191.8229312
-257.817897   -2075.5522251   198.7876892
-261.4405481   -2075.2315521   196.8036145
-261.4457933   -2071.0849762   192.8572208
-260.712835   -2077.8722763   199.5140761
-265.9978596   -2079.6728134   198.6441463
-264.0738217   -2073.8847256   194.2136288
-265.9913627   -2076.0257244   195.2645481
-266.2352649   -2072.9780197   192.1682656
-270.2132789   -2078.5877705   195.3681707
-270.088288   -2076.0836601   193.0627674
-269.2132322   -2081.7499161   198.9159584
-270.0670687   -2073.7748146   190.7414794
-273.499581   -2084.0375423   198.6389607
-274.518582   -2081.9506645   195.9621459
-273.3320919   -2075.612545   190.5365735
-274.028751   -2078.9752007   193.4266984
-277.7183381   -2088.0606174   199.918732
-277.0882574   -2080.9512138   193.281278
-277.4571506   -2083.6610794   195.6809461
-277.5716511   -2085.4907036   197.4181384
-280.0254551   -2080.7316303   190.8058822
-280.2836028   -2083.6844444   193.6071366
-284.1028301   -2089.859724   197.2333044
-283.3900777   -2085.0293636   192.6035136
-285.0795714   -2093.0306911   200.1522332
-286.1138908   -2088.1638527   193.8240379
-288.9393298   -2095.4582691   200.2122849
-288.8338295   -2091.0279751   195.0550973
-289.8261873   -2089.0417099   191.7731017
-291.7633382   -2093.5149193   195.8302855
-292.1738354   -2092.1278   193.7119812
-291.6053263   -2096.1663723   199.2220283
-295.0272886   -2094.9997902   195.2437907
-296.3438956   -2093.5852528   192.3475564
-295.7621542   -2097.1057415   197.4629909
-298.1184451   -2099.3804932   198.7068951
-298.5219685   -2097.2082615   195.6481189
-301.1949388   -2101.2673378   199.0465075
-301.8663851   -2096.9386101   193.0300891
-303.9839593   -2100.2180576   195.8101243
-306.0158817   -2103.5616398   198.6656785
-305.7492105   -2098.3333588   192.2244132
-307.857546   -2100.3246307   193.3470517
-311.5851609   -2106.7767143   198.9541203
-309.9187938   -2103.3625603   195.7704574
-310.7830612   -2100.7823944   191.9708699
-313.0552498   -2105.5295467   196.4268982
-313.7674657   -2102.2176743   191.7960346
-316.5638772   -2107.9294682   197.0180124
-316.1776391   -2104.5281887   193.0745244
-322.1726743   -2106.6353321   191.5603727
-321.1105195   -2111.6297245   198.2383281
-321.7459051   -2108.6759567   194.3012327
-323.9905564   -2113.0766869   197.8153437
-326.000425   -2108.7863445   191.2752241
-325.7195083   -2111.2930775   194.434002
-326.2452213   -2114.2840385   197.4729002
-328.4010617   -2116.3918972   198.19884
-329.12347   -2114.5350933   195.5233216
-331.5987913   -2116.7798042   196.0795671
-332.6926557   -2114.4478321   192.5189197
-333.3565322   -2120.89324   199.3316263
-336.0451785   -2117.8095341   193.6068386
-333.892676   -2119.1887856   196.9589591
-336.2188069   -2122.9269505   199.295938
-339.0560476   -2121.127367   194.8833764
-338.7847272   -2124.4881153   198.9719719
-341.2880627   -2120.3813553   192.1274811
-343.1117264   -2124.052763   194.7521269
-341.6201798   -2126.1475086   198.5230893
-343.1656686   -2127.925396   199.2246062
-343.9455954   -2121.5105057   191.1205351
-344.0105645   -2126.4615059   196.7491657
-346.3248936   -2128.8647652   197.4654049
-347.1986977   -2123.8849163   190.9874678
-346.8815414   -2127.0825863   194.878906
-349.0323154   -2132.4117184   199.198246
-349.4474021   -2127.8855801   193.4972703
-351.1311141   -2132.2259903   197.0416307
-351.4419524   -2126.9991398   190.6752288
-353.3858386   -2129.9669743   192.3187375
-356.2493054   -2132.5912476   192.8930432
-355.3243009   -2134.5686913   196.2229609
-355.5443016   -2137.6287937   200.2123147
-359.3862382   -2136.4834309   195.3864396
-359.6471874   -2139.0564442   199.3051618
-360.6807319   -2134.1574192   191.111967
-364.3368808   -2139.9300098   197.2592622
-363.5392515   -2137.141943   193.1610703
-363.5784117   -2140.9053802   199.849844
-366.7074171   -2139.5747662   195.1123029
-367.4407331   -2137.4809742   190.9021139
-367.6389185   -2141.3042545   198.2485205
-369.6499196   -2139.4972801   193.2543367
-370.1941697   -2140.9590244   196.0704029
-371.338102   -2138.7867928   190.7332093
-370.9460822   -2142.4894333   199.646607
-372.6404039   -2140.4476166   193.5713291
-373.6189929   -2141.8910027   196.7743486
-374.3501035   -2142.9290771   199.6937692
-374.8730747   -2139.701128   190.7581389
-376.2254445   -2141.2363052   194.0654218
-377.4139611   -2142.5580978   197.8376359
-378.8301078   -2140.3815746   190.9843832
-379.9840537   -2141.7002678   194.6903914
-380.9550134   -2142.578125   197.7107376
-382.879707   -2140.9139633   191.9434667
-383.6022941   -2142.0235634   195.7516223
-388.0719868   -2140.9878731   192.8279698
-387.0999543   -2142.0683861   197.3148733
-390.4381124   -2141.0605907   194.7735101
-390.4819218   -2141.7651176   198.9331394
-391.3393346   -2140.0556564   191.0016388
-393.5166327   -2140.8174038   197.2135752
-395.158383   -2139.6315098   192.4148053
-394.5089904   -2140.9063339   199.97105
-396.7367736   -2139.831543   196.2847114
-397.5726096   -2139.0731335   192.9237992
-398.9902464   -2139.3401623   199.0101635
-399.9696103   -2138.6404037   195.5519915
-400.7161585   -2137.9020214   191.9594556
-402.3313252   -2137.9487514   198.500827
-403.2917944   -2137.2463703   194.691211
-403.9518563   -2136.5587711   191.1456436
-406.2624899   -2136.0611916   197.6898164
-406.3011733   -2135.7791424   193.3652312
-409.1274468   -2134.393692   194.8086023
-409.6812931   -2134.2382431   198.2500851
-408.4338871   -2134.5028877   191.5741861
-411.2879959   -2132.9398155   191.7407215
-412.5774828   -2132.4162483   196.2580234
-414.9244753   -2130.7208538   192.3964471
-414.4997326   -2131.1762333   199.3803084
-416.3380591   -2129.8584938   196.4947283
-417.0866934   -2129.2479038   200.4929334
-418.7113968   -2128.000021   192.7018762
-419.8902575   -2127.0649433   197.7430284
-422.0105139   -2125.2918243   194.0702349
-422.6950137   -2124.6421337   197.3208487
-424.4025675   -2123.1560707   191.0868436
-424.8980013   -2122.7412224   195.1534897
-426.5266386   -2121.2265491   199.4027644
-426.9507853   -2120.9025383   193.3592558
-427.4236885   -2120.4769611   196.3956505
-429.0404049   -2119.0624237   199.8918504
-429.1209904   -2118.8635826   190.7618344
-429.6102253   -2118.5421944   193.6804801
-430.7234017   -2117.7215576   198.506698
-434.2634407   -2114.5234108   191.7434037
-432.1788279   -2116.4731979   196.3026822
-434.8083464   -2114.2938137   194.3786293
-435.3855578   -2114.0341759   197.226271
-437.9285303   -2112.2920513   199.0329027
-437.7832142   -2111.9894981   194.2922175
-441.1178557   -2109.0598106   191.6666329
-441.2672249   -2109.568119   196.1263567
-440.4144017   -2109.9379063   193.981126
-442.5034253   -2109.0631485   199.5839477
-443.8024489   -2107.0637703   192.4022734
-444.6075884   -2107.1152687   196.6523826
-448.1510846   -2104.9380302   199.5606869
-446.3636605   -2105.1511765   193.0922121
-447.2496239   -2105.091095   196.5640336
-449.4436709   -2103.0032635   194.5885271
-452.2666661   -2100.4693508   193.2179481
-452.6164261   -2101.5369892   199.3397176
-453.3792464   -2100.3954411   196.7781484
-454.9683062   -2098.9024639   195.5787241
-455.9434382   -2099.2882252   200.3907412
-457.9128949   -2095.8769321   192.5536394
-458.9351145   -2096.9090462   199.7486204
-459.0466944   -2096.1825848   197.33648
-459.7533671   -2095.0922966   195.2025592
-460.722777   -2093.5759544   192.189768
-462.1271817   -2094.1436291   198.4848976
-463.994476   -2090.5942917   190.6279773
-464.1015259   -2092.0872688   196.4455992
-467.1785561   -2089.5645618   196.0531771
-468.8449828   -2086.987257   191.8228716
-468.1402174   -2089.9240971   199.7544169
-469.9269263   -2087.3105526   195.8129406
-471.0229365   -2087.874651   200.3386021
-472.9298083   -2083.7590694   192.3126876
-473.4425274   -2085.6091976   199.1467178
-475.0706879   -2083.0237865   195.5052912
-474.6334282   -2081.8543434   190.7189935
-476.8329588   -2082.9679966   199.6134669
-478.8945643   -2080.3806782   197.3207444
-477.4224488   -2080.6593895   194.4884658
-477.9650895   -2079.2858601   191.8138415
-480.6496827   -2077.4416924   193.5652047
-482.0532528   -2076.8074989   195.4181939
-482.6324908   -2077.1098137   197.7224648
-483.2220999   -2074.7363567   192.6450133
-485.9163491   -2073.8408566   197.3970979
-484.3564955   -2075.9944916   199.0454048
-487.8502814   -2070.9342957   194.738999
-489.2637459   -2071.6934204   200.414598
-490.0716273   -2068.5219765   194.3321228
-491.1939827   -2068.9582825   198.5134035
-491.7003838   -2066.712141   194.0153539
-493.4459654   -2064.3939972   192.7532107
-492.7307097   -2067.1217442   197.9562342
-494.6698872   -2064.2027855   195.7563907
-495.2232567   -2064.8612976   199.072957
-496.9696728   -2063.2781982   199.9068707
236.4750775   -2200.7937431   191.9648796
235.6696697   -2201.0836601   196.9171017
232.6666685   -2202.3048401   199.1345435
233.7182435   -2201.8930912   193.0733025
232.4021133   -2202.413559   196.6482252
229.9949797   -2203.2799721   193.8642859
228.9286228   -2203.738451   199.3393004
226.9574376   -2204.3206692   194.3466514
225.7577749   -2204.8428059   199.6189654
223.7619432   -2205.4300308   197.0921457
223.7628969   -2205.3012848   193.523556
221.7359515   -2205.7878971   191.1426932
220.8790752   -2206.2335014   195.7842112
220.9213647   -2206.3434124   198.7352669
218.412933   -2206.7627907   192.0320392
217.7203866   -2207.2122097   197.9585886
215.8584269   -2207.5884342   195.1123774
214.3383893   -2207.8742981   193.0863708
213.5019573   -2208.3044052   197.8970468
209.9513086   -2209.0749741   195.7683861
209.1698619   -2209.0799809   192.4734563
209.5484706   -2209.3501091   199.9874115
204.3381902   -2210.3500366   196.0494369
205.7320448   -2209.8379135   192.3695952
201.1260363   -2210.8402252   193.2119429
200.770584   -2211.1756802   197.8533715
199.3730339   -2211.0033035   190.6671971
195.835677   -2211.9028568   195.1106489
196.8669864   -2211.5256786   192.3184842
194.0599652   -2211.9328976   191.6195303
192.717609   -2212.5725746   198.0516315
191.7934986   -2212.4435902   193.9345598
189.8741695   -2212.8369808   195.5492347
188.2404359   -2213.2599354   198.2108057
187.8083917   -2212.9313946   193.0285543
185.3994998   -2213.3123875   193.5040206
183.52851   -2213.8977051   198.2304603
181.8469735   -2213.8454914   194.1464096
179.410276   -2214.2677307   195.8538443
178.8812252   -2214.0450478   191.5228814
174.7958633   -2214.7064209   194.1656023
174.7676107   -2214.905262   197.4741369
174.3251952   -2214.5483494   190.9927428
171.2315055   -2215.2533531   196.9339252
170.1539131   -2215.1341438   192.8807348
168.8001426   -2215.5611515   198.7004429
168.3157357   -2215.4738903   195.8400458
165.9113737   -2215.4667377   192.390874
165.2248176   -2215.7936096   198.2204765
162.3754474   -2215.7709599   194.5511401
161.0759767   -2215.9004211   198.214069
158.7851914   -2215.6832218   191.6720122
159.1146561   -2215.8026695   195.0687319
156.4094993   -2215.8198357   199.3466169
154.8812064   -2215.565443   193.9084679
153.2793912   -2215.5086994   197.6710856
152.8926762   -2215.3029442   191.006124
151.8500718   -2215.2841091   193.8132942
146.9644877   -2214.7183418   198.8157183
148.7687203   -2214.8785591   193.8420534
147.1453878   -2214.6258354   190.5626506
144.867328   -2214.3025398   195.5015957
143.6440917   -2214.2362595   197.6468116
142.5015601   -2213.8257027   191.1538988
140.5228051   -2213.8712406   200.1522332
141.3524719   -2213.7422562   195.3081936
137.1337744   -2213.0794525   194.6429461
136.361924   -2213.1121159   197.5506395
136.684415   -2212.9173279   192.2189146
133.7344321   -2212.593317   194.2273825
133.9235278   -2212.5220299   190.7996535
131.8879696   -2212.7039433   197.6736337
130.4143044   -2212.1331692   191.0565048
129.6568485   -2212.3367786   195.4464763
128.7241253   -2212.5554085   198.2498467
127.3590895   -2212.0029926   192.8272396
125.8534464   -2212.241888   196.3043064
123.8321038   -2211.796999   191.5640533
122.8373619   -2212.6429081   199.5598227
122.2301396   -2212.1553421   195.5769509
119.5653053   -2211.8840218   192.7469224
118.9743849   -2212.4385834   197.4124014
116.3115474   -2212.1090889   194.1890866
114.9871918   -2212.5775814   197.0337182
114.513156   -2213.0596638   200.1954019
112.2192117   -2212.2542858   193.2398528
111.4969226   -2213.064909   198.6645162
108.8367077   -2213.0527496   196.8985647
107.3417934   -2212.521553   191.520676
105.1642271   -2213.2351398   195.4305321
104.8367592   -2213.9091492   200.1471519
102.7804884   -2213.2027149   192.1929121
101.0394665   -2213.9971256   197.2050965
100.3267141   -2214.4110203   199.6033788
97.273198   -2214.1416073   192.4036443
97.1898707   -2214.9157524   199.719727
95.8846482   -2214.7209644   196.1012632
94.2406627   -2214.7095203   192.7964091
92.9859551   -2215.5203819   200.075075
91.5845307   -2215.3849602   195.6293583
89.7574695   -2215.5063152   192.579031
88.3174809   -2216.0208225   197.7697015
87.6966985   -2215.9392834   194.8387474
86.3229903   -2215.9831524   191.1118776
83.7844881   -2216.6280746   197.4186301
84.802893   -2216.3336277   193.7929094
83.2373174   -2216.5002823   190.9935772
79.2240175   -2217.1940804   196.0053593
80.3941163   -2216.9620991   191.3315505
80.9102925   -2217.0643806   198.8257915
77.7558955   -2217.4329758   199.1623193
76.5117677   -2217.4975872   193.1795329
74.7904452   -2217.6938057   196.6067702
71.7966827   -2217.9734707   194.7096437
70.9940466   -2218.0099487   197.9700923
69.297758   -2218.1136608   200.5005181
68.1859525   -2218.2192802   195.9608644
67.6747235   -2218.3454037   192.2716349
65.7589706   -2218.2831764   198.3859688
65.5049952   -2218.5175419   190.908432
62.7684864   -2218.5037136   194.7443038
60.4443225   -2218.4836864   197.010532
60.9571012   -2218.6992168   190.8534616
57.5936707   -2218.685627   192.9069608
57.2763952   -2218.5029984   197.9711801
53.0815395   -2218.7774181   191.4641857
54.7346743   -2218.5959816   195.9364116
52.2467764   -2218.4717655   199.5091289
51.1214408   -2218.6040878   195.844546
50.6252917   -2218.7542915   192.0337826
49.1177114   -2218.4677124   199.3171871
48.7602028   -2218.6915874   193.5615689
47.4656495   -2218.575716   196.2867379
43.8620719   -2218.3725834   200.3825754
45.0983914   -2218.6436653   194.3401843
43.165234   -2218.7576294   191.3397014
41.1604317   -2218.6152935   194.1115707
40.1133569   -2218.7318802   191.3000494
38.4935411   -2218.4004784   198.0263442
35.5194481   -2218.5761929   193.4356838
31.1021479   -2218.3251381   197.1129924
30.8240326   -2218.5742855   192.2603399
28.4520658   -2218.116045   200.089395
24.8059901   -2218.3332443   194.9449629
25.346187   -2218.1949615   197.8701204
25.5648764   -2218.5587883   191.0106689
21.4867862   -2218.4898853   190.9994632
22.0999988   -2218.1236744   198.2409209
19.7867426   -2218.2440758   194.9890107
17.3291834   -2217.9822922   198.3760893
16.5924104   -2218.3151245   191.8256134
15.6450542   -2218.1026936   194.7771311
13.3942636   -2217.758894   198.8309622
12.1255787   -2218.0547714   191.4584637
12.601641   -2217.8878784   195.3795254
8.4536942   -2217.4344063   196.6433227
7.1662339   -2217.4682617   192.4212575
6.2436732   -2217.0240879   199.6061057
4.38526   -2216.9218063   195.5644786
3.5130056   -2216.9201374   191.8269545
2.8845938   -2216.4609432   199.9496222
1.0464462   -2216.3248062   194.7988868
0.322369   -2216.0465717   197.9327947
-2.1329252   -2215.5725956   195.4460442
-1.8315641   -2215.7626152   192.574203
-3.7023751   -2215.0037289   199.7555345
-5.1293699   -2214.8895264   193.0120736
-4.9100844   -2214.8025036   196.773842
-6.6880909   -2214.1504288   200.1674622
-8.3431331   -2213.8631344   196.0366517
-8.6551038   -2213.955164   191.6469187
-10.6724826   -2213.1416798   196.2445676
-12.0969144   -2212.8407955   193.2717562
-13.6809079   -2212.0330334   199.2204338
-15.3916208   -2211.6615772   195.6115812
-13.6748282   -2212.4681473   190.6172931
-18.2997314   -2210.8988762   191.8941736
-17.8147284   -2210.6416225   199.6935457
-18.9328519   -2210.4330063   196.3336766
-20.8089081   -2209.6333504   199.5091289
-22.6496784   -2209.1434002   197.0248073
-24.4553415   -2208.7304592   193.2613254
-25.5935518   -2208.0175877   199.669376
-27.7951089   -2207.754612   190.6925589
-27.4299113   -2207.6296806   194.9735135
-30.0924508   -2206.5906525   197.2332448
-31.3926665   -2206.4630985   191.3071573
-32.0133296   -2206.0194016   195.0071156
-33.4596959   -2205.2702904   199.9635398
-33.9496461   -2205.4409981   192.9317117
-36.3307325   -2204.3511868   197.1002966
-35.7326595   -2204.9748898   190.6783879
-38.1346671   -2203.5524845   200.1880556
-36.9877545   -2204.2918205   193.6997175
-40.2392475   -2203.1691074   192.5700158
-40.8518044   -2202.641964   197.767958
-45.1635448   -2201.3187408   192.3442185
-45.5689756   -2200.8671761   197.3662972
