-892.2635046   -2650.5610943   21.450514
-893.6252324   -2647.3555565   24.0367427
-893.6863867   -2657.6800346   18.1807075
-892.7360503   -2660.875082   21.4692615
-893.1450573   -2663.0253792   23.5948619
-892.5386397   -2644.4511414   28.4940973
-895.1594559   -2655.3864479   16.9352535
-895.0056759   -2652.4217129   18.336555
-895.9152428   -2649.923563   20.5804259
-894.9588267   -2661.8888378   19.3357822
-895.0116364   -2659.0790749   16.717229
-896.7778412   -2665.2269363   21.1238284
-896.5593306   -2666.2607193   25.2621192
-893.4902874   -2664.7720337   27.9559884
-896.5171305   -2647.9637623   22.9766965
-897.7870671   -2654.7808647   14.6855954
-897.296044   -2646.7838287   24.6496312
-896.7610327   -2645.5910206   26.6637616
-897.0962492   -2661.3750458   14.856779
-898.4235255   -2665.1835442   17.6866557
-898.9870278   -2651.7324448   17.6022835
-897.5251643   -2658.2119465   13.8924001
-900.3977505   -2648.4510899   21.7689108
-899.1747824   -2667.8085327   23.8210652
-899.5364634   -2668.6241627   27.0361621
-896.9915835   -2667.7675247   31.3319229
-900.0692097   -2646.4805603   25.9184483
-898.7831799   -2644.5019245   30.430939
-895.2313391   -2643.522501   30.2401893
-899.5357481   -2663.6350155   12.7617735
-900.2642361   -2657.0847034   11.3528622
-901.1208741   -2655.3711891   12.1665131
-900.3303973   -2667.9980755   20.889625
-900.8681504   -2666.172266   14.0089793
-901.3677565   -2664.1016006   9.8853856
-901.1765448   -2656.1663151   11.0706436
-901.5272585   -2656.5709114   10.4836719
-891.7846409   -2670.6869602   64.0288144
-892.3120228   -2697.270155   69.6172491
-892.0474974   -2665.2388573   53.2635935
-892.3486201   -2716.4342403   71.9707459
-892.0086352   -2686.9518757   70.2885464
-892.0796839   -2665.4388905   45.4161167
-891.7424408   -2726.1047363   142.4211711
-891.7594878   -2724.5364189   146.4279741
-891.8542591   -2721.5151787   152.6799649
-892.1056715   -2722.9504585   77.4809346
-892.170879   -2726.3360023   82.6569349
-891.8094365   -2632.4052811   48.066508
-894.2095963   -2667.0053005   38.9343128
-892.8285567   -2715.9693241   162.0143801
-893.4150664   -2705.6069374   69.3551749
-892.2086684   -2709.7344398   69.3398267
-892.106506   -2730.4944992   123.9836589
-892.4649683   -2701.0688782   69.0859631
-892.1385733   -2731.5368652   103.7754938
-892.4817768   -2731.5320969   107.0630997
-892.3984496   -2729.0935516   131.8095922
-892.0968501   -2641.8709755   32.2820954
-892.2662465   -2674.5548248   66.7161718
-893.1798664   -2677.1030426   68.0081323
-892.7098242   -2691.5020943   70.7180649
-892.9949728   -2730.1626205   94.7293714
-893.3001486   -2730.6113243   97.5853726
-893.4536902   -2729.6190262   127.4099648
-893.3281628   -2665.4398441   49.120225
-893.8389746   -2672.4495888   65.2101114
-892.5785748   -2731.1139107   116.9567108
-893.4430806   -2731.0948372   113.1924465
-894.7760788   -2727.0200253   138.933897
-892.5796477   -2727.4620533   85.4592994
-892.8339211   -2712.5258446   70.4124495
-893.132898   -2728.6391258   88.9507607
-894.3277327   -2629.2619705   54.3111712
-893.6494318   -2723.2999802   149.2232233
-895.0788704   -2713.1750584   167.7303612
-895.824763   -2728.8417816   92.2047943
-894.9626414   -2718.0037498   158.9967757
-893.5624091   -2719.9139595   75.1194805
-894.2392794   -2680.4232597   69.3719387
-895.2823607   -2684.470892   70.6926137
-893.8365904   -2724.0774632   80.0531358
-894.0053908   -2626.8296242   57.9688251
-894.5203749   -2636.6691589   43.2292894
-894.7025267   -2638.7410164   39.7385359
-894.2457167   -2667.2313213   58.5136153
-894.9882714   -2666.4028168   55.6183085
-894.7388855   -2710.9792233   172.5640148
-893.2810751   -2625.5776882   59.7032197
-894.6718899   -2730.8299541   109.4876602
-894.9106661   -2728.0766964   134.1575384
-894.537541   -2668.8587666   61.1596033
-894.9348656   -2634.5443726   46.7883386
-895.6236569   -2730.3500175   100.849174
-894.5445744   -2730.1363945   120.9600419
-895.9947554   -2720.1354504   155.4984599
-895.7963911   -2640.8362389   36.5702547
-895.625445   -2724.8165607   145.3008503
-895.0239149   -2631.8356991   50.8156046
-896.7268196   -2721.7886448   152.354449
-896.1341111   -2689.3601418   71.4142695
-896.3918415   -2666.254282   52.1357358
-895.9929673   -2666.7582989   45.09205
-896.1258856   -2721.9283581   78.6258429
-895.4615322   -2729.5634747   123.4651506
-895.3462569   -2730.6396961   105.3755358
-895.5312697   -2709.928751   70.8894059
-895.6610886   -2675.3511429   67.0896024
-896.6760365   -2700.4098892   71.1705759
-896.3600127   -2694.4813728   71.750477
-896.3710991   -2713.7489319   72.5204125
-895.8500353   -2717.0243263   74.1756409
-896.1589066   -2728.5275459   129.9179196
-896.0777251   -2730.0741673   115.7234758
-895.8368031   -2727.7085781   88.6374041
-896.00763   -2726.0332108   84.9018991
-897.3235814   -2625.8766651   61.5521222
-896.7044083   -2716.5410519   161.8159264
-897.3862854   -2715.1587009   164.4356847
-897.6276842   -2729.0956974   95.7656428
-898.0016438   -2677.208662   68.1708604
-898.1284825   -2666.9249535   48.2780673
-896.6176239   -2670.9694862   63.3211657
-899.4707791   -2706.6283226   72.1198693
-896.6096369   -2730.0755978   112.401776
-898.2408968   -2728.4727097   125.4737228
-897.6242272   -2723.2086658   81.1547935
-897.7099387   -2718.9319134   76.5461102
-897.9465691   -2726.9279957   136.7676407
-897.3551718   -2723.0157852   149.5445967
-898.8564936   -2673.7127304   65.7104999
-898.0664936   -2627.9082298   58.4489852
-897.4628178   -2642.7583694   33.6775482
-901.0467259   -2668.8928604   42.9565087
-899.9898163   -2669.4660187   36.604695
-899.0928856   -2682.0902824   70.4398304
-897.632095   -2669.0027714   60.1544827
-897.1010176   -2667.4478054   57.4279167
-897.8873221   -2630.2204132   54.7102094
-897.3474232   -2638.2741928   42.0799665
-899.6231285   -2637.0675564   45.1174788
-898.921105   -2729.45714   108.6995155
-898.6023394   -2640.2249336   39.395757
-897.9181973   -2711.0855579   173.1275916
-895.3635422   -2709.3355656   176.7976135
-899.2135254   -2727.3876667   132.3067397
-898.8598315   -2634.6490383   48.5170931
-899.1785971   -2713.2277489   168.6362922
-898.2547251   -2718.2023525   159.0541899
-899.2738453   -2667.4053669   54.8592918
-900.2845017   -2633.0497265   51.409442
-898.2253996   -2726.5191078   87.6799598
-899.754378   -2686.7842674   71.8147159
-899.9025551   -2729.1743755   103.1685472
-899.7130124   -2728.3484936   121.6516495
-899.4151083   -2728.716135   118.5562164
-898.7210719   -2710.593462   72.4866837
-899.5716301   -2729.1340828   100.0564843
-900.2930848   -2725.0902653   143.1033909
-900.3623454   -2723.9146233   146.6483623
-899.6966807   -2642.4939632   35.6249288
-899.1157738   -2715.9018517   75.0051886
-900.9418217   -2725.812912   139.5118833
-900.5140988   -2720.2317715   155.2927494
-899.5332447   -2724.6623039   84.83769
-898.8816468   -2729.2900085   113.2316589
-900.1278607   -2720.5450535   79.4696286
-900.7651535   -2692.0003891   72.8906766
-899.6711699   -2727.8482914   127.314046
-899.9148337   -2696.5489388   72.7465004
-900.401446   -2712.7876282   73.9752948
-899.8753754   -2727.2953987   91.3487375
-900.3936974   -2667.3355103   51.3646267
-901.0467259   -2626.1277199   63.0163103
-901.1426894   -2670.624733   61.7469288
-897.6579634   -2715.9221172   163.0941331
-898.8779513   -2716.0487175   163.0231142
-900.3357617   -2722.6245403   82.1707547
-900.0638453   -2668.6787605   58.2954735
-900.6963698   -2669.7361469   31.3372128
-901.0625807   -2678.8158417   68.9275265
-900.7484642   -2638.8034821   42.8465307
-901.0065524   -2722.0668793   151.1491835
-901.03254   -2714.74576   165.7781452
-899.8896805   -2643.964529   32.3734619
-901.4216391   -2717.6876068   77.4558038
-900.9588686   -2629.2407513   57.5931966
-901.0834423   -2631.1461926   54.5801036
-901.0446993   -2636.2900734   46.8522757
-900.1880614   -2709.3822956   177.896142
-893.5442892   -2698.3964443   221.1419046
-892.240378   -2707.7155113   179.3489605
-891.9295994   -2698.9791393   203.3941299
-891.798946   -2697.4444389   268.2437003
-891.9464079   -2701.0273933   237.9577905
-892.7577464   -2700.5634308   233.6086631
-892.8785054   -2698.3699799   207.1242779
-893.1802241   -2690.5999184   286.8648469
-892.3490969   -2675.688982   311.0537827
-892.358276   -2665.5116081   319.2176223
-893.0703131   -2680.2153587   305.39608
-893.2237355   -2682.9841137   301.2447953
-892.4565045   -2687.473774   293.6110795
-892.8335635   -2701.0602951   241.5684313
-892.3800913   -2697.9711056   210.0085765
-892.9459778   -2697.9885101   217.8937495
-892.8706376   -2670.7780361   315.4832125
-892.0381991   -2695.0237751   276.0335505
-892.8193776   -2693.5882568   279.7335386
-894.31307   -2703.5489082   190.8092797
-893.572065   -2706.6209316   182.7657819
-893.5899464   -2696.0132122   272.6704478
-893.7424151   -2685.4324341   297.1354127
-893.3269707   -2700.2792358   253.5223961
-894.4397894   -2699.6409893   228.7753522
-894.6914402   -2700.6101608   248.9937097
-893.856856   -2699.5806694   257.9268217
-894.1054074   -2698.7679005   261.9267106
-894.4869963   -2697.8394985   265.7664418
-893.7031952   -2702.1691799   194.1824406
-893.8514916   -2700.2260685   200.1566589
-894.7422234   -2697.769165   214.4505084
-895.7770792   -2688.5950565   290.5823886
-895.2020136   -2691.9100285   283.2309902
-893.985006   -2705.4646015   185.8591437
-895.0952021   -2672.9419231   313.1659925
-894.7591511   -2701.5957832   196.4065284
-895.4107491   -2661.6311073   320.4321265
-892.4796311   -2658.0691338   322.4419653
-894.591066   -2668.1678295   317.0126975
-894.8967186   -2677.5493622   308.4110618
-896.8425719   -2700.6480694   244.1745251
-893.8981024   -2698.9405155   204.9496174
-895.0432269   -2696.9175339   269.0250278
-894.7429387   -2700.8318901   238.0620539
-895.651075   -2694.4694519   276.4254808
-896.189305   -2698.7526417   224.8289883
-896.4497773   -2707.9052925   180.8063537
-896.0243193   -2675.3537655   310.6274903
-896.7606751   -2665.3039455   318.2942867
-896.7878548   -2698.0257034   211.1788839
-895.783755   -2686.8190765   294.1453755
-896.5801922   -2700.492382   236.1370474
-897.2692219   -2699.9607086   232.2455198
-897.4095313   -2692.8868294   279.9105942
-895.8632676   -2670.2795029   315.2214289
-898.2572285   -2697.8178024   218.470633
-898.2219426   -2680.5789471   303.7900925
-897.4282471   -2679.0530682   305.9830666
-897.8323666   -2690.2282238   286.2643301
-897.3171441   -2695.605278   272.2307742
-897.2729174   -2683.586359   299.3896604
-896.6191737   -2699.608326   255.8342516
-897.5692717   -2699.9621391   252.3002625
-897.3141638   -2703.1841278   193.3925897
-896.9483105   -2706.2005997   185.4214221
-897.891256   -2685.4324341   296.1475551
-898.2271878   -2699.9924183   202.8831691
-897.7082697   -2701.4501095   198.2176006
-897.971007   -2698.7287998   259.7333193
-897.0308033   -2698.9040375   206.3352317
-897.1111504   -2698.0104446   263.6652589
-897.9662386   -2699.2352009   228.3495516
-898.3068196   -2696.8932152   267.3509419
-898.1393305   -2668.1687832   316.1286712
-898.4652487   -2700.2210617   248.6495525
-900.621864   -2697.7200508   214.1587138
-897.8690831   -2698.1372833   221.6463387
-898.968908   -2676.5201092   308.6463213
-899.0770308   -2704.4775486   190.4724687
-898.5585896   -2671.0639   313.9624298
-898.7626759   -2673.7675667   311.5562499
-898.9350525   -2691.4343834   282.8818262
-899.5830742   -2700.3371716   239.5960689
-898.6432282   -2661.5812778   319.7157979
-897.3792521   -2656.9461823   321.7070699
-900.2299038   -2693.6199665   276.471734
-899.0107504   -2686.8391037   293.0769026
-901.1548487   -2688.1670952   289.3643975
-900.6834952   -2698.4202862   225.5249172
-900.4845349   -2707.6406479   182.4225485
-900.4085986   -2699.9619007   235.29163
-900.3149001   -2699.1004944   255.6249499
-901.3987509   -2665.0516987   317.2352612
-900.0358311   -2698.2531548   210.2286518
-901.2316195   -2699.9773979   246.6237843
-901.0576931   -2700.1540661   243.2199568
-899.7947899   -2706.2215805   186.079219
-900.7626501   -2699.1267204   206.4081728
-900.6139962   -2697.4773407   263.4552419
-900.6837336   -2682.0812225   300.8644581
-900.7136551   -2684.0205193   297.7270186
-900.3839222   -2702.3780346   196.4338273
-900.7769553   -2695.6305504   270.1079249
-901.2392489   -2694.6396828   272.9179263
-900.4856078   -2680.4182529   303.3479452
-901.5269009   -2691.7922497   280.5092335
-901.1372057   -2678.5821915   305.6295514
-901.250693   -2701.2109756   200.0036687
-901.3204304   -2698.0242729   223.2076824
-900.7619349   -2685.4543686   295.1441705
-901.0163275   -2698.8565922   228.0471176
-901.5952078   -2668.9355373   314.7416115
-901.2326924   -2658.0336094   320.3860223
-901.2967078   -2661.3783836   319.0957308
-900.0183073   -2628.467083   322.2582638
-901.503059   -2653.3200741   321.7268586
-901.0736672   -2632.6022148   323.3947456
-891.6349141   -2651.0269642   324.6892095
-892.4096552   -2636.4636421   328.1171024
-893.2256428   -2640.1519775   327.3637593
-893.6178414   -2629.8673153   326.9255757
-893.6427561   -2648.0176449   325.1369596
-894.9241368   -2633.8853836   326.9550502
-895.0274912   -2644.5310116   325.7327378
-894.3401305   -2654.0865898   323.2136667
-895.2735392   -2650.8126259   323.9310682
-895.8234517   -2627.2456646   324.447155
-895.9463564   -2638.1521225   326.5794218
-898.5544173   -2642.3888206   324.9989152
-897.4861828   -2631.1693192   325.0823617
-898.8754479   -2646.048069   324.1887093
-897.3190514   -2649.5072842   323.8235414
-898.0878321   -2652.5754929   322.7542639
-898.7799612   -2635.2126598   325.1767755
-900.3081051   -2639.5120621   324.6670067
-900.544974   -2649.9762535   322.7588832
-892.6676241   -2607.4640751   114.0409857
-891.7361227   -2596.9691277   158.1160724
-892.1465603   -2616.7464256   78.6325857
-895.3940598   -2607.7518463   117.6781654
-893.4544054   -2598.6130238   153.4049064
-892.9241625   -2601.4356613   136.6475672
-892.574164   -2604.698658   125.2053082
-893.4902874   -2608.4270477   109.9792197
-893.8801018   -2620.7768917   69.3311691
-893.0813996   -2619.2276478   72.5842416
-893.0902211   -2599.1642475   147.9119807
-894.1865889   -2600.4168987   143.5253769
-892.6726309   -2611.8798256   94.1398963
-892.3719851   -2613.1708622   89.2930999
-893.2167021   -2595.6845284   168.4354842
-892.9621903   -2615.5183315   82.2700113
-894.3656413   -2614.4237518   86.1154273
-892.9462162   -2609.1003418   105.9345827
-893.2467429   -2622.3454475   65.859668
-892.9592101   -2610.7976437   98.3031243
-892.5887076   -2624.0012646   62.286336
-892.7553622   -2594.3806171   172.7380306
-893.3531968   -2603.8537025   129.2842031
-894.6857182   -2599.6723175   150.5351514
-895.4078881   -2601.6569138   140.2957737
-894.1505877   -2610.0208759   102.7395502
-895.3063218   -2618.4015274   75.5442232
-894.2448822   -2605.9365273   123.0794191
-895.684692   -2607.1240902   120.7567081
-895.6775395   -2598.5515118   161.5640372
-895.0005499   -2597.4962711   164.9151444
-895.9064213   -2603.5192013   133.7860674
-894.3562237   -2598.5481739   157.2873592
-895.7868544   -2616.8665886   79.7132328
-895.2969042   -2612.8635406   91.9334665
-894.2019669   -2613.4877205   88.8462961
-893.5979334   -2613.7754917   87.5927955
-896.8504397   -2605.9687138   126.7468035
-895.9296671   -2608.4122658   114.6461889
-896.1980072   -2612.0157242   95.7775265
-896.2057558   -2596.7519283   171.287179
-897.6309029   -2596.6846943   174.9813557
-893.0885521   -2593.6832428   176.4125973
-896.7660395   -2603.0030251   137.1528506
-896.479818   -2609.7900867   106.8557575
-897.1684901   -2611.2914085   100.0394747
-896.107289   -2615.7207489   82.8782618
-896.1833445   -2620.0339794   72.072506
-896.4326111   -2601.1312008   146.3812441
-898.8827197   -2599.1830826   167.1469361
-897.7143494   -2622.1392155   68.5605928
-896.4658705   -2623.7077713   64.9571717
-899.5808092   -2605.5512428   132.648319
-897.0705   -2600.6910801   152.3085684
-897.621843   -2609.52425   111.046657
-897.8408305   -2610.779047   103.6017016
-899.55506   -2603.1701565   143.3970183
-897.5791661   -2614.0682697   89.1181603
-898.7192837   -2607.7668667   123.3250052
-898.0490891   -2600.1360416   159.8373502
-899.1239993   -2601.2432575   156.497702
-898.5208002   -2615.4778004   85.1519778
-899.4322745   -2602.2779942   149.5055854
-898.71833   -2613.2519245   93.1296349
-899.1089789   -2618.3173656   77.6630268
-900.0416724   -2620.3420162   73.3672604
-900.2182213   -2609.8070145   116.8043166
-899.6146647   -2603.8808823   139.6417469
-899.0292279   -2616.8546677   81.4289898
-899.7987238   -2604.9010754   135.4850531
-900.0978199   -2610.3219986   113.1399721
-900.4845349   -2612.7910614   97.333096
-900.1117674   -2598.6745358   172.5305766
-899.6529309   -2610.84795   107.2337702
-901.0187117   -2608.2062721   125.5648136
-900.0417916   -2606.5993309   129.6756268
-899.7349469   -2623.8563061   66.4083064
-901.3982741   -2612.1613979   102.5121585
-901.2760846   -2615.3326035   87.9165977
-900.6768195   -2614.3350601   90.962857
-900.724384   -2599.4288921   170.5503911
-901.1556832   -2598.2871056   176.7910868
-891.6558949   -2586.7958069   207.6747417
-893.9674822   -2596.050024   257.4983835
-892.0018402   -2595.498085   265.650779
-892.0713393   -2598.8163948   285.0776315
-894.1274611   -2601.5729904   288.7668312
-893.7115399   -2590.1505947   193.7333196
-891.8065754   -2587.1019363   218.7644392
-892.1332089   -2587.6908302   221.9865918
-893.3242289   -2590.8782482   189.0837699
-893.5330836   -2591.9079781   185.129568
-894.8251931   -2593.7895775   180.353269
-892.7265135   -2591.1381245   237.7939373
-893.7538592   -2608.4923744   304.3886423
-892.2612397   -2587.6026154   203.1484544
-892.3911778   -2588.3786678   225.6195545
-893.1016652   -2615.478754   316.2267506
-891.8240992   -2617.0420647   319.5615411
-893.6863867   -2588.4222984   214.2092437
-893.5261694   -2594.7048664   250.5330443
-894.5394484   -2594.7692394   247.0178604
-893.9621178   -2604.767561   296.6147363
-894.4442002   -2603.5575867   293.0760086
-892.648193   -2596.6515541   273.3572721
-894.4273917   -2606.4891815   299.4847
-893.5768334   -2611.1268997   309.1707528
-894.5877282   -2591.2768841   230.7320386
-894.1999403   -2590.14678   226.1036485
-894.6059672   -2614.6035194   313.2562935
-893.668863   -2595.3350067   253.7793815
-894.1322295   -2598.4742641   278.2987058
-895.1127259   -2597.3289013   262.702167
-895.8080737   -2589.9481773   209.7593546
-894.2858902   -2593.275547   241.1543876
-894.4402663   -2597.3544121   268.846482
-894.6029869   -2589.0924931   206.2744945
-894.7158781   -2589.9665356   221.4460373
-895.6978051   -2590.3201103   217.0555592
-896.1376873   -2619.2529202   317.6253438
-893.2926384   -2620.1970577   321.4309216
-895.1458661   -2600.1596451   282.5289071
-897.0834938   -2598.8607407   266.39238
-895.1374022   -2601.2508869   285.9759927
-895.3751055   -2589.9467468   202.1602392
-896.8356577   -2591.5760994   197.0469356
-895.0144974   -2592.4017429   234.5073074
-896.471831   -2599.1420746   272.9614675
-896.0245577   -2594.0330029   238.06867
-896.3662115   -2595.1740742   178.3073992
-895.9948746   -2612.9744053   308.9417517
-895.897123   -2621.9809055   320.7298815
-893.7456337   -2623.3217716   323.6526251
-896.2458102   -2592.8723812   188.3383691
-896.4352337   -2592.0100212   193.2481825
-897.1482245   -2597.2704887   250.4479587
-896.821591   -2594.1038132   184.2825264
-897.0211474   -2597.6915359   254.135102
-897.8051869   -2591.6330814   212.9300684
-896.7320649   -2612.2274399   306.7369163
-897.7461783   -2610.0652218   301.5650809
-896.4807717   -2605.8835983   295.0180173
-896.8461481   -2598.1695652   259.5250309
-897.2468106   -2603.5916805   288.382262
-896.6850964   -2599.9383926   277.1601677
-897.6065842   -2593.3051109   227.2401303
-897.3960606   -2592.5891399   223.7796932
-897.4218098   -2596.2362289   243.5286194
-897.7993456   -2595.8545208   240.1809841
-899.164292   -2608.1097126   295.7323194
-898.9743916   -2600.3534794   269.5525587
-899.1616694   -2606.12607   291.3506627
-898.4014717   -2597.5542068   247.1131533
-897.3049847   -2593.8689709   231.8809479
-897.1209256   -2590.9352303   205.7642639
-897.0705   -2615.1297092   310.9515905
-898.7384764   -2617.5065041   312.425822
-898.0546919   -2592.5502777   219.4797844
-899.7906176   -2596.7702866   180.2373827
-898.997995   -2595.9711075   236.0252738
-899.1882531   -2599.9436378   262.7583146
-900.2605406   -2603.8339138   283.5358083
-899.2386786   -2602.3316383   280.4920971
-898.7245289   -2592.4780369   199.4393319
-898.779842   -2592.1711922   203.6565542
-899.7045485   -2592.7464962   207.080543
-900.096151   -2593.1301117   209.9530846
-898.6038891   -2622.3595142   318.6110556
-897.5461451   -2624.7446537   321.7228353
-899.0134922   -2614.2368317   307.0929646
-899.0323273   -2594.6087837   188.2107854
-899.9380795   -2620.3520298   314.9359524
-899.3675438   -2599.3378162   255.099237
-899.6156184   -2594.2173004   191.9802576
-898.8043991   -2593.1432247   195.1030791
-898.8244263   -2600.7435322   273.7718225
-900.2753226   -2602.16856   276.6879797
-901.045057   -2613.2953167   302.9348552
-900.8757798   -2596.3485241   185.2474809
-900.1431195   -2616.7714596   309.6902072
-900.4565207   -2596.2119102   230.9345603
-900.4875151   -2595.5619812   226.6658992
-901.2127844   -2594.4087505   215.0296867
-901.4905421   -2595.2641964   219.7011709
-901.5800682   -2611.3717556   298.8135815
-900.7668225   -2625.1368523   319.3376362
-901.3499943   -2594.4910049   196.7227012
-901.2077776   -2619.2061901   312.0909631
-901.4272419   -2615.8175468   306.6583872
-892.137262   -2626.1923313   326.4656365
