-43.3530052   547.0536749   -499.9381357
-44.4233205   549.3771926   -498.5919899
-41.6713915   549.0421691   -499.2852519
-46.4173124   728.8964436   -491.7368812
-41.2851241   730.3642839   -492.4718006
-45.7589704   730.4679849   -491.4864308
-47.4463552   722.6456377   -493.0201079
-45.6852563   721.0984961   -493.849322
-47.6036441   547.7349896   -499.1218292
-39.4070663   720.9463658   -495.547962
-40.8423262   545.0025433   -501.456925
-49.0954892   726.7372754   -491.6238637
-48.5467088   728.5697025   -491.3152409
-47.3109497   725.9913067   -492.256579
-48.4570981   724.7635304   -492.25787
-47.4316109   553.9823652   -496.1780819
-46.590359   555.3396333   -496.0442323
-45.879132   553.3694656   -496.7507632
-44.9431466   610.6218085   -510.2790353
-44.6012475   608.3639419   -510.2601362
-46.7043549   609.1913837   -509.2547092
-44.3741769   545.0424615   -501.2129004
-45.3956418   543.4447362   -502.6090165
-40.5983778   547.0287907   -500.3990438
-42.3504291   545.5273794   -500.9555031
-48.3632633   646.4573683   -507.9702262
-47.9794482   643.5777513   -508.3101334
-42.0292245   539.8206255   -505.5466686
-39.8557273   541.3742002   -504.0015198
-39.5052905   539.5903292   -505.3973989
-39.7772947   548.9314713   -499.7372356
-39.4775761   714.4891498   -497.0765968
-40.9535881   556.7143296   -498.0570113
-40.4664895   559.2514284   -498.3372726
-39.4999296   607.7927512   -512.7850924
-39.4864315   609.5564323   -512.8549451
-49.1084955   567.4214884   -494.0784699
-46.3068409   551.0689786   -497.5036502
-46.9594074   549.1529868   -498.3096146
-40.0530302   580.995699   -505.1180873
-45.1210265   547.4319268   -499.4452884
-46.1022423   548.050295   -498.9672245
-40.0525804   550.5515964   -499.1626397
-42.0780774   551.4565162   -498.3694
-41.6865971   554.0146363   -497.9534858
-42.878837   552.8007446   -497.7165002
-43.727508   553.8508733   -497.2238785
-48.375439   552.3875729   -496.6595019
-48.3737108   559.430462   -494.6670539
-48.3251845   585.3327695   -500.5000082
-44.8354043   555.1460143   -496.6060004
-46.2976956   574.0278224   -497.7541225
-47.6261289   576.5367737   -497.5927622
-45.7198766   576.3996712   -499.009509
-41.7632358   599.9662406   -510.5201354
-39.938784   598.3632127   -511.2519245
-42.2807739   597.8139745   -509.6633195
-41.0345238   564.8743974   -498.8519718
-42.5191288   563.4948134   -497.6430676
-42.3944182   566.1853832   -498.2675888
-47.5000905   572.0779233   -496.2114937
-45.8181083   571.3877009   -497.2779358
-39.4733279   644.7366407   -511.3027274
-39.4208438   565.0894585   -499.9848146
-44.1751685   551.9652941   -497.6146621
-40.6216677   722.2091581   -494.9007594
-40.4143543   723.9018049   -494.4995516
-42.2423366   626.6729663   -511.3911671
-41.4941384   624.6951765   -511.7647576
-43.2056301   624.4719836   -511.0980471
-47.4997782   720.4681578   -493.5204037
-46.1702377   718.9131403   -494.2390839
-48.8379392   718.6327946   -493.5973923
-44.6742902   673.8602094   -504.1589933
-43.5730421   671.6849461   -504.8938455
-46.0426023   672.0434176   -504.2604628
-46.2853671   715.3154638   -495.0484883
-44.9630147   707.7577647   -497.1013566
-46.0332075   709.9648956   -496.3315795
-43.9601137   710.364023   -496.7935381
-48.2841167   574.2190594   -496.2918745
-46.2335641   699.1593995   -498.5896002
-45.6889758   701.8527159   -498.1714118
-44.2087137   700.2067955   -498.8924155
-40.6181219   595.8145471   -510.1893881
-41.2676449   593.6226013   -509.1110249
-42.6637114   595.6037037   -508.7751124
-41.2474276   690.6735722   -501.5275967
-40.614269   719.4616487   -495.5924439
-44.4813049   714.5892143   -495.6973439
-46.5049659   713.5528305   -495.3942793
-48.0971343   682.350997   -501.5620493
-47.5440382   557.402235   -495.3524513
-49.0456644   554.9220216   -495.5990961
-47.1786132   595.683268   -505.5916342
-44.9555186   596.0119566   -507.3062621
-46.1207015   594.2260086   -505.827611
-44.432166   678.8865958   -503.1220146
-43.7862587   681.2585287   -502.7788001
-41.7546899   679.361846   -503.6373661
-40.7776372   717.7677181   -495.9581902
-42.2188823   718.8995686   -495.2981103
-45.8152823   562.3465943   -495.5805001
-43.9332751   561.1072451   -496.5761552
-46.142237   559.8276006   -495.540234
-48.0655167   562.0581278   -494.4896553
-47.6917196   636.3762924   -508.8291478
-46.8765993   638.5657772   -509.0219948
-45.8747201   636.8208504   -509.4978828
-45.634594   569.0361121   -496.7362432
-44.0989238   570.2494264   -498.2034773
-43.99828   567.7074103   -497.5486566
-40.112923   641.0388085   -511.3966078
-39.7983157   638.8641432   -511.6539623
-41.5986392   639.5630371   -510.9496663
-43.0398932   580.1081076   -502.4729133
-44.096591   582.5469448   -502.6458539
-42.1221838   582.5947233   -504.1900975
-48.5701462   604.6118563   -507.3678408
-48.7487942   601.9227528   -506.5585745
-45.3186064   655.2000265   -507.995358
-44.69695   657.4199356   -507.7569186
-43.5110328   655.1772111   -508.5346364
-45.6347571   640.6588338   -509.3742813
-48.1484344   640.8300425   -508.4128728
-46.677845   642.2076463   -508.8890306
-44.3129621   586.1850816   -503.9828678
-43.8803644   588.0628764   -505.0964745
-42.2069549   585.8934519   -505.4816112
-45.8367197   634.4000474   -509.6424184
-44.149836   636.3529559   -510.1761644
-46.6187128   588.4610596   -503.1425298
-45.2145101   587.8078132   -503.9593421
-45.9226646   586.4584201   -502.8491108
-47.7147141   565.2001662   -494.7100086
-48.7250845   570.1795039   -494.8252137
-43.5647785   584.3527438   -503.8043616
-45.8756339   582.7724697   -501.3530853
-45.0866495   584.5321075   -502.6987569
-41.6744451   561.0116791   -497.8158114
-40.2479268   562.733608   -498.908721
-45.3081375   675.3478881   -503.6829482
-43.7974128   675.6640537   -503.9515809
-43.374967   677.4354282   -503.6670109
-44.9729871   676.8861682   -503.4228837
-41.9258997   686.8876774   -502.092631
-39.464894   670.5267887   -506.0561661
-40.3756975   668.3773697   -506.3546892
-41.754687   670.0630672   -505.6649237
-44.645298   694.6601412   -499.9011212
-44.3177917   697.6760467   -499.3788875
-42.2334082   696.1769621   -500.2079707
-40.268052   560.9022131   -498.5804452
-48.9841863   572.4872912   -495.2037845
-48.8030043   581.3681672   -498.4877138
-44.1042967   565.2752768   -496.919649
-39.9339628   552.5986844   -498.7960244
-39.3435273   554.8825051   -498.8486543
-44.2389998   576.2879694   -500.0978152
-43.0281253   574.4839469   -500.3736509
-44.7385771   574.7953685   -499.1913853
-46.7295602   602.5964296   -508.0230258
-44.9378602   600.5874897   -508.6651481
-47.0358559   600.1554329   -507.1761734
-48.226477   652.4042267   -507.4636043
-46.692725   654.0101762   -507.759881
-46.3001843   652.3677413   -508.1236609
-41.0676737   652.7153527   -509.6957293
-39.9639752   654.2146721   -509.7227535
-45.7259753   566.6117821   -496.1349683
-47.2942706   568.1000705   -495.3851195
-44.3909316   563.3088482   -496.4333278
-44.4275282   572.7745951   -498.7501156
-45.7311433   564.3635495   -495.748968
-46.8042073   563.4823844   -495.0713907
-47.5269552   590.9238821   -503.4643116
-43.7646744   589.8531529   -505.9160406
-45.3355572   589.8671763   -504.7161952
-40.6850903   566.8806029   -499.6199073
-43.2591703   719.9093397   -494.7762707
-44.0508002   718.5601447   -494.8876873
-42.8851471   716.7524242   -495.6257082
-48.2491909   672.3177756   -503.6994011
-47.544847   670.2412943   -504.3258828
-47.1470346   711.6112664   -495.6666668
-49.164231   711.3080617   -495.2016061
-45.1618625   712.1483882   -496.072837
-42.846003   712.6984998   -496.5696585
-42.1549555   710.7734694   -497.187248
-42.6003071   708.7859983   -497.5051326
-43.897912   632.6830569   -510.4679733
-43.569878   634.573073   -510.4924716
-41.204665   637.8150555   -511.1976441
-42.6217504   607.1985022   -511.1686949
-43.3720993   605.1549037   -510.5191899
-44.3307524   606.6191968   -510.2088383
-41.5483468   654.7267941   -509.1837682
-40.4379345   712.0868864   -497.3572363
-41.2448487   713.988648   -496.7099821
-42.8477771   706.1525054   -498.0069778
-45.1855991   704.6977557   -497.7029271
-40.1300929   702.2954831   -499.5290388
-47.5532254   703.4548982   -497.3545747
-40.646323   705.0446897   -498.8252792
-42.9405045   702.8294655   -498.6814324
-48.447832   698.1159591   -498.2455665
-48.0075534   700.7612071   -497.806632
-42.4866253   714.7825284   -496.1914382
-40.9835073   715.7752328   -496.3704978
-39.8031019   651.3106698   -510.3122702
-42.8679923   577.22549   -501.4817178
-40.7282186   587.7333691   -507.350703
-42.4344084   588.7528184   -506.4787177
-49.0738471   577.8130501   -496.9240912
-47.5504617   586.8947238   -501.7630182
-46.7511633   584.865067   -501.5385212
-48.1594681   588.808391   -502.0918631
-45.6347455   598.5873855   -507.6608264
-40.3734763   583.7190343   -505.9850649
-40.2284448   585.7285725   -506.9160617
-40.4575161   661.1756631   -508.019117
-39.6678461   658.3249476   -508.870729
-39.5707484   572.0379164   -502.0655405
-40.8320515   570.7246332   -500.7103036
-46.5819037   578.2139021   -498.9943828
-46.6837861   580.5749576   -499.827623
-44.8545658   578.5329632   -500.4524103
-43.259238   593.3278816   -507.604695
-41.7561949   591.9048987   -508.1971631
-48.3860879   663.2433647   -505.6257264
-45.2015912   716.836424   -494.9848457
-46.0870328   680.4952004   -502.4092847
-46.6190363   677.9535562   -502.825724
-48.1888333   679.5695437   -502.1260995
-44.574165   719.9866819   -494.4105014
-49.000287   704.9777221   -496.653518
-46.7245705   696.3408966   -499.0417942
-42.3686886   688.746316   -501.6254979
-39.9488038   697.4650225   -500.5388255
-46.0632919   647.3110575   -508.7470367
-44.169797   647.9730597   -509.3648864
-44.535014   646.0578583   -509.4124237
-40.9338338   578.4077741   -503.418694
-41.9202426   676.4409217   -504.208755
-40.2666217   674.8221124   -504.925657
-42.5355673   674.1242889   -504.5750527
-42.8231004   663.7978683   -506.8721365
-41.7219978   662.4881891   -507.4292616
-43.0886452   661.4146357   -507.3442505
-40.7397625   707.7433985   -498.2273
-40.9296109   709.8420669   -497.7211804
-44.511239   685.2588426   -501.7992998
-43.1818575   683.674085   -502.4304995
-45.398802   683.0136408   -502.0474645
-46.0718306   621.976222   -510.0252642
-44.2391567   622.2669452   -510.7543361
-45.6193572   620.4717039   -510.2296747
-47.745644   583.1976734   -500.062689
-47.1244404   614.9721816   -509.5088826
-44.8971915   616.0033881   -510.5290264
-45.3620198   613.2065278   -510.2313643
-44.9616676   605.3957277   -509.6761612
-44.4380195   559.2122258   -496.3115198
-46.9765355   570.1573082   -496.0557062
-39.8760501   573.9953614   -502.5269015
-41.1615088   575.5227277   -502.1343256
-48.8785004   595.3155624   -504.2093799
-40.6327912   602.814953   -511.7034574
-41.6544217   601.668071   -510.9388355
-42.4431098   603.2543482   -510.7485059
-48.4075842   625.4034583   -509.0041696
-47.3335042   626.437092   -509.4030469
-48.4828794   665.6469308   -505.1117004
-46.0590271   659.4968588   -506.9828902
-48.2580264   659.4455148   -506.3722752
-46.964129   661.5990314   -506.3227528
-49.0614802   692.3903973   -499.2646498
-47.8172889   690.3529224   -499.9819051
-42.7824214   685.5464579   -502.1519149
-43.5444743   687.0985421   -501.66325
-47.5304283   593.5950445   -504.5381088
-42.6110689   571.7001948   -499.742918
-42.1316107   568.8882969   -499.210326
-42.8028853   590.9251679   -507.0650031
-44.3510758   591.6362153   -506.1708653
-48.4860957   597.0853344   -505.1613486
-47.0635541   597.8217257   -506.4331466
-46.4228634   604.8744728   -508.7249374
-44.5824436   603.3392305   -509.5041963
-47.0154534   611.4647552   -509.3270066
-46.9342702   624.5541984   -509.6190318
-40.2475036   600.8243551   -511.5885647
-41.534141   580.5282809   -503.7994835
-48.0528123   712.9351531   -495.1238896
-46.5668148   663.9287467   -505.9487394
-44.261109   659.6841936   -507.422183
-42.363895   659.1294424   -508.0203956
-47.848803   676.1160548   -502.9481888
-46.3075117   676.1110933   -503.293634
-43.6289107   649.8853881   -509.331144
-43.1241304   651.863002   -509.2183771
-41.492212   650.347016   -509.955628
-44.6889114   653.3554577   -508.4966966
-45.0254325   651.2714875   -508.6895653
-46.962552   656.0261568   -507.3511817
-47.069533   657.8695868   -507.0001148
-47.1446269   693.3682881   -499.5383037
-43.0646522   690.5601042   -501.101225
-41.8578305   699.5118221   -499.6397682
-47.107114   706.0948939   -496.9021882
-40.3126208   692.5571158   -501.3994936
-42.3996818   692.9731288   -500.7961394
-41.1099538   610.6744845   -512.1256175
-39.3858542   611.3102636   -512.9253553
-49.2486532   612.2156016   -508.2800417
-42.9992287   614.2664951   -511.3396547
-43.0177583   611.9027825   -511.2700427
-40.747883   613.0712822   -512.321842
-41.0748549   608.6269227   -512.0602824
-49.1718434   616.0868305   -508.6206936
-48.6757102   614.156933   -508.7402002
-48.2857405   610.3095052   -508.5634064
-40.9811678   672.3583226   -505.3114696
-41.1760839   573.0780111   -501.2533414
-41.2214582   605.0603634   -511.6732848
-45.971759   592.2981767   -505.2034035
-44.907014   580.9079994   -501.3480513
-41.2024456   590.0260995   -507.9017648
-44.9383745   593.5076221   -506.4371742
-44.1111523   598.2780288   -508.5963897
-43.2560961   599.6278975   -509.5154072
-49.0192214   599.3223902   -505.5700702
-43.1196516   601.4207588   -510.0071534
-48.0720518   579.0158862   -498.1464717
-43.6408767   665.9983357   -506.182028
-45.8771906   665.967142   -505.6711251
-44.6952968   667.863636   -505.515572
-48.9085167   668.7273381   -504.3545552
-45.4227564   669.8754399   -504.8902612
-43.5966118   669.4857371   -505.389877
-41.1247213   665.9879083   -506.7475455
-40.4946018   663.5929055   -507.4491818
-45.0591277   660.973271   -506.9510282
-44.8849079   662.6908826   -506.6282391
-48.4953485   677.6885221   -502.4607454
-46.728383   685.0963813   -501.3124073
-46.7872994   674.3032223   -503.5869985
-40.8422826   616.6547007   -512.2605536
-40.1391618   618.1680477   -512.5150279
-39.5836662   616.9108147   -512.7732333
-40.195606   623.8965216   -512.2974631
-41.7594932   622.6676116   -511.728037
-39.3690421   615.3128647   -512.8901585
-42.0959728   641.5834837   -510.6387441
-40.6900843   643.1946281   -511.0269646
-45.4251055   642.4831569   -509.3436366
-44.6187495   643.9987191   -509.5430119
-43.9919617   642.0605464   -509.9076368
-45.0493298   691.4253346   -500.4435806
-44.2471752   689.0053249   -501.1161073
-48.9427401   618.3134974   -508.8098738
-48.9076078   620.2895402   -508.8524994
-47.2072605   619.2965096   -509.5704191
-44.4002437   626.1572351   -510.5695206
-44.0809591   628.2286958   -510.6103911
-40.0740953   625.8201434   -512.2594503
-41.2281929   620.2095268   -512.0162027
-43.6856908   617.7189446   -511.0559069
-45.3455252   618.4008236   -510.3538395
-40.2391667   628.165839   -512.0899851
-39.8524577   681.8516675   -503.5742817
-41.8642599   682.1841886   -503.0372788
-44.7647424   664.4685171   -506.2692736
-40.3349547   568.7691889   -500.4342864
-39.4000514   605.9906278   -512.7090189
-49.2038869   607.2646104   -507.5650076
-40.773749   606.9404769   -512.099652
-47.0794175   667.951543   -504.9482206
-49.0781749   674.3435425   -503.060884
-39.7959208   677.3214768   -504.5049516
-46.8391238   650.7766974   -508.1339887
-47.4691169   648.8546187   -508.1013861
-48.4539093   650.386183   -507.6056427
-41.9621383   656.7774436   -508.6370201
-39.929961   655.8892243   -509.3683545
-41.9300968   635.8983155   -511.0361373
-39.8251473   636.731951   -511.7710788
-42.8422366   646.7298928   -509.9594641
-42.3911802   648.4693769   -509.9230751
-46.0143097   689.0845814   -500.6725212
-47.5189846   687.516589   -500.6290808
-47.3122511   621.1582691   -509.5263896
-42.033581   633.53356   -511.1302529
-48.8033713   622.1411963   -508.8979932
-45.9227052   623.1967249   -510.0608464
-45.1031776   624.4004026   -510.3530937
-47.4926538   613.2066404   -509.2360702
-42.2236376   631.4516841   -511.169226
-43.9900559   630.4565711   -510.5437938
-43.545505   619.7687986   -511.0891997
-42.0114872   618.1333147   -511.7498003
-43.5171057   596.9429049   -508.6120894
-47.5782182   606.2932492   -508.3312863
-40.1939405   591.5697849   -509.1786608
-42.5336345   667.955722   -505.9790556
-45.4287613   687.167405   -501.1974674
-44.8179989   638.410788   -509.8103863
-43.5023623   640.0501888   -510.2129034
-42.8677754   638.0153872   -510.5660132
-46.2945117   645.1509115   -508.8363774
-39.3127724   647.1305947   -511.0742117
-39.5537639   649.5706523   -510.668158
-42.6648584   643.5715045   -510.2882829
-49.0912052   638.2992963   -508.195891
-39.8561701   634.2653492   -511.9042594
-40.7204551   632.3352756   -511.6912938
-41.3685767   645.4066447   -510.5905575
-41.3187473   615.1201354   -512.0739064
-41.3538398   647.2688913   -510.4098243
-40.8269251   648.5654528   -510.422333
-49.1669396   631.9956441   -508.4699352
-48.5871002   623.8823318   -508.9644216
-47.2708138   622.812904   -509.5222447
-47.1170842   617.1748626   -509.5835254
-42.9037575   609.5696892   -511.2133498
-42.6268603   616.3121374   -511.5107904
-48.3752523   608.8617086   -508.3199526
-46.039315   606.9335847   -509.312084
-47.5923895   607.7202328   -508.5777873
-45.7330938   631.6875934   -509.8213328
-45.7950499   629.4613741   -509.8966416
-47.3418392   632.5626465   -509.1610149
-40.4885736   630.4716082   -511.8840831
-48.5958519   667.4030369   -504.7191017
-45.5363021   649.3503422   -508.7407349
-48.6197549   654.6875444   -507.0363655
-42.796857   653.5714215   -509.0426226
-46.1995904   643.4846822   -508.9877984
-47.5436518   630.6129828   -509.1673953
-45.923399   625.7867013   -509.9846796
-45.8513706   627.411773   -509.9538212
-47.5806485   628.429255   -509.2337195
-43.2084253   645.1577156   -509.9681901
-42.2105148   629.2368075   -511.2861191
-42.692368   621.2219273   -511.4045235
-48.4353662   634.1645986   -508.6597762
-46.4763431   700.9260669   -563.4563354
-45.0160748   699.6369497   -564.3453292
-44.2663768   700.9630132   -563.5914062
-46.3896071   735.3834333   -490.5353606
-44.2250576   734.4271449   -491.0969885
-48.7517508   737.4711541   -493.8500425
-49.0713615   737.2760711   -495.6731685
-46.869946   736.6762197   -494.5210658
-42.6228646   730.9559759   -510.3555312
-45.04615   731.5231005   -510.8667878
-44.042108   730.3508185   -513.3115216
-41.2775836   528.5536626   -520.7741314
-39.2825584   527.5834997   -520.6923134
-41.0876568   527.9743529   -522.6478045
-41.9509799   529.8277954   -528.5817799
-40.9068023   528.2168582   -527.7882402
-40.6983951   528.9554836   -529.3498764
-46.6484384   534.6267593   -513.273825
-45.462523   533.4023371   -514.5355688
-48.6775278   535.6286438   -512.9825348
-41.0821382   530.2478394   -516.9794194
-42.5805001   531.574563   -515.652413
-44.0282391   530.9988698   -518.1121762
-40.2152243   527.0944141   -526.371632
-39.5414884   526.4841773   -525.1877507
-42.5724486   733.6484279   -491.5314988
-39.8452929   733.8871206   -494.0573834
-41.800844   734.5358725   -492.9134516
-43.4206072   735.0935896   -492.0684426
-43.7054511   735.431478   -492.8623988
-40.5685378   733.0498642   -492.1567832
-48.3454236   735.9302022   -489.9089047
-44.5299669   735.836395   -494.0858966
-42.0582475   734.8408799   -494.1213192
-48.1225105   736.5209497   -490.3753652
-49.2244053   737.4233858   -490.897021
-42.6556382   546.3416625   -534.6521349
-43.9212158   548.5032486   -534.2941233
-45.006691   546.2660225   -533.231666
-40.2056314   734.1097826   -495.4898672
-44.942298   735.8295677   -495.8646414
-46.9899577   736.5507638   -491.4816263
-47.9656109   737.1760867   -492.563935
-45.6885606   736.2598898   -492.6168411
-46.6156857   735.5757188   -499.3523473
-46.9625423   736.3194492   -496.7962427
-40.4558091   733.2534737   -500.8272281
-40.8119509   732.6092181   -503.4120848
-45.6749123   531.8233669   -517.8160297
-44.8171533   532.0828238   -516.3371499
-44.5987383   533.7756835   -528.9357603
-42.6057511   531.8293368   -529.6484092
-43.1106963   534.3634422   -530.7831411
-39.7569545   733.4587943   -492.9355735
-42.3500106   734.2541091   -491.913921
-44.5338978   735.2005557   -491.313664
-45.0217113   735.7948748   -491.7993406
-48.6203859   539.0072302   -528.3976094
-43.5243822   532.5643153   -514.5568697
-40.7883335   527.4589696   -524.6770658
-46.1525185   735.9395641   -491.0087798
-41.1648994   530.1219797   -529.9762795
-40.5988772   531.1218711   -531.3223916
-46.9868685   532.7807752   -517.1935299
-48.30711   534.1598064   -515.5071626
-44.4860955   530.4923753   -520.7224278
-42.4269608   529.6276689   -519.5911298
-40.7302368   734.1962657   -496.8779126
-42.5926282   734.9947799   -495.7993479
-42.2781937   734.6017557   -497.6982038
-45.1504995   733.866443   -503.707692
-44.668498   734.5170188   -500.9850976
-47.0664308   734.8830336   -502.3318568
-41.3934294   666.3848275   -573.5400438
-40.44538   668.4235686   -574.2762274
-42.4574064   668.2709652   -573.2644453
-42.7114385   529.5077016   -526.675097
-42.6023148   528.9140722   -524.3401297
-41.5249504   528.1605705   -526.0002808
-40.2946151   528.8531884   -518.8787692
-42.5324245   628.0183918   -556.2028074
-41.7566939   625.4698361   -555.5749496
-40.5877651   627.4839498   -557.6516647
-48.6650198   533.5675788   -517.3670907
-39.7139792   723.9508026   -526.3740206
-48.5559174   717.9844735   -544.5216354
-48.5659833   719.2523669   -542.0748604
-48.2567299   545.1223811   -530.920237
-49.1016838   546.7603039   -530.7768577
-45.0763126   550.1991814   -533.8992297
-46.4195934   551.7640839   -533.3355218
-46.8178852   549.3034861   -532.7364629
-40.2745756   588.681906   -542.5980491
-41.9519383   589.0288194   -541.6705447
-41.7274503   586.8908972   -541.3285635
-43.779373   735.2541582   -497.0120707
-44.1131692   734.9953171   -498.6378544
-40.3738887   733.7713416   -498.5664092
-42.3928   734.1538533   -499.7565856
-46.2109331   736.5309449   -493.3639351
-47.5211607   712.2556013   -553.4432347
-46.080691   710.96277   -554.8065513
-45.0573004   711.9136508   -553.2634546
-45.6128411   548.2066161   -533.2623099
-47.124497   546.858943   -532.0696976
-47.7541012   534.761144   -526.2054822
-48.3067028   536.8075569   -527.3284396
-47.5816591   532.7100389   -523.2015527
-49.2194115   533.7663472   -522.3544195
-48.0666613   532.7258715   -521.1841728
-46.2381859   531.5094298   -521.9978937
-44.4615519   530.2591751   -523.0780577
-39.3791509   532.3873954   -533.1625626
-45.2341819   735.6351053   -497.4581881
-45.4707208   714.1771163   -549.8650567
-44.9536728   715.2635537   -547.7550177
-47.3329716   715.456487   -548.4969997
-45.8710244   531.5313336   -524.1380969
-46.9279296   532.9930669   -525.1657299
-46.9977183   540.0146838   -530.1169725
-47.3154962   542.0103934   -530.6198134
-48.7340285   541.2013295   -529.3026927
-49.0829328   735.8771686   -501.123304
-39.8888462   692.9489433   -568.3210252
-43.1984429   530.7291812   -527.9005999
-39.6456938   529.1778231   -530.8589385
-40.004535   538.3972073   -534.7264425
-43.2295166   550.8595328   -535.1128097
-41.9339146   549.1570995   -535.5979792
-41.1906785   536.6337474   -533.3764962
-42.169141   539.2295469   -533.3767257
-48.0131928   561.6089783   -533.7562007
-49.1788164   563.7796804   -533.3772419
-48.3869957   668.4156411   -570.052062
-48.6559461   670.3557819   -570.2737442
-48.6870469   534.2003565   -524.2112216
-46.4196736   531.8582426   -519.4766319
-48.7854626   533.3136388   -519.0808001
-45.5256006   657.1492952   -568.3799154
-44.5315176   655.1054777   -568.3378582
-44.09312   656.7261029   -569.2423687
-46.7961678   723.1209843   -533.1217718
-45.3545054   722.5078935   -533.5437669
-44.9563877   723.240524   -531.6418281
-42.771234   719.168929   -538.9262484
-45.1951573   719.6668704   -539.36597
-44.6272969   718.3810881   -541.5946178
-48.0333408   713.9611388   -551.152453
-40.7330586   593.5159552   -543.5719187
-39.5135135   591.80105   -543.8625921
-44.6688812   589.1409084   -540.0598164
-46.339465   590.6712058   -539.3884613
-46.4957322   588.0937856   -538.7466406
-48.8377733   722.8423345   -535.0651505
-48.2639684   721.7477885   -537.0159336
-48.8847971   729.1528162   -520.3582909
-46.9711111   728.2846396   -521.0634845
-47.367049   729.3198949   -518.7700797
-47.6187872   734.199579   -505.1985466
-40.4889015   724.9169841   -524.5959333
-45.5918948   541.6130619   -531.6661323
-44.0004423   543.7185313   -533.2829701
-46.57482   544.0969756   -531.730403
-46.8711463   643.2838524   -560.8872792
-47.6619965   641.7321573   -559.344407
-45.8656284   641.1281172   -560.5923974
-43.5900148   732.024022   -508.0048102
-41.9354633   542.3937943   -534.3236133
-40.7687576   544.9082279   -535.5445782
-42.3475433   544.3338331   -534.4561315
-49.0603557   576.8026316   -535.2561041
-47.8524898   574.6967285   -535.6338179
-43.1857389   732.8593512   -504.9865278
-41.2005596   731.9172118   -506.0506349
-39.3601257   730.9884431   -507.2156869
-41.4312317   731.290929   -508.2331385
-48.4852135   733.3385518   -508.628831
-39.644645   726.7239609   -519.3628996
-40.9364457   727.6338334   -518.0147765
-48.2455279   550.4708383   -532.0594033
-48.2511901   553.2469771   -532.4493513
-48.5116287   543.2803199   -530.1965963
-44.342864   531.9943162   -527.7405689
-45.9516623   533.3832009   -527.06328
-42.8105849   529.2181944   -521.8910131
-47.3591645   726.1157258   -526.6311953
-44.7717593   725.345629   -526.6226023
-45.0233267   726.7986761   -523.2691601
-46.1944865   650.5513554   -565.1351605
-44.7548775   649.2471232   -565.6985915
-45.1678138   651.3348669   -566.3207957
-41.957654   726.7816667   -520.9962402
-39.993479   725.7945595   -522.0258257
-45.2984623   531.7838223   -526.0301416
-44.2402915   530.3936499   -525.1930082
-40.2483776   718.6054856   -538.5733851
-40.8504971   720.0429909   -535.9217082
-46.934787   709.7392007   -556.3865627
-44.669758   709.901408   -555.8196571
-47.396649   601.4467781   -541.4575649
-45.604422   600.0075537   -542.2465906
-45.6083649   602.6252887   -543.062635
-48.6547842   621.2649119   -547.9698965
-46.4723291   621.0403564   -549.5982694
-47.7943704   622.8361741   -549.3284503
-43.7515665   728.0264992   -519.2018438
-42.7665156   733.5517702   -502.2633748
-48.89885   731.6977571   -513.6815552
-47.4691539   732.1352029   -511.2150812
-46.8384827   629.0486937   -552.9972644
-45.6458264   627.1488494   -553.059272
-45.2131223   628.8501899   -554.2815657
-45.387363   689.2661611   -568.743423
-44.6307845   687.2145428   -569.6145129
-43.1981268   688.8425839   -569.3856346
-42.3233989   570.0591858   -538.1007271
-43.0998931   568.2291582   -537.4206935
-41.0011712   568.4379289   -538.6237222
-41.9450745   555.5232402   -536.4851582
-42.5637005   553.1827745   -535.8328156
-40.7375808   553.9073241   -536.9733924
-43.8821587   574.3936034   -537.8292281
-43.1678016   572.0560357   -537.8975049
-41.5959171   574.6298653   -539.1599821
-46.0286218   732.4498738   -509.0301561
-43.7166645   729.2225171   -516.0725399
-42.6592228   729.6379547   -514.0982303
-46.7105681   537.6290403   -529.2620547
-46.415772   535.3464046   -528.1688081
-44.82807   536.0529648   -530.084825
-39.4982079   527.7400982   -529.422777
-42.4731347   619.4995374   -552.1438683
-40.6578869   617.7366351   -552.828478
-40.8887136   619.7670016   -553.5713077
-39.4047545   536.1988982   -534.5942424
-40.3823252   534.5606594   -533.2965609
-43.0367792   536.6506694   -531.8879332
-43.1992297   727.455849   -520.2284183
-41.0249054   723.3584937   -528.667889
-41.1018309   722.2908975   -531.1728105
-44.8897534   706.8564855   -559.044062
-44.839507   708.5316495   -557.3668741
-47.0059369   708.1468242   -558.0308249
-44.0299376   530.8141741   -526.7328987
-42.9596909   711.3850602   -553.3997616
-44.346611   710.8899785   -554.521081
-40.7705486   713.3666519   -549.1851231
-43.0723653   714.3981221   -548.3993676
-43.4194313   712.8683172   -551.1855717
-43.9074645   693.9207134   -567.2549405
-45.3253448   695.3824279   -566.4006747
-46.4581115   693.4378436   -567.001628
-49.2070635   673.7062022   -570.3901161
-39.3552135   590.1766711   -543.5243552
-47.8473367   607.8507666   -543.2313423
-48.8355776   605.9737773   -541.8786479
-46.743275   605.3564253   -543.1622013
-46.0942311   576.0822571   -536.8357106
-45.6777456   574.3730393   -536.8155021
-46.6635583   731.1027867   -513.4451413
-48.2277131   730.8364255   -515.4833544
-42.2944765   724.3957081   -527.1174747
-42.4204158   725.6753094   -524.1060893
-39.9560955   689.9587035   -569.6150634
-45.7965267   562.41024   -535.1449013
-46.7930867   559.5525522   -534.1985218
-44.1679989   560.2893864   -535.8072873
-44.7596281   538.8686754   -531.3335826
-43.7202382   541.1380284   -532.8133797
-45.5964323   557.6756744   -534.6508066
-43.5156855   557.1928823   -535.7902853
-47.7232927   569.5454668   -534.9855649
-47.4198027   566.1842876   -534.7094906
-45.2219412   568.0264034   -536.199503
-40.5770696   571.6907084   -539.306655
-39.637386   569.3104509   -539.5012673
-43.2899398   576.5275788   -538.4974612
-41.2216226   577.7278446   -539.8696305
-45.6566077   733.1395646   -506.565983
-41.3504591   729.8913692   -512.2987719
-42.0435669   728.4639222   -516.7488832
-41.5417579   729.0739287   -514.7233688
-40.3196985   728.3130337   -515.7710563
-41.3803571   533.1629995   -531.7646753
-39.874966   573.9006029   -540.0239748
-41.3505781   551.6117085   -536.3214573
-39.7822869   552.4546615   -537.3302259
-40.0660964   542.8452622   -535.6339536
-46.842267   724.8522389   -529.2301185
-40.2214339   721.1429922   -533.1479378
-48.5259435   724.09227   -532.1148372
-42.3715807   721.3425617   -534.1680572
-43.5775693   722.3998338   -532.6405041
-44.7064648   721.6406996   -535.0527256
-46.4184074   720.9184971   -537.6040531
-47.1474507   719.941801   -539.9449806
-41.9639506   717.8301237   -541.1710576
-39.5119557   717.3588791   -540.7241034
-47.5658793   705.2516155   -560.5472845
-47.3621402   703.8414037   -561.5586607
-45.5883523   704.3251799   -561.214159
-39.3415853   706.3431092   -558.870628
-40.6735956   707.2010338   -558.1947293
-41.1997339   703.9985516   -561.3061462
-48.7395596   589.8196432   -537.7511078
-46.5448796   608.7215327   -544.496172
-45.8253684   607.052745   -544.4139548
-45.0603215   608.6305174   -545.5615064
-47.1334752   612.0184019   -545.3243385
-46.3404266   613.6916335   -546.5951419
-48.2743512   614.5047597   -545.4519817
-48.8646992   682.6455356   -569.6376383
-48.4838452   685.1555048   -569.1615957
-41.961069   561.6879001   -537.2306599
-43.2143334   563.9950289   -536.8118338
-48.2539485   572.0762916   -535.0309956
-45.2267778   570.7902932   -536.5652927
-44.8992412   572.8154377   -537.0289144
-45.6736175   554.8026673   -534.2168976
-43.6325817   554.6518993   -535.4004941
-46.3730297   729.9997465   -516.1856218
-45.6292493   728.9789971   -518.2558359
-39.9364395   556.2777136   -537.712503
-46.7348795   722.1352373   -535.2554722
-40.422503   730.539448   -509.5909403
-46.005308   727.7738602   -521.5907977
-42.9445941   723.3211185   -530.1126608
-44.6975003   724.1863209   -529.3224634
-47.2017679   577.8790338   -536.4853662
-45.3955385   580.2905634   -537.9203172
-47.6069027   580.3980653   -536.6625248
-42.8421662   616.1751762   -550.3691212
-41.8046189   614.3509855   -550.4038888
-41.2784791   615.9602429   -551.5261905
-39.7340391   615.5836689   -552.6036477
-49.0967688   634.0957161   -553.7634178
-39.3562201   619.0044526   -554.4922653
-39.5708198   600.8928847   -546.6936657
-39.3470857   602.5792737   -547.4828017
-40.9943809   601.5308554   -545.9201606
-39.7894889   550.1550322   -536.995817
-40.5641248   547.5462893   -536.1229865
-41.2721302   557.9236287   -537.1567928
-40.3155212   540.7320208   -535.0518569
-47.9603992   727.2962147   -524.2321456
-46.3659957   723.9045701   -531.1012327
-45.5349927   717.5295846   -543.7719513
-45.6649737   716.4792704   -545.8318045
-43.6528623   717.0626123   -543.6411077
-40.9527787   716.3863585   -543.4947075
-46.7829664   718.2828196   -542.9943554
-39.3624203   578.1536143   -540.9936962
-49.0925463   707.8506737   -558.5093111
-41.8223495   690.3090182   -569.1158833
-42.3064814   692.3006152   -568.2083059
-43.8439417   690.7421239   -568.5424061
-41.1946818   597.6556862   -544.4944062
-42.1205481   595.7041157   -543.3002378
-40.0084849   595.5328203   -544.625275
-48.6147205   584.4173045   -536.7835188
-48.5187818   586.9506993   -537.3128075
-42.9945675   636.1396435   -560.3255331
-44.314171   637.0314486   -559.6589462
-43.8072505   635.4981152   -559.2348961
-42.4577259   645.1370808   -565.6121404
-41.8227339   643.2151946   -565.1754389
-40.8249054   644.6311436   -566.6919513
-46.1340791   625.2835518   -551.7638016
-44.4182234   625.3694355   -553.2307893
-39.8529947   581.7492786   -541.3669648
-42.090105   582.6183911   -540.2492
-41.6501155   580.2919143   -540.0706267
-44.6332144   591.0114037   -540.499258
-47.6468117   689.8700201   -568.0299132
-47.1160993   687.5619945   -568.8747759
-44.4437987   552.5687414   -534.644619
-47.8146747   556.5461314   -533.1968949
-48.2789656   548.4437242   -531.6906264
-49.0243664   730.1208243   -518.0020726
-42.3112713   559.4765387   -536.7624744
-39.2775175   558.7987903   -538.3836838
-47.1669036   563.831706   -534.5445493
-43.664306   618.0977566   -550.5535179
-44.4713454   620.1678713   -550.8191077
-45.4790087   618.6660339   -549.3559916
-41.875569   629.2295246   -557.4388402
-40.7204129   629.7288649   -558.7473232
-41.875283   535.0229145   -532.2449609
-40.5866686   714.9008795   -546.2023071
-46.4669761   719.1075189   -541.2066718
-40.5904327   711.7171815   -551.9723947
-46.9274872   717.4273827   -544.7271516
-48.0686207   716.8389706   -546.4078244
-43.1520157   715.7522102   -545.9048778
-40.5344617   670.7664423   -574.342831
-48.967564   649.3556734   -562.2220611
-48.4649427   647.4848152   -561.7118654
-42.7999404   653.9433749   -569.1376718
-42.7982524   652.0312048   -568.403811
-40.5862512   652.4425754   -570.1187423
-43.5685735   650.5147675   -567.2030966
-42.8287444   648.5030516   -566.8883123
-43.4904337   703.4046488   -561.8772119
-45.5792245   702.579785   -562.4526844
-43.3898833   702.033553   -562.9008829
-43.0156743   699.62629   -564.511496
-42.1174796   700.8687406   -563.7395352
-43.2179414   590.0823866   -541.1461384
-43.1503276   588.3531082   -540.7973978
-44.5379398   612.7973967   -547.6152283
-45.3816766   615.0220861   -547.8814497
-46.3477718   617.0112895   -547.965386
-46.9408138   615.4878687   -546.8697179
-43.441234   607.6538401   -546.3930189
-41.901377   606.5343614   -547.1150012
-42.303311   608.6197358   -547.6318042
-45.9156888   713.0460122   -551.8398466
-41.0060892   640.9533505   -564.6898409
-39.7196706   642.3171548   -566.4569937
-42.6307613   683.3131237   -571.3886585
-44.084877   681.9037187   -571.3751269
-42.3786385   680.4434609   -572.2657931
-43.0202728   637.9692479   -561.3448613
-42.1055506   639.6077952   -563.0536495
-43.9871287   640.3652589   -561.8311681
-47.1922955   667.674381   -570.6036341
-47.0940941   669.1227277   -570.9437033
-41.88595   646.5757849   -566.760824
-40.0189907   646.411648   -568.1452996
-41.324454   647.9366952   -567.8136795
-45.5216524   669.5893928   -571.8623717
-43.669424   670.1973182   -572.8549648
-45.3291398   671.4509292   -572.1675185
-44.213683   652.1067543   -567.399797
-40.651141   560.2610018   -537.790748
-40.2123116   562.4321358   -538.3000388
-40.8708266   565.7595657   -538.3473681
-42.407569   566.5704525   -537.593387
-44.9943602   577.6101585   -537.6968177
-39.6586291   567.386527   -539.2305424
-45.4428246   565.1497738   -535.7004593
-49.0726972   581.9404546   -536.0795955
-48.9037912   629.6515631   -551.5823771
-39.290611   608.3871101   -549.8397228
-39.4006268   628.4711348   -559.234833
-43.9097102   644.4183167   -564.0324325
-45.9701578   644.8183222   -562.4838621
-44.9333252   642.6438434   -562.2292734
-39.4505396   622.7608967   -556.2174539
-41.0900091   623.1061833   -554.9794579
-40.113246   621.0983247   -554.8468592
-40.9432081   610.0554612   -549.2628314
-40.2846877   612.4953224   -550.8061279
-39.2767237   586.3712336   -542.6534948
-49.0798437   720.7554402   -539.4341271
-39.9090362   599.3143438   -545.9100183
-39.9239037   564.2661678   -538.6864458
-39.3601437   666.1334887   -574.5841678
-42.2923339   630.9406542   -558.008319
-41.0599405   632.0220595   -559.7201422
-42.8029984   632.6831041   -558.5303633
-45.8215434   705.6646656   -560.1693426
-47.346058   706.7019726   -559.373666
-49.0125771   696.5775097   -565.2843071
-39.3381855   688.4662266   -570.334213
-41.4807362   702.2757115   -562.7103659
-46.7703891   699.5265712   -564.22826
-48.7676691   700.279777   -563.5951917
-47.8380265   698.381972   -564.6631564
-39.9844554   705.1924957   -560.1243517
-41.911317   685.2404084   -570.9585622
-40.8398668   684.2878597   -571.5533276
-39.6508654   694.8085348   -567.4636906
-39.3131633   696.5799295   -566.5663808
-40.6091956   682.4640651   -572.2120572
-48.4603963   702.4618499   -562.3910587
-48.9894451   598.9655264   -539.6994099
-48.3651566   617.2175332   -546.4881797
-41.8643634   604.156678   -546.2481467
-40.076985   605.2312749   -547.9687032
-45.1162226   610.8226427   -546.3741378
-46.3080289   610.0439455   -545.1717041
-47.9771287   603.7185592   -541.7550896
-44.5250503   673.9726654   -572.573548
-42.4447314   674.3157853   -573.3847088
-44.8170642   675.9433628   -572.2690627
-40.2597089   648.3151232   -568.7793293
-41.5743779   649.9117514   -568.441321
-40.9246385   657.1480367   -571.4876799
-39.6397342   654.9712624   -571.6437064
-45.4831062   653.3891596   -566.9498959
-46.7171954   652.2466002   -565.4729383
-48.0436368   666.7724297   -569.8637802
-47.5455792   665.0761137   -569.6932495
-46.5392738   666.2634645   -570.6414775
-39.5043528   715.6115763   -544.259726
-41.2327619   563.6339108   -537.8786236
-41.0665592   709.5075446   -555.4724655
-46.5935188   572.3981848   -536.0156031
-39.3123086   575.910335   -540.6519356
-46.9389484   582.6296714   -537.4431617
-43.8068154   569.8337434   -537.237494
-44.7855221   575.800081   -537.5354989
-44.446468   583.342291   -539.0258787
-48.1053012   625.0294422   -550.049911
-44.9005597   630.5995055   -555.4862182
-43.9369626   628.8989514   -555.4210505
-43.2593206   629.9555422   -556.5936532
-39.8092771   636.623895   -563.3986147
-40.2757537   638.7482245   -564.1525844
-44.3936509   604.908841   -544.6918376
-43.1939005   606.0198748   -545.9607602
-44.3805611   606.8519717   -545.3961446
-41.3512804   710.6094121   -554.0287775
-42.8889512   710.228154   -555.0211159
-43.6706744   705.1381296   -560.4954315
-40.9342764   708.2569325   -557.0167193
-41.2189731   706.3228574   -559.1979672
-43.7289376   720.4745763   -536.8804415
-42.6182592   707.4979289   -558.155251
-42.848884   708.9983039   -556.5249533
-43.7264342   685.2686194   -570.4827281
-45.9368509   685.3373997   -569.8547925
-44.4777322   692.3532421   -567.7994596
-42.4163884   686.9169973   -570.2536346
-41.1056441   688.4930354   -569.9673984
-43.5223922   591.8147118   -541.3698858
-45.4566279   593.3011776   -540.5391625
-47.3131692   599.3560019   -540.9088224
-48.6326158   600.5857206   -540.3709588
-47.7405975   595.099867   -539.5347026
-48.0939721   592.597906   -538.7411875
-47.5064127   627.2640819   -551.5712781
-43.8193881   609.278121   -546.7420001
-42.3883865   612.4879277   -549.1544722
-43.1835986   610.6746264   -547.7895323
-48.9482309   611.732023   -543.8551889
-48.6162638   613.000413   -544.5921664
-48.9673979   619.3665076   -546.9164258
-39.4984209   634.4991499   -562.5008671
-40.1006673   579.5516625   -540.819504
-40.6473554   584.3881678   -541.4336981
-42.6194659   584.7726796   -540.3647274
-43.8751071   566.3972744   -536.7469081
-45.370262   646.4046562   -563.8118426
-45.315707   647.8731075   -564.5865429
-46.2861587   647.7339151   -563.7018905
-42.9220169   593.5359868   -542.1885418
-44.3232115   595.7349527   -541.8838378
-39.4465452   597.2058994   -545.5222124
-44.9837807   638.9929369   -560.1785663
-45.9696917   637.7041795   -558.5693033
-45.1105982   635.8740247   -558.2873892
-47.3797169   619.0939061   -548.0432253
-46.1937763   630.3190249   -554.2014211
-47.6235526   631.0033003   -553.341298
-41.8526524   621.4931323   -553.5723159
-48.3473904   653.3864816   -564.6355474
-48.3297357   655.4651166   -565.5599748
-41.4273789   591.089839   -542.4886687
-42.8485507   706.2512373   -559.4494697
-47.4882007   648.5420798   -563.0793996
-46.9016218   646.7350346   -562.6746298
-47.6057102   691.7645733   -567.3989982
-45.8998548   691.2584343   -567.9318301
-42.6294721   697.1058286   -565.9687292
-44.5566234   696.9597391   -565.7973181
-43.220516   695.6279261   -566.6076609
-48.5196495   692.8524215   -566.826424
-48.7361667   694.4435064   -566.1928545
-40.1286257   698.1088658   -565.6317827
-40.9608719   699.476269   -564.7175703
-39.5829814   700.7327857   -563.8518329
-39.9265844   686.3433796   -571.0252533
-43.8145221   698.3510105   -565.1793973
-47.5527761   597.3292578   -540.2083691
-45.747978   597.755965   -541.5026838
-47.6939553   610.0352351   -544.1425908
-47.1022058   654.0222107   -565.9408767
-42.3588035   659.1938677   -571.1854131
-42.7774882   657.0921308   -570.2540388
-43.3677624   581.1102234   -539.2309817
-40.4490118   678.6034073   -573.3605105
-41.4047067   676.5794172   -573.4773745
-39.5599554   676.6051258   -574.1019253
-43.3063592   578.9438115   -538.8832181
-41.6958505   694.2862655   -567.4382668
-41.7935305   705.3913821   -560.154103
-46.5325501   585.3440367   -538.1833358
-42.4281479   634.3129032   -559.7906902
-46.9152132   635.9778132   -556.7445645
-47.800782   645.4442317   -561.2283815
-48.969602   643.9491516   -559.409511
-46.4358695   632.0450198   -554.9314227
-45.6768744   633.5934214   -556.4748318
-47.4459715   633.9945076   -555.1403001
-42.1808584   617.4928076   -551.4740488
-44.7716624   623.5673492   -552.0964306
-47.9982892   632.6794884   -553.9220664
-46.7386581   639.754689   -559.0508812
-44.0145475   600.6196386   -543.5181662
-43.5852565   598.2082769   -543.0697349
-42.1379195   599.9408486   -544.5868509
-43.1645161   602.2983459   -544.6627394
-49.1301926   710.4048014   -556.0228795
-47.8711766   711.0207951   -555.1004261
-47.2321106   675.9704329   -571.2800599
-49.1226392   676.8514749   -570.3985598
-48.6933634   675.1384537   -570.6765509
-44.9533337   680.2660692   -571.4783585
-45.5938249   681.9514284   -570.890406
-41.9281214   698.3404519   -565.3643009
-41.0437245   697.2441962   -566.0635203
-43.6087789   621.7396295   -552.2276115
-45.1421443   621.9620095   -551.0706883
-43.9787922   653.3074842   -568.0583672
-47.9830414   656.981066   -566.4811456
-46.5728956   655.6569526   -567.0299477
-46.9697817   657.5275162   -567.4727428
-44.0932972   663.364714   -571.3206511
-44.6193713   665.8922848   -571.656499
-45.9280683   664.3644468   -570.4896685
-39.32093   632.4367998   -561.5026312
-47.2330251   680.8049889   -570.5768205
-46.3628578   678.2056717   -571.3551366
-43.936133   672.4283651   -572.8436497
-40.2062529   659.3430079   -572.5981343
-41.6593616   655.1978443   -570.3630826
-39.5824443   649.6822431   -569.8120576
-44.2260901   586.5729581   -539.7863909
-47.7606057   638.5783121   -557.4805097
-44.0502247   632.0018402   -557.02413
-40.4330781   624.0564853   -556.0082478
-39.4504804   624.8751546   -557.2851586
-48.8603089   709.1554488   -557.2779354
-47.9418193   650.8356633   -563.7967639
-44.191281   634.1251056   -558.1071442
-48.4155958   688.5478542   -568.2653865
-47.2258384   695.3598842   -566.1018305
-48.4089925   678.749133   -570.4981761
-46.6165071   696.8495288   -565.5537927
-43.9798755   678.2688413   -572.2228059
-44.5475288   616.5878457   -549.1922797
-48.1369323   672.2814508   -570.8253699
-46.5739677   672.635238   -571.6439101
-47.6629734   673.9927518   -571.1588157
-49.0072436   665.7142047   -568.9343404
-48.1546721   660.5622405   -567.7435962
-43.7965941   646.8750697   -565.3489556
-43.1820505   655.6086019   -569.4784481
-43.9677231   660.9963171   -570.7147882
-41.8359611   661.895615   -572.2806523
-45.589267   662.3131626   -570.0971873
-44.3980612   658.6954086   -569.69799
-46.5226434   659.20965   -568.4178277
-48.1886256   658.6618579   -566.9871261
-42.9685999   641.8633007   -563.5121521
-40.5864272   675.1996486   -574.0185108
-43.0024735   676.6425304   -572.8864856
-42.2620695   678.1087831   -572.8790463
-41.8861911   669.8708356   -573.6993721
-46.8961873   670.9072426   -571.3211568
-40.911314   672.5788846   -574.1581416
-40.3850764   673.8162745   -574.2820844
-39.9520574   680.58005   -572.9857048
-45.8697653   667.7727735   -571.367288
-48.588573   635.5328481   -555.0168451
-43.2294452   625.4088424   -554.2588232
-43.8120626   627.0309366   -554.5677553
-45.2601111   632.067875   -555.9771508
-40.7419669   633.8313664   -561.0220513
-42.9563893   623.7402324   -553.6976053
-40.45607   614.4276948   -551.5042964
-46.3988544   623.2889443   -550.6418085
-46.8287749   683.2419009   -570.1636316
-40.5604842   691.3859975   -568.9091023
-43.5817182   614.5665612   -549.0894875
-46.1553809   595.8538986   -540.7298324
-47.1436913   663.2601677   -569.3939279
-48.3019148   662.3626059   -568.3061839
-46.8749798   661.3706976   -568.9459981
-46.3352764   649.1273492   -564.337793
-46.0358187   674.2407658   -571.9045446
-43.0623873   666.6696202   -572.6997274
-42.5748644   664.7171662   -572.5553221
-44.2103972   668.0685949   -572.3170149
-41.2507515   695.9677772   -566.7003192
-48.1886294   640.3897027   -558.1307445
-40.5397633   607.5358924   -548.536156
-45.4719628   634.8952076   -557.4039497
-41.4029027   635.8778829   -561.5864881
-44.808561   683.5116944   -570.7157535
-45.7650874   698.3058834   -564.9793276
-45.780854   612.3305377   -546.4700392
-41.3249644   637.7650695   -562.7114276
-40.3840475   664.083737   -573.6608157
-47.7998319   677.4416865   -570.9210697
-45.4802038   660.5162642   -569.5941437
-42.2481665   671.692612   -573.5851433
-48.5770318   664.0630516   -568.7019187
-45.2966046   672.9442949   -572.2649957
-39.7907751   730.9199068   -492.6118254
-40.1517867   732.0360043   -492.2588257
-42.043262   732.763403   -491.7095966
-41.6826085   731.636292   -492.0409213
-43.5963867   732.3568989   -491.4652114
-43.9381523   733.4901047   -491.1537536
-45.5540311   733.0905585   -490.8765874
-45.8772241   734.2785684   -490.5964269
-47.8329565   735.0485416   -490.0144328
-47.5569799   733.8712649   -490.2671573
-49.2291674   540.3453854   -506.6837275
-47.7909923   539.2810806   -507.476484
-48.8934364   537.8802504   -509.61756
-46.3320951   538.2322047   -508.2655802
-47.4484625   536.8334968   -510.4488104
-45.9440065   535.765534   -511.2611033
-44.8292538   537.1846422   -509.0424508
-43.291238   536.1198555   -509.8128696
-44.3964615   534.6832241   -512.0310739
-41.7772339   535.0215614   -510.6039259
-42.8863163   533.6265944   -512.7554759
-41.4512302   532.6061667   -513.4797293
-40.3533539   533.9272725   -511.4042766
-40.0721084   531.5197285   -514.3934659
-40.7475457   684.8313802   -502.7773937
-40.1814395   688.2571513   -502.2530502
-43.6526266   726.1884341   -493.0967672
-45.6494   726.1703235   -492.6228459
-44.9390858   727.5948894   -492.4228746
-40.2453611   543.3559578   -502.6016245
-42.4163749   541.6527151   -503.9488195
-42.8743872   543.6711674   -502.2835912
-48.9297627   707.4411565   -496.1320544
-49.2528764   546.3687566   -500.3862032
-46.7189588   546.6943025   -499.8952504
-47.382513   544.6106162   -501.8196337
-41.8204448   537.9176597   -507.4268839
-40.8115062   536.4760908   -508.6970507
-44.8947176   539.9839372   -505.9405515
-46.9134875   540.6913722   -505.6291533
-44.9802748   541.8998533   -504.0150517
-43.9725543   538.5865734   -507.1883254
-47.7385038   542.159242   -504.2943842
-45.3179773   546.1355021   -500.3496246
-45.0330173   557.3396694   -496.2411448
-42.7717879   558.6370951   -497.1470309
-43.1342118   555.932389   -497.138771
-39.6281504   729.3516278   -493.0987834
-48.298848   550.2979185   -497.6216309
-41.1450209   726.0377649   -493.7245173
-42.731077   727.6589167   -492.9096334
-40.5032121   727.8300096   -493.3583142
-43.3714569   730.6987914   -491.9454819
-45.1298929   731.7478289   -491.3004873
-44.1949175   729.0892817   -492.1935516
-41.9521607   729.1730064   -492.6626256
-40.2282369   694.7755313   -500.9929327
-48.0722486   730.2558132   -491.0139324
-46.9921711   727.3718221   -491.9914854
-47.3670325   732.0925456   -490.7285969
-44.7156531   723.1081565   -493.6093301
-42.816921   724.4824493   -493.7401433
-42.3366763   722.6390632   -494.3391694
-47.3459188   716.7525688   -494.4324046
-47.9026115   714.6933027   -494.7606302
-46.3683718   724.6480106   -492.8188163
-44.6393841   724.960343   -493.1742921
-43.7178423   721.259667   -494.3246993
-41.7383752   720.7769098   -494.9671566
-47.9641486   709.6608423   -495.8910527
-47.0009808   708.1968596   -496.4703849
