-748.8470999   -2826.5991211   -415.5243635
-743.0745093   -2825.6204128   -412.5066996
-754.4736592   -2826.423645   -419.36028
-752.8762547   -2830.4097652   -414.7345424
-747.0805375   -2830.5838108   -410.611093
-758.2863299   -2827.5618553   -420.9975302
-757.6732365   -2830.550909   -418.1043506
-760.8574358   -2828.5079002   -421.9279885
-759.3886582   -2833.792448   -416.2339866
-761.8425814   -2832.7462673   -419.0852642
-756.3382117   -2834.4931602   -413.0853713
-763.3868185   -2825.8090019   -424.8176217
-765.5380694   -2831.6736221   -422.7207899
-767.9824559   -2828.3581734   -426.1758924
-771.4249817   -2832.3705196   -425.8449376
-772.5975243   -2827.6700974   -429.3086231
-775.2383677   -2831.0477734   -429.0520847
-775.4281489   -2834.0706825   -427.149564
-775.5925385   -2827.3375034   -431.2998652
-777.8190104   -2833.4448338   -429.0927649
-778.9005963   -2831.0711384   -431.2367439
-780.4834572   -2828.0057907   -433.9239597
-781.1072794   -2834.4388008   -430.334419
-783.3897797   -2831.9373131   -433.4218204
-784.7020356   -2828.4568787   -436.1225963
-786.6761414   -2825.3538609   -438.5464489
-787.4536244   -2834.3546391   -434.1405034
-786.8512598   -2831.3598633   -435.7985258
-788.7099711   -2829.0662766   -438.044548
-790.7479731   -2826.0526657   -440.5005276
-790.3085677   -2832.6771259   -436.8678927
-793.2724682   -2830.2218914   -439.8766458
-794.2450968   -2834.2599869   -437.8351569
-794.9075428   -2826.3523579   -442.6133931
-797.5004641   -2833.0230713   -440.2506649
-797.0423428   -2829.5397758   -442.1353042
-799.2351977   -2826.8687725   -444.5818961
-800.6444899   -2830.8749199   -442.9504275
-800.1236645   -2835.0710869   -440.0776029
-804.3638197   -2828.2010555   -446.0958242
-804.7163216   -2832.7696323   -443.4233904
-808.6232869   -2831.0604095   -445.9302425
-808.7990014   -2827.6383877   -448.1764138
-808.8166443   -2834.8579407   -443.3330894
-812.3975722   -2829.4153214   -448.318541
-812.795612   -2833.0225945   -445.6792474
-816.0123555   -2827.8949261   -450.4880905
-816.3816658   -2831.0968876   -448.0491877
-817.264649   -2834.2523575   -445.2883005
-819.0728156   -2828.4378052   -450.9340823
-820.9558455   -2832.0822716   -448.0839372
-821.0938898   -2835.0179195   -445.1076984
-821.7138974   -2825.7164955   -453.6218643
-822.1792904   -2828.8109303   -451.2679279
-825.0587908   -2834.2738152   -446.4442432
-825.7487742   -2830.9464455   -449.9919713
-826.5795437   -2826.9238472   -453.6685944
-828.3959357   -2832.9279423   -448.4033883
-830.9188811   -2830.350399   -451.2356222
-832.5656382   -2826.1368275   -455.2307129
-831.837031   -2833.7182999   -447.9759336
-835.3317706   -2832.2160244   -449.8535991
-836.097571   -2829.1108608   -452.9484212
-838.5282484   -2825.3662586   -456.5288126
-838.9661042   -2833.3387375   -448.8514364
-838.5113207   -2831.1393261   -451.126188
-840.8238617   -2829.1139603   -453.1506896
-841.3481442   -2831.6915035   -450.59219
-844.8627917   -2826.1179924   -455.9425712
-842.8303925   -2833.7864876   -448.302567
-845.604035   -2830.832243   -451.2901008
-847.5705115   -2834.8891735   -446.7007518
-850.1951424   -2827.9747963   -453.8017809
-851.5575854   -2831.5997124   -449.8910606
-854.1278569   -2834.9664211   -445.7652867
-853.4353701   -2826.0231018   -455.3059042
-855.5488316   -2828.6190033   -452.3785114
-856.2385765   -2831.8004608   -448.9272833
-856.9842307   -2825.3178596   -455.309391
-859.3208519   -2833.4321976   -446.454525
-860.5766026   -2830.0328255   -449.8136044
-859.7631184   -2827.0251751   -453.0358315
-863.0370823   -2834.7930908   -443.8839257
-863.2030217   -2832.2098255   -446.7832744
-864.5442454   -2826.6222477   -452.0223439
-865.2876345   -2829.9674988   -448.5017955
-867.7146164   -2832.5300217   -444.9847937
-870.2976433   -2828.1285763   -448.5803246
-870.9826199   -2834.448576   -441.6071773
-874.0446297   -2831.4006329   -443.8296556
-875.9003607   -2827.7215958   -446.7590153
-874.535772   -2834.4507217   -440.1929975
-877.9405085   -2832.814455   -440.7371283
-880.7258335   -2829.1323185   -443.3959126
-882.2087971   -2832.747221   -439.0218556
-885.8794896   -2829.7924995   -440.4653907
-885.2722374   -2827.5279999   -442.7535534
-886.5115372   -2832.631588   -437.2283518
-889.9638382   -2834.3524933   -433.5048795
-889.8796765   -2825.8645535   -441.9317544
-890.4198138   -2830.3604126   -437.8856719
-894.921991   -2827.5036812   -438.2854998
-894.9529854   -2831.1953545   -434.9884391
-895.5821721   -2834.2044353   -430.9263527
-898.9879815   -2828.2997608   -435.7345104
-898.8918988   -2825.4687786   -437.9726946
-899.5176283   -2831.537962   -432.5299859
-900.4296986   -2834.3658447   -428.3035398
-903.2703368   -2828.4211159   -433.6964488
-904.0921656   -2831.4578533   -430.4602444
-905.5638043   -2833.5065842   -426.8540442
-907.5705735   -2834.8741531   -423.2857823
-907.7392546   -2828.3326626   -431.994915
-908.7068764   -2831.0315609   -428.7406802
-909.5253674   -2832.855463   -425.7994294
-912.5135867   -2833.4617615   -423.0077863
-912.3190371   -2828.3603191   -430.1545918
-913.2549492   -2830.9149742   -426.7575443
-913.8810364   -2834.3923092   -419.1863239
-915.5370919   -2825.4971504   -431.974858
-917.6842896   -2833.9214325   -416.0274863
-915.9308401   -2828.4115791   -428.9060831
-916.2124125   -2831.5594196   -424.346
-917.1632258   -2832.6873779   -421.1318791
-918.0688588   -2829.6642303   -426.4579117
-919.2152945   -2826.6394138   -429.9297631
-920.2271429   -2830.5075169   -423.9962697
-922.1964804   -2831.4032555   -419.8898673
-924.5146243   -2831.8579197   -414.1086638
-919.5930687   -2834.0654373   -411.2456739
-922.2929207   -2827.9724121   -427.251488
-925.5753485   -2828.7296295   -424.4108796
-927.7608124   -2829.6146393   -419.3077981
-926.2647358   -2825.758934   -429.2958677
-929.9856154   -2825.9944916   -427.5358915
-930.9937683   -2827.2781372   -423.2410789
-930.0675122   -2829.6089172   -415.1295722
-932.9945771   -2827.783823   -418.7957942
-933.5833517   -2825.306654   -426.3489842
-934.1232506   -2828.1335831   -414.3211246
-930.7903973   -2830.0950527   -409.0094268
-936.0090224   -2825.5546093   -422.9974449
-938.8005463   -2825.6428242   -417.5987244
-937.7912012   -2827.0380497   -410.9940231
-661.4285437   -2825.3078461   -332.8191638
-662.7100436   -2825.4129887   -336.0878229
-666.013333   -2825.3588676   -331.1088681
-665.0117365   -2825.5732059   -334.2339098
-665.5767886   -2825.3417015   -342.0282602
-666.1578146   -2825.6962299   -337.4378681
-668.7680212   -2825.7141113   -333.735019
-668.8692299   -2825.5517483   -343.8752294
-669.13757   -2825.8638382   -340.2195573
-670.8204476   -2825.2871037   -330.2937448
-670.9288088   -2825.9627819   -336.761117
-674.0897623   -2825.6399632   -332.9170942
-672.2829071   -2825.6373405   -346.4223444
-672.1151797   -2826.0936737   -340.8534527
-675.1901833   -2826.0543346   -337.0055258
-675.8428542   -2826.0908127   -344.9981213
-675.6269661   -2826.2369633   -341.6848779
-676.8147675   -2825.9150982   -347.9162157
-678.5658327   -2825.6876469   -351.0358334
-678.5729853   -2825.5624771   -333.2993984
-679.6676842   -2826.0695934   -337.7898932
-678.1880585   -2826.2610435   -344.5900381
-679.3374745   -2826.2844086   -341.4348066
-680.4606644   -2826.1935711   -347.578615
-681.7922322   -2826.3344765   -343.8322842
-682.3976962   -2826.020956   -351.2758613
-681.3498465   -2825.6115913   -334.6291482
-683.4933487   -2826.1303902   -339.9058282
-684.0899912   -2825.7966042   -336.6407454
-683.9788882   -2826.3318539   -347.2152948
-685.5848757   -2825.7138729   -356.5719724
-685.7440201   -2825.3536224   -334.0542018
-685.2978197   -2826.2443542   -342.2717452
-686.0660044   -2826.3146877   -350.1046896
-686.3676039   -2825.772047   -337.7650976
-688.5188548   -2826.2979984   -344.8670506
-688.7564389   -2826.431036   -348.6967087
-688.4716479   -2826.3385296   -353.8453281
-688.4668795   -2825.9079456   -339.7871256
-689.2580716   -2826.0662556   -358.5938811
-691.9842688   -2825.7062435   -364.4426465
-692.2067133   -2826.3580799   -360.7688248
-693.0069653   -2825.8244991   -340.7378495
-691.5648905   -2826.6227245   -351.8377841
-693.4411255   -2826.8682957   -355.1439047
-693.5083596   -2826.5237808   -348.1942117
-692.6560131   -2826.6615868   -358.3500981
-693.3848587   -2826.2000084   -344.4926441
-695.7996813   -2826.9302845   -351.3220549
-695.5241887   -2826.2777328   -366.4240837
-694.6334568   -2826.6711235   -362.6653254
-695.7660643   -2827.2008896   -358.8681221
-696.8633858   -2826.0073662   -342.9497778
-697.1999136   -2825.4711628   -339.0783668
-697.2908703   -2826.6370296   -347.7342427
-698.6447302   -2827.6288509   -356.0620844
-699.0109412   -2827.7647495   -361.8867993
-698.1965033   -2826.1070251   -370.2221811
-699.0294186   -2827.195406   -366.6281104
-700.8574931   -2827.6507854   -353.0960679
-701.2351481   -2825.489521   -340.0431871
-700.959417   -2826.6487122   -346.7978537
-700.9019581   -2826.0493279   -343.3402181
-703.0594078   -2827.4381161   -350.1900434
-701.3481585   -2826.3571262   -372.8084266
-701.3685433   -2828.0575275   -364.7806048
-702.2417513   -2827.6844025   -368.7770367
-701.8766133   -2828.3026218   -358.5441709
-704.190704   -2828.8435936   -361.8023992
-704.3679682   -2828.3097744   -354.6707034
-704.5366494   -2826.1227608   -343.5601592
-705.3702799   -2827.0468712   -347.328186
-705.9962479   -2825.4761696   -340.4084146
-705.1690546   -2827.0931244   -374.4446337
-705.2030293   -2828.8547993   -366.0229146
-704.3698756   -2828.7653923   -358.7823808
-704.8055855   -2825.6075382   -378.2992065
-708.1882683   -2828.4678459   -372.8406727
-707.7781884   -2829.3459415   -367.4752414
-706.9774596   -2828.461647   -353.354156
-709.0531317   -2829.6630383   -359.5277667
-707.51712   -2829.5121193   -363.9987409
-706.6820589   -2828.9294243   -356.3993871
-710.0944249   -2826.198101   -343.5406685
-707.9320876   -2827.1532059   -377.1677315
-712.7660242   -2828.1257153   -349.5123386
-709.7190348   -2829.1006088   -354.7569811
-710.4199854   -2827.4178505   -379.1277111
-711.5174261   -2826.3411522   -383.4205568
-711.3960711   -2830.3465843   -364.3245399
-711.7743222   -2830.0385475   -370.1757789
-711.6285292   -2828.9208412   -375.559181
-713.1433216   -2825.7234097   -386.7306113
-713.2537094   -2829.6592236   -355.2105129
-715.3647868   -2830.8849335   -360.7521057
-715.3804032   -2826.5190125   -344.1309631
-713.0825249   -2827.9213905   -380.7974458
-714.0730349   -2829.18787   -377.9398501
-717.8883282   -2831.7580223   -369.0595031
-717.6506249   -2831.5935135   -364.0251756
-716.1764828   -2827.8102875   -384.9771619
-714.4341198   -2830.3208351   -373.3603358
-716.743919   -2828.956604   -351.0715663
-717.4139944   -2827.8143406   -347.5640416
-716.1719529   -2829.1978836   -380.7673752
-716.6075436   -2826.2717724   -389.4316554
-717.2684399   -2830.1560879   -355.1875651
-719.3342177   -2826.3008595   -392.5780356
-718.3918682   -2830.9400082   -377.4052858
-716.9865099   -2825.5169392   -341.3290381
-722.6485936   -2832.1545124   -360.970974
-719.5679871   -2826.7431259   -344.3963826
-719.3418471   -2829.8022747   -383.1327558
-720.061752   -2827.9430866   -389.5203173
-721.8898264   -2829.934597   -386.349231
-722.3489014   -2829.5087814   -351.1348069
-722.9983536   -2831.1023712   -356.0310602
-720.7286087   -2828.3259869   -348.3365476
-725.6908146   -2833.3199024   -364.9268746
-724.4465081   -2833.4801197   -371.1247742
-722.2897736   -2826.0331154   -396.3444233
-720.521423   -2831.1648369   -379.9414933
-724.0045992   -2833.1017494   -375.9874701
-722.5162712   -2828.3629417   -391.5601969
-722.0567194   -2830.994606   -383.0170333
-724.3925063   -2826.7123699   -344.027102
-724.9165503   -2832.8659534   -379.9715042
-725.8350579   -2825.7198334   -341.7114615
-726.0393826   -2829.3023109   -349.8577178
-727.0798413   -2828.1366825   -346.970439
-725.2828804   -2831.7608833   -385.2924109
-725.3583399   -2830.637455   -389.1189992
-724.8307196   -2828.189373   -394.679755
-726.4933316   -2826.9984722   -398.7843096
-725.9419886   -2830.6441307   -353.3779085
-726.5871493   -2829.833746   -392.9100335
-725.9064642   -2831.9118023   -357.5435281
-727.8736559   -2833.4066868   -362.7622426
-726.7366377   -2834.117651   -372.8066683
-729.0929285   -2834.7504139   -375.2857149
-727.7077166   -2826.4153004   -343.1791365
-727.9311148   -2833.8961601   -365.719676
-728.051993   -2829.3161392   -395.8212435
-728.562924   -2833.9576721   -381.3309968
-729.3011872   -2833.0826759   -386.7647946
-729.9887864   -2832.1135044   -391.0477757
-729.2841402   -2826.3058662   -402.2816122
-728.8615433   -2831.9885731   -356.3544154
-729.4171778   -2833.2235813   -360.7093692
-729.7888724   -2830.2423954   -351.2401879
-730.4327217   -2829.1378021   -398.6220658
-730.8866707   -2831.3567638   -394.3041861
-730.998489   -2834.9809647   -369.2550659
-731.352779   -2827.8813362   -345.939666
-731.4539877   -2825.9088993   -342.1248198
-733.321282   -2834.5677853   -363.5638654
-732.3349444   -2833.9388371   -361.6155386
-732.849094   -2834.9788189   -384.5933974
-731.4548222   -2832.7074051   -357.4021161
-733.0809561   -2829.7553062   -349.5680988
-733.5852114   -2828.401804   -402.7907848
-734.2480151   -2834.6397877   -388.5367811
-734.2118946   -2833.3244324   -393.0236399
-733.9758603   -2831.4709663   -353.2514274
-733.541104   -2831.8059444   -396.3183761
-735.2027623   -2831.2501907   -399.2798626
-734.0405909   -2832.9937458   -357.275635
-734.6077887   -2826.294899   -406.2484503
-735.2739302   -2826.3301849   -343.0432677
-737.4204127   -2833.5402012   -357.5385213
-736.5054814   -2828.9306164   -347.6693928
-737.0168892   -2831.0108185   -351.6390324
-736.9270054   -2833.4732056   -396.0397542
-737.7108065   -2829.1535378   -405.1014483
-737.1402708   -2830.8136463   -402.0248055
-737.8804413   -2832.49259   -354.6818197
-738.0549637   -2827.4412155   -407.4625671
-739.0569178   -2833.0180645   -399.4320929
-739.1739813   -2825.4249096   -341.6675627
-739.2023531   -2827.1193504   -344.5489109
-739.4391028   -2825.9203434   -409.9264443
-738.7308804   -2828.8793564   -347.4440873
-740.1299206   -2834.7864151   -396.2441683
-740.5382124   -2829.7588825   -348.85481
-741.5141789   -2831.4328194   -351.698786
-740.8195464   -2831.82621   -403.5999775
-741.394612   -2833.8267803   -356.7529619
-742.3563925   -2829.6267986   -408.1093371
-741.9457165   -2832.6470852   -353.9384902
-742.1313254   -2828.2361031   -346.3132977
-743.2530848   -2834.9685669   -399.320066
-743.3280674   -2826.5857697   -343.7595367
-744.6391312   -2829.5266628   -348.2738733
-747.0633713   -2834.2633247   -404.8909247
-745.4465357   -2832.8661919   -353.5447121
-746.9653813   -2834.5241547   -356.2378883
-747.275087   -2827.8646469   -345.5268741
-748.00584   -2825.9165287   -342.5825238
-748.6549345   -2831.6209316   -350.872457
-748.7513749   -2829.5087814   -347.7311432
-750.2332655   -2834.3756199   -354.8355103
-753.0203787   -2834.4988823   -410.292536
-751.8634526   -2828.0038834   -345.2022672
-751.3757674   -2830.4965496   -348.7248719
-753.4496514   -2832.5388432   -351.0752916
-755.2467314   -2834.6302509   -353.333354
-754.4002262   -2830.9595585   -348.7162888
-754.1795699   -2826.457262   -342.6518738
-755.8854548   -2828.2215595   -344.7781503
-757.9228608   -2831.8283558   -348.7704396
-756.5643517   -2826.9290924   -342.7939117
-761.5879504   -2833.6632252   -349.8355448
-761.0343424   -2827.123642   -341.7604864
-761.5945069   -2830.978632   -346.5770781
-765.9204928   -2830.4169178   -344.2569375
-766.2723986   -2827.7957439   -340.8070505
-766.2056414   -2834.5487118   -348.959744
-769.5824829   -2827.2109032   -338.704586
-770.9558932   -2833.0690861   -345.1012373
-769.2631213   -2829.5879364   -341.83833
-773.628327   -2829.9732208   -339.9739563
-772.6857392   -2826.921463   -336.7512226
-775.7389275   -2833.8589668   -343.1005776
-775.9088007   -2828.088522   -336.2717927
-777.3103444   -2830.9204578   -338.740617
-779.3605057   -2827.3286819   -332.9153955
-778.8536278   -2834.6090317   -341.7436481
-778.8272826   -2829.8065662   -336.317569
-781.4383236   -2832.0724964   -336.8099034
-780.798289   -2834.0702057   -339.5644128
-782.9491822   -2826.2989521   -328.6975622
-781.6586224   -2829.9286366   -334.1987431
-784.7122876   -2829.6470642   -331.1821818
-784.2544047   -2835.211277   -337.7026916
-784.9266259   -2831.754446   -333.4259093
-785.4026286   -2825.469017   -325.44595
-785.793039   -2828.9477825   -329.4825852
-787.3521773   -2828.8519382   -328.0130029
-788.4318558   -2835.0756168   -333.7542117
-788.9524428   -2826.0178566   -322.8521347
-788.4578434   -2831.2883377   -329.7480643
-786.3995758   -2829.7147751   -329.7522068
-786.7957083   -2829.99897   -329.7137618
-790.4985873   -2829.3488026   -325.7231712
-792.3612324   -2832.1216106   -327.3902833
-792.0162407   -2827.283144   -321.9103813
-793.0787531   -2830.2979469   -324.7711957
-795.6561772   -2827.0611763   -319.1586137
-794.9934927   -2834.6655369   -327.6416957
-794.7371928   -2831.9613934   -325.2777755
-795.4401699   -2829.8873901   -322.5966096
-797.7127758   -2832.8053951   -324.1097629
-798.6135212   -2829.0398121   -319.863975
-799.7550694   -2826.952219   -316.7915642
-801.6395298   -2832.2439194   -321.300745
-801.3996807   -2829.3917179   -318.7125027
-804.6455113   -2827.8999329   -315.789938
-803.4189669   -2834.9180222   -322.2550154
-804.7725884   -2830.5814266   -318.4170723
-805.917832   -2834.3362808   -320.3982115
-808.7440459   -2826.7650604   -313.6061728
-807.5358597   -2829.3907642   -316.2141442
-808.7396351   -2831.9783211   -317.3835278
-811.2899987   -2830.0833702   -314.791292
-811.1390797   -2825.4477978   -311.768204
-812.5238148   -2833.4624767   -316.1328137
-815.1647774   -2828.4118176   -311.6351664
-814.9240939   -2833.6017132   -314.8091435
-815.0778738   -2830.3637505   -312.928319
-817.3873154   -2832.6983452   -313.0787909
-816.1352602   -2827.278614   -310.9219074
-818.460199   -2830.1789761   -311.2059236
-819.7673289   -2826.4303207   -309.5918
-820.7710711   -2828.0296326   -309.7342849
-821.3159768   -2831.2084675   -310.6895685
-823.497626   -2834.9835873   -311.9158447
-824.4354454   -2831.7785263   -309.9713922
-824.3505684   -2828.3789158   -308.8245988
-824.681255   -2830.6829929   -309.4843626
-826.144549   -2829.7224045   -308.7664545
-828.5155026   -2827.4586201   -307.7845275
-829.6419112   -2830.7549953   -308.2635999
-829.2005984   -2833.9152336   -309.6511662
-832.0589987   -2827.5718689   -307.0590198
-833.0694167   -2833.5762024   -308.5460961
-833.3921162   -2830.1653862   -307.2989583
-836.6462914   -2827.6848793   -306.1720729
-837.2171847   -2831.0379982   -306.8481982
-837.2481791   -2835.208416   -308.249563
-840.7246796   -2825.4246712   -305.1926196
-840.5760256   -2832.4437141   -306.6231012
-839.8344246   -2828.8524151   -305.8184385
-842.2208754   -2828.8016319   -305.4102957
-843.244764   -2833.8401318   -306.7130148
-844.9920145   -2827.4259567   -304.7685921
-844.6161477   -2830.8782578   -305.5838346
-847.443792   -2835.1068497   -306.6269457
-848.929259   -2829.8771381   -304.8003614
-848.6339775   -2825.7021904   -303.9897978
-851.3234583   -2833.2254887   -305.5279255
-852.3930041   -2827.2154331   -303.8321435
-853.3987729   -2830.4929733   -304.4832945
-854.1506258   -2834.3024254   -305.6592643
-856.9175927   -2828.012228   -303.534925
-856.4231125   -2831.389904   -304.5051992
-858.4001986   -2835.0594044   -305.7411611
-859.9739996   -2831.1104774   -304.2731881
-860.3759734   -2828.2496929   -303.3430874
-862.6323668   -2827.7676105   -303.1336069
-864.5521132   -2832.9496384   -304.8018515
-866.7645184   -2828.3576965   -303.2536805
-868.4514491   -2833.1475258   -305.0025105
-868.9212529   -2827.2747993   -302.998513
-871.2185351   -2829.3282986   -303.75126
-871.7740504   -2825.6819248   -302.6286364
-871.3841168   -2832.7121735   -305.0979078
-874.2966381   -2834.0127468   -306.1268926
-874.8526303   -2830.8594227   -304.6808541
-875.8157221   -2827.10886   -303.2674789
-877.7518002   -2832.3726654   -305.8262765
-879.6319691   -2830.2352428   -304.8919439
-879.3904511   -2825.4003525   -302.9524684
-880.9182373   -2833.5404396   -307.1705699
-882.454249   -2828.261137   -304.4900894
-883.4154335   -2831.001997   -306.0735762
-884.2150895   -2832.9310417   -307.4510396
-886.2322298   -2826.1175156   -304.0679395
-885.9355179   -2829.8792839   -305.8533967
-886.9229285   -2833.8525295   -309.0289235
-889.4327608   -2828.2747269   -305.7445586
-889.7100417   -2831.8648338   -308.475256
-890.9005848   -2834.1238499   -311.0538423
-894.0690485   -2829.0548325   -307.5700104
-893.1396929   -2825.8564472   -305.1841855
-893.0320469   -2832.041502   -309.8424077
-894.4266764   -2833.7605   -312.3036921
-895.8774535   -2831.1254978   -310.1289868
-897.2036568   -2834.3267441   -315.0408864
-899.1706101   -2828.504324   -309.1383278
-898.3468739   -2831.7432404   -312.271446
-900.0541893   -2834.4395161   -317.702651
-900.4955021   -2832.518816   -314.8034215
-902.6829926   -2829.8363686   -312.5192821
-903.1666247   -2834.1844082   -320.3702867
-903.2195536   -2827.1303177   -309.6212745
-903.9469687   -2831.8834305   -316.6895807
-906.5166441   -2833.5223198   -323.3711421
-906.7417113   -2826.8094063   -311.2722337
-906.2782256   -2829.3187618   -314.4679666
-906.3340155   -2834.7899914   -329.5018375
-906.4190117   -2832.1490288   -319.8086619
-908.1264464   -2830.0926685   -317.4603283
-907.9044787   -2833.666563   -326.9068599
-908.64   -2835.2458477   -352.8930545
-909.1169564   -2833.8525295   -337.1630609
-908.1989256   -2834.0251446   -331.9278955
-909.4172446   -2834.225893   -345.2653885
-909.7093073   -2827.6195526   -314.6264553
-910.154554   -2830.7244778   -321.3046491
-910.6678692   -2831.8977356   -325.5993426
-911.8689028   -2834.102869   -355.9480906
-912.279698   -2834.7141743   -364.2710745
-911.1516205   -2832.2937489   -329.7164738
-911.850783   -2828.3545971   -318.0165887
-912.4473063   -2832.0188522   -334.1574669
-911.229941   -2833.0712318   -341.1607742
-911.8697373   -2835.2413177   -368.8928485
-913.0310742   -2834.962368   -371.6773391
-911.7116658   -2833.7664604   -351.8609703
-913.3239714   -2832.8537941   -350.2259552
-913.8217894   -2832.2072029   -346.0637927
-915.123674   -2834.6381187   -380.0494671
-916.3930146   -2834.0280056   -376.6535521
-911.8555514   -2834.5112801   -359.9541485
-913.6639563   -2825.6931305   -315.0904179
-913.9812914   -2831.6867352   -340.9543931
-915.2418105   -2830.7807446   -337.0557725
-913.652393   -2829.8151493   -324.1278529
-913.5199515   -2828.7098408   -320.9280074
-914.8927657   -2834.9337578   -384.4151795
-913.8636319   -2830.644846   -328.1711042
-914.0910832   -2830.9738636   -331.3905895
-917.5421921   -2834.36203   -390.0448382
-919.8811976   -2834.048748   -396.7310786
-913.6359421   -2833.0311775   -353.2134593
-915.4256312   -2826.7028332   -318.7986016
-916.0214392   -2832.7622414   -359.8283231
-916.2997929   -2831.9163322   -353.9963067
-917.2953097   -2833.2600594   -369.7001934
-915.4418436   -2833.4109783   -363.7017608
-915.3328864   -2830.5137157   -334.155947
-916.5254561   -2833.8258266   -373.7849593
-916.2082402   -2831.2642574   -348.1991589
-916.3747755   -2827.6998997   -322.4951029
-916.8857066   -2828.5644054   -326.4118433
-916.383001   -2830.6701183   -343.1301415
-916.9635502   -2829.3664455   -330.8860958
-916.6936604   -2830.1589489   -338.9047384
-918.3536497   -2834.846735   -407.7133834
-919.0995423   -2834.7008228   -403.1496942
-919.9428288   -2833.1105709   -382.162869
-919.1446034   -2833.6081505   -386.094898
-918.6711041   -2828.8884163   -335.5168104
-918.3542458   -2825.6525993   -320.4007745
-918.7161652   -2832.0393562   -363.0995154
-917.7062241   -2832.8137398   -366.5173054
-918.5383049   -2830.3284645   -350.0095308
-918.9531533   -2829.7290802   -346.6464579
-919.0971581   -2830.7006359   -354.6399772
-919.6246592   -2830.9512138   -358.0593467
-919.9346033   -2826.2069225   -324.2785335
-920.2011553   -2828.4504414   -340.349257
-920.3711478   -2828.7422657   -344.2439735
-919.678661   -2832.7176571   -374.15573
-920.2284542   -2827.1596432   -328.6144733
-922.4815098   -2826.3378143   -331.4625621
-921.714398   -2833.0395222   -390.8282816
-921.624395   -2832.2315216   -377.101481
-921.1204974   -2831.5296173   -366.8521643
-923.1717316   -2833.1084251   -407.8841805
-921.7021195   -2831.7406178   -371.1560667
-921.3046757   -2829.120636   -351.0400653
-922.0734564   -2827.0354271   -335.7460201
-922.1704928   -2830.6837082   -363.7237251
-922.6283757   -2828.0291557   -348.0114639
-922.7039544   -2828.9086819   -354.0533781
-926.3556925   -2832.1464062   -401.9797444
-923.0874506   -2832.3130608   -386.3684237
-924.14138   -2829.7140598   -362.8474176
-924.2100445   -2828.8106918   -357.7394187
-926.2330262   -2831.8376541   -395.5211639
-923.7122265   -2826.8539906   -343.0914581
-924.1783348   -2826.1067867   -338.4362757
-923.6520258   -2831.9022655   -382.6770782
-924.1064516   -2830.4851055   -368.1272268
-925.3033129   -2831.8240643   -390.2533352
-924.5952097   -2827.5303841   -351.4027894
-924.1028754   -2831.2413692   -375.557214
-926.0561196   -2830.8844566   -379.7759712
-925.237867   -2830.532074   -372.4284172
-924.9219624   -2825.3030777   -334.7364962
-926.2010781   -2825.7837296   -345.3016281
-927.3076979   -2825.8872032   -350.0139713
-926.1041609   -2827.3053169   -354.4353247
-926.9811837   -2831.0139179   -386.2558901
-925.8708683   -2831.1080933   -382.2016418
-928.186628   -2829.7736645   -376.0158122
-926.3540236   -2828.8447857   -363.471806
-928.0553786   -2829.297781   -371.2921441
-928.7001816   -2828.2294273   -365.9166992
-929.2365042   -2826.6386986   -359.0432703
-929.0493456   -2830.6434155   -390.7785714
-928.5757271   -2830.2321434   -382.8133941
-930.3414551   -2829.398632   -380.5235922
-929.1772572   -2825.7677555   -354.6503782
-930.8930365   -2830.3873539   -398.0358839
-931.7645756   -2829.8504353   -393.0326104
-933.1844775   -2829.5834064   -401.8182456
-930.6562868   -2829.8430443   -387.0507777
-931.6608635   -2826.0614872   -362.1731102
-931.407663   -2828.3185959   -374.3210435
-930.5413691   -2828.0220032   -369.702071
-931.2646119   -2828.7665844   -377.6200116
-931.3519923   -2826.9746304   -365.8137918
-932.9331843   -2828.8154602   -384.1052353
-932.9232899   -2829.2548656   -389.7683322
-933.8974682   -2827.8582096   -378.5771728
-933.46903   -2828.3548355   -381.7388415
-933.5528342   -2826.6925812   -369.939059
-936.658117   -2827.9926777   -405.7076573
-935.0939719   -2828.776598   -395.2673376
-934.0961901   -2827.2647858   -374.856621
-933.5908619   -2825.4327774   -363.704145
-936.2898795   -2827.8200626   -386.9106174
-936.7453782   -2827.8875351   -389.822036
-936.0943762   -2827.4788857   -382.8473389
-938.9285771   -2827.2438049   -400.4769921
-935.9589545   -2825.9122372   -371.8292713
-937.0979992   -2826.202631   -376.4918149
-938.4790388   -2825.9985447   -379.0652454
-940.8962456   -2826.3754845   -393.8842118
-938.8874499   -2826.5185356   -383.9642406
-939.7189347   -2826.6098499   -388.3941472
-942.3685995   -2825.4601955   -406.2038064
-941.9054715   -2825.3605366   -385.1880133
