-738.9485566   -2825.9451389   -234.3920916
-738.1016938   -2826.5647888   -237.414971
-739.472839   -2826.6999722   -257.2362125
-739.1314236   -2827.2206783   -241.0006523
-739.3455235   -2827.5384903   -248.6175895
-740.5626503   -2827.624321   -244.4985062
-742.2964302   -2827.5034428   -252.8213561
-741.3338152   -2827.067852   -237.9620969
-742.4326865   -2826.4708519   -260.6180906
-742.3546044   -2827.8203011   -247.9597777
-743.18144   -2827.6641369   -241.3358986
-743.5887782   -2827.1384239   -256.9781244
-743.1018082   -2826.5953064   -234.8169088
-743.5120074   -2827.9151917   -244.7953224
-745.539519   -2826.0142803   -231.6147387
-745.5923287   -2826.2195587   -263.12536
-744.2905632   -2827.3544312   -237.8642857
-746.1458174   -2827.9929161   -249.8237044
-747.3716465   -2827.634573   -254.7456324
-745.3189818   -2828.0692101   -246.5271056
-746.3439433   -2826.967001   -259.2763901
-746.5389697   -2827.1298409   -235.5004549
-746.1640564   -2828.0601501   -243.6019927
-747.3283736   -2827.8079033   -239.6317869
-748.4333245   -2828.2074928   -246.3573068
-749.0168539   -2825.7455826   -229.5296341
-748.717877   -2826.7378807   -232.9094857
-748.8364903   -2826.6317844   -261.6025507
-751.0969368   -2828.1300068   -250.3516376
-749.2401329   -2828.1798363   -242.9387718
-750.2277819   -2827.2242546   -258.4420145
-750.2828566   -2827.4838924   -236.0492647
-751.6382662   -2828.063488   -240.1280105
-751.6907183   -2827.7394772   -254.9193203
-752.6480881   -2828.3219337   -244.8234856
-752.246472   -2826.8196583   -231.9220752
-752.8652874   -2826.5028   -262.2223794
-751.6208617   -2825.340271   -227.3976803
-754.1837422   -2827.3487091   -257.6706707
-755.252215   -2827.7175426   -236.239925
-755.5554835   -2827.9247284   -253.2719374
-755.8504073   -2828.2613754   -248.4645993
-754.8778979   -2826.2889385   -229.1458696
-755.0990311   -2828.2215595   -241.1452979
-756.7935912   -2827.1577358   -232.2454453
-757.1912733   -2828.3298016   -244.2552
-756.550881   -2826.5137672   -261.665374
-758.6538521   -2826.4019489   -228.2945216
-757.9800812   -2827.3744583   -256.7486167
-756.7881075   -2826.7948627   -230.4778993
-758.7291924   -2828.1583786   -240.1892096
-758.5235564   -2825.8781433   -263.5898888
-760.379645   -2827.7440071   -236.0241264
-760.1057021   -2827.9573917   -251.6466975
-759.1405836   -2827.7485371   -253.8131177
-759.6729723   -2828.243494   -247.2395152
-760.2904765   -2826.628685   -259.6570849
-761.1431805   -2828.2380104   -243.6677217
-761.9433133   -2827.234745   -255.7223439
-762.2464625   -2827.1501064   -231.7762226
-761.7858378   -2825.5581856   -263.3209825
-761.889073   -2826.3013363   -227.2530496
-763.2786957   -2828.0200958   -239.8357689
-763.3291212   -2825.3567219   -223.4526426
-762.1158091   -2827.988863   -249.6373206
-762.7861229   -2828.1188011   -246.5753555
-764.5412413   -2826.1692524   -259.5202327
-764.6372048   -2827.6054859   -235.7092649
-765.1704279   -2828.0117512   -243.9174354
-764.1900507   -2827.5163174   -252.294898
-764.4657818   -2826.4899254   -228.1718254
-766.1196915   -2826.7896175   -255.4742098
-765.8024756   -2827.7485371   -248.4024018
-767.0225827   -2827.0125389   -232.0477962
-766.4031712   -2827.7635574   -238.470912
-766.4285628   -2827.8856277   -240.9116924
-767.6807372   -2825.7036209   -225.1058966
-767.8388087   -2827.1100521   -252.0097792
-766.8474642   -2826.444149   -228.5053879
-767.9224936   -2825.7043362   -259.4352365
-768.4309212   -2827.4059296   -236.1578494
-768.6197487   -2827.6014328   -245.4583943
-769.4210736   -2827.5945187   -242.7260429
-769.8021857   -2827.1946907   -248.8960177
-770.1199976   -2826.2474537   -255.1563382
-769.2004172   -2827.5718689   -239.7700995
-770.55082   -2826.2734413   -229.0859371
-771.7705695   -2826.8005848   -233.6909771
-772.6011006   -2825.3619671   -225.3219783
-770.9151236   -2826.6673088   -251.7921329
-771.4744536   -2827.162981   -237.3242378
-772.0466582   -2827.067852   -246.0640669
-772.734615   -2827.1007538   -240.1137203
-773.4960047   -2826.4892101   -249.6273667
-773.2120482   -2825.7842064   -254.6572089
-773.9407746   -2825.9921074   -229.5158654
-774.0103928   -2826.8563747   -243.2087958
-776.0131089   -2826.3986111   -235.7653677
-775.2674548   -2826.3251781   -233.6342633
-775.4689185   -2826.4057636   -246.3077009
-776.6177384   -2825.3290653   -227.9106677
-775.6477324   -2826.5957832   -240.6223118
-776.4066187   -2825.7579803   -250.5391836
-777.3009268   -2826.1861801   -243.2682216
-778.1493393   -2825.674057   -232.2094142
-778.925511   -2825.8988857   -239.6140844
-779.8380581   -2825.5825043   -234.9697798
-778.7941424   -2825.6201744   -246.4131862
-780.8289257   -2825.3009319   -243.4380203
-744.9521748   -2825.438261   -266.3855851
-740.991923   -2825.5867958   -264.4547522
-752.2459952   -2825.558424   -266.1613524
-749.117109   -2825.9227276   -264.8303509
-755.118343   -2825.6177902   -265.4717267
-721.4964358   -2825.2949715   -246.4781106
-725.2369849   -2825.5245686   -248.9082068
-724.1345374   -2825.4797459   -245.1475561
-726.7585722   -2825.6440163   -241.4422482
-729.6973196   -2825.63591   -255.0000548
-728.4759013   -2825.9892464   -243.7859476
-728.2412974   -2825.7675171   -251.566112
-730.8803526   -2826.3037205   -249.4691908
-731.1439244   -2825.7360458   -237.9606515
-731.926891   -2826.3483047   -241.7866141
-731.3382355   -2826.1847496   -252.4162233
-731.7646471   -2825.3355026   -259.1870725
-732.2823731   -2826.6003132   -245.5424666
-734.1814963   -2826.4193535   -254.2003095
-734.1478793   -2826.7059326   -251.0087192
-734.0488163   -2826.849699   -247.9486316
-734.5212428   -2825.8326054   -236.1785918
-733.2770554   -2826.2245655   -239.0254289
-735.6821028   -2826.2999058   -256.6872239
-736.1546484   -2827.098608   -244.6296215
-735.5055539   -2826.654911   -239.9999052
-738.3480994   -2825.7296085   -261.9925141
-736.7614237   -2827.1980286   -248.957932
-737.5739542   -2827.0218372   -252.8711557
