457.1217271   -1774.0308046   904.3017626
456.1400535   -1773.4619379   900.5210996
453.6717954   -1772.3730803   902.4584889
459.2843624   -1775.0968933   900.3979564
454.8475715   -1773.4590769   909.799993
453.7489089   -1772.626996   905.8644772
459.1851952   -1775.2138376   907.6400399
456.9145115   -1773.9560604   896.7289329
453.502697   -1772.2114325   898.7218142
456.020427   -1773.8311291   891.9991851
453.2713714   -1772.2126245   894.7926164
457.3553177   -1775.0028372   889.2176747
453.6059024   -1772.6993561   890.2065754
455.3406658   -1774.2837667   886.5200281
451.4105143   -1772.0705271   909.1975093
455.7007524   -1774.2109299   912.3663902
451.9678774   -1772.2082138   887.58111
452.3491385   -1773.0580568   883.8456869
452.7854594   -1773.1618881   912.9554629
450.6244185   -1771.2898254   904.5714736
450.6241652   -1771.0337639   900.7160664
449.3061128   -1770.4191208   898.2416987
450.1512172   -1770.8636522   893.1006789
450.0940713   -1771.040082   890.0342584
449.8964372   -1771.5330124   884.8878741
451.8801542   -1773.5426426   880.5181384
449.5289894   -1771.8871832   881.8301558
448.5262754   -1770.5655098   887.4073625
448.8980296   -1772.5511789   877.4927855
453.1971636   -1775.2367258   877.6893616
446.8841525   -1770.2829838   907.0966244
448.1428536   -1771.089077   910.2509618
449.0685882   -1771.8769312   913.143754
451.3577791   -1775.0542164   874.6218085
448.2742371   -1773.4707594   873.1554151
447.1641602   -1769.8670626   902.0301104
446.9926181   -1769.6653605   890.9718394
447.6021948   -1769.7764635   894.6262598
446.2542953   -1769.323945   897.8796601
446.9202133   -1770.2636719   883.8216066
446.9299289   -1770.8178759   880.5035949
445.1944949   -1771.3655233   874.0782142
444.2882212   -1770.0109482   878.0747056
444.9742409   -1769.1209316   887.1292472
447.1670809   -1774.3393183   868.0763841
444.0347227   -1771.5492249   870.859921
445.1056989   -1770.3768015   911.511898
444.3982961   -1768.6449289   894.0871954
442.3195543   -1771.7803717   866.2319183
444.1585215   -1773.5052109   864.0415668
443.2388517   -1768.8524723   903.9677978
443.7212618   -1768.6764002   900.4461765
442.9199072   -1768.2163715   890.3977275
444.1609057   -1769.22822   882.5006485
442.2943565   -1769.1026926   908.0687165
441.9261041   -1767.9899931   897.1793056
441.7321803   -1769.5990801   874.2089868
440.8401968   -1767.7104473   886.534214
442.6019611   -1768.8531876   880.7556629
440.4492351   -1767.4673796   893.3839202
440.0088014   -1768.1883574   878.3996105
442.3923763   -1773.111105   860.7712984
439.7095563   -1767.6701546   900.8653164
440.301654   -1767.8428888   882.3363185
442.2123405   -1773.7678289   857.177794
439.4631656   -1768.0618763   905.192554
441.8557408   -1774.3961811   852.4092436
438.9070245   -1769.1342831   869.9892163
438.3386495   -1769.5358992   866.4574027
439.5788582   -1767.2247887   890.0926709
438.6467906   -1772.6370096   848.6739993
438.3709105   -1768.3111429   908.6708426
440.487084   -1769.2624331   911.8123055
436.8010881   -1766.7124271   896.2623477
438.0848827   -1768.0739164   874.0138412
439.7737803   -1771.1411715   862.4693155
438.6457922   -1771.1956501   858.781755
438.2591965   -1771.4750767   855.7416797
437.8804984   -1771.6802359   852.715075
440.0345358   -1773.8312483   844.0179825
441.3806023   -1774.9545574   838.8115168
437.1404322   -1771.8789577   842.8887129
439.8512664   -1773.9633322   835.5467319
437.8943416   -1772.5526094   837.6508355
437.5531944   -1766.8770552   883.8484883
436.8658485   -1766.5483952   888.2395625
436.4150139   -1766.4647102   891.8447495
436.4335956   -1766.835928   879.7695041
436.8204894   -1771.484971   846.6824889
437.7171072   -1773.0710506   832.7075839
441.0940828   -1775.1096487   831.8374753
436.9041892   -1769.6688175   861.9059324
436.945987   -1767.3249245   903.2638073
435.4811879   -1766.6714191   899.4369507
435.6884631   -1767.6584721   907.5343609
438.9641853   -1774.4972706   828.5086751
435.4999783   -1772.4996805   829.5409083
436.2738552   -1773.7823725   825.9190917
434.146327   -1767.2277689   868.9752817
435.358298   -1767.3137188   871.8121052
435.0895854   -1770.0303793   851.7509699
435.7558908   -1769.5964575   858.4256172
436.5707012   -1768.5106993   911.7252827
434.2025491   -1767.676115   865.6373024
434.5761361   -1766.7171955   874.6888638
433.8667663   -1770.8929777   833.853662
434.8584833   -1770.5643177   840.3655887
433.7164881   -1765.8443451   885.8184814
432.4535253   -1765.648365   881.5304637
433.5562261   -1768.6350346   856.5745354
433.8990273   -1766.9364214   904.2710066
433.9793595   -1768.3240175   860.7978225
433.4949972   -1765.8107281   889.2185092
433.758122   -1769.6608305   844.1312909
432.7984872   -1768.89956   848.144114
434.556094   -1770.684123   837.2060657
431.1872544   -1765.5444145   893.8575983
431.3722076   -1765.7841444   896.7466354
431.6041144   -1765.5847073   877.1986365
433.6662414   -1772.3331451   826.8584609
433.3411875   -1773.2477188   823.4425783
431.4431074   -1767.0607567   907.5118303
432.2880032   -1771.042943   829.556644
431.7192259   -1766.1061287   899.9049067
431.400639   -1765.7690048   873.000741
433.0265941   -1767.8105831   910.7540846
432.3581132   -1768.3640718   852.5964618
431.4441504   -1769.0439224   837.8677368
431.6849234   -1768.8208818   840.8406973
429.955286   -1765.5793428   868.6105609
431.6971572   -1766.7804956   863.7610078
430.5778267   -1766.7691708   859.3294621
430.0114783   -1766.3846016   903.9411545
430.4470988   -1769.0660954   835.1914287
430.6453439   -1769.8059082   832.0997953
429.8830154   -1767.5786018   844.4787264
430.8979782   -1771.8069553   824.6764541
433.5942539   -1774.9944925   818.829596
430.6904348   -1772.9943991   821.1719394
429.5172962   -1773.9619017   817.6859617
430.3347739   -1767.0921087   854.8631668
429.2328181   -1767.5563097   912.1193886
434.2363598   -1768.6736584   914.518714
429.1363629   -1766.8440342   848.9558697
427.6619228   -1765.8795118   853.0995846
429.0698292   -1769.9234486   829.2258382
428.7485155   -1765.707612   900.0290632
429.1539165   -1765.7856941   862.5195622
428.5358461   -1767.4748898   840.3736949
428.8989427   -1771.612525   823.2977986
427.3720803   -1770.2594995   826.0059357
426.3534667   -1771.8967199   820.2469349
427.4391802   -1768.4881687   832.768023
428.1614544   -1765.838027   856.96733
427.7136298   -1767.7541971   836.8290663
426.7739924   -1766.4034367   906.8471789
428.0167343   -1766.8681145   908.7563157
426.8442067   -1765.8456564   902.9628634
426.7393323   -1766.0673857   846.1636305
426.1573675   -1766.2280798   842.8173065
426.427451   -1772.8601694   818.0473447
426.6298237   -1774.3247747   814.9651885
425.7217618   -1768.9015865   829.0846944
425.7517727   -1770.80369   822.8632808
425.3783645   -1766.5147781   839.1920924
423.4320643   -1766.8008804   911.1706018
424.1293045   -1766.9059038   835.3731036
424.1688671   -1767.7772045   831.7581415
423.8662394   -1769.395113   825.8097768
423.9686253   -1765.9631968   905.9630632
423.21637   -1772.4735737   817.242384
423.1170537   -1774.258256   813.2759929
423.0151596   -1765.4162645   841.4315581
421.5716692   -1770.3213692   821.8285441
422.3165187   -1768.0444717   829.1027546
422.5842031   -1765.8468485   838.422358
421.157253   -1766.8696642   832.5492144
420.2924045   -1765.7895088   836.2608552
420.7772287   -1765.3502226   904.4056535
420.3520092   -1765.9157515   908.121407
420.3458699   -1768.5608864   826.1748552
420.0376841   -1773.0079889   814.82023
419.6041348   -1771.5187073   818.0381656
419.0480383   -1774.0529776   812.2544289
418.2695421   -1767.6074505   828.0830979
417.6863553   -1768.7939405   824.3126273
416.9742586   -1770.152092   820.4700351
417.3977347   -1765.9176588   833.5189819
416.3677665   -1765.3945684   907.5824022
415.0931957   -1765.8927441   910.9902978
417.7096161   -1766.6699886   913.7365222
416.1263826   -1771.987319   816.0027266
415.1304784   -1766.3894892   830.7558298
414.1030135   -1767.5195932   826.8058896
414.0734049   -1773.870945   811.5804791
413.7790474   -1768.6744928   823.6373067
412.8824743   -1770.308733   819.3570375
411.4589813   -1771.9534636   815.3752685
411.4971878   -1766.5337324   829.331696
409.1224047   -1773.6649513   811.578989
411.4948335   -1775.1079798   808.8063002
409.9917533   -1769.0639496   822.2447634
410.6705757   -1767.7812576   825.6385922
408.8775488   -1770.5329657   818.6584115
409.4425561   -1765.443325   832.575202
410.07292   -1765.5109167   911.4010334
408.4304544   -1767.1105862   827.5334239
407.156867   -1766.1292553   830.434382
406.0729267   -1771.9831467   815.5997992
407.4370983   -1768.1453228   824.8376846
406.2869521   -1769.5690393   821.6031194
405.2270325   -1773.1904984   812.9978776
405.712572   -1774.5718956   809.9571466
403.7509086   -1771.5030909   817.7078962
405.3750458   -1767.2843933   827.5553584
403.7726643   -1768.6411142   824.7757554
404.3679359   -1765.4960155   832.8432441
403.9056721   -1766.4806843   830.0997019
402.4436446   -1770.0653076   821.9299912
401.9911709   -1774.5119333   810.7313514
401.4563086   -1767.6942348   828.0323744
402.3973318   -1772.8289366   814.7053719
401.1518034   -1766.2074566   831.8194151
400.1472416   -1769.2959309   824.809432
400.2361866   -1765.734911   913.5263562
404.1463407   -1765.6481266   913.6619568
400.3531607   -1771.9396353   817.9683685
399.0587118   -1770.6962824   821.9186068
399.0278067   -1773.7334967   813.7071133
397.726846   -1765.873909   834.1980577
397.9306342   -1767.45224   830.2002549
398.14536   -1768.7219381   827.1161914
395.6577452   -1765.9093142   911.0561609
396.4683535   -1771.7984915   820.3822374
396.2388458   -1773.2774019   816.3986206
395.8266648   -1770.3220844   824.4866133
395.586175   -1774.5217085   813.1239414
395.1365175   -1768.9112425   828.1795979
394.0309259   -1767.5024271   832.0115209
394.385201   -1766.0440207   835.3697062
393.8472541   -1773.0008364   818.4522986
393.543941   -1771.8834877   821.7236996
392.7105936   -1765.4403448   838.1335139
392.1235772   -1774.5211124   814.901948
391.9677558   -1769.6479559   828.0534148
391.0618546   -1771.4523077   824.160099
392.6516297   -1765.4116154   904.0266275
391.3792642   -1766.4356232   908.8190794
391.1714228   -1766.8484449   835.0126743
390.0464448   -1768.4190273   831.9774866
389.7910985   -1773.3857632   819.4556236
388.8726207   -1766.277194   838.14013
389.0392157   -1765.9286261   902.1759033
388.4507241   -1766.9032812   907.2422981
387.2625651   -1765.5727863   897.6813555
388.1651732   -1770.7455158   827.4164796
387.5606181   -1775.167942   815.5715466
388.1485882   -1769.4377899   830.4501176
386.9896355   -1768.078804   912.6518965
392.6269832   -1766.5263414   911.6070867
386.9534852   -1767.9892778   834.6395493
386.6765621   -1772.5863457   823.5245347
386.7989006   -1765.7843828   841.5566683
385.8892741   -1773.6113071   821.1990595
384.1724517   -1765.7026052   893.8210607
385.0987973   -1774.5767832   818.8691139
385.7779624   -1767.1519518   904.112339
384.3909772   -1766.9596672   900.6587863
385.0046965   -1767.1909332   838.3262753
384.9707814   -1765.3700113   845.209837
383.8183256   -1768.1581974   906.5612555
382.7178004   -1771.1825371   829.45925
383.0699148   -1772.775054   825.2211809
382.7915611   -1767.0022249   898.2712626
383.1020417   -1769.8222399   832.5590491
382.1442398   -1768.930316   835.5285525
382.5103315   -1766.9186592   841.814518
382.297528   -1768.1231499   903.2509923
382.3766383   -1774.4226456   821.1272955
381.5135183   -1768.2597637   838.1726742
381.0812803   -1765.4693127   886.5036964
379.3167146   -1765.6130791   882.7082515
380.7523372   -1766.4574385   846.0860252
382.0078494   -1769.2072392   909.0856314
380.2144649   -1766.3503885   890.0654316
380.7258578   -1767.4459219   896.7967033
377.5518062   -1767.6893473   891.9088244
380.0731572   -1765.8567429   850.476265
378.0685785   -1771.2905407   832.5420022
379.5604529   -1774.4562626   823.1099844
378.1520399   -1773.452878   826.8660903
379.3693008   -1765.4745579   854.7912836
382.7373805   -1769.8260546   914.517045
378.6058249   -1771.371603   913.6402607
379.5981827   -1769.3889141   904.9437642
379.3428811   -1767.9510117   841.7413235
378.6191913   -1768.9328194   900.6419778
377.4997713   -1765.388608   867.8423166
377.9434683   -1769.6857452   837.4783993
377.761093   -1770.7123756   908.3441496
376.9025775   -1767.2333717   887.4377012
377.9717954   -1765.4180527   860.7138395
377.773759   -1765.4161453   873.8555908
377.2795173   -1767.3054934   848.1168747
377.6416155   -1767.7947283   844.9952006
376.4685663   -1769.0314054   896.4728713
377.6784512   -1765.7711506   857.8339815
376.4809044   -1767.0018673   851.9362211
376.6539963   -1765.7686472   871.018827
376.6930374   -1770.1601982   902.9929638
376.0623308   -1769.171834   841.8786526
375.5974146   -1766.8764591   855.7747006
375.8294555   -1766.7351961   879.9753189
376.020548   -1766.3241625   876.4797449
374.7643205   -1767.7195072   884.0773106
374.7879686   -1769.2357302   893.5317993
375.1066449   -1773.2790709   829.9871087
375.195113   -1771.3135481   835.659802
372.9754957   -1773.157239   832.9151869
375.6508949   -1766.2916183   862.3937368
374.8534294   -1766.5432692   865.4328585
375.2014758   -1766.6879892   859.4204187
374.7326853   -1770.6530094   838.4984136
374.1112771   -1767.0098543   873.4286427
374.2092969   -1771.9246149   906.3639641
374.4385215   -1772.6063728   910.271287
374.9753358   -1768.7050104   845.8972573
374.2484274   -1766.8045759   869.199276
373.9441755   -1768.5315609   849.3008614
373.206866   -1769.0473795   887.8080845
373.1452348   -1769.6323395   891.1252618
370.5482157   -1772.1456289   898.3463645
370.565516   -1772.715807   901.6510248
372.8499981   -1768.4848309   853.1763554
372.2366514   -1770.6933022   894.7633505
371.6527345   -1770.3952789   845.0867534
372.1604171   -1771.2337971   840.6053782
373.2000711   -1767.7496672   877.5163293
372.5455227   -1768.4826851   881.3796639
372.3047795   -1767.90452   862.2487187
372.2094717   -1768.3004141   857.5450778
372.4181177   -1772.1349001   836.9475603
371.7700066   -1775.2416134   828.5178542
372.4040809   -1769.6644068   847.0107317
371.5806874   -1768.1355476   866.7014837
370.9963086   -1769.8264122   885.0500584
370.8544346   -1773.48876   906.2617421
370.1885762   -1774.8998404   911.3814235
373.1365623   -1774.1006613   914.1870141
371.034992   -1768.4611082   870.6921935
370.2088269   -1769.1441774   875.0582337
369.928387   -1770.5096006   849.6790528
367.7937659   -1772.4534273   890.6143308
369.4496872   -1769.8774338   878.5051703
369.574708   -1774.0131617   835.5355263
369.1880526   -1770.1931   854.870677
369.7003546   -1772.1039057   842.1505094
369.9938627   -1769.9143887   881.4006448
370.0792613   -1772.8418112   838.5692835
368.3976801   -1770.1686621   859.7558141
368.5722771   -1769.8194981   864.4659519
368.6992051   -1769.7081566   868.1394458
366.9750812   -1773.7742662   896.7498541
367.3247667   -1773.142457   893.6222196
367.6473471   -1770.4106569   871.5149164
367.1659055   -1771.5939283   881.4634085
367.21949   -1772.1965313   886.1422539
368.3473142   -1772.0468044   846.0031748
366.9279935   -1771.0953951   875.0674725
367.1013983   -1774.5074034   838.932991
367.5146075   -1773.227334   842.887342
366.2480684   -1772.2268105   852.4873257
366.202158   -1772.8726864   848.578155
366.8643656   -1774.4992971   900.7957578
365.7921972   -1771.9811201   856.6038609
364.8603829   -1772.043705   867.2602177
365.8861639   -1771.4713812   862.6773357
364.1848835   -1772.7450132   859.0255976
365.9145059   -1773.6635208   845.459938
364.6786632   -1772.744298   877.7129054
363.6767092   -1775.1911879   893.2132125
363.9165135   -1774.2663622   886.5081668
364.4400807   -1772.485733   872.810781
364.5564886   -1775.2426863   842.6616788
364.147258   -1773.6312151   882.3475838
363.8801696   -1774.0314007   850.7305384
362.8094169   -1774.1998434   854.4460535
363.1827357   -1775.2028704   847.1764326
362.6544746   -1773.5882998   862.0448709
360.6770011   -1774.9013901   870.4939485
360.8018877   -1774.7371197   865.8597469
361.8697198   -1774.3281126   874.6118546
454.9857797   -1774.6505737   916.0733819
451.4647397   -1773.3085155   916.0559177
451.5687498   -1774.0374804   918.8207984
451.8320384   -1775.0213146   921.9462872
447.3878267   -1773.1915712   921.0935235
448.1598111   -1774.4622231   924.6653914
448.3156624   -1772.4403143   916.9798493
446.0184696   -1771.269083   914.9484038
444.8775622   -1771.6187239   917.9198146
443.8169124   -1772.9166746   924.5803356
446.0012736   -1774.8086452   929.5335412
443.2648989   -1771.8513012   920.9631681
442.6096054   -1770.3855038   915.1118398
442.9438832   -1773.6713886   929.9151301
441.046563   -1770.7527876   918.6608791
440.3495761   -1771.3769674   922.4283099
439.0197369   -1772.0165253   928.221643
441.1687823   -1773.534894   933.8514209
438.014579   -1769.4865465   915.7093763
440.8292892   -1774.9954462   945.6055164
442.3441561   -1775.0222683   941.4974451
438.0541565   -1773.2561827   942.3032403
440.3939071   -1773.7092972   938.5203719
443.8818666   -1775.2174139   937.3762608
436.3016757   -1772.0116377   937.4875426
435.9667274   -1771.4196444   932.1227074
436.9518282   -1770.1728344   920.0684428
439.3309774   -1774.9825716   948.9932656
437.247661   -1773.6127377   946.6773272
437.0669993   -1770.9724903   924.8884916
435.5284246   -1770.9581852   927.9536605
436.277655   -1773.9861012   950.2788186
434.4623806   -1772.2626925   944.7829723
434.5307323   -1771.8366385   941.4387345
434.1752353   -1769.2888975   918.0364609
434.2994811   -1772.7495432   947.9538202
433.3356442   -1770.0688839   924.2861271
431.8644228   -1770.411849   934.5732927
431.815085   -1770.8047628   939.4780993
434.7373071   -1774.3570805   954.2500973
432.8206154   -1772.8118896   950.8069754
432.6703968   -1770.3649998   929.3070436
430.0329062   -1772.6453543   954.0446997
430.7029369   -1773.8038301   957.3487043
431.8946274   -1771.2160349   943.0847764
430.5597814   -1771.4437246   947.1274614
429.8216375   -1768.4025764   916.1815047
428.8138124   -1768.7715292   919.4657207
430.0616654   -1769.6365118   926.0843992
429.5357587   -1771.9092369   951.4021277
429.6126338   -1769.7504759   931.4337373
427.9852035   -1770.1463699   942.5191283
428.1676235   -1769.726038   937.7006888
427.4398657   -1769.3411112   933.6003065
425.6078722   -1772.2175121   956.8260312
427.3368838   -1773.9070654   961.1461163
427.3236962   -1770.9720135   949.6125579
425.9479763   -1770.2243328   946.7223883
427.225289   -1769.0461874   923.6184359
426.7252507   -1769.228816   929.1572571
425.5726757   -1767.7121162   915.1397943
426.3282987   -1771.355629   952.6529312
425.2915206   -1769.0094709   935.575068
423.6119511   -1768.9806223   939.5867586
423.7180772   -1769.4114447   943.8281655
423.7577143   -1768.0592537   918.6813235
423.0993959   -1772.8055716   960.9518051
424.7143986   -1774.2743492   964.4437432
424.145219   -1770.3479528   950.0438571
423.1923046   -1768.6772346   927.9165864
423.5261949   -1768.4700489   922.7335453
421.954644   -1768.4760094   931.9919944
422.5384267   -1770.761013   953.5005689
421.8509915   -1769.5095539   947.1185803
420.3509065   -1771.3267803   957.5211406
420.7059117   -1767.2613859   915.2927995
421.9504418   -1768.5080767   936.070323
420.8324077   -1773.4473944   964.3390775
422.7087917   -1775.1305103   968.0073261
420.7734587   -1769.8440552   950.5019188
419.1135588   -1768.6598301   943.1257248
418.9186367   -1768.2001591   938.1892681
418.9132573   -1768.1444883   927.167058
420.4761805   -1768.1201696   922.3743677
419.6495982   -1772.2375393   961.2256885
418.8281419   -1768.0863142   934.1685772
417.9366799   -1770.006299   953.3157349
419.1330644   -1767.6414251   918.9890027
417.3289212   -1769.1004276   948.4014511
416.3953783   -1767.9076195   930.603981
417.0183214   -1772.5589275   963.3867145
417.7231612   -1774.248004   967.7844644
416.5157499   -1767.0295238   916.7333245
415.3196784   -1767.7018642   924.1067171
416.8997677   -1771.4238167   959.7935081
415.4942455   -1770.6484795   957.5315118
414.6000417   -1767.1675682   919.129312
414.2404022   -1767.8492069   939.8411512
414.0376868   -1768.3374882   944.8123574
415.2416261   -1767.6759958   935.0372553
414.3699529   -1769.291997   951.3161182
413.4941968   -1769.9509859   954.9670815
413.6020365   -1772.995472   965.5514956
412.9971834   -1774.6771574   969.7871208
413.9484885   -1766.4954662   915.0110483
413.8298603   -1767.6347494   927.8449416
413.1542566   -1768.7737942   948.4905005
413.3549454   -1771.5804577   961.402297
411.1808362   -1767.3677206   931.632638
411.6219255   -1767.392993   935.3628755
412.6055958   -1767.2696114   921.9852686
411.308107   -1767.2793865   923.8712788
410.0719961   -1766.5725946   917.994678
409.9137755   -1769.1491842   951.2854815
411.4540341   -1770.5740929   958.1826329
410.2420183   -1767.8614855   942.3676729
410.0022586   -1767.5164938   938.6786819
410.1092043   -1768.3947086   946.560204
410.2617326   -1767.3124075   927.29491
409.1809811   -1772.3776102   964.3344283
410.0944521   -1773.4324932   966.945529
409.7825857   -1769.9457407   955.454886
408.699927   -1771.4614868   961.595118
410.0069078   -1775.1609087   970.9681869
405.7327928   -1766.6857243   921.6054082
408.1110331   -1767.1194077   931.393683
407.2985473   -1767.2553062   935.8680844
408.0047282   -1770.5516815   958.1303
405.5960002   -1766.9781446   926.5171885
406.4605805   -1768.1696415   944.2851543
406.5977307   -1767.6118612   939.9192929
406.8531366   -1768.6656713   948.0156898
405.1959785   -1773.6945152   966.7990208
407.0003452   -1766.2075758   916.9090986
406.0587706   -1769.9245214   954.6026587
405.5090668   -1769.217968   950.6699443
407.4568125   -1771.138072   960.306108
404.5374068   -1767.105937   933.15804
403.5181823   -1766.9990063   929.6654463
406.488684   -1770.929575   959.3519568
405.2524092   -1771.0933685   959.4569802
405.1616015   -1772.6246119   963.9850855
402.9215994   -1767.4289942   936.6469383
400.6168666   -1766.3398981   918.2757735
402.3103686   -1768.94629   947.1732378
402.6802006   -1768.0324316   941.6012764
403.9237919   -1774.5406628   968.2574868
401.3980301   -1770.0563669   952.8207779
401.7257365   -1770.8511353   956.1846852
401.7086747   -1766.7415142   923.0461121
402.2487672   -1766.9352293   926.6599417
403.0108722   -1771.7885971   960.5869651
401.7287316   -1773.3479738   964.2131925
400.851843   -1767.2071457   932.1815968
402.1866741   -1774.3378878   967.0165777
399.8712125   -1767.0925856   928.3812642
399.8588892   -1772.3675966   960.1485729
399.226469   -1768.0026293   938.6171699
399.310899   -1767.5768137   935.0990057
398.6292603   -1768.7065601   942.8613782
398.8138261   -1770.1644897   950.9076476
397.1913429   -1769.6280479   946.7151761
399.1563889   -1766.9901848   925.0743985
398.2302817   -1774.0360498   963.5908604
398.5379758   -1771.3685036   955.7004571
398.0914625   -1766.8083906   921.3054776
397.9227515   -1767.4043179   931.1362505
396.6844799   -1766.1985159   914.3790007
397.3866972   -1766.5661573   918.1381464
395.9519389   -1767.4360275   927.5081754
396.2885263   -1775.2113342   965.0278687
397.3242762   -1772.4736929   958.3747983
395.4695138   -1773.7538815   960.3517056
396.2744596   -1768.1490183   935.7817769
395.6544819   -1768.8173056   939.6027923
393.8499215   -1767.4974203   922.7916002
395.0872394   -1771.4774609   952.6540637
394.726825   -1770.8444595   949.6269822
394.8562863   -1769.580245   943.3155656
395.4796913   -1772.3222971   955.8902383
393.4012326   -1767.2964334   919.4411039
393.3139863   -1768.3986425   932.4787259
392.7749666   -1770.7871199   946.8355775
391.9538083   -1769.1237926   935.5915189
392.4017223   -1768.0375576   925.892055
391.0578909   -1768.5616016   928.4508228
392.1273323   -1769.8059082   940.3556585
392.6356109   -1775.2689123   961.6141915
392.2198983   -1774.0141153   957.5452209
391.7178484   -1773.0886936   954.0057182
390.2359279   -1767.7555084   917.5812006
391.6575434   -1770.6151009   944.0431595
391.5326121   -1772.2122669   950.6358504
388.7967887   -1768.8724995   924.8013496
388.8812634   -1769.6527243   932.061851
389.1312601   -1770.2927589   936.9084835
389.071879   -1774.7354507   955.6093812
388.8106617   -1771.2281942   941.4837956
388.2449242   -1773.8293409   951.6321421
388.7828114   -1772.0082998   945.3216791
389.1109648   -1772.6403475   948.4604597
387.2372928   -1769.6795464   927.5358915
386.2010064   -1769.5989609   923.4128594
387.1211233   -1768.5427666   916.4642096
385.2916928   -1769.4842815   919.6408987
385.3556039   -1771.3929415   934.1150522
385.0904229   -1772.3611593   939.0271902
385.4752602   -1773.9856243   947.2563863
385.3572579   -1770.7922459   930.1801324
386.2193199   -1772.6484537   943.1803823
385.0690397   -1775.2683163   951.1361122
383.337182   -1771.1087465   926.1319637
382.8215273   -1770.316124   918.3697701
383.1627788   -1774.1327286   942.7024722
382.7809366   -1770.8064318   921.6887355
382.1190866   -1772.4484205   930.986464
381.809053   -1773.3789682   935.4323149
381.5307292   -1774.250865   939.1793609
379.2382153   -1772.4685669   921.2588072
377.6695105   -1774.6899128   928.7532568
378.8634958   -1774.5515108   932.220459
377.5247606   -1772.6532221   917.8821445
375.1672479   -1774.6162415   921.1083055
376.2677731   -1774.6603489   924.1335392
374.4531991   -1774.4028568   918.4535146
