377.0302209   -1382.3827505   -669.1256166
375.3961148   -1387.5654936   -668.2286859
375.6605061   -1388.5298967   -668.7232256
375.1842799   -1388.485074   -668.1721807
374.694896   -1388.1005049   -667.745769
374.1952898   -1388.9586926   -668.1249738
372.6830455   -1389.1868591   -668.0578589
371.2196323   -1382.8436136   -669.3668365
370.569286   -1385.8155012   -668.5929894
373.2446703   -1389.4748688   -668.2807803
372.3945441   -1390.6233311   -668.7204838
372.7987083   -1391.2581205   -669.1516042
371.7678609   -1392.2317028   -669.3111062
369.9256154   -1390.2398348   -668.2957411
369.7479489   -1388.7299299   -668.2186127
370.6517788   -1391.3291693   -668.7005162
370.3778359   -1392.7620649   -669.2614555
366.3790794   -1386.3768578   -669.303894
369.3872812   -1392.5578594   -669.0830588
368.8087883   -1391.5315866   -668.7739491
368.5322525   -1390.2187347   -668.5096025
367.8258332   -1389.3264532   -668.5205102
367.7557381   -1393.2619095   -669.3763137
