-512.4870268   -1912.3336077   -539.6168828
-512.1611086   -1916.2234068   -541.7895317
-513.3294789   -1911.9611979   -545.8195806
-512.4997822   -1917.0091152   -545.9980965
-512.0085207   -1920.6506014   -543.6170101
-513.7539832   -1907.4304104   -541.3409472
-512.5003783   -1920.4417467   -548.6405492
-514.6158663   -1906.9676399   -546.0109115
-514.9850575   -1903.0801058   -540.0311947
-515.4523579   -1903.7418365   -544.0688729
-516.1738125   -1903.8778543   -548.4526753
-516.5080754   -1900.76828   -542.3790812
-517.3450438   -1900.5233049   -546.0768938
-518.3986155   -1897.718668   -543.2947874
-520.1118914   -1894.980073   -540.2455926
-519.8825327   -1896.8646526   -547.8377938
-521.0160939   -1894.7732449   -544.1758633
-523.432347   -1892.8041458   -547.334075
-523.5640732   -1891.7722702   -541.8053269
-526.6874758   -1889.9997473   -544.9189544
-526.5490738   -1890.6623125   -548.730135
-527.5031058   -1888.9006376   -540.1903391
-529.4147459   -1888.97264   -547.8317142
-530.2384821   -1888.0113363   -543.5426831
-532.9888789   -1887.1639967   -546.6901064
-533.5951773   -1886.4787817   -542.5314307
-537.5342099   -1885.7756853   -544.901371
-541.9778553   -1885.4032755   -540.1558876
-542.8490368   -1885.6725693   -545.9358692
-545.6264941   -1885.5395317   -543.3466434
-547.3758904   -1885.7759237   -539.5962
-546.6087786   -1885.7997656   -546.7092395
-549.6184555   -1886.2514496   -544.3072319
-553.4460274   -1887.5631094   -539.9158597
-554.6575514   -1887.5769377   -545.8925366
-558.5672585   -1889.467597   -543.5917377
-565.2475087   -1892.2047615   -545.0018048
-571.4877573   -1894.6136236   -543.4413552
-574.1426674   -1895.1063156   -546.6089249
-576.9513575   -1896.5767622   -540.4338241
-579.3909756   -1896.7180252   -545.7020402
-581.6522566   -1897.5551128   -543.1957245
-582.8762976   -1897.539854   -547.9806662
-587.9038302   -1899.2322683   -543.8531041
-593.2141272   -1900.5181789   -548.4431982
-594.8188034   -1901.1712074   -542.6320434
-599.6293751   -1902.4486542   -547.1192002
-599.8443095   -1902.5470018   -541.9184566
-603.1613079   -1903.4650326   -543.7691808
-604.7059027   -1904.0051699   -547.0010638
-607.691857   -1904.8750401   -543.3424711
-608.7455479   -1905.4474831   -548.3723879
-611.5539996   -1906.0132504   -540.6967998
-613.0928723   -1906.8015814   -544.9841022
-615.9236161   -1908.2006216   -548.397243
-618.5264317   -1908.8279009   -544.596076
-619.9067561   -1910.0724459   -549.4248271
-621.2477414   -1909.470439   -540.6492352
-624.2222515   -1911.143899   -544.6437001
-628.2855002   -1913.3526087   -547.1380949
-630.6135384   -1913.4250879   -541.975677
-632.3799817   -1915.1058197   -547.0302701
-634.6587864   -1915.4551029   -543.7889099
-635.1494519   -1915.2551889   -540.5590534
-637.2641055   -1917.2091484   -547.0432639
-637.6692978   -1916.5847301   -542.3256159
-498.5710112   -2056.137085   -541.5782332
-496.8193499   -2059.8053932   -542.3122048
-501.3462035   -2053.129673   -544.7419286
-499.0092245   -2057.7251911   -545.3873873
-503.6124913   -2047.9736328   -543.6592102
-504.0579764   -2044.6684361   -540.9882069
-504.9438206   -2049.0801334   -548.2888222
-506.1729876   -2044.2757607   -545.7078218
-506.124231   -2040.605545   -541.9778824
-506.999704   -2045.5572605   -549.0564108
-508.0089299   -2038.990736   -544.988215
-509.281489   -2029.7179222   -541.5657163
-509.4753233   -2033.9155197   -544.6171165
-510.7836453   -2024.0631104   -541.5074825
-511.9574992   -2018.5167789   -540.7888293
-511.2349717   -2030.6770802   -546.4897156
-512.1338097   -2026.8199444   -546.1258292
-512.7788512   -2013.6578083   -539.7543311
-514.2152039   -2021.8136311   -547.6524234
-512.8665892   -2029.3083191   -549.265027
-511.7741553   -1924.2318869   -541.1199331
-511.973354   -1929.454565   -540.5513048
-512.2383562   -1926.2391329   -546.6809869
-514.8710934   -2015.2964592   -545.4385877
-512.5982491   -1933.8080883   -545.6103683
-514.9042336   -2009.196043   -542.3164964
-512.8125874   -1940.4095411   -543.1912541
-512.9643408   -1945.9686279   -541.8327451
-513.0891529   -1950.9490728   -540.8062935
-513.3884875   -1944.5232153   -546.3840961
-513.7454001   -1961.4257813   -541.9237614
-513.6441914   -1949.6113062   -545.9783673
-513.8109652   -1955.4008245   -544.502914
-514.1455857   -1970.0850248   -541.7445898
-514.2301051   -1974.1574526   -540.9321785
-514.1522614   -1966.3008451   -542.9199338
-515.409681   -2003.6799908   -541.5389538
-514.7205321   -1960.5885744   -548.6747622
-514.5579306   -1964.7190571   -546.0454822
-514.91985   -1978.5895348   -543.9890027
-514.7862164   -1968.7876701   -546.2719798
-514.8677555   -1973.3308554   -545.5002189
-515.4118267   -1991.6093349   -541.7994857
-516.4906708   -1998.6593723   -544.3617105
-515.0460926   -1983.3307266   -542.9730415
-515.7420365   -1987.3621464   -545.0846553
-515.5502287   -1976.1048555   -548.78968
-517.2824589   -2011.0161304   -549.1325855
-516.9481961   -2005.2034855   -546.2752581
-515.8290593   -1983.1628799   -547.5710034
-517.0892207   -1992.7932024   -548.8541722
-517.9947344   -2002.3233891   -549.0819812
-642.1255795   -1918.7091589   -543.3163643
-645.6957785   -1920.7774401   -546.4837551
-646.7185942   -1920.6799269   -542.6558256
-650.0924555   -1922.0772982   -540.2461886
-649.7659413   -1922.3220348   -545.6346273
-654.2739598   -1924.0059853   -543.2943106
-658.5840908   -1926.0755777   -546.4381576
-658.2689015   -1926.5294075   -539.5610332
-661.5776745   -1927.7774096   -542.8960323
-662.645909   -1927.9003143   -546.6096401
-660.1757733   -2009.2794895   -541.9456363
-660.6939761   -2014.6791935   -541.1019921
-661.0080925   -2015.3987408   -546.1848974
-660.921189   -2001.9621849   -539.7714376
-661.4228217   -2005.0501823   -548.9596725
-661.1329047   -2009.809494   -549.268961
-662.0802609   -2018.8961029   -544.1656709
-662.7380577   -2020.8346844   -539.4718051
-662.6162259   -1999.3538857   -549.2418408
-662.0967118   -1996.2245226   -543.5336232
-662.1461836   -2018.386364   -547.5594997
-665.6837193   -1928.8108349   -549.2963195
-665.6292406   -1929.8852682   -543.761313
-663.4633271   -1991.0417795   -543.928206
-663.3151499   -2021.0499763   -546.6244221
-663.7035338   -2022.5100517   -543.7312126
-664.719793   -1987.0283604   -543.4615016
-664.3634764   -1983.4711552   -540.3730273
-665.5380455   -2026.3984203   -541.1404967
-666.7992798   -1932.7330589   -539.7164822
-665.5049054   -2024.9812603   -547.0570922
-666.5719477   -1988.1780148   -548.268199
-667.0399634   -1984.5142365   -545.2666879
-668.1616036   -1980.6443453   -544.4665551
-668.6809985   -2031.1005116   -544.3066955
-667.6113335   -2030.4152966   -540.1924849
-670.2147452   -1930.2662611   -547.4337935
-670.2241627   -1933.2318306   -542.6591635
-671.035978   -1983.6723804   -548.5290885
-671.7974869   -1976.1220217   -542.3463583
-674.0741459   -1978.7722826   -546.6191173
-671.557161   -2034.2764854   -548.5762358
-672.776076   -2037.7182961   -543.7201262
-672.4722115   -1936.4358187   -540.6519771
-674.1920439   -1972.5164175   -540.9477353
-673.7099615   -1932.7361584   -546.0249782
-674.2093293   -1935.0538254   -543.1032777
-676.1972634   -1981.4653397   -549.1874814
-674.8677222   -2038.9897823   -549.4495034
-677.3879258   -1974.5819569   -543.8643694
-675.4924981   -1939.2493963   -540.4961705
-675.8326022   -2042.7420139   -541.0121083
-676.1733023   -2042.3140526   -545.6287265
-678.3736674   -1934.5456362   -546.27949
-677.9544083   -1970.3269005   -541.2767529
-680.4041592   -1977.9583216   -547.3691225
-680.3205935   -1943.1022406   -541.3085818
-683.4978787   -1939.1927719   -544.2973971
-679.2577235   -2046.9210148   -543.8270569
-681.4489094   -1971.8886614   -543.0529714
-682.8314988   -1975.2039909   -545.2384353
-682.5511185   -1968.0732489   -541.3251519
-683.3193032   -1962.8406763   -539.8042202
-683.1723181   -1949.0712881   -539.8055911
-683.6569039   -1935.9971285   -547.5845337
-681.330773   -2048.6471653   -548.1966734
-683.348271   -2051.8012047   -545.1558828
-686.0363213   -1946.819663   -541.5743589
-686.0878197   -1943.0214167   -543.2296991
-684.5997301   -1978.5900116   -547.2783446
-685.540053   -1951.3021708   -539.9177074
-688.0886284   -1982.1721315   -549.4117737
-686.0117642   -1971.4127779   -543.0001616
-684.7374169   -2053.9431572   -541.5683389
-688.0420176   -1965.8644199   -541.1738157
-687.3379675   -1975.3482342   -545.0100899
-687.7715317   -1960.4150057   -540.1278138
-686.3621203   -2054.6360016   -548.787415
-686.6682497   -2055.7653904   -544.5539951
-686.9325367   -1939.0666485   -546.2816358
-687.3649088   -1940.4709339   -545.3115106
-687.50343   -1956.1014175   -539.8361683
-686.5513054   -1953.2767534   -539.9160385
-688.8071028   -1978.3869982   -546.6900468
-687.4268977   -2057.0855141   -539.8793817
-690.119001   -1973.3726978   -543.9597368
-691.484305   -1969.9833393   -542.8996682
-689.7449223   -1945.7428455   -543.3385968
-690.0758473   -1949.5414495   -542.0362353
-689.3022982   -1943.0526495   -544.6314812
-689.30957   -2058.0730438   -547.6932526
-689.4614426   -1953.342557   -540.7481194
-689.6190373   -2059.1123104   -543.0271626
-689.9069277   -1938.9238358   -548.0047464
-691.3178889   -1976.2715101   -545.2976823
-691.2734238   -1941.7176247   -546.3827848
-690.7285181   -2060.6024265   -540.0826931
-692.1646325   -1957.7213526   -540.9783721
-691.3197962   -1962.3384476   -541.067481
-693.470451   -1965.777874   -542.0222878
-692.6550595   -1979.4410467   -546.8797684
-695.5165593   -1983.5170507   -548.9848256
-691.9886795   -1944.3792105   -545.0114608
-693.6274496   -1952.940464   -542.1847105
-694.8343245   -1947.9234219   -544.3996191
-694.1840378   -1940.2509928   -549.3050814
-694.330546   -1973.6750126   -544.4161892
-694.7301356   -1943.6072111   -546.7014909
-694.6235625   -1977.0300388   -545.7594395
-695.0144497   -1961.8343115   -541.808784
-696.8383519   -1969.5739746   -543.6121821
-696.1434809   -1957.4912786   -542.0795679
-697.0587698   -1979.5386791   -546.9548106
-697.916123   -1965.0299549   -542.8620577
-698.9997355   -1953.3069134   -543.9673662
-697.6207224   -1942.5225258   -549.0719676
-697.6985661   -1976.1072397   -545.6658006
-699.2604462   -1972.338438   -544.7393656
-698.3201233   -1945.445776   -547.1461415
-700.6647316   -1949.090004   -546.3673472
-700.2881495   -1961.5218639   -543.1631804
-700.7221905   -1982.4248552   -548.58464
-698.9482371   -1957.724452   -543.0577397
-702.0104853   -1967.7677155   -544.3871021
-700.9100644   -1978.3812761   -546.9594002
-700.9906498   -1945.0931549   -548.7441421
-701.0457245   -1974.7406244   -545.8201766
-702.1984784   -1964.3387794   -543.8601375
-702.4008957   -1960.180521   -543.8956618
-702.3870675   -1957.2017193   -544.3409681
-702.6581494   -1952.9972076   -545.5049872
-704.018089   -1972.2892046   -545.8823442
-704.32398   -1947.7566481   -548.8972664
-704.6757666   -1951.4137506   -547.1549034
-703.7411658   -1980.3631306   -548.1486917
-704.7168938   -1983.0541611   -549.251616
-705.0515143   -1976.9108295   -547.2877622
-702.9559342   -1962.8713131   -543.946743
-705.1055161   -1964.6936655   -544.870615
-707.159969   -1969.022274   -546.1978316
-705.8300702   -1954.9182653   -546.312809
-705.3209273   -1958.6701393   -545.2491045
-708.2235543   -1962.1372223   -546.1814404
-707.2349516   -1980.9273481   -549.0259528
-708.2659928   -1973.7057686   -547.4030375
-707.3871819   -1949.9483109   -549.2818952
-709.1917721   -1952.0421028   -549.0976572
-707.9641549   -1964.8710489   -546.0695624
-709.8493306   -1977.7668715   -548.8544106
-708.040568   -1957.810998   -546.7335582
-708.0270974   -1954.0911913   -547.511816
-709.0773312   -1955.0966024   -547.9342937
-711.0630003   -1967.2507048   -547.5409031
-711.3879649   -1971.2741375   -548.0830669
-710.9296051   -1961.2914324   -547.6519465
-710.6972662   -1964.220643   -547.2933054
-711.722943   -1957.4615955   -548.58464
-711.8957964   -1974.8814106   -548.8572717
-714.2207352   -1964.8083448   -548.8744974
-714.7384612   -1969.3208933   -549.3347645
-440.4617278   -2196.6567039   -542.6012278
-441.0354821   -2192.7161217   -543.4348583
-439.944121   -2201.1363506   -544.0408587
-441.5725199   -2189.3649101   -546.2883711
-441.8574301   -2186.5441799   -541.1869287
-442.1252934   -2185.5363846   -546.8167067
-442.6102368   -2181.6716194   -545.7677245
-443.3260886   -2176.0838032   -544.9508429
-443.3796135   -2175.0512123   -540.8067703
-443.9731566   -2171.7076302   -542.7042842
-444.4067208   -2169.8637009   -547.147572
-445.1738326   -2165.3928757   -543.3464646
-446.1185662   -2161.8180275   -545.9003448
-447.0339743   -2158.8954926   -547.7769971
-446.6501204   -2158.9536667   -541.5022373
-447.9003874   -2154.5734406   -541.6660309
-449.2650954   -2151.7541409   -547.4209189
-449.5511977   -2149.7750282   -543.3023572
-450.3420321   -2148.2553482   -546.0665226
-451.0910241   -2144.5858479   -541.7991877
-451.1177269   -2145.3006268   -544.0006256
-451.8588511   -2145.0362206   -549.3939519
-452.6324002   -2139.8718357   -541.6055322
-454.449865   -2137.6430988   -548.2574105
-454.4661967   -2134.0284348   -539.8248434
-455.5204836   -2134.4001293   -546.8460321
-455.3359476   -2133.3620548   -543.4223413
-456.6178051   -2129.1575432   -540.638268
-456.8875758   -2130.3510666   -544.9367762
-458.6007325   -2125.5350113   -541.8235064
-459.3542544   -2125.648737   -545.9246039
-460.7856003   -2121.6733456   -542.493701
-461.5903822   -2122.7552891   -548.6834049
-462.7250163   -2118.1428432   -541.2852764
-463.8219801   -2118.2506084   -546.7408299
-465.4574124   -2114.1242981   -541.8649912
-467.4896923   -2112.8337383   -547.2022295
-468.5122696   -2110.5690002   -544.1108346
-469.397637   -2108.8848114   -539.8448706
-471.9052044   -2105.864048   -546.2344885
-472.7223841   -2105.0257683   -541.39781
-474.0613428   -2102.8251648   -543.5766578
-474.6783701   -2101.9620895   -546.3015437
-475.4246203   -2101.6919613   -540.1844978
-476.4049975   -2099.0915298   -543.5773134
-476.4569727   -2098.9682674   -547.7874875
-478.3388106   -2095.4926014   -545.2145338
-478.9290158   -2095.9413052   -541.5264964
-480.7368246   -2091.7682648   -548.6066937
-480.2530733   -2093.2643414   -542.3074961
-481.1376063   -2090.7292366   -544.2535281
-482.2565047   -2090.3964043   -541.1778092
-482.6658694   -2088.2475376   -547.2456813
-483.3875624   -2086.707592   -543.9682007
-484.3873707   -2087.2707367   -540.3337479
-484.6352068   -2084.8107338   -547.5379229
-485.1011959   -2083.7490559   -543.4474349
-487.154576   -2080.1823139   -547.2841859
-486.8634669   -2080.4753304   -542.7570343
-488.6073796   -2076.7498016   -544.4829464
-489.8247448   -2074.0644932   -542.8600311
-489.7818295   -2075.7329464   -548.3806729
-490.4497591   -2073.3771324   -545.4589128
-491.7278019   -2072.3724365   -548.4321713
-492.2845093   -2070.0376034   -545.8484292
-493.1059805   -2067.2874451   -541.6623354
-494.1420285   -2064.7268295   -541.0305858
-494.8261706   -2065.0184155   -545.5008745
-497.8741137   -2061.396122   -548.1176376
-691.8154684   -2061.0120296   -546.028316
-693.0674044   -2062.8015995   -542.4774885
-694.4695441   -2063.9126301   -547.010839
-696.4456765   -2066.5519238   -543.7261462
-697.3134009   -2067.3542023   -548.4122038
-698.7296072   -2069.8952675   -539.8725271
-699.3015734   -2070.4684258   -545.3665853
-701.3879744   -2073.9169121   -542.5322652
-701.4802424   -2074.6486187   -547.6059914
-703.2096115   -2077.0311356   -539.6326184
-703.5976378   -2078.312397   -543.9763069
-703.1833855   -2079.3046951   -548.2504964
-705.5029599   -2084.3813419   -545.1001525
-705.6042878   -2081.6817284   -540.2390361
-706.7370144   -2093.4333801   -548.8944054
-706.8587271   -2090.0683403   -546.4398265
-708.6653439   -2089.4641876   -541.8151617
-708.3252398   -2094.4046974   -546.3678241
-708.3198754   -2099.2319584   -549.0994453
-710.2802721   -2098.9527702   -545.8083749
-711.4302842   -2103.5656929   -546.5639234
-710.492107   -2092.0898914   -540.735662
-712.2639147   -2096.2927341   -541.2864089
-712.3555867   -2123.3041286   -548.1013656
-712.3967139   -2117.2192097   -548.2006073
-711.4292113   -2113.3136749   -549.1324663
-712.0545832   -2106.6360474   -546.7914939
-710.5744807   -2155.2016735   -548.750937
-711.1674277   -2151.3049603   -546.7125773
-713.0936114   -2135.623455   -545.0391769
-711.9093863   -2141.8571472   -546.4574099
-711.0048262   -2157.6752663   -545.6757545
-713.3984295   -2129.6994686   -545.6753969
-711.9221417   -2146.8136311   -545.6903577
-713.6000124   -2103.7404537   -543.5865521
-714.0732733   -2099.3859768   -540.7953858
-712.9592625   -2110.4333401   -546.5298295
-712.452027   -2166.3239002   -548.6168861
-711.3787857   -2162.9476547   -546.6347933
-711.3501755   -2158.5431099   -542.7422523
-711.4319531   -2161.588192   -543.7895656
-711.9779316   -2153.9931297   -542.1685576
-712.3583285   -2149.4910717   -543.181777
-711.4144293   -2161.8256569   -540.0240421
-712.1203867   -2165.43293   -542.6177979
-713.6373249   -2113.7468815   -546.126008
-713.4958235   -2145.434618   -541.5325165
-714.7156922   -2138.9479637   -541.3576961
-713.0801407   -2149.9533653   -540.0159955
-714.2262188   -2107.8181267   -544.105947
-714.5204274   -2169.1634655   -546.8479395
-715.4233185   -2170.637846   -542.3603654
-713.8979165   -2119.6007729   -546.0496545
-714.9245469   -2125.1242161   -544.0662503
-715.2904002   -2121.275425   -543.8812375
-715.3286663   -2116.6017056   -543.8650846
-715.6523196   -2111.3786697   -542.8161025
-715.7716481   -2132.9884529   -541.0631299
-716.3884369   -2127.7019978   -541.2136912
-716.022226   -2102.8504372   -539.775908
-716.2431208   -2106.6961288   -540.858984
-717.0436112   -2171.189785   -548.1375456
-716.7492834   -2123.6505508   -541.2647724
-717.9110972   -2119.4150448   -539.7083759
-717.6348893   -2114.512682   -540.1355028
-720.1616494   -2174.6015549   -539.6653414
-722.2244469   -2174.7634411   -544.0580249
-720.9895579   -2173.2547283   -548.7288237
-727.9094187   -2178.052187   -541.914165
-728.4725634   -2177.3011684   -546.2359786
-731.5759388   -2179.3739796   -543.7539816
-732.8641144   -2179.2542934   -547.1859574
-736.749026   -2181.8959713   -544.3550348
-740.199062   -2182.7201843   -548.7821698
-741.2104336   -2185.3504181   -541.1436558
-742.7116362   -2184.7417355   -546.033442
-747.2150055   -2188.2436275   -543.4080362
-746.5498177   -2186.3451004   -548.3835936
-750.3928868   -2188.4810925   -549.1881371
-751.4973608   -2191.8635368   -541.3287878
-753.6735264   -2191.3745403   -546.8349457
-756.3128201   -2194.7996616   -542.8293943
-760.2493493   -2195.1858997   -549.4151115
-761.6013018   -2198.7006664   -543.6800718
-761.9679896   -2201.2441158   -539.6743417
-766.7203871   -2200.6137371   -549.0953326
-766.0256354   -2203.4378052   -542.9853201
-412.4304978   -2335.2925777   -542.091012
-413.4230343   -2330.1200867   -541.5055752
-413.7917487   -2332.1261406   -546.670258
-411.7697207   -2341.5915966   -546.9011664
-410.1220099   -2344.3031311   -542.9106355
-414.5132033   -2327.1353245   -546.1143255
-414.0399424   -2326.032877   -541.1427021
-414.8602215   -2321.890831   -543.8547134
-415.3364626   -2317.060709   -541.3818359
-415.8225981   -2315.9780502   -544.2889333
-416.6642157   -2316.4365292   -548.3253002
-416.4283005   -2309.189558   -541.7099595
-416.9534174   -2310.4519844   -546.1313128
-417.2264067   -2304.1682243   -542.1422124
-418.3286158   -2306.071043   -549.2167473
-418.1184498   -2297.8897095   -541.0069227
-419.1074101   -2297.3196507   -546.441257
-418.9181057   -2301.3498783   -548.6824512
-419.2259041   -2293.2360172   -543.0775285
-420.763704   -2290.2438641   -548.2496619
-420.4209772   -2287.8677845   -543.8220501
-421.8866555   -2280.7760239   -543.982625
-423.3473269   -2273.1611729   -542.6828265
-423.0673043   -2272.7847099   -539.7483706
-424.9950377   -2267.6026821   -544.6943045
-424.2523638   -2272.3281384   -547.0362306
-424.889299   -2268.7916756   -545.9478498
-426.533672   -2260.8494759   -543.4207916
-427.498552   -2259.5860958   -548.0493307
-428.3467261   -2255.1221848   -545.7654595
-430.2987782   -2247.4479675   -544.8857546
-429.9173085   -2250.058651   -547.8588939
-430.7272164   -2244.3685532   -539.6424532
-431.7671982   -2241.1344051   -542.4715281
-432.2949377   -2240.1020527   -545.9737182
-433.8309494   -2234.2016697   -546.5248227
-434.0761629   -2232.1977615   -542.6993966
-434.5794646   -2231.272459   -547.188282
-435.0943295   -2227.9844284   -542.9366231
-436.1735312   -2224.824667   -548.9075184
-436.2221686   -2223.4573364   -545.3743339
-436.5390269   -2220.6995487   -539.58565
-437.5265566   -2216.6407108   -544.6015596
-438.3675782   -2213.1948471   -548.0565429
-438.5440079   -2210.7789516   -544.6954966
-439.1607968   -2205.5852413   -540.183723
-439.0566079   -2208.9295387   -547.8441119
-439.5912615   -2206.1636448   -549.1175652
-663.9433829   -2313.6870861   -539.9549603
-663.4489027   -2322.8459358   -539.6550298
-664.7789208   -2308.3870411   -539.8793817
-666.6097371   -2320.2672005   -541.1790013
-667.2908989   -2304.4133186   -540.2851701
-667.84403   -2325.8638382   -541.2256718
-669.1704718   -2310.0082874   -541.8314934
-669.5545641   -2315.482378   -542.3817635
-668.058726   -2299.5336056   -539.5758152
-668.4833495   -2330.6281567   -540.605247
-671.6224877   -2323.3633041   -543.0860519
-671.5062586   -2319.2417622   -543.2446599
-670.8193747   -2301.7411232   -541.0391688
-671.9265906   -2305.4778576   -542.1728492
-672.2672907   -2297.7013588   -540.4212475
-672.2249714   -2328.3379078   -542.7313447
-672.7217165   -2333.2290649   -541.8568254
-673.3007161   -2337.8527164   -540.6080484
-672.7546183   -2313.177824   -543.512702
-674.5819775   -2309.450388   -543.7338352
-673.595163   -2316.545248   -544.023931
-674.6525494   -2301.8217087   -542.3159003
-676.4365164   -2320.6059933   -545.1271534
-675.3710238   -2325.8116245   -544.3818569
-675.7520167   -2294.0974236   -540.1277542
-676.0575501   -2305.5343628   -543.5869694
-677.8720347   -2331.1538696   -544.5500612
-677.3379771   -2298.0959415   -542.0161486
-676.108214   -2335.6232643   -542.675972
-677.9117314   -2314.2504692   -545.422852
-677.6048867   -2339.7138119   -541.8816805
-679.8658101   -2308.3307743   -545.3110337
-679.6797243   -2302.5815487   -543.9910889
-679.1650978   -2325.6659508   -545.8843112
-680.1244942   -2294.608593   -541.333735
-679.6116558   -2336.3773823   -543.9747572
-680.3596941   -2318.2029724   -546.5210676
-683.0409495   -2322.1170902   -547.5348234
-681.6427437   -2298.2988358   -543.1573391
-682.4556319   -2340.3527737   -543.8331366
-679.9332825   -2345.2866077   -540.3361917
-683.7899414   -2328.6750317   -547.3314524
-684.5309464   -2335.2868557   -546.3439226
-682.1199385   -2311.7945194   -546.5772152
-682.8112332   -2291.8918133   -540.5132771
-682.9488007   -2305.2122593   -545.5964804
-686.1431328   -2301.2952805   -545.2975035
-685.5414835   -2295.0818539   -542.6066518
-684.1995446   -2315.8125877   -547.7355123
-686.6224734   -2308.8383675   -547.4568009
-687.3764721   -2340.5954838   -545.8863378
-686.6118637   -2345.4360962   -543.4870124
-687.5955788   -2290.7903194   -540.5462384
-688.1400076   -2320.0733662   -549.3369102
-689.1811816   -2332.067728   -548.8891602
-692.2369925   -2338.341713   -548.6454368
-691.019508   -2296.1997986   -544.111073
-691.0106865   -2292.9518223   -542.2802567
-691.3399426   -2304.4798374   -547.5885868
-691.6087595   -2300.3757   -546.1396575
-692.3907725   -2290.333271   -540.6348705
-695.9104268   -2298.5584736   -546.0889935
-695.7154004   -2293.3268547   -543.000102
-694.2547289   -2302.1435738   -547.3991036
-695.1305596   -2304.8970699   -548.6052036
-691.2283627   -2343.49823   -546.4563966
-697.5022284   -2345.2017307   -548.4420657
-697.1107451   -2289.185524   -539.9542451
-697.3757473   -2302.5197983   -548.1515527
-702.2182671   -2295.7270145   -545.188725
-700.0266043   -2291.5735245   -541.9924855
-700.03781   -2300.2114296   -547.5344062
-701.1106936   -2289.0877724   -539.929688
-700.6455389   -2303.260088   -549.0649343
-703.9947239   -2290.8344269   -541.5106416
-704.1904656   -2301.0895252   -548.5626459
-707.2132555   -2292.5901413   -543.0989265
-707.0879666   -2299.2610931   -547.8793979
-708.6049048   -2295.4173088   -545.4026461
-708.7893216   -2289.21175   -539.9151444
-710.6444565   -2298.6526489   -547.7989316
-712.6296488   -2292.3426628   -542.9124236
-712.4281851   -2295.5496311   -545.6516743
-715.7230107   -2297.018528   -546.9045043
-714.5555941   -2294.6193218   -544.9211001
-718.2378498   -2290.1613712   -540.4622555
-717.4429623   -2293.6735153   -544.0860987
-719.3488804   -2299.451828   -548.8240719
-720.7386223   -2296.3213921   -546.3786721
-722.6682631   -2292.8702831   -543.0836678
-725.2225605   -2299.6888161   -549.1018891
-723.8146988   -2295.8598137   -545.8648801
-726.6216008   -2294.7280407   -544.7072983
-726.7480818   -2291.8651104   -541.6018367
-730.8399407   -2295.7084179   -545.3926921
-730.1650969   -2293.0567265   -542.6214337
-735.8424393   -2293.3523655   -542.1847701
-734.5571247   -2298.4261513   -547.7828383
-741.6138379   -2297.0178127   -545.7725525
-743.0109707   -2293.2758331   -540.9070253
-744.2857949   -2300.9114265   -549.403429
-747.033569   -2296.0703373   -543.9021587
-746.343824   -2298.9654541   -547.2759008
-748.6976115   -2293.1911945   -539.6496654
-750.6836382   -2298.3808517   -546.0615754
-751.9705025   -2300.5301952   -548.2710004
-752.1365611   -2296.1449623   -543.1429148
-755.9151379   -2300.3487587   -547.5717187
-757.3640076   -2296.2434292   -542.3383117
-761.583778   -2300.1756668   -546.61268
-761.8900267   -2296.7150211   -542.1004295
-767.2320334   -2300.5366325   -546.2680459
-767.4752203   -2296.3933945   -540.3946638
-769.1334216   -2208.4653378   -540.9712791
-771.6514794   -2206.7527771   -547.1609831
-771.1845366   -2297.298193   -540.9638286
-773.8696066   -2303.7559986   -549.2715836
-771.8915669   -2299.9634743   -544.7419286
-772.8763548   -2211.4310265   -543.366909
-773.5278336   -2214.8303986   -541.0690308
-776.0361163   -2298.4964848   -541.777432
-775.5512921   -2211.3893032   -547.3020673
-776.5997378   -2218.7867165   -542.2226191
-780.4308859   -2303.1182289   -547.5096107
-775.5746571   -2214.3530846   -544.3734527
-779.0368525   -2224.4455814   -541.7607427
-779.1928975   -2215.3937817   -548.39468
-781.4805237   -2300.4598618   -543.4674025
-781.8834511   -2222.2876549   -546.7770696
-781.0338465   -2229.2442322   -541.8319106
-781.5167633   -2233.7720394   -540.2521491
-781.5652815   -2225.8660793   -544.3074107
-785.7898203   -2303.7528992   -547.4787951
-783.2255093   -2237.7505302   -540.6810641
-784.8685709   -2233.5557938   -544.724226
-784.2017142   -2227.7798653   -546.5917587
-786.3436667   -2299.5247841   -541.0065651
-784.8760811   -2242.5727844   -540.6274796
-786.6379944   -2239.3019199   -544.4953442
-786.3485543   -2247.1520901   -540.263772
-789.3992392   -2236.75704   -548.5582352
-788.0755392   -2244.3401814   -544.1255569
-789.6895138   -2302.35672   -545.019865
-792.7461592   -2305.0398827   -548.2206345
-793.8278643   -2301.3157845   -543.2620645
-789.4499031   -2249.1643429   -543.6344147
-789.801809   -2241.4381504   -547.3639965
-791.0185782   -2253.8905144   -543.2393551
-791.901919   -2246.2112904   -547.9297042
-792.1020714   -2250.7948875   -546.2557673
-793.1575505   -2262.6068592   -540.9964323
-793.2830779   -2258.2194805   -544.0103412
-794.0120427   -2254.2324066   -546.9925404
-794.4180695   -2250.395298   -549.0825176
-796.7002121   -2302.5791645   -544.9299216
-795.814964   -2262.2306347   -545.2598333
-795.79446   -2266.974926   -542.29182
-795.9321467   -2258.1009865   -547.4799871
-798.644158   -2299.6013165   -541.8027043
-796.8940464   -2271.8760967   -540.6167507
-798.1689898   -2265.8641338   -546.3107824
-798.9275185   -2270.373106   -544.7286963
-799.6812788   -2297.0585823   -540.066421
-802.0360199   -2301.5291691   -544.5258021
-800.673577   -2303.8125038   -546.6637015
-799.5104519   -2275.3648758   -542.4289703
-801.5399901   -2268.0289745   -549.151659
-803.2506434   -2297.4920273   -542.0026183
-802.4490801   -2279.7279358   -543.9295173
-801.8803326   -2284.4078541   -540.5989289
-802.4859158   -2274.0471363   -547.1616387
-803.5305468   -2304.0654659   -547.2740531
-802.7888266   -2289.839983   -540.3580666
-804.4860093   -2293.4141159   -541.6816473
-804.9001423   -2283.5829258   -545.1519489
-805.2923409   -2288.1162167   -543.4041023
-806.8147627   -2301.5058041   -546.6178656
-806.1511246   -2279.3028355   -548.601985
-807.608935   -2296.6759205   -544.9496508
-809.4550101   -2291.8095589   -546.2627411
-809.4006506   -2286.137104   -548.6503243
-813.2155863   -2299.2553711   -549.059391
-377.8372136   -2439.5880699   -541.3529277
-378.2453267   -2434.047699   -543.6421633
-378.2331673   -2443.1247711   -543.1110263
-378.1720129   -2437.1230602   -547.1504331
-378.3505885   -2441.3104057   -546.4713573
-379.6026436   -2451.4985085   -540.612936
-378.9191572   -2446.1233616   -545.6188321
-378.5827485   -2433.0329895   -548.6194491
-379.1427342   -2428.571701   -546.812892
-380.1799146   -2424.1094589   -542.1872735
-380.6453673   -2450.9692192   -547.021389
-381.8289963   -2455.1317692   -544.362843
-381.72743   -2418.8489914   -544.8438525
-382.3153702   -2453.9678097   -548.5984683
-383.4802834   -2458.6503506   -542.9691076
-384.6912114   -2461.9526863   -539.5579338
-382.9095689   -2415.6608582   -542.5440669
-383.0197779   -2415.1105881   -546.3970304
-384.5311133   -2457.734108   -548.1934547
-384.4231097   -2411.812067   -544.274807
-385.4008047   -2460.6938362   -544.1699028
-386.3650886   -2407.3040485   -548.2866764
-387.6576153   -2461.8015289   -546.988368
-387.0904175   -2462.9631042   -543.0316925
-387.7145974   -2464.6439552   -540.3311849
-389.1063062   -2401.5827179   -546.3170409
-390.4101578   -2465.2984142   -543.9599752
-390.1528446   -2399.1632462   -542.2065258
-392.0922009   -2395.3168392   -545.1419353
-394.4072453   -2468.947649   -540.697217
-395.4828111   -2466.940403   -547.2501516
-393.9842311   -2392.0195103   -547.33634
-394.1875426   -2390.5289173   -543.5647964
-395.7772581   -2386.0592842   -540.1781201
-397.2663013   -2384.1662407   -545.4641581
-399.6812431   -2470.0865746   -543.9004898
-398.3213631   -2380.4032803   -542.8537726
-399.4579045   -2376.2853146   -540.5219793
-399.9461261   -2378.1394958   -546.4137793
-401.1347023   -2471.9371796   -539.786756
-402.2369114   -2372.9720116   -547.4354625
-402.4066059   -2369.3406582   -543.7504649
-403.6195008   -2471.6205597   -541.9604778
-404.925677   -2470.2885151   -546.1588502
-403.8417069   -2369.6596622   -548.8621593
-404.0267793   -2364.3195629   -543.2988405
-407.9187242   -2471.9240665   -541.8103337
-405.9517113   -2359.0886593   -544.4945693
-409.5412222   -2470.2448845   -546.4289188
-407.9172341   -2351.493597   -542.3257351
-408.4762064   -2353.7807465   -547.6195812
-410.3957144   -2347.8078842   -548.2120514
-413.5340182   -2471.1792469   -543.0700779
-419.3411795   -2468.4875011   -546.01264
-423.9861695   -2468.152523   -542.6803231
-423.9306179   -2466.8414593   -546.0348129
-425.9702889   -2464.7934437   -549.3566394
-426.7809121   -2465.7914639   -545.9305048
-429.6380011   -2466.1533833   -542.6108837
-429.8087088   -2464.0610218   -547.9308367
-434.4215123   -2463.4654522   -545.9057689
-435.3282181   -2465.3995037   -540.4707789
-438.0235402   -2461.6441727   -548.424542
-440.2062622   -2462.8510475   -543.8914895
-439.579579   -2464.8292065   -539.5383239
-442.559692   -2460.5534077   -548.6848354
-443.4492318   -2463.1617069   -541.6029096
-445.0007407   -2461.4126682   -545.196414
-446.8115298   -2459.861517   -548.511982
-446.69089   -2462.6288414   -541.9643521
-450.0052658   -2460.6802464   -545.4466343
-451.3756958   -2462.6681805   -541.0203934
-454.9758164   -2459.1245651   -547.9542017
-454.4174401   -2461.0295296   -544.0396667
-457.16283   -2462.7633095   -540.7173634
-458.5836855   -2460.2599144   -545.2350974
-459.662172   -2458.5127831   -548.8390923
-463.0305497   -2461.4439011   -543.3110595
-462.2235028   -2459.3584538   -546.855092
-466.0893408   -2459.3038559   -547.231853
-466.5394751   -2463.0613327   -541.0567522
-468.2246176   -2461.1139297   -544.3155169
-470.6814019   -2459.2552185   -547.7402806
-470.75555   -2463.2174969   -541.9155359
-472.1201388   -2461.1332417   -545.0320244
-474.9247757   -2459.9065781   -547.6177931
-475.9106366   -2462.6893997   -543.8811183
-480.0548283   -2466.7739868   -540.943265
-478.4766165   -2460.5293274   -547.3985672
-481.1640707   -2462.4345303   -545.7288027
-484.9443165   -2464.5056725   -545.0072289
-485.8739106   -2468.0454731   -542.4049497
-485.3565422   -2461.340189   -548.3562946
-488.0603281   -2471.9569683   -540.8457518
-488.7448279   -2462.9831314   -547.7133989
-488.33594   -2465.7926559   -545.2401042
-490.0097577   -2475.8429527   -540.3136611
-490.2668921   -2468.4274197   -544.0516472
-492.8364483   -2472.2676277   -543.272078
-491.7968241   -2465.1072025   -547.1554399
-493.7061993   -2477.4289131   -541.9294834
-494.6553437   -2482.6068878   -541.8097377
-494.2481247   -2468.0907726   -546.3033915
-495.9906069   -2464.5924568   -549.4274497
-496.6476885   -2474.12467   -544.6958542
-496.2984053   -2470.6194401   -545.904398
-497.4138466   -2478.7156582   -544.4458127
-498.1542555   -2467.7145481   -548.3112931
-499.3985621   -2471.1678028   -547.3305583
-499.5439974   -2474.9732018   -546.4937687
-501.1148182   -2478.259325   -547.3026633
-498.2843129   -2484.1563702   -544.8592901
-503.0681816   -2472.1565247   -549.2643118
-503.0691353   -2483.7908745   -549.156487
-684.2022864   -2349.3869305   -539.9185419
-689.1818968   -2351.1295319   -541.3390994
-692.6961867   -2347.6481438   -545.176506
-692.2629801   -2355.2393913   -539.7141576
-695.7736937   -2352.3960114   -543.8441634
-697.7675883   -2357.029438   -541.256547
-696.3380305   -2348.9575386   -546.1486578
-699.0675656   -2359.4999313   -539.5938754
-699.5080439   -2350.435257   -546.8403101
-702.2107569   -2354.7239304   -545.5307364
-702.3956505   -2359.3139648   -541.8387651
-707.9541413   -2363.3410931   -540.9213305
-706.8778006   -2358.597517   -545.0668931
-708.9259354   -2354.5911312   -549.0424037
-712.1480433   -2359.6241474   -547.2915769
-713.7247054   -2364.1414642   -543.6860919
-715.9762112   -2361.3700867   -548.0906367
-718.9485756   -2367.6598072   -543.0600643
-721.4412419   -2363.7082577   -549.3621826
-723.7357823   -2370.9049225   -542.1370864
-723.6962048   -2368.4999943   -545.6973314
-726.4322964   -2373.5516071   -539.881289
-727.4166075   -2367.9888248   -549.1945148
-727.3179022   -2371.6380596   -544.2380309
-731.1600176   -2373.7316132   -544.5538163
-734.4146696   -2377.291441   -541.2348509
-732.4602333   -2371.6213703   -548.8607883
-735.0725857   -2374.9990463   -546.4914441
-738.920304   -2377.9394627   -545.5635786
-739.1599146   -2380.1443577   -540.9815311
-743.7255112   -2378.673315   -549.3839383
-742.8853241   -2381.1073303   -544.051528
-747.9749648   -2385.209322   -541.3621664
-748.4754053   -2383.3322525   -546.6455817
-752.8539626   -2387.1643543   -544.0272689
-752.1711317   -2388.0565166   -539.5721197
-753.8027493   -2385.7545853   -548.3676791
-757.576677   -2390.6240463   -541.8968797
-756.4055649   -2388.1821632   -546.6843843
-759.829971   -2389.9803162   -547.3574996
-763.9021603   -2394.4969177   -540.3506756
-762.6963583   -2392.4498558   -545.4030037
-768.0552927   -2395.2496052   -546.215117
-770.4895464   -2397.9754448   -540.7825112
-774.7140852   -2398.8471031   -546.536386
-777.3657767   -2401.673317   -540.6575799
-781.0159651   -2402.2631645   -546.625495
-782.808396   -2404.1819572   -542.4150825
-787.2287957   -2405.5790901   -546.3523865
-786.5407196   -2406.4440727   -539.9265289
-791.5234295   -2408.4150791   -542.9931879
-791.5923325   -2407.5357914   -547.39815
-797.2163884   -2411.4053249   -540.9058928
-795.3445641   -2409.4877243   -547.0771194
-800.4801003   -2412.1570587   -546.1826921
-804.2541472   -2414.5796299   -541.3645506
-809.6912829   -2416.8322086   -543.3008075
-815.215799   -2419.3468094   -539.9377346
-813.0582301   -2417.7601337   -547.7254987
-817.8417412   -2420.126915   -546.3498831
-821.3332621   -2421.8192101   -543.5084105
-826.4258829   -2423.6888885   -540.4340625
-826.7554966   -2424.0221977   -545.5406308
-827.9982535   -2424.3562222   -549.1682887
-830.6724755   -2425.4310131   -543.0969
-831.105086   -2425.7400036   -547.1459627
-835.496041   -2427.2618294   -544.3748236
-834.9561421   -2427.257061   -549.4280457
-838.6944262   -2427.8128147   -541.0109162
-838.7509314   -2428.6675453   -547.9644537
-839.6631209   -2428.6851883   -544.6123481
-842.9956166   -2429.3959141   -542.4226522
-842.8095309   -2430.066824   -547.0716953
-847.599837   -2430.2158356   -540.2730107
-848.2495276   -2431.7753315   -546.2307334
-851.803991   -2431.5261841   -540.2941704
-855.1784483   -2434.5529079   -548.6906767
-856.6810814   -2434.3595505   -544.9593067
-862.2152535   -2436.6807938   -546.2514162
-864.9582592   -2436.316967   -541.0516858
-870.4044548   -2440.3140545   -548.2035875
-867.0321432   -2437.6983643   -542.9582
-873.7116782   -2440.362215   -543.2198048
-875.2969233   -2442.3139095   -548.1916666
-877.6012389   -2440.6449795   -539.6518707
-878.8815466   -2442.6295757   -543.8599586
-879.9073426   -2444.2980289   -548.3673215
-884.2466799   -2445.7409382   -546.8164682
-884.9211661   -2444.2923069   -541.3867831
-887.6751391   -2447.1457005   -545.8045602
-891.0894123   -2448.9393234   -545.7586646
-895.3735558   -2449.4459629   -539.5067334
-896.02873   -2452.4533749   -547.1175909
-899.0547387   -2453.4480572   -541.3647294
-900.9583918   -2457.0147991   -547.191143
-901.7553059   -2456.799984   -541.0454273
-903.5174576   -2460.1871967   -544.3003774
-904.8704831   -2463.7317657   -541.693747
-905.4918019   -2464.0798569   -548.6662388
-905.8484761   -2473.6793041   -540.9891605
-905.3998915   -2480.5982113   -545.2622175
-906.1020342   -2468.2397842   -544.5102453
-906.8526951   -2475.3956795   -546.8788147
-902.4831978   -2487.5943661   -543.9236164
-906.959149   -2471.8229771   -546.731472
-482.6390473   -2546.46492   -540.0518179
-483.5626809   -2553.766489   -541.5208936
-483.756992   -2560.3351593   -539.488554
-484.1738669   -2541.8932438   -542.0718789
-484.7373692   -2551.4569283   -544.5850492
-484.5465151   -2544.4355011   -544.0755486
-484.9421708   -2547.6400852   -545.7644463
-487.0302407   -2567.4922466   -539.8365855
-487.4878851   -2562.8163815   -542.9334641
-485.7305018   -2536.7977619   -541.9650674
-486.5377871   -2556.8203926   -545.3290939
-486.4295451   -2532.8085423   -539.5590067
-485.5571715   -2540.8565998   -545.2939272
-485.766503   -2544.7454453   -548.8993526
-486.7244688   -2554.8975468   -548.3149886
-488.1309   -2528.0375481   -539.5537019
-486.8850438   -2537.327528   -545.7709432
-486.7899147   -2540.0640965   -548.8601327
-487.6444069   -2534.5461369   -543.9975262
-489.7370068   -2568.3486462   -542.0660377
-492.9761616   -2572.9606152   -541.2778854
-489.8727862   -2530.4787159   -544.8438525
-488.4229628   -2535.3405476   -547.9550958
-489.2143933   -2566.726923   -542.8040028
-491.1077944   -2565.7360554   -547.386229
-490.8895222   -2525.0303745   -542.5339341
-491.7225567   -2529.9057961   -549.1777658
-492.3174111   -2516.949892   -541.5022373
-494.005057   -2569.8382854   -547.072947
-494.6320979   -2570.6720352   -546.1133122
-493.0298058   -2519.9210644   -543.4377789
-492.1399084   -2526.8025398   -546.4575887
-493.6309782   -2499.1121292   -540.7791138
-493.302199   -2490.4119968   -540.1213169
-493.7503067   -2511.4130974   -542.3340201
-493.8853709   -2505.3427219   -541.6604877
-493.7326638   -2522.906065   -546.433568
-494.4047657   -2493.86096   -541.2556529
-495.1436249   -2486.8075848   -541.9960618
-494.8842255   -2514.973402   -544.5937514
-498.8424508   -2574.639082   -544.1675186
-495.8570925   -2517.9698467   -547.0712781
-496.3853089   -2489.9969101   -543.1917906
-497.2001044   -2501.62673   -545.1720357
-496.8555895   -2494.9634075   -543.9690948
-497.267696   -2507.6863766   -546.118021
-497.1211878   -2512.8831863   -547.1125841
-497.9418246   -2572.1664429   -548.1939316
-499.5875088   -2489.9828434   -546.4693904
-500.2734391   -2497.6305962   -548.1357574
-504.9798218   -2578.7944794   -542.1717167
-504.1658608   -2575.4549503   -547.1181273
-510.4915825   -2579.3135166   -543.7908173
-511.8814436   -2577.7237415   -548.835218
-515.5006377   -2580.8207989   -543.4006453
-516.0209862   -2578.9678097   -548.601687
-519.5777146   -2580.4672241   -546.9748378
-520.1554028   -2581.6614628   -543.7631607
-525.6656138   -2584.3002796   -540.8185124
-528.047177   -2582.8828812   -545.4788804
-532.3142735   -2583.086729   -549.2184758
-530.7510821   -2584.7210884   -542.2388315
-532.9585997   -2584.2010975   -545.0752378
-535.8550278   -2585.9725475   -541.7332053
-537.7046791   -2584.8548412   -546.8562245
-540.246102   -2587.7318382   -539.7740006
-541.8987004   -2586.632967   -543.584764
-544.3380801   -2586.625576   -548.6112833
-545.6965891   -2588.758707   -539.9460793
-546.7658965   -2587.6598358   -544.1666842
-550.9681431   -2588.3421898   -546.4839339
-550.4499403   -2589.1869068   -542.1662927
-557.0480553   -2589.5540714   -548.861146
-556.4180342   -2590.326786   -542.6594615
-562.4354807   -2591.0928249   -545.5757976
-562.4052016   -2592.3070908   -540.3637886
-568.3074919   -2592.0844078   -548.1036305
-567.2124354   -2592.4110413   -542.723
-572.1217123   -2593.2250023   -543.9667106
-576.2780634   -2594.0973759   -547.5581288
-576.8429963   -2594.4318771   -541.9119
-579.4305531   -2594.7582722   -544.3937778
-582.394096   -2595.4186916   -545.8965898
-582.0915429   -2595.4344273   -542.1254039
-587.8691403   -2596.5857506   -547.780633
-586.6689412   -2596.4930058   -543.1310534
-589.8540942   -2597.5728035   -540.2998924
-591.8488232   -2597.4168777   -543.6047912
-593.4720961   -2597.8808403   -547.2531319
-597.94161   -2598.5453129   -544.0226793
-600.2212492   -2599.9159813   -539.6848321
-603.5136906   -2599.8711586   -546.2162495
-603.041145   -2599.7965336   -542.2266126
-608.3097187   -2600.7397175   -542.7233577
-609.6189944   -2601.5281677   -547.4717617
-611.8005244   -2601.5586853   -544.3592072
-613.9001576   -2601.7341614   -541.7458415
-615.3378216   -2602.437973   -545.3921556
-619.6183888   -2602.8187275   -542.0651436
-621.7292277   -2604.064703   -546.5034246
-625.9243218   -2604.1576862   -542.2064662
-626.8239943   -2606.3306332   -549.3914485
-628.0349223   -2605.3841114   -545.3932285
-632.3286024   -2605.5598259   -542.4073935
-633.3187548   -2607.0122719   -546.400249
-639.1344992   -2607.2177887   -543.0021882
-640.358421   -2609.3912125   -547.5893021
-646.9037262   -2609.2474461   -543.3823466
-647.8551356   -2611.3157272   -547.3931432
-648.8717524   -2614.3267155   -549.1685867
-650.0735012   -2608.7827682   -539.7069454
-651.7958371   -2616.4290905   -549.4492054
-653.5838572   -2611.3243103   -544.8685884
-652.8910128   -2609.8294258   -541.7516828
-652.4822441   -2613.4190559   -547.4030375
-651.3242451   -2624.2921352   -549.1252542
-655.2773444   -2617.1350479   -548.7745404
-655.7112662   -2614.9373055   -547.7954745
-656.1608044   -2613.3472919   -546.4475155
-658.137056   -2610.7885838   -541.9383645
-659.637901   -2619.3375587   -547.8553176
-658.4543911   -2624.5865822   -547.6144552
-658.2306353   -2616.4507866   -547.7699637
-658.791515   -2613.440752   -545.6946492
-664.0903679   -2612.2131348   -542.1497822
-661.3981453   -2616.4669991   -547.0606089
-662.5734297   -2615.2327061   -546.090126
-664.9690596   -2618.2405949   -546.8379259
-664.9602381   -2622.1904755   -546.9945073
-664.8292271   -2614.1524315   -544.7894931
-669.860336   -2614.0213013   -543.0529714
-668.154451   -2616.2259579   -545.5991626
-670.9522931   -2619.8511124   -546.212256
-670.2685086   -2624.9268055   -545.6012487
-664.9616686   -2626.909256   -545.6826687
-672.4267928   -2616.6889668   -544.7126031
-673.7372605   -2613.124609   -540.8437848
-677.4930684   -2618.5772419   -544.9565053
-676.9504277   -2623.7697601   -545.430243
-675.4978625   -2615.2915955   -542.8915024
-678.694698   -2613.6918068   -540.2845144
-680.4389683   -2616.253376   -542.6992178
-682.5368134   -2618.3753014   -544.2602634
-682.5797287   -2621.5512753   -545.1332927
-683.2711426   -2614.9008274   -540.9778357
-685.1172177   -2616.8277264   -542.6689386
-686.8556467   -2619.5468903   -544.324398
-688.6495081   -2624.1314411   -544.917345
-682.9399792   -2625.5841255   -544.6078181
-688.2167784   -2615.124464   -540.3187871
-689.3028942   -2617.6531315   -542.6074266
-692.8697554   -2620.0377941   -544.0883636
-693.4407679   -2616.8270111   -541.5195823
-697.9647604   -2618.5410023   -542.6020622
-698.7659661   -2621.5963364   -543.9398289
-695.5160824   -2624.4316101   -544.7437763
-698.4964339   -2616.058588   -540.1966572
-702.3861138   -2619.1511154   -543.0351496
-703.831884   -2622.300148   -544.1980958
-700.6265847   -2624.59445   -544.483304
-706.6918341   -2618.0045605   -542.1221852
-710.0525824   -2622.3781109   -543.9279675
-705.7643858   -2626.9936562   -544.4431305
-710.9961239   -2618.4763908   -541.726768
-713.3046118   -2616.6596413   -539.6200418
-715.8196894   -2620.2213764   -543.5593724
-715.9683434   -2623.9976883   -544.5478559
-712.0017735   -2626.2147427   -544.5203781
-716.2775723   -2617.0868874   -540.5768752
-720.7244364   -2618.8287735   -542.8520441
-720.6644741   -2621.8035221   -544.8864698
-720.6462351   -2616.8599129   -540.2111411
-725.333306   -2617.79809   -541.6097045
-725.5220143   -2620.1460361   -544.4055796
-725.5168883   -2624.1660118   -546.205461
-720.305535   -2625.092268   -545.422554
-730.231258   -2616.4164543   -539.6226048
-730.4196087   -2618.5576916   -543.3756113
-730.692002   -2621.430397   -545.9940434
-735.2548567   -2616.954565   -541.3259864
-736.3893715   -2619.4119453   -545.3922749
-735.4293791   -2622.8215694   -547.023356
-731.5022675   -2625.2624989   -547.1715927
-739.5097939   -2617.2437668   -542.6599979
-741.5961949   -2622.3547459   -548.0235815
-736.9814841   -2625.6859303   -548.4461188
-743.5010401   -2618.5655594   -545.8036661
-746.1379496   -2616.451025   -542.3671007
-749.014589   -2617.672205   -545.8303094
-749.0451065   -2620.454073   -548.5488176
-752.6260344   -2615.3466702   -539.9437547
-751.9919602   -2616.6095734   -543.9273119
-754.748675   -2617.8972721   -547.3834872
-757.515165   -2616.3208485   -543.8454151
-760.5217425   -2615.2403355   -540.2078032
-762.0441643   -2617.4144745   -547.5164056
-763.2056204   -2615.8726215   -543.8843369
-768.0126158   -2616.2931919   -546.0891128
-768.1373087   -2615.5481339   -541.1654115
-772.2341744   -2616.7094707   -548.5533476
-774.531695   -2615.7329082   -545.0742245
-775.4472224   -2615.593195   -540.0105119
-779.4213025   -2615.4894829   -543.0276394
-781.3043324   -2615.9164906   -546.7357039
-781.4566819   -2615.6556606   -539.6773219
-784.4320265   -2615.3304577   -543.4735417
-788.2170407   -2615.7691479   -547.5337505
-786.9335143   -2615.6497002   -539.950788
-789.3898217   -2615.2284145   -543.5143113
-792.640659   -2615.6182289   -540.5669212
-794.8192088   -2615.5529022   -545.6199646
-799.1375653   -2615.6802177   -541.4537191
-801.207873   -2615.6129837   -545.8654761
-806.4857451   -2615.6978607   -543.1887507
-805.9938876   -2615.8597469   -548.5758781
-810.6937138   -2616.6892052   -539.5076275
-811.7614714   -2615.7212257   -547.1147895
-812.8988472   -2616.158247   -543.1294441
-818.1415526   -2617.118597   -540.1371121
-817.3732487   -2616.1279678   -545.6667542
-822.6880757   -2616.3687706   -548.8814712
-822.0658032   -2616.6069508   -544.5127487
-825.7975308   -2617.3839569   -541.9014096
-826.2759177   -2616.6298389   -545.9362864
-831.1718432   -2617.2993183   -544.7371006
-835.545036   -2617.4416542   -548.18964
-837.472531   -2618.1969643   -543.6384082
-841.9325081   -2618.2775497   -547.8554964
-843.9103094   -2618.9539433   -542.9757237
-848.6389843   -2619.1432476   -546.5834141
-848.93212   -2619.815588   -542.2124863
-852.0420519   -2562.9768372   -549.2670536
-853.8416354   -2555.1974773   -548.1456518
-853.6575762   -2620.1701164   -543.597877
-854.1818587   -2619.8134422   -547.6893783
-854.0620533   -2560.1511002   -548.0188727
-857.0530144   -2548.289299   -547.3186374
-856.5120427   -2564.2387867   -547.3927259
-855.7765213   -2569.0526962   -548.8856435
-858.2106558   -2621.6557026   -539.9247408
-857.5075594   -2541.7809486   -548.3747125
-857.88438   -2572.299242   -549.0818024
-859.6081463   -2620.8524704   -545.8499193
-857.39741   -2558.6957932   -546.3596582
-858.6098877   -2553.8311005   -545.9398627
-861.0306708   -2536.2312794   -548.1238961
-859.9096266   -2568.8347816   -546.9402075
-860.178682   -2561.5580082   -545.3057289
-861.2984148   -2565.1769638   -545.3854203
-862.0836464   -2542.6769257   -545.7115769
-864.0436856   -2550.3189564   -543.6490774
-861.8069617   -2557.3575497   -544.3165898
-862.4434201   -2573.2526779   -547.4304557
-863.7199131   -2622.1213341   -542.1000123
-865.689489   -2577.6500702   -548.3843088
-866.5135828   -2621.8910217   -546.2909937
-865.9203974   -2529.8700333   -547.3766923
-865.8883301   -2568.7794685   -544.2183018
-864.2292944   -2562.3435974   -543.5659885
-866.4949862   -2536.8719101   -544.742167
-866.8089835   -2557.393074   -542.0204997
-867.7490679   -2543.3673859   -542.827785
-867.01152   -2573.9517212   -545.7212925
-870.049688   -2623.5091686   -541.0656929
-869.780275   -2552.4008274   -540.7961011
-869.1707579   -2547.4908352   -541.5537357
-871.0456816   -2581.9137096   -549.0714312
-869.7783677   -2563.7946129   -541.2921906
-871.0273234   -2576.8156052   -545.6175208
-870.3587977   -2572.7796555   -543.7320471
-872.8919951   -2569.524765   -541.3635969
-872.0119921   -2531.0175419   -543.1518555
-870.8586422   -2525.0780582   -546.0135937
-870.7567183   -2539.3531322   -542.0439243
-872.8961674   -2623.0025291   -547.1040606
-871.6482846   -2520.611763   -547.9465127
-871.9049422   -2543.143034   -540.8548117
-872.1610037   -2547.0409393   -540.1318073
-873.2343642   -2517.4992085   -548.9917397
-875.2355305   -2574.5213032   -542.4757004
-876.4213053   -2536.4384651   -539.6176577
-874.2189137   -2521.7809677   -545.2352166
-875.6028143   -2524.5456696   -542.9624915
-877.081844   -2579.7023773   -544.9316502
-876.8838374   -2583.6832523   -548.3589768
-875.3205267   -2518.383503   -546.2805629
-876.499149   -2514.7738457   -548.3717918
-877.8143851   -2624.396801   -543.0195928
-877.8146235   -2520.3769207   -543.1908369
-880.5222241   -2576.4091015   -541.3056016
-879.294726   -2516.1993504   -544.3890095
-879.9627749   -2523.3008862   -540.3672457
-879.2341677   -2511.3551617   -549.3915081
-880.2561489   -2512.98666   -546.2428331
-881.5868822   -2583.4565163   -546.4050174
-883.7507693   -2580.1064968   -542.7456498
-882.8985421   -2518.5115337   -540.0637984
-882.9701868   -2510.0944042   -546.7108488
-883.7381331   -2512.9818916   -542.663455
-884.6492497   -2586.2312317   -548.1693745
-887.1223656   -2584.0833187   -544.9592471
-885.4230372   -2507.3413849   -547.935307
-887.7989975   -2507.9734325   -543.6086655
-890.0578944   -2581.0029507   -541.0176516
-889.7211281   -2587.677002   -548.0943918
-889.3052069   -2504.4617653   -548.1300354
-892.7458254   -2585.1984024   -544.1061258
-892.0467822   -2503.70574   -543.8143015
-892.6963536   -2501.9865036   -547.2054482
-895.6831423   -2588.4213448   -547.2042561
-896.2413994   -2582.8640461   -540.4325128
-894.9343888   -2501.0523796   -540.8253074
-894.7325674   -2500.4074574   -544.9637771
-894.5009438   -2499.894619   -548.116684
-897.4499432   -2586.1909389   -543.5635448
-899.3448941   -2590.4741287   -549.454093
-896.6283528   -2497.7564812   -546.6863513
-896.8170611   -2497.9217052   -542.7539349
-898.7006871   -2494.7896004   -549.1384268
-901.4959065   -2588.7043476   -545.2401638
-901.1786906   -2585.3025913   -541.1732197
-898.5517947   -2495.1553345   -544.2284346
-898.1826035   -2495.6462383   -541.3618088
-899.8003928   -2492.3326969   -539.9805903
-900.322291   -2492.162466   -545.3675985
-904.0207592   -2591.2044048   -548.727572
-905.4332701   -2587.3951912   -542.024672
-907.2879282   -2590.6186104   -545.7097888
-908.0948559   -2585.9613419   -539.4930243
-909.8686901   -2588.488102   -541.7563319
-911.3230435   -2593.2021141   -548.0341315
-911.5594355   -2590.998888   -544.2188382
-914.6741358   -2589.4424915   -541.1564112
-915.0815932   -2592.4134254   -544.6621776
-920.4008309   -2591.3901329   -541.4767861
-922.0175473   -2595.9157944   -546.0757017
-925.5506722   -2593.5029984   -541.8379903
-926.0829417   -2598.1469154   -546.4347005
-927.4270264   -2596.6250896   -543.9709425
-929.9937216   -2600.0673771   -546.0169911
-928.8004366   -2593.3785439   -540.3953791
-930.9353558   -2597.1515179   -542.5220728
-934.4938723   -2604.8326492   -548.4853387
-933.9774577   -2595.6363678   -539.7370458
-933.4369627   -2598.773241   -542.5595641
-934.6877066   -2601.4719009   -544.210434
-937.4291626   -2599.6701717   -540.723443
-938.3935658   -2603.5938263   -543.7374711
-940.2098385   -2606.9455147   -546.6399789
-942.0892922   -2602.5409698   -539.9469137
-942.0134751   -2605.4823399   -543.2285666
-944.0846173   -2607.8774929   -544.7912812
-945.4707829   -2606.1730385   -541.2552953
-948.7811057   -2609.7245216   -543.6406732
-949.5761124   -2612.5068665   -548.2721925
-951.274964   -2611.9287014   -545.4690456
-953.5603253   -2611.7641926   -543.094337
-953.3058134   -2613.4767532   -547.0132828
-956.8036524   -2615.7202721   -549.3785739
-956.5629689   -2613.6851311   -544.7013974
-958.1862418   -2612.2009754   -539.9791002
-961.0569207   -2614.9995327   -544.1024303
-965.1925293   -2617.1219349   -545.7312465
-965.5948607   -2615.2691841   -540.8097506
-965.1397196   -2618.4923649   -548.9938259
-968.2699171   -2619.291544   -547.7328897
-968.9532248   -2617.3799038   -542.5913334
-972.6661173   -2621.3405132   -547.3960638
-971.6069428   -2619.3249226   -544.074595
-974.5901553   -2620.68367   -543.217957
-977.5526253   -2623.5594749   -545.152545
-977.4164883   -2621.332407   -540.0310755
-980.6960551   -2624.5026588   -540.5638814
-577.4712292   -2672.5165844   -547.8633046
-576.4769045   -2677.7880192   -548.5541224
-576.7154423   -2680.4735661   -547.3134518
-577.2118298   -2682.0614338   -541.8521762
-577.9041973   -2684.2358112   -547.0418334
-578.4245459   -2676.1863232   -543.0593491
-578.4581629   -2688.2402897   -542.4476266
-580.0155131   -2668.4997082   -547.1482277
-579.8976151   -2672.4553108   -544.0801978
-579.4822899   -2688.6587143   -546.880722
-581.2575547   -2674.8216152   -540.2024388
-580.5880753   -2692.5327778   -543.8130498
-581.7167488   -2697.4155903   -540.6242609
-581.274244   -2691.6844845   -547.6921201
-583.5308758   -2664.9537086   -546.2233424
-582.5944868   -2670.4018116   -542.393744
-583.6305348   -2695.8830357   -546.4584231
-585.2099387   -2700.8321285   -542.8335667
-587.2764317   -2668.5709953   -540.3907299
-587.2916905   -2660.6161594   -547.5159883
-586.3688914   -2704.7772408   -539.5105481
-587.8289668   -2664.358139   -543.9479351
-587.6192776   -2699.1834641   -547.8768349
-588.8800351   -2703.553915   -544.5617437
-589.2529217   -2706.5501213   -541.4143801
-592.4304453   -2657.1171284   -547.3110676
-590.642902   -2665.1170254   -541.4258838
-590.5960528   -2661.9954109   -544.2726612
-591.3071362   -2708.7259293   -541.1826372
-592.0657841   -2706.001997   -544.9925661
-594.9806897   -2662.3353958   -541.2886143
-595.3249661   -2709.574461   -544.2873836
-596.4605538   -2651.7775059   -549.2751598
-595.4001871   -2705.5721283   -549.0272045
-597.1364705   -2714.3285275   -540.8077836
-599.7187821   -2656.4898491   -543.7770486
-599.71759   -2661.2541676   -539.5162106
-599.8711316   -2712.2957706   -546.3628769
-602.3387638   -2653.8407803   -544.6246862
-602.815601   -2648.4384537   -548.6333966
-601.5096632   -2716.190815   -543.5512662
-603.4038988   -2719.5029259   -541.1988497
-606.5079895   -2653.8040638   -542.5878167
-603.9170948   -2715.4476643   -548.1126904
-604.8110453   -2718.4290886   -545.0353622
-610.0071398   -2648.3929157   -545.3884602
-606.4684121   -2721.1165428   -543.2642698
-608.1371037   -2720.5758095   -548.0995178
-609.8410813   -2724.8883247   -542.6446199
-612.4955145   -2652.8251171   -540.6282544
-611.8297306   -2724.8210907   -549.1971374
-616.4521901   -2643.7835693   -546.256125
-614.0252081   -2728.48773   -545.5414057
-614.298555   -2648.545742   -543.42103
-615.3808562   -2730.7987213   -542.280376
-619.4361178   -2649.0068436   -540.9141183
-617.8911654   -2733.0679893   -545.9671021
-619.1868512   -2735.1133823   -542.0598388
-622.2635237   -2641.9186592   -545.4581976
-622.3582951   -2738.6534214   -543.5257554
-626.0095564   -2635.3027821   -549.1461158
-622.7397648   -2738.724947   -539.5579934
-625.9555546   -2645.575285   -541.2412286
-623.6839024   -2740.8704758   -547.8383899
-628.3005206   -2640.5434608   -544.3587899
-626.0666577   -2742.6786423   -543.1083441
-626.782271   -2744.4190979   -546.0594893
-631.0984818   -2644.108057   -540.6021476
-631.2126843   -2636.4855766   -546.4934707
-628.9930073   -2744.5068359   -539.9854779
-630.3302971   -2748.6650944   -546.8745828
-631.7702261   -2747.6737499   -542.2031879
-633.2230297   -2639.8518085   -543.2967544
-633.4360567   -2750.674963   -545.560956
-635.4435412   -2642.9429054   -540.1208997
-635.1908175   -2635.9272003   -545.7671285
-636.3141266   -2754.8270226   -548.78968
-636.0816685   -2752.1643639   -544.6037054
-639.5132271   -2751.7073154   -539.9412513
-638.0204884   -2639.0445232   -542.4699783
-640.1056973   -2633.31604   -546.4790463
-639.5394532   -2755.6955814   -546.6308594
-643.2332722   -2628.4172535   -549.0784645
-643.7197653   -2638.2873058   -541.5217876
-644.4802014   -2756.7019463   -543.2786345
-647.7460591   -2632.7464581   -545.1543331
-648.3225552   -2627.7430058   -548.5449433
-649.4518248   -2761.3444328   -545.3082323
-648.053619   -2763.2920742   -549.2286682
-649.1754977   -2638.0631924   -540.3238535
-653.5007683   -2628.7248135   -546.9862223
-654.8845498   -2635.3418827   -541.3790345
-651.8587796   -2765.9270763   -549.0400791
-653.6984173   -2761.557579   -540.9900546
-654.4718472   -2764.5764351   -544.8517799
-660.0949494   -2630.1393509   -544.7544456
-656.9556919   -2764.3399239   -541.6960716
-662.2575251   -2635.7936859   -539.8219824
-660.172793   -2766.1015987   -540.5882597
-666.1932198   -2631.4938068   -543.0085659
-669.5258347   -2628.5665035   -544.4598198
-671.7077223   -2632.1139336   -541.8882966
-674.1966931   -2628.1321049   -544.2453623
-676.6059128   -2632.389307   -541.3659215
-679.9179045   -2628.8375854   -543.6702371
-686.5734784   -2629.4474602   -543.1506038
-693.3338372   -2628.7968159   -543.6147451
-692.4646822   -2632.671833   -540.9756899
-697.750899   -2633.054018   -541.0015583
-699.2841689   -2628.3092499   -543.7150598
-702.7303902   -2631.2878132   -542.2123075
-706.8384615   -2632.0471764   -542.0283079
-710.4081837   -2635.2519989   -540.3754115
-711.1661164   -2630.177021   -543.5071588
-715.7982317   -2633.5132122   -542.349875
-717.018458   -2628.3333302   -544.4755554
-720.7112042   -2636.9905472   -540.5252576
-721.5611664   -2631.736517   -544.2559719
-722.3971812   -2627.6628971   -545.5129743
-726.4059512   -2635.1761818   -543.0438519
-727.6961533   -2629.4596195   -545.6091166
-730.8826176   -2638.8459206   -540.8155322
-733.2309214   -2633.4311962   -545.2679396
-733.4326235   -2628.6964417   -547.1593142
-737.7471653   -2637.6082897   -543.2679057
-738.0343405   -2629.750967   -548.0443835
-738.9021841   -2633.3456039   -546.8862653
-740.2573553   -2641.2293911   -539.9240851
-743.0630652   -2634.7353458   -547.0497608
-743.9317433   -2638.4246349   -543.6091423
-742.9474322   -2630.8948994   -549.2274165
-745.3462807   -2641.6463852   -539.5112038
-748.2241122   -2635.638237   -547.622323
-749.6442524   -2638.8869286   -543.4646606
-754.2972294   -2636.4881992   -547.7965474
-754.9574105   -2639.6892071   -542.3475504
-759.8333088   -2639.4631863   -544.9368954
-758.9020459   -2641.3474083   -539.7092104
-762.5417439   -2641.8008804   -540.440917
-762.1931759   -2639.7535801   -549.315691
-763.4957758   -2642.0762539   -544.8849201
-766.0122839   -2642.8718567   -549.189508
-766.5101019   -2644.4432735   -540.9470201
-766.6660277   -2644.9029446   -544.9451208
-769.4489685   -2647.2492218   -547.1939445
-769.8179213   -2647.1605301   -542.0444608
-772.4072663   -2649.6412754   -543.6017513
-773.0490891   -2651.1042118   -547.4365354
-775.8220164   -2652.7173519   -542.578876
-777.3195235   -2655.6544304   -547.4258065
-780.0398795   -2656.6917896   -540.5869484
-781.0516087   -2659.7728729   -544.8873639
-781.946036   -2662.427187   -547.6188064
-782.7881304   -2660.5553627   -540.6048298
-784.1080157   -2663.9342308   -543.2213545
-783.752772   -2666.3591862   -548.6451387
-786.0649554   -2669.0499783   -543.3783531
-785.7794491   -2672.1346378   -548.3720303
-787.3400179   -2674.1473675   -543.1790948
-787.6307694   -2677.4420738   -546.7302203
-788.7916294   -2678.7469387   -542.3163772
-788.5905234   -2675.7547855   -539.6297574
-789.4757716   -2682.5797558   -545.6019044
-790.3891531   -2683.5861206   -540.3558016
-791.4418904   -2686.3284111   -549.0157604
-791.1578146   -2687.6165867   -544.4326401
-792.0604674   -2689.2213821   -540.3574705
-792.9763523   -2691.447258   -547.7502942
-792.9885117   -2692.3193932   -543.5214043
-793.7971083   -2694.6084499   -541.428268
-794.6437327   -2696.3424683   -545.7020402
-795.1835123   -2698.6393929   -541.2534475
-796.7005698   -2701.2503147   -545.3420877
-796.1820094   -2699.3198395   -548.3646989
-798.1003252   -2704.1516304   -541.5278077
-798.4207598   -2702.2242546   -548.5453606
-799.9844281   -2706.1758041   -546.3651419
-801.0573117   -2709.4097137   -541.2408113
-803.49991   -2711.5023136   -545.4778671
-803.6777703   -2713.6852741   -541.9834852
-805.9373824   -2717.3752785   -540.1979685
-806.1532704   -2715.8110142   -544.3946123
-807.0714203   -2714.0841484   -548.5652089
-808.8251082   -2718.859911   -542.9769158
-809.8226515   -2720.6275463   -539.8615599
-810.1465432   -2718.0263996   -546.5782285
-813.1341664   -2721.6074467   -543.5625911
-814.9803606   -2720.4015255   -548.4963655
-816.1520687   -2724.5676517   -542.0578718
-818.6315028   -2724.3499756   -545.6416011
-816.7565791   -2725.5060673   -540.1267409
-819.447848   -2726.3762951   -541.5374637
-825.1875368   -2728.344202   -544.236958
-822.6318089   -2725.5113125   -548.4743118
-829.8705546   -2731.3773632   -541.0285592
-831.0955492   -2729.5341492   -548.2865572
-831.2375275   -2730.8917046   -544.3947315
-833.3043782   -2732.203722   -542.8431034
-833.9707581   -2733.1774235   -539.7618413
-838.2037608   -2733.134985   -545.0311899
-835.6528012   -2733.1206799   -542.3734188
-838.3868662   -2734.3900204   -540.6010151
-839.5656077   -2732.3927879   -549.2609739
-842.0504061   -2734.8265648   -543.5408354
-844.4744078   -2735.1555824   -545.7548499
-845.3366486   -2736.6335392   -540.2475595
-848.3303515   -2736.7801666   -545.2806354
-847.7248875   -2737.4436855   -539.8622155
-853.5947529   -2738.6548519   -547.6381779
-850.1101462   -2738.2838726   -539.8591757
-852.4830071   -2738.7514114   -543.2274938
-855.6482521   -2740.1127815   -542.5790548
-858.1239907   -2740.8459187   -546.0635424
-860.7474295   -2742.19203   -541.4041281
-862.7938954   -2742.7499294   -547.4953055
-865.7511202   -2744.0814972   -543.2350636
-867.4783436   -2744.656086   -546.902895
-869.4678275   -2745.3997135   -544.3335772
-872.4597422   -2746.4311123   -548.2631326
-872.7404801   -2746.3800907   -542.5605178
-875.8907048   -2747.4410534   -544.3042517
-877.1444289   -2747.9393482   -547.2332239
-879.6449629   -2748.4638691   -544.4625616
-880.3446022   -2748.8985062   -548.3864546
-885.6671778   -2625.6787777   -544.8129773
-883.1988303   -2748.9001751   -541.4299965
-883.6536137   -2749.6225834   -546.3197827
-887.3917786   -2750.0104904   -543.0211425
-887.7945868   -2750.7472038   -547.5427508
-891.2708489   -2626.560688   -549.0193367
-892.8123442   -2627.3031235   -543.6630249
-891.8603388   -2751.4326572   -546.4949608
-895.7941262   -2751.2757778   -542.2446132
-896.9070641   -2627.7618408   -548.0497479
-898.9407746   -2628.6590099   -542.5447822
-899.7380463   -2751.8134117   -541.5558815
-902.0173279   -2753.5998821   -546.929121
-903.8046328   -2629.2612553   -547.6269722
-905.5721489   -2630.4264069   -540.2739644
-904.299709   -2753.6935806   -544.880867
-907.0327011   -2755.0685406   -547.1684337
-909.1334072   -2630.6562424   -545.0847745
-908.0252377   -2754.1716099   -542.9928303
-910.2360932   -2756.5407753   -548.6348271
-912.8577439   -2631.8347454   -541.1226153
-913.7909142   -2756.7670345   -545.00103
-913.3728472   -2631.6435337   -546.530664
-915.5243365   -2755.6731701   -540.0351882
-919.0476862   -2633.0366135   -544.9316502
-918.4709517   -2758.8050365   -545.3706384
-920.0851647   -2757.2689056   -539.6636724
-923.264238   -2634.2322826   -539.5329595
-923.4213559   -2761.5966797   -548.080802
-923.7490622   -2760.2028847   -543.0532098
-926.1785475   -2634.729147   -544.9755192
-928.1879393   -2762.5451088   -544.8064208
-927.8365103   -2763.1986141   -547.8811264
-928.9474217   -2635.458231   -549.1681099
-928.3927409   -2761.1830235   -540.727973
-932.2613207   -2636.0783577   -545.4013348
-932.1552245   -2764.6248341   -547.6614833
-933.8230816   -2763.7073994   -541.5733457
-934.7473112   -2636.7678642   -541.3620472
-935.2984158   -2637.0971203   -547.6776958
-937.0842902   -2637.3984814   -544.9100733
-940.6740395   -2765.6333447   -539.7512317
-937.3395173   -2765.7468319   -544.7975993
-939.1790358   -2637.9323006   -540.1706696
-942.2008721   -2638.8137341   -544.6295142
-944.5451228   -2640.2895451   -549.4577885
-947.7864233   -2640.5580044   -544.5044041
-950.5313364   -2641.0610676   -540.1872396
-953.1599013   -2642.3587799   -544.4307327
-955.3104369   -2644.1948414   -548.8006473
-959.0689865   -2644.5739269   -544.4726348
-963.8229338   -2647.4282742   -547.9658246
-965.3387991   -2646.3530064   -542.5710082
-967.4616782   -2648.1685638   -546.7885733
-971.8835083   -2647.547245   -541.0951972
-972.96724   -2649.8472691   -548.6357808
-977.0499197   -2649.171114   -547.0017195
-975.4091231   -2647.4928856   -540.5067205
-979.6851603   -2627.199173   -549.361527
-979.3294398   -2647.6771832   -543.5692668
-979.8793522   -2646.5063095   -539.8277044
-980.9922902   -2648.1277943   -547.960341
-981.5259901   -2627.1190643   -544.4095135
-982.3827473   -2646.109581   -543.3664322
-983.2975594   -2630.2976608   -547.3953485
-982.9195467   -2627.3303032   -540.8188701
-983.3750454   -2646.0664272   -546.6328263
-984.3709198   -2630.3534508   -542.9353118
-983.9262692   -2645.0045109   -544.790864
-984.6714465   -2643.6531544   -542.7714586
-985.1978747   -2633.6436272   -546.6187
-984.8875729   -2644.087553   -546.4736223
-986.0193459   -2640.7926083   -539.5825505
-986.0239951   -2633.9364052   -542.1879888
-986.1666886   -2640.9089565   -544.2139506
-986.2552611   -2637.3808384   -545.7855463
-986.680123   -2637.3233795   -540.8806801
-656.0843913   -2767.6167488   -547.2874045
-658.391091   -2767.1542168   -544.3319082
-660.0393979   -2771.1954117   -547.9186177
-662.2651545   -2769.4625854   -543.2498455
-664.6272866   -2775.842905   -548.9590764
-664.0481678   -2772.4058628   -545.3515053
-666.6738717   -2772.2475529   -541.7188406
-666.426274   -2774.3942738   -545.3205109
-666.5756432   -2778.0015469   -549.4709611
-668.8542096   -2777.3709297   -546.4317203
-668.9469544   -2775.8004665   -544.1185236
-669.3817107   -2779.3719769   -548.2364893
-670.5091921   -2775.2695084   -541.0636663
-671.8892781   -2782.6311588   -549.2661595
-672.1372334   -2778.396368   -543.5715318
-671.6643301   -2780.0953388   -546.5570092
-673.0775563   -2777.3470879   -540.3453708
-674.680802   -2782.2756767   -545.5976129
-675.1771895   -2785.2265835   -548.6493111
-675.6289927   -2780.3885937   -541.0656333
-677.873942   -2786.0300541   -546.2931991
-677.7163474   -2783.7519646   -543.1309938
-680.9099642   -2789.4883156   -546.7581749
-680.6914536   -2786.8411541   -543.0155993
-681.9827286   -2786.648035   -539.6606922
-683.070871   -2790.0454998   -544.0500975
-683.2922427   -2788.8615131   -541.3470864
-684.1366021   -2792.6695347   -546.5744138
-685.7862202   -2792.216301   -542.2782898
-686.9785515   -2795.2568531   -545.830667
-689.8134676   -2799.1821766   -547.3656058
-689.1531674   -2796.1838245   -542.730391
-691.43984   -2799.0355492   -543.2672501
-693.1348769   -2801.0058403   -543.7079072
-693.6778752   -2802.5527   -545.6625819
-695.0549809   -2801.5999794   -540.0717258
-695.3733889   -2805.9911728   -549.2451191
-694.5907799   -2804.1365147   -547.0365286
-695.9843365   -2803.5757542   -542.750299
-697.6089207   -2806.4022064   -545.327127
-698.3889071   -2805.431366   -540.8050418
-698.4054772   -2808.9869022   -549.3785739
-700.2604929   -2808.2649708   -543.3719754
-700.2613274   -2809.2606068   -546.1335182
-702.1172968   -2808.8035583   -540.2927995
-701.3616291   -2811.091423   -548.2309461
-703.9260594   -2813.5774136   -548.7246513
-702.994558   -2811.2597466   -544.5129275
-705.7831017   -2812.2696877   -540.5603051
-707.177612   -2815.1226044   -544.7054505
-709.3729702   -2815.4096603   -540.6444073
-709.7747055   -2817.9118633   -546.6919541
-710.7240883   -2817.6882267   -543.5355306
-712.1158568   -2817.6968098   -540.6740904
-712.149593   -2819.55266   -545.8567142
-714.0439478   -2820.0449944   -542.8683758
-714.7712437   -2821.8097687   -546.8736887
-716.989967   -2821.2277889   -540.2343869
-717.5430981   -2822.9980469   -543.8888669
-718.3487145   -2824.940443   -548.7645864
-719.7854248   -2823.4984875   -540.8960581
-721.645209   -2825.9658813   -544.0291166
-725.8091895   -2828.0701637   -541.8636203
-725.4544226   -2828.846693   -545.2368855
-728.0149189   -2831.1841488   -548.4138727
-729.7714678   -2830.8799267   -542.3665643
-729.7347514   -2829.7591209   -539.6094918
-730.058643   -2831.7468166   -544.854939
-732.9257456   -2834.1989517   -547.7383137
-733.1882445   -2832.1704865   -539.9845243
-733.3808867   -2833.4724903   -543.202281
-736.5277735   -2835.7925415   -544.3564653
-738.6723486   -2837.7904892   -547.6950407
-737.0060412   -2834.7847462   -540.5243635
-741.0330502   -2838.142395   -542.9542065
-743.8921658   -2840.8915997   -547.1896529
-744.0649001   -2838.7236595   -540.0470495
-746.6824976   -2841.2084579   -542.7632928
-749.0758625   -2843.8403606   -546.9850898
-750.6326167   -2842.6799774   -540.6140685
-751.0635582   -2844.0999985   -543.6850786
-754.6304194   -2846.9996452   -546.5791821
-754.8000542   -2845.3645706   -541.7323709
-760.2278916   -2849.2131233   -543.5882807
-759.4574419   -2850.2237797   -548.1912494
-763.1808249   -2849.1523266   -539.9456024
-764.4613711   -2852.8699875   -547.4404097
-766.9132677   -2852.6210785   -542.5897837
-770.217034   -2855.9827805   -546.7575788
-771.5505091   -2853.2164097   -539.6599174
-772.5828616   -2855.8959961   -543.1457162
-775.3890482   -2858.2513332   -545.0979471
-776.3659684   -2856.2579155   -540.6869054
-778.1431404   -2860.7258797   -548.7669706
-778.4791914   -2859.6992493   -545.1307297
-778.8145272   -2858.850956   -542.7186489
-780.3569762   -2858.4468365   -540.8016443
-780.7423798   -2861.5882397   -547.3365188
-782.9457251   -2861.3891602   -543.5834527
-783.9286057   -2863.1203175   -547.1602082
-786.5361897   -2863.8765812   -545.6001759
-787.0424715   -2863.1155491   -543.009758
-786.6344181   -2864.8147583   -548.6816168
-789.645764   -2865.9088612   -546.8357801
-790.7136408   -2865.1046753   -543.589294
-791.7026011   -2864.3527031   -541.7385101
-792.4002139   -2866.4152622   -544.9747443
-793.4002606   -2867.8143024   -548.0775237
-794.7118012   -2864.6922112   -540.2395129
-795.4578129   -2866.1394119   -541.8671966
-795.7435576   -2867.8326607   -545.1483727
-797.5946394   -2869.6274757   -547.6455092
-797.556254   -2867.5892353   -542.7524447
-797.4807946   -2865.3275967   -539.5591259
-799.2377011   -2869.2190647   -544.7719693
-798.7509695   -2866.8804169   -540.792346
-799.2897955   -2866.1198616   -539.5163894
-800.7175652   -2867.9409027   -541.2057042
-801.440808   -2870.8250523   -546.9447374
-802.4453846   -2870.2013493   -544.1854
-804.36227   -2872.4422455   -549.1931438
-803.9149968   -2868.3600426   -540.3379798
-804.8081128   -2871.7763424   -545.2561378
-805.0274578   -2869.5881367   -541.7014956
-806.5378395   -2869.4777489   -540.6787992
-807.8614203   -2873.4316826   -547.4473238
-806.2787978   -2870.4531193   -542.2183275
-807.9036204   -2871.935606   -543.0698395
-809.1226546   -2873.3348846   -545.1352
-809.3393771   -2871.3922501   -541.2942767
-808.9027134   -2870.0363636   -539.9858356
-812.202665   -2874.8612404   -547.4104881
-812.7046553   -2874.1781712   -543.7931418
-812.0615212   -2874.5732307   -546.1217761
-813.3574454   -2872.4982738   -540.5678749
-814.602348   -2873.9578724   -542.0555472
-815.3201071   -2872.3387718   -539.5166874
-817.6600663   -2876.0604858   -548.5511422
-814.974281   -2873.210907   -540.6690836
-817.5347773   -2875.8733273   -546.2709665
-815.5880896   -2874.8970032   -543.4776545
-816.6526286   -2873.6770153   -540.8363938
-816.4310185   -2874.573946   -542.2555804
-817.4013821   -2875.1442432   -543.4001684
-819.5938794   -2876.1775494   -549.2924452
-818.8363043   -2875.6504059   -544.8120832
-817.9588047   -2874.5081425   -541.9133902
-819.4673983   -2874.997139   -542.8395271
-820.1323477   -2876.1825562   -548.0092168
-820.5513684   -2875.9531975   -546.2296009
-821.0686175   -2875.4870892   -544.3212986
-821.66526   -2874.7541904   -542.5038338
-822.4895922   -2874.0203381   -541.2060022
-825.479242   -2873.0010986   -540.6058431
-822.3457066   -2875.9403229   -547.8194952
-822.5191561   -2875.6527901   -545.7804799
-823.3087984   -2875.1335144   -544.1706181
-823.7278191   -2874.4375706   -542.4268842
-825.2438036   -2875.1797676   -546.6321707
-824.0481345   -2873.6689091   -541.2318707
-825.4860369   -2874.4242191   -543.82658
-825.217816   -2873.816967   -542.1503186
-827.1209923   -2871.3219166   -539.7077799
-827.8804747   -2873.7030029   -543.5581207
-829.0422884   -2871.4549541   -541.1988497
-829.7533718   -2872.4842072   -543.1767702
-831.5388886   -2873.0697632   -545.8964705
-833.6600987   -2871.3827133   -544.6311831
-833.86645   -2873.100996   -548.0346084
-833.8075606   -2868.1492805   -540.9145355
-837.4166218   -2868.5991764   -543.6089635
-836.4219395   -2871.4189529   -546.4977026
-837.3381821   -2865.0140762   -540.3869152
-840.1566473   -2860.7881069   -539.5004749
-839.661452   -2871.2587357   -548.9392877
-840.2003971   -2868.311882   -544.9590087
-840.7360045   -2864.9439812   -542.4286127
-842.4334256   -2869.2209721   -547.7103591
-843.4146372   -2861.7217541   -541.5439606
-843.6109749   -2858.8974476   -540.2261019
-843.9948288   -2866.6479588   -545.56638
-845.152351   -2863.5780811   -543.7943339
-846.0238902   -2855.4592133   -539.9062634
-846.9320265   -2868.0419922   -549.0719676
-847.0065323   -2859.916687   -542.3794985
-847.1338478   -2865.1263714   -546.2599397
-848.3973471   -2862.7605438   -544.978559
-849.4188515   -2851.9792557   -540.5374169
-850.606176   -2856.0836315   -542.3699617
-849.6917216   -2845.4031944   -539.5659804
-851.0658471   -2864.4201756   -548.0877161
-851.4151303   -2860.2597713   -544.8466539
-851.5988318   -2848.3145237   -540.8489704
-853.7473408   -2843.4183598   -540.6443477
-854.1415659   -2851.9976139   -542.7078009
-855.2527157   -2856.5738201   -544.6418524
-857.0617167   -2839.9767876   -540.8164859
-855.6990353   -2860.7342243   -547.8289723
-857.2368351   -2848.1328487   -542.8606868
-858.451697   -2843.5459137   -542.2014594
-859.9667279   -2835.296154   -540.1296616
-859.6750227   -2852.6909351   -545.0850129
-859.7128121   -2856.3122749   -546.667397
-862.2638909   -2840.2395248   -542.319119
-862.0050875   -2846.1556435   -543.9203978
-862.7853123   -2852.9162407   -546.44835
-863.7549607   -2850.0883579   -545.697093
-864.3507687   -2854.3908596   -547.8551984
-864.2492024   -2830.8782578   -539.6621227
-865.5183045   -2834.7895145   -541.5026546
-867.4171893   -2829.4196129   -539.9339795
-867.7762476   -2841.5410519   -544.3416238
-868.0263487   -2846.9467163   -546.0878611
-866.4136855   -2851.0754108   -547.0383763
-869.9379889   -2852.489233   -549.079597
-872.0676628   -2829.406023   -541.1889553
-871.2844578   -2837.3463154   -544.0492034
-869.4722382   -2849.3869305   -547.5100875
-870.8765236   -2841.5110111   -545.3419089
-873.02241   -2846.6162682   -547.6165414
-872.8471724   -2843.4453011   -546.5201139
-873.7891642   -2840.6233788   -545.8697677
-878.1163422   -2833.2800865   -544.3546772
-877.3882119   -2838.1710052   -546.0192561
-877.1093813   -2825.0164986   -540.2548909
-878.3163754   -2828.6056519   -542.3136353
-876.4855591   -2842.7858353   -547.4661589
-880.8307377   -2843.0726528   -548.6931205
-880.1833121   -2823.0965137   -539.7833586
-881.4578978   -2825.8225918   -541.5356159
-881.8150488   -2835.8252048   -546.3097692
-882.9246489   -2829.703331   -543.8241959
-883.9130131   -2822.7653503   -540.2169228
-885.1515976   -2839.076519   -548.3294129
-888.0084483   -2824.8438835   -542.0601964
-885.1474253   -2834.1872692   -546.3596582
-890.0426356   -2829.9150467   -545.2613235
-889.6025149   -2826.0288239   -543.0057645
-890.4651133   -2821.886301   -540.5361056
-890.7729117   -2835.6182575   -548.1776595
-891.8083636   -2832.6599598   -546.9965935
-892.5255267   -2823.9400387   -542.1329141
-894.9202029   -2825.6080151   -543.5239077
-896.8707053   -2830.5020332   -546.7377901
-894.8341338   -2821.8696117   -541.0331488
-896.1990801   -2834.0761662   -548.5073328
-899.9011246   -2827.1660805   -545.1487303
-897.9824511   -2819.5991516   -539.7354364
-898.7166611   -2824.47505   -543.2321429
-900.0603882   -2833.7826729   -549.0575433
-900.4931179   -2820.8780289   -540.8683419
-901.9138543   -2823.5442638   -542.9224372
-904.7631947   -2828.8447857   -546.8373299
-904.5899836   -2820.7259178   -541.0466194
-906.0772387   -2823.9965439   -543.6092019
-908.6155621   -2820.6090927   -541.1682129
-911.0920159   -2830.1827908   -548.5570431
-912.9788605   -2827.6307583   -546.941638
-912.6548497   -2821.611166   -542.1656966
-919.0295664   -2829.3340206   -548.9171743
-917.6883427   -2823.3706951   -543.9095497
-914.80014   -2819.3364143   -540.3447151
-923.2849804   -2818.4812069   -539.8672223
-921.7408625   -2823.9243031   -544.6268916
-926.7732827   -2825.9689808   -546.6167927
-927.4013964   -2828.3967972   -548.8524437
-927.4936644   -2821.7511177   -542.9006219
-931.1700789   -2818.5317516   -540.1600599
-930.8540551   -2828.3810616   -549.020648
-934.1635434   -2824.2199421   -545.3310013
-935.9416691   -2821.003437   -542.516768
-937.8186194   -2824.9475956   -546.2913513
-942.6221577   -2822.0603466   -544.0987349
-941.8443171   -2826.2109756   -548.1184125
-942.0319525   -2767.2812939   -545.0579524
-944.5091216   -2768.6817646   -549.2548943
-947.746369   -2816.8568611   -539.8157239
-945.1356856   -2767.4510479   -541.4993763
-945.3152148   -2824.8074055   -547.2871661
-946.3838068   -2768.5244083   -545.0395942
-949.4371144   -2822.7734566   -545.9579825
-950.6139485   -2770.0135708   -547.5971103
-947.6830689   -2825.8283138   -549.0007997
-949.6268956   -2768.737793   -541.8186188
-954.6062676   -2818.8800812   -542.9890752
-955.5723397   -2769.9899673   -541.5022969
-957.1283785   -2771.6257572   -549.1349101
-959.444019   -2815.7198429   -540.9499407
-959.7342936   -2819.1633224   -545.2161431
-960.4229657   -2771.2829113   -541.4492488
-961.1793486   -2772.0396519   -545.2369452
-963.5727135   -2820.3434944   -548.7866402
-963.8328282   -2816.9078827   -544.3042517
-964.1620842   -2813.5118484   -540.2809978
-964.8954598   -2772.6900578   -539.4963026
-963.2690874   -2772.4339962   -544.0554619
-965.7697407   -2773.5171318   -547.0625758
-968.0254189   -2774.1155624   -544.9144244
-967.4874274   -2817.6538944   -547.4935174
-968.3736292   -2814.4600391   -543.7334776
-967.4912421   -2811.9914532   -540.1919484
-969.1204754   -2774.6858597   -541.0647392
-971.3281123   -2775.5818367   -548.3950377
-970.5769745   -2775.2966881   -544.5531607
-972.2143141   -2815.9492016   -548.574388
-970.329496   -2811.6772175   -541.5204763
-972.6540772   -2812.7946854   -544.5833206
-972.3558155   -2776.3781548   -542.0555472
-973.7170664   -2809.5850945   -541.4586067
-974.494907   -2777.1317959   -545.9831357
-973.7173048   -2777.7264118   -539.5211577
-975.5285708   -2813.1718636   -547.4413037
-975.241038   -2778.3396244   -541.9687629
-976.1330811   -2810.4362488   -544.5126891
-977.9442278   -2807.1546555   -542.3982739
-976.6993252   -2778.0444622   -549.2962003
-977.6231972   -2779.8843384   -543.5867906
-977.620813   -2778.9924145   -547.257185
-978.2215086   -2804.5880795   -540.0875211
-979.3151347   -2811.5420341   -548.8429666
-980.5179564   -2807.6512814   -545.2261567
-980.0679413   -2802.270174   -540.1161909
-980.1916806   -2781.4130783   -546.5971231
-980.2491394   -2783.1766605   -542.3366427
-981.736633   -2803.5678864   -542.5814986
-981.9539515   -2809.0131283   -548.3473539
-981.5000025   -2807.945013   -546.4372635
-982.2077481   -2787.8022194   -540.238142
-982.6085297   -2800.9142876   -541.8822765
-982.7177254   -2785.2964401   -544.0709591
-983.9871851   -2784.1923237   -549.3917465
-982.651445   -2804.9740791   -544.8355675
-983.0479351   -2796.2143421   -540.4375196
-984.0758768   -2806.6887856   -548.0874181
-983.1235138   -2798.8290787   -541.4885283
-983.0879895   -2789.3717289   -540.8681631
-984.1499058   -2791.7335033   -541.7811871
-983.8192192   -2801.9230366   -543.8935757
-984.4510285   -2803.8721085   -546.0283756
-984.0186564   -2786.6699696   -545.1130867
-985.1262299   -2796.1652279   -543.4780717
-984.7330777   -2799.9167442   -544.0664887
-983.8958708   -2788.8195515   -542.6576734
-984.3486277   -2790.4052734   -542.6906347
-985.1237265   -2789.2978191   -544.8638201
-986.0948054   -2801.2666702   -546.5295911
-985.5502573   -2791.2549973   -544.3170071
-986.5168063   -2797.7917194   -545.7642674
-986.9304625   -2789.3502712   -548.3915806
-986.4449231   -2792.955637   -545.555234
-986.6318432   -2804.8117161   -549.4350195
-987.2148959   -2791.4469242   -547.3387241
-987.8912894   -2795.3464985   -547.7845669
-988.6061875   -2798.6021042   -549.2088795
-988.3577553   -2800.9660244   -549.41082
