-219.3805305   -2791.6157246   -549.2532253
-220.6774084   -2786.1626148   -548.0866432
-222.7013437   -2803.2352924   -545.5768704
-223.1939761   -2809.6618652   -546.2543964
-222.5377289   -2773.910284   -548.5424995
-223.1668559   -2780.810833   -545.6966162
-222.0785347   -2793.9314842   -545.5341339
-223.4042016   -2797.8124619   -544.0258384
-222.1104828   -2789.8299694   -545.6314087
-223.877999   -2816.3669109   -547.3481417
-224.0833966   -2786.2205505   -543.4565544
-224.7476903   -2791.2418842   -542.1386957
-224.2567269   -2794.6510315   -542.7609086
-225.3628699   -2820.946455   -547.2698808
-225.1251665   -2823.7934113   -548.8294959
-226.1476246   -2776.1001587   -542.8586602
-226.6604034   -2806.2679768   -541.4645076
-225.8750526   -2800.9643555   -541.4332151
-227.4275748   -2781.7680836   -539.9172306
-227.8622714   -2813.0540848   -541.7916775
-227.0105807   -2795.6113815   -539.5188332
-228.2476751   -2819.5197582   -543.4877276
-227.8803913   -2829.9963474   -549.2326617
-226.6698805   -2826.2543678   -548.3398438
-226.9092528   -2787.5561714   -539.681077
-227.4496285   -2823.6415386   -546.1143851
-229.1946737   -2826.9915581   -545.9660292
-230.4892866   -2824.1910934   -543.1408286
-231.015834   -2816.9977665   -539.6637321
-230.9297649   -2833.1599236   -548.160255
-231.2994329   -2830.217123   -545.7351804
-232.4605314   -2821.1774826   -539.8150086
-231.7449776   -2827.4800777   -543.5624123
-234.2872945   -2826.1384964   -540.3342843
-234.621915   -2833.7771893   -544.8753238
-233.758959   -2829.7052383   -542.9317951
-238.2210819   -2839.4367695   -545.8287001
-237.095627   -2830.7528496   -540.4118299
-239.1878096   -2835.2255821   -541.5688753
-239.5844189   -2843.2068825   -547.950983
-242.0124141   -2846.7710018   -549.3403077
-244.1664664   -2839.3075466   -540.2628779
-242.1849696   -2842.9701328   -545.306921
-247.3084656   -2845.815897   -543.5858369
-247.4338738   -2850.7292271   -548.8927364
-253.1918017   -2851.0878086   -544.4098115
-257.1736304   -2856.1010361   -547.8352308
-256.4594475   -2849.9772549   -540.4469371
-259.2631308   -2853.0802727   -542.0770645
-264.3581358   -2857.7582836   -544.9968576
-269.4751946   -2857.3701382   -540.6319499
-270.0901953   -2860.3646755   -545.7703471
-273.7456886   -2859.7517014   -541.9979095
-276.7787901   -2862.7693653   -546.723485
-278.5421935   -2860.448122   -540.2929187
-280.7195512   -2864.7019863   -549.3941307
-281.0522643   -2862.9441261   -544.6798801
-284.5200626   -2862.5969887   -541.8926477
-286.4377824   -2864.9630547   -547.2934246
-289.6360485   -2864.048481   -543.172121
-292.0661298   -2865.5283451   -546.3647842
-294.814798   -2864.6731377   -542.7353978
-296.4299647   -2866.9612408   -548.8660336
-301.9467322   -2866.0311699   -543.7332392
-306.3369123   -2868.2665825   -548.7399697
-306.0852019   -2865.613699   -540.6823754
-310.3255955   -2867.3505783   -544.351995
-309.7367612   -2866.2540913   -541.1093235
-313.1171791   -2868.2923317   -546.1585522
-313.5510413   -2866.7871952   -541.2762761
-316.3163391   -2868.5853481   -545.9186435
-319.7780577   -2868.0372238   -542.6968336
-319.0515963   -2869.7721958   -548.7433672
-321.5090958   -2869.2717552   -546.1316109
-322.52762   -2867.6350117   -540.1662588
-324.3218986   -2869.0276146   -544.225812
-327.4291483   -2870.0008392   -546.6936231
-325.5502907   -2868.2911396   -541.1346555
-327.7390329   -2869.1492081   -543.3313847
-329.575452   -2868.5295582   -540.4954553
-330.9625713   -2869.617939   -544.1439748
-332.7722279   -2870.5561161   -548.1255651
-333.9172927   -2869.1396713   -541.6871309
-335.3749243   -2870.1090813   -545.7578301
-336.2551061   -2870.6057072   -548.9858985
-338.0255429   -2869.5254326   -543.468833
-340.2145234   -2870.1770306   -548.3336449
-341.353747   -2868.5202599   -539.7201777
-342.7589265   -2869.2779541   -543.8665748
-344.260904   -2869.5824146   -546.634376
-345.0650302   -2868.5171604   -540.8600569
-347.5800482   -2868.8213825   -544.27737
-352.2337405   -2868.5884476   -547.7416515
-353.598508   -2867.5813675   -541.8571234
-357.5112549   -2867.5107956   -546.2034345
-359.8994342   -2866.5597439   -541.6511893
-363.3511392   -2866.4085865   -546.3885665
-364.9841277   -2865.6132221   -541.5219665
-369.8498932   -2865.0419712   -544.3984866
-374.6072379   -2863.9686108   -548.9878654
-374.5292751   -2863.732338   -540.7325625
-374.114844   -2864.1631603   -544.6716547
-377.3655025   -2863.4729385   -544.5856452
-379.4962493   -2862.7431393   -541.0109758
-379.649016   -2862.9333973   -547.7870703
-381.5321056   -2862.5607491   -544.3774462
-383.8224141   -2861.8085384   -541.0914421
-382.8578917   -2862.2639179   -547.0057726
-385.8201829   -2861.6073132   -544.8128581
-385.3809563   -2861.594677   -548.4887958
-387.6467673   -2860.9616756   -541.3330197
-389.4319264   -2860.7149124   -547.7861166
-390.2278272   -2860.5926037   -543.8382626
-392.6636902   -2860.0709438   -546.2089181
-393.9121691   -2859.7166538   -543.4626937
-396.0188953   -2858.840704   -540.9504175
-396.3814107   -2859.2584133   -545.122683
-397.9081241   -2858.7813377   -549.2534041
-399.6456591   -2858.4792614   -546.5041995
-399.8449174   -2858.0994606   -542.1698689
-403.6532966   -2857.5432301   -545.4502702
-403.5282461   -2856.9118977   -541.1545038
-406.6727487   -2856.7624092   -544.8919535
-406.8661658   -2855.7078838   -540.2118564
-409.4040123   -2856.5268517   -549.3609905
-410.4891745   -2855.8049202   -544.6433425
-410.2436034   -2855.0462723   -541.1130786
-414.311382   -2855.3597927   -547.8668809
-413.9139382   -2854.6173573   -542.8655148
-418.6905352   -2852.5669575   -540.9488082
-417.3435894   -2853.8942337   -543.50245
-421.4685885   -2852.3964882   -542.355001
-422.5287167   -2852.948904   -544.9295044
-425.3220288   -2852.9803753   -548.3930707
-425.5227772   -2850.2085209   -540.0056243
-427.3693291   -2851.5701294   -544.5770025
-429.9897877   -2851.7415524   -547.8807092
-429.3666808   -2849.4312763   -540.614903
-431.6321341   -2849.881649   -543.0685878
-433.2103459   -2848.2446671   -540.5076742
-432.5059382   -2850.815773   -546.7557907
-435.3656498   -2848.9971161   -543.5343981
-436.7291657   -2849.6887684   -546.846807
-437.6536337   -2846.9283581   -540.5179262
-440.8024279   -2848.9575386   -548.6444831
-439.7129742   -2848.0527401   -544.382453
-441.0680262   -2846.4467525   -541.6616201
-444.7263209   -2847.0840454   -545.7470417
-444.5438115   -2845.9191322   -542.6543951
-451.282355   -2844.265461   -543.0186391
-451.3512579   -2846.2016582   -549.025178
-452.8428046   -2842.7398205   -540.7069921
-457.1879832   -2844.192028   -546.969831
-457.8017918   -2842.8502083   -543.0250168
-461.0012499   -2840.8203125   -539.6475792
-462.0494572   -2842.6442146   -544.8998213
-465.4792277   -2841.0236835   -541.9094563
-468.7678543   -2841.6142464   -547.201395
-469.5232836   -2839.84828   -540.8658981
-475.3296105   -2838.8991356   -541.9793129
-475.6402699   -2839.9114609   -547.3066568
-484.447333   -2837.9192352   -545.1605916
-482.1892706   -2838.7482166   -549.382925
-486.3979546   -2837.2757435   -542.1520472
-487.7238003   -2837.9635811   -548.1587052
-489.3502919   -2836.8599415   -540.8601165
-492.4783436   -2837.1291161   -544.0785885
-493.4183089   -2837.6810551   -548.386693
-492.7755324   -2836.6937637   -540.9281254
-495.422217   -2837.066412   -544.1646576
-497.932407   -2837.5685215   -547.9889512
-498.9068238   -2836.9853497   -542.645216
-502.1341769   -2837.539196   -546.6691256
-503.4980503   -2836.8346691   -541.1714911
-505.2107302   -2838.1147385   -548.9538908
-505.8209626   -2837.5623226   -545.2005267
-506.7065684   -2836.8701935   -540.8423543
-508.7415902   -2838.1991386   -547.7489233
-509.5767704   -2837.5141621   -543.9586043
-511.1111132   -2837.0428085   -540.3024554
-512.2208325   -2838.1342888   -546.0168719
-512.8335682   -2837.6941681   -543.566823
-515.1592223   -2837.4509811   -541.0302281
-515.6427351   -2838.5183811   -546.0972786
-519.7474686   -2838.640213   -544.4293618
-520.5327002   -2839.8942947   -549.0705371
-525.3644911   -2837.6708031   -539.8706794
-525.7595507   -2839.7884369   -546.7869639
-531.4272372   -2838.3922577   -542.9906845
-531.8265883   -2840.2268887   -547.9294658
-537.4929634   -2837.495327   -542.9725051
-542.8479639   -2834.8350525   -541.3162708
-545.9735123   -2837.1272087   -546.3213325
-547.9268757   -2833.0469131   -542.1822071
-548.5698906   -2829.8547268   -539.6083593
-552.3702828   -2833.9781761   -546.2650657
-553.1804291   -2830.1131725   -543.487668
-555.5525748   -2823.8201141   -542.0909524
-556.8244187   -2830.2695751   -546.5632081
-555.6810824   -2819.5631504   -540.6796336
-557.633969   -2827.4514675   -545.6887484
-557.3048321   -2815.9282207   -541.0730243
-559.3450991   -2820.0809956   -544.8225141
-560.8911244   -2821.975708   -546.8922853
-560.1291386   -2829.7214508   -548.6476421
-561.0943762   -2809.5908165   -543.6082482
-561.0216586   -2815.4919147   -545.4614162
-561.4981381   -2825.155735   -548.2885242
-561.7482392   -2795.8865166   -539.7173166
-562.1003834   -2802.2239208   -542.3603654
-565.8277003   -2804.5220375   -548.0015874
-565.2372567   -2792.006731   -543.5113311
-565.8086268   -2785.0718498   -542.6613688
-564.1728369   -2797.9469299   -543.7521338
-564.9977652   -2801.479578   -546.0811853
-566.3571087   -2778.8841724   -542.3837304
-566.9716326   -2772.9241848   -542.5992608
-566.0795895   -2797.3387241   -546.3796854
-568.3648316   -2787.3084545   -547.0895767
-568.0824248   -2792.0196056   -547.6977825
-568.7201945   -2781.4936638   -546.551466
-569.2424504   -2776.1535645   -546.5230942
-569.4554774   -2771.1079121   -546.3429689
-571.193072   -2773.8900185   -549.2776632
-571.0711209   -2769.6738243   -548.7598777
-378.6039678   -2622.7319241   -548.1922626
-372.6224629   -2625.3116131   -546.7919707
-383.3567826   -2621.9193935   -546.079576
-379.7778217   -2623.3434677   -544.3211794
-376.619908   -2624.3438721   -544.4049835
-387.5576583   -2620.5842495   -547.2570658
-387.9653541   -2621.5405464   -543.5267687
-382.6408116   -2623.4090328   -541.3485765
-391.9462291   -2619.7621822   -545.9281206
-390.4295889   -2621.9973564   -539.8609042
-393.4220997   -2620.6758022   -541.6505337
-394.9027387   -2617.6412106   -548.7620234
-397.4901167   -2618.3855534   -544.2340374
-399.1628019   -2616.1541939   -547.8711128
-402.0660249   -2617.6609993   -541.0590768
-402.249488   -2615.9923077   -544.9188352
-403.393778   -2613.4164333   -549.2007136
-405.0158588   -2615.8246994   -542.2286987
-406.1665861   -2614.1293049   -544.7648764
-408.1765739   -2611.9365692   -546.959579
-408.3456723   -2614.4623756   -541.3703322
-409.517738   -2612.7266884   -543.8027978
-410.4610411   -2609.5597744   -548.6619473
-412.0560614   -2610.6159687   -545.1033115
-412.6534192   -2612.2918129   -540.8188105
-414.0548436   -2608.0231667   -547.3165512
-416.9569937   -2608.8466644   -542.7353382
-418.1080786   -2605.6358814   -546.6740131
-424.4190184   -2600.7916927   -548.001647
-422.4382368   -2605.682373   -543.0657864
-427.5558916   -2603.5881042   -543.3602929
-428.6932675   -2598.2279778   -548.9141345
-430.5723635   -2600.8131504   -546.0409522
-434.0314595   -2603.8842201   -541.2380099
-432.4558703   -2597.3918438   -549.1493344
-436.2479178   -2600.102663   -546.6583371
-439.997646   -2602.0088196   -544.4502831
-441.8791262   -2604.20084   -540.4114127
-442.0907227   -2599.3402004   -548.2479334
-446.596357   -2602.2047997   -545.6243157
-446.9116656   -2604.9537659   -540.4167175
-450.3739802   -2604.8803329   -542.3260927
-453.0322281   -2603.4462452   -546.4084744
-454.8620907   -2606.6014767   -541.4361358
-458.8036267   -2605.9482098   -545.9595919
-459.9340884   -2608.9453697   -540.8532023
-463.7925354   -2608.5524559   -545.3059077
-464.4949166   -2611.623764   -540.189743
-467.4561945   -2608.4418297   -549.4268537
-468.4108225   -2611.5615368   -544.6823835
-472.7955786   -2615.478754   -543.4184074
-476.5209881   -2620.2232838   -541.1548018
-477.2221772   -2616.7976856   -547.5974083
-479.9793688   -2621.434927   -544.7683334
-483.4323851   -2625.2691746   -545.3426242
-227.6549665   -2757.2891712   -549.1420031
-228.3580629   -2762.6438141   -544.8531508
-224.4691578   -2767.2119141   -548.312366
-230.4063765   -2751.4955997   -549.0430593
-231.5326063   -2756.1085224   -543.9697504
-230.1952568   -2765.2692795   -541.0946012
-227.5830833   -2769.5968151   -542.9458618
-234.044942   -2746.0618019   -547.7129221
-234.5795957   -2750.164032   -543.4619784
-237.4031869   -2741.7719364   -546.2168455
-236.9017331   -2745.6543446   -543.3968306
-238.6027304   -2737.537384   -548.8638282
-239.4053069   -2742.8264618   -541.9318676
-241.5157882   -2737.7684116   -543.4576869
-241.9794527   -2732.6524258   -548.6371517
-245.8890406   -2731.6803932   -542.8689718
-246.102604   -2727.2109985   -548.2510328
-250.501546   -2725.4400253   -542.5439477
-249.815139   -2722.0823765   -548.7417579
-254.0909377   -2719.4731236   -544.4945693
-254.8677651   -2721.84062   -539.7863388
-257.94861   -2714.2174244   -545.7935333
-258.6330501   -2717.110157   -539.8392081
-262.2876493   -2709.3274593   -546.3818908
-261.4150969   -2712.4845982   -542.0066714
-265.8550469   -2708.5955143   -540.2661562
-266.8864457   -2704.791069   -546.2229252
-270.753297   -2703.1750679   -540.858984
-271.6692416   -2700.1111507   -546.3865399
-275.3221718   -2698.1990337   -541.7529345
-276.1716572   -2695.7924366   -546.479702
-280.0644962   -2693.0081844   -543.189764
-281.368765   -2690.3445721   -548.0396152
-282.6616494   -2689.9290085   -545.0566411
-284.2228142   -2690.1330948   -539.706409
-286.3595215   -2685.1053238   -549.4421124
-285.7189504   -2687.135458   -544.0930724
-291.3070647   -2681.2582016   -545.2735424
-289.9447409   -2683.9215755   -540.8523679
-294.3078009   -2679.6300411   -540.576756
-293.4665409   -2679.2359352   -544.7162986
-297.0112292   -2677.2787571   -539.6543145
-297.0733372   -2675.3389835   -545.8670855
-299.4151441   -2672.1389294   -549.3944287
-301.6007868   -2672.4472046   -540.5909419
-301.8566696   -2670.7246304   -545.6329584
-305.9340445   -2668.2069302   -541.023612
-306.8284718   -2666.0356522   -545.3680158
-310.7652394   -2663.9020443   -541.0097837
-310.8539907   -2662.078619   -546.3431478
-316.1908118   -2658.9646339   -542.5971746
-316.7028753   -2657.3193073   -546.2105274
-319.7985617   -2655.9772491   -543.4839129
-321.1608259   -2653.036356   -549.335897
-323.7498728   -2652.7059078   -545.1893806
-325.3271905   -2653.2123089   -540.553689
-326.3200847   -2650.1097679   -548.2435822
-327.0480958   -2651.1158943   -543.7343121
-329.6460239   -2650.3229141   -541.0098433
-331.6144077   -2647.7029324   -545.8703041
-334.7164122   -2647.1683979   -541.5650606
-336.3956539   -2645.3168392   -544.8395014
-338.1746141   -2645.036459   -541.9941545
-340.0613395   -2643.3520317   -544.4478393
-343.0617777   -2641.0751343   -547.375679
-340.6276432   -2644.0162659   -540.4713154
-344.6405856   -2641.6444778   -540.737927
-347.846481   -2638.8478279   -545.6069708
-350.3273455   -2638.5400295   -540.2366519
-350.4916159   -2636.7101669   -548.8280058
-352.0901529   -2636.575222   -544.5824862
-353.8166014   -2635.0846291   -547.9164124
-356.6243378   -2633.9221001   -544.7911024
-357.5983373   -2634.4487667   -539.8873687
-360.7451645   -2631.0591698   -547.9216576
-360.8855931   -2631.7706108   -543.3573723
-361.2709371   -2632.3077679   -539.8126245
-365.5147282   -2628.5948753   -547.0871329
-364.0555469   -2630.4469109   -541.6792631
-368.6917154   -2628.4120083   -541.0058498
-374.0855781   -2626.0237694   -541.4294004
-378.1991927   -2624.6318817   -541.2966013
-484.2287032   -2630.7008266   -540.2395129
-486.9847027   -2629.981041   -546.189487
-487.2972695   -2635.2548599   -541.5548086
-489.9453846   -2634.8645687   -547.3555326
-490.3604714   -2640.4054165   -543.4135795
-491.2512032   -2645.5004215   -539.978385
-493.3789698   -2640.9492493   -549.448967
-493.042442   -2644.9875832   -544.7174907
-494.4256274   -2649.5907307   -542.3596501
-496.2988821   -2648.2520103   -548.1911302
-497.6298539   -2653.6855698   -544.5358157
-499.4432656   -2658.3807468   -541.3384438
-499.4185892   -2653.2514095   -549.0406752
-500.9833304   -2657.7451229   -546.7765331
-502.8801886   -2662.4190807   -543.4535742
-504.5059649   -2661.9656086   -548.8721728
-505.0720898   -2667.0978069   -539.5923853
-506.1737029   -2666.5115356   -545.3935862
-507.9121319   -2670.1872349   -542.8463817
-509.4015328   -2670.4952717   -546.9962358
-511.0968081   -2674.1549969   -543.1364179
-512.6909939   -2674.372673   -548.1700301
-514.1319958   -2678.6165237   -540.8009291
-514.100763   -2677.4659157   -545.2734828
-515.8918826   -2678.249836   -549.0902066
-517.1125857   -2681.622982   -545.0228453
-517.4785582   -2682.7991009   -539.8843884
-520.0624195   -2685.9526634   -542.8513885
-520.1080767   -2685.2328777   -547.0477939
-522.6622549   -2688.9464855   -546.1437702
-523.3436552   -2690.3610229   -540.7508016
-525.8495537   -2693.3963299   -545.3621149
-527.3198811   -2695.7781315   -540.5429006
-528.2557932   -2695.194006   -549.3553281
-529.4042555   -2698.1232166   -545.4330444
-531.7282406   -2701.6541958   -540.6712294
-531.0370652   -2698.8828182   -549.3946671
-533.2467286   -2703.0978203   -546.982348
-535.4677168   -2706.9451809   -543.0957079
-537.1670452   -2708.548069   -547.416985
-538.3110968   -2710.6530666   -541.6097045
-537.5370709   -2709.7508907   -544.2797542
-539.6334855   -2712.30793   -545.106709
-540.8190218   -2712.5694752   -549.1553545
-541.5494172   -2715.7866955   -541.6833162
-542.6255194   -2716.3908482   -546.4636087
-544.7755782   -2721.3127613   -543.9815521
-545.8570448   -2719.820261   -548.6157537
-547.6362435   -2724.0035534   -546.459794
-550.5863158   -2727.9927731   -546.6912985
-551.6092507   -2732.0449352   -542.5916314
-552.4800745   -2734.9061966   -539.9018526
-553.9002148   -2732.2258949   -547.1024513
-555.0834862   -2737.1401787   -542.8470373
-556.6327301   -2735.0482941   -548.0188727
-558.8595597   -2738.9461994   -547.1355915
-559.0629307   -2742.6459789   -543.2316065
-560.6077639   -2746.7486858   -541.2691832
-560.7577292   -2741.9240475   -546.6760397
-562.6477925   -2745.3129292   -546.0633039
-563.0421368   -2749.3271828   -543.3495641
-565.682861   -2754.247427   -543.9008474
-565.3729168   -2749.6113777   -546.487093
-565.5505387   -2759.2144012   -541.195035
-566.6949479   -2763.4401321   -542.1707034
-565.1962487   -2768.3107853   -539.6490097
-568.8563315   -2752.571106   -549.1967797
-567.6381318   -2759.2711449   -544.6338654
-570.2115027   -2758.780241   -548.5929251
-569.178435   -2763.5412216   -545.9779501
-567.9907528   -2767.7569389   -543.8970327
-569.9277846   -2767.2185898   -546.980083
