791.3166853   -2022.544384   -280.9340954
791.7258712   -2022.362709   -284.2833698
791.5405305   -2021.822691   -272.4728882
791.5184768   -2023.4925747   -269.6475089
792.0505228   -2023.2601166   -266.3739026
793.3655056   -2018.9480782   -264.6282017
791.685802   -2020.0009346   -278.6785662
791.1533388   -2022.72439   -276.199609
934.7298714   -2016.1099434   -253.0095875
934.5875057   -2017.3683167   -257.8471005
934.5779987   -2015.3267384   -248.9667535
934.1052743   -2018.9778805   -262.499392
933.3900782   -2017.1482563   -246.0937947
933.3893331   -2015.5813694   -242.5932586
933.1560703   -2020.3354359   -254.7101676
933.2639547   -2018.9111233   -250.1862943
932.9020353   -2021.6503143   -259.3918443
932.2159561   -2016.4108276   -239.0149683
931.9886836   -2019.0134048   -242.8923547
931.8271848   -2021.1560726   -246.9897717
931.6356751   -2023.0953693   -251.5420616
931.4967366   -2024.5268345   -256.4685941
930.2695962   -2017.914772   -234.4041169
930.4628643   -2020.6217766   -239.3458486
930.4003092   -2022.9148865   -243.5234934
928.5105141   -2018.0933475   -229.4044346
928.8943382   -2024.6138573   -240.2852327
928.7020537   -2022.6101875   -236.1792922
928.0388924   -2021.3081837   -232.1514338
927.308199   -2017.7953243   -225.945279
926.8146726   -2024.9974728   -233.5432917
925.6564649   -2022.7584839   -227.4077535
925.758061   -2018.2030201   -222.7731943
923.9790412   -2017.8599358   -218.8548148
923.6817332   -2021.5568542   -221.4991152
922.3453077   -2020.5903053   -217.9554403
922.3002466   -2018.0487633   -215.9618139
921.2181541   -2024.502039   -218.8934237
921.0442575   -2016.587019   -212.9376978
920.3814837   -2020.8854675   -214.7081494
919.0365645   -2018.7587738   -211.3579959
917.7122089   -2022.1407413   -211.3741338
916.1444875   -2018.8727379   -207.6095045
914.7643717   -2022.6964951   -207.7181786
913.5441753   -2018.9301968   -204.831183
912.0154949   -2022.3693848   -204.5389563
910.7681485   -2019.2975998   -202.3648024
909.3446108   -2015.8877373   -200.1457661
908.9354845   -2023.9064693   -202.0569444
908.1518026   -2019.4823742   -200.2956867
906.3320132   -2016.7162418   -198.4225661
905.1330956   -2021.5144157   -198.6981779
903.6091241   -2017.4822807   -197.0671862
902.0537408   -2025.0821114   -197.3737925
899.7390243   -2020.1656818   -195.7287043
898.9506038   -2023.3998299   -195.7444698
897.4675807   -2016.7212486   -194.557339
896.7714282   -2025.1660347   -195.0065792
896.0877331   -2021.2519169   -194.6139187
893.7734338   -2017.7841187   -193.8330531
893.9894708   -2024.4116783   -194.1637695
892.9730328   -2020.9641457   -193.8754618
890.7154473   -2023.0004787   -193.5301721
890.1019367   -2018.4259415   -193.3885962
888.001767   -2025.2473354   -193.1498647
887.3392316   -2021.1291313   -193.2364404
885.7470723   -2016.8128014   -193.1512356
883.8799568   -2024.1470337   -193.038255
884.2592212   -2020.0974941   -193.2099015
881.2328251   -2017.437458   -193.4085488
881.818411   -2021.9340324   -193.2406723
878.166792   -2020.2982426   -193.6556399
877.4430724   -2016.6881084   -193.8635111
874.6926161   -2022.5174427   -193.9669549
874.5181831   -2018.1877613   -194.3273097
871.1349937   -2015.7008171   -195.1386333
870.7826408   -2024.497509   -194.4360882
870.8013269   -2019.9410915   -194.9813217
867.2066005   -2017.2202587   -196.118921
866.370705   -2021.9633579   -195.8667338
863.7687238   -2018.6126232   -197.0400512
861.8138107   -2021.559   -197.2750872
860.1419302   -2018.2654858   -198.3094215
859.1726991   -2024.3647099   -197.5808889
858.4152433   -2021.3913918   -198.4426975
855.3721877   -2019.4621086   -199.9082863
855.5367561   -2023.9412785   -198.9399642
851.2771698   -2019.1016197   -201.6905546
850.3642949   -2024.5850086   -200.8163929
849.2757352   -2016.0903931   -203.1298429
847.6741584   -2020.8599567   -202.9910237
845.8764824   -2025.1066685   -202.7338296
844.9363681   -2018.2805061   -204.8778087
844.178644   -2022.797823   -204.2491585
841.5600034   -2015.3748989   -207.3043436
840.4776873   -2022.2582817   -206.5336257
836.5516933   -2018.3339119   -209.8959833
835.6394442   -2025.257349   -208.8363469
832.3628428   -2021.998167   -211.8125558
833.0500694   -2017.5149441   -212.3782039
829.8263224   -2018.4674263   -214.3934369
827.88637   -2023.8912106   -214.5541459
826.0031762   -2019.3104744   -216.9630229
824.8666348   -2022.7947235   -216.9406116
823.4838667   -2015.7556534   -219.5564955
821.9547244   -2021.1968422   -219.3449438
819.672999   -2016.9510841   -221.9990641
818.0794539   -2020.8220482   -222.158432
816.1183419   -2017.7981853   -224.4542837
814.8253234   -2022.3510265   -224.1851836
812.1984871   -2019.5250511   -227.2101939
811.9557919   -2023.9186287   -226.0218859
809.8077299   -2023.6804485   -228.0087173
807.6061728   -2021.3224888   -231.010139
807.6273771   -2015.556097   -233.5449606
804.5282336   -2019.9437141   -235.4620844
805.0037148   -2015.6188011   -237.0265275
803.895426   -2024.0385532   -234.3516052
803.2643171   -2015.4528618   -239.961639
802.3261102   -2019.1876888   -239.2786443
801.252571   -2024.2786407   -238.1660938
800.8453669   -2017.5483227   -243.2660162
799.2268922   -2022.6840973   -243.0738956
796.9197901   -2021.9564438   -248.9468008
797.0472547   -2018.1720257   -251.9007027
796.5231957   -2016.0293579   -255.4490566
795.0503203   -2023.550272   -253.3428371
794.9322733   -2020.8816528   -256.2944293
794.7424325   -2019.0253258   -258.7539554
793.7442037   -2021.774292   -259.9675655
792.8500595   -2023.0913162   -262.5094652
934.373376   -2015.7103539   -279.7342241
934.4354542   -2017.8165436   -269.8936164
933.533934   -2019.0627575   -275.0158608
932.6226386   -2017.1301365   -286.2421274
932.6075586   -2022.0124722   -271.432966
933.4146353   -2020.5757618   -266.8272853
934.887168   -2017.0099735   -265.6397223
932.5392219   -2020.2143192   -279.1761458
932.3218735   -2019.493103   -282.543689
931.3780638   -2023.6101151   -276.8386006
931.5820905   -2016.6015625   -291.6912436
930.6593808   -2015.3989792   -297.0328927
930.9465858   -2021.130085   -285.8034372
930.5568012   -2019.8800564   -289.8648381
931.7987534   -2024.330616   -267.8984404
931.0519072   -2022.639513   -281.8887234
932.4938925   -2022.8898525   -263.7757361
929.7504397   -2019.0227032   -294.3425179
929.469076   -2024.4355202   -285.6573164
929.5918318   -2022.6221085   -288.7350023
928.8236769   -2016.2885189   -301.674962
928.945479   -2018.392086   -298.2134521
928.7667545   -2022.1772194   -292.4638689
927.9761883   -2021.239996   -296.8973815
928.0779334   -2025.1324177   -289.9321616
927.4308356   -2019.7041035   -301.176101
926.9767078   -2017.8165436   -305.554688
926.7474385   -2024.948597   -295.1215506
926.1794957   -2023.0324268   -300.1415431
925.6307753   -2021.3558674   -304.6605885
924.7527989   -2019.7327137   -310.2279305
924.6864589   -2016.2305832   -315.4622614
924.7039529   -2024.3017673   -303.3826649
923.719612   -2023.7212181   -307.6078594
923.0960878   -2020.3709602   -315.5302405
922.4663647   -2023.6763954   -312.951535
922.5335094   -2018.774271   -319.9383616
921.986756   -2016.7248249   -323.931098
921.1133393   -2023.6940384   -319.1768527
920.3470918   -2016.5736675   -328.9065361
920.5207797   -2021.0943222   -325.104028
919.1195043   -2021.0020542   -330.0488889
918.6649295   -2024.8117447   -328.9867043
918.3191928   -2018.8989639   -333.3796263
917.4283417   -2023.6856937   -333.6367309
917.2024103   -2017.3010826   -336.4929259
916.6526171   -2020.690918   -336.7402852
915.881184   -2024.0857601   -337.418437
915.6827601   -2018.3286667   -339.3304944
915.0552126   -2021.863699   -339.735657
914.4241782   -2016.1225796   -341.9663906
914.2317446   -2019.5493698   -341.6841924
913.2240387   -2022.6171017   -342.7708447
912.5971171   -2018.7745094   -344.3461955
910.8822616   -2022.2330093   -346.1622
910.2014574   -2017.544508   -347.6468027
908.0331596   -2021.0888386   -349.6579528
907.1099135   -2015.8531666   -351.1980772
906.2659415   -2024.559021   -350.9488404
903.5413536   -2020.1327801   -353.9142609
898.7114104   -2018.0370808   -357.7897251
899.5304974   -2021.807909   -356.7073345
897.5103768   -2024.9135494   -357.6567769
896.6286751   -2021.1288929   -358.7471545
893.7674137   -2017.9133415   -360.9946072
893.6486813   -2024.0736008   -360.1141274
889.7318812   -2021.425724   -362.714231
888.0877467   -2016.9138908   -364.3865287
886.1080083   -2021.5144157   -364.5916581
885.0595029   -2015.5749321   -366.2074506
883.6949738   -2018.5501575   -366.3473427
882.2106393   -2023.6802101   -366.0752475
879.5451792   -2019.3791389   -367.9047227
877.1397444   -2024.8639584   -367.7991331
875.4292401   -2020.1499462   -369.0647185
872.9362758   -2022.2806931   -369.2803681
872.8069337   -2017.3923969   -369.7212934
870.0568648   -2024.3496895   -369.3605661
869.3414601   -2019.8254585   -369.8302209
865.5754598   -2023.3881474   -369.3500757
865.5800494   -2017.4410343   -369.6537316
861.5095886   -2020.9627151   -368.9070642
861.4098402   -2016.0815716   -368.8544035
857.9362007   -2019.0749168   -367.7170575
857.675639   -2023.765564   -367.8079247
855.0791415   -2021.6457844   -366.6395843
854.5834991   -2018.0237293   -366.1553562
851.8603417   -2021.4700699   -365.1726246
850.3771099   -2016.2997246   -364.022404
849.0685197   -2025.1722336   -364.3447757
848.1945964   -2020.0054646   -363.4721339
847.0430347   -2017.5852776   -362.8981411
845.1274308   -2025.2528191   -362.8041148
844.4723459   -2019.149065   -362.1713519
843.9904126   -2016.5965557   -361.8476093
843.425748   -2021.0812092   -362.0199561
843.2385894   -2024.0428448   -362.1302843
843.0100354   -2017.6687241   -361.6624475
841.8585929   -2017.6560879   -361.4110649
842.6318439   -2022.3147869   -361.8502915
842.4170884   -2021.1222172   -361.7598712
840.5050906   -2022.6106644   -361.3332808
841.6820141   -2020.8101273   -361.581862
841.9217142   -2021.7392445   -361.6401255
841.1689224   -2021.928072   -361.467272
838.787687   -2017.4202919   -360.8264923
835.7805582   -2025.1073837   -360.4786992
835.3958251   -2020.2608109   -360.2240384
834.988189   -2016.8447495   -360.1446152
832.5072499   -2018.4075832   -359.672755
831.7458155   -2021.9130516   -359.6069217
828.8276764   -2019.100666   -358.6277366
827.5391432   -2022.8276253   -358.4205806
824.1047981   -2019.3972588   -356.7405045
823.4392675   -2024.8680115   -356.8932712
820.1657208   -2022.6421356   -355.017364
820.8154561   -2018.2030201   -354.8915982
819.2722621   -2015.3961182   -353.4790874
818.0206092   -2019.4354057   -353.1960845
816.8209466   -2023.1840611   -352.8525233
816.0479637   -2016.3812637   -351.1460423
815.315363   -2020.8704472   -351.3513505
814.0028986   -2023.463726   -350.6675661
813.3602413   -2019.2034245   -349.0599394
811.7219778   -2017.8985596   -346.7922211
810.9968426   -2021.4066505   -346.888721
809.556854   -2018.6197758   -343.8416123
808.5957887   -2023.5304832   -344.1810012
807.9172941   -2017.4052715   -340.0626481
806.9173517   -2022.0093727   -340.515703
805.7797822   -2021.4061737   -337.3889923
806.3397231   -2017.0998573   -335.3912532
805.019063   -2016.2446499   -329.2980194
805.0726923   -2018.4323788   -332.0468664
804.419023   -2022.9039192   -334.2773318
802.9815527   -2019.2532539   -323.7440586
803.0599775   -2022.2566128   -327.9430568
802.177799   -2017.70401   -318.6989427
801.8088611   -2022.9465961   -323.1274784
801.0873171   -2022.5384235   -319.4335401
801.3355257   -2017.5485611   -315.3353035
800.6730797   -2016.1857605   -311.8059039
799.8445155   -2022.8686333   -314.7766888
799.7736307   -2019.2492008   -311.0549152
799.533722   -2016.3617134   -308.1662655
798.7678619   -2022.2938061   -309.9164963
798.2483628   -2019.8719501   -306.2883914
798.2926341   -2016.4105892   -304.5371175
796.4807721   -2019.3839073   -300.5840778
796.5960773   -2023.468256   -303.057313
796.2169322   -2015.3570175   -298.0622351
794.8977622   -2022.3157406   -296.9114482
795.2484163   -2018.247366   -296.2427735
794.1132905   -2020.2901363   -293.3702469
793.3029803   -2024.8539448   -292.6600277
793.0356833   -2016.5729523   -286.2634659
792.9285588   -2021.5272903   -289.6618247
792.2409447   -2017.7123547   -274.7079432
792.5754907   -2018.6173916   -269.5358098
