-5.6049766   761.6397839   -246.335291
1.7179688   762.6051089   -246.6227944
14.2481985   761.4388026   -245.2472432
7.9099701   762.5534787   -246.4831661
12.9243016   761.7165956   -245.7924917
-2.0358583   762.237867   -246.5194511
-7.2955296   761.2320261   -246.2813762
6.09766   762.6983119   -246.7788589
-4.3397882   761.8970541   -246.4074137
-3.461193   761.7994185   -247.4904996
11.2460485   761.8848883   -246.4373346
-0.6485061   762.1648889   -247.3653671
9.2646012   761.9384656   -247.4199841
0.4747395   761.978274   -248.3356782
3.5519983   762.2750397   -248.0269758
13.1143753   761.2629314   -247.4131984
-5.0208647   761.4637268   -247.7974949
7.2435095   762.083919   -247.9938878
5.3985901   762.2418463   -248.0898118
-2.1587321   761.8617969   -247.9282702
2.0318314   762.0843681   -248.3480463
-6.4973247   761.1265239   -247.9433723
10.871198   761.5317344   -247.7631501
-4.4088418   761.3098285   -249.0381405
8.3438339   761.5164881   -249.1328821
-1.2770086   761.7204032   -248.7752927
11.2215574   761.1705084   -249.086108
-2.9958949   761.4283428   -249.3324089
-0.2322304   761.5782194   -249.5340793
4.5333201   761.883447   -249.093774
6.2972139   761.621728   -249.4971855
9.8850599   761.3884905   -248.8114935
2.9691101   761.7846346   -249.3373279
1.2651352   761.6562111   -249.5215706
12.4794169   761.0391791   -249.5170122
-1.5567658   761.311888   -250.2751316
4.3109821   761.4385343   -250.2561576
0.2569391   761.1817507   -251.000049
2.3388276   761.2999679   -250.6962249
-4.4629822   760.9541203   -250.7755177
-3.0414089   760.9886423   -251.306457
9.4754822   761.0517805   -250.2622039
7.6640259   761.1293831   -250.5604581
5.9727554   761.0878911   -251.0572509
-2.7884825   761.2012893   -194.6950862
-4.6768516   761.0928683   -195.3961575
-0.9333064   760.9527023   -194.774653
-2.5396596   761.6023757   -196.8306761
-0.1846515   761.3724669   -197.1300071
-4.3922993   761.4583508   -197.3439323
-3.5057674   761.8689611   -198.3589867
-1.9009456   762.091681   -198.6558074
-5.2684068   761.0593327   -198.1389369
-0.3210327   762.0964768   -199.1988781
1.2409576   761.4746867   -198.4802824
-5.003184   761.3558846   -199.4175357
-3.5188898   762.2798714   -200.0981908
-1.653874   762.790523   -200.6569419
1.1263548   762.1826363   -200.2980632
2.4240461   761.529884   -199.7057227
3.8814339   761.2295871   -200.3470449
-0.1067894   762.5950993   -200.5079456
-5.3156114   760.9680355   -200.4841654
-0.0319765   763.116923   -202.0356652
-4.517737   762.1301752   -201.4848872
-2.6757175   763.0715784   -201.8122647
2.5267549   761.9615091   -201.1037608
-1.4761394   763.3300798   -202.2049542
1.4101889   762.8650935   -202.6592705
5.249401   761.1824427   -201.8409663
-3.792716   762.8328013   -202.4853191
3.3079721   762.224096   -202.8878465
-2.597448   763.4507606   -203.2375763
-1.2540942   763.6452843   -203.4274322
-5.2642398   761.5366042   -202.8746943
-0.1751699   763.6169059   -203.7634076
-3.9975081   762.9986122   -204.2647653
-1.6796629   764.0425764   -205.2381417
-2.8141181   763.7294956   -204.7131753
0.5345442   763.668557   -204.6782753
1.8654293   763.06911   -203.8561552
6.162634   761.278585   -203.4100636
4.7983895   761.8553386   -203.5765682
-5.3456802   761.233789   -205.2289839
2.3883012   763.183999   -205.068468
4.1278064   762.4839861   -204.9064728
-3.2723387   763.8115754   -206.0261432
5.5814715   761.919552   -204.8846054
-0.3369317   764.1432896   -205.8292342
0.9064768   763.9492791   -206.1494862
-4.5460611   762.7153267   -206.1006821
7.1926045   761.2001536   -204.6581958
-0.5392853   764.5407213   -207.3848171
-2.6609427   764.4526514   -207.8850255
2.2885886   763.6142079   -206.5890716
3.5337662   763.0625183   -206.2097301
-3.8477163   763.7119919   -207.2810871
5.0637953   762.5853125   -206.5430688
1.649873   764.1973865   -207.8233456
-5.3245147   761.4161695   -207.1630598
-4.6879401   762.8241844   -207.5969413
6.5555785   761.8090686   -205.917629
8.3427202   761.1186502   -206.1918901
0.5134801   764.9987678   -209.1475486
-1.5400677   765.184804   -209.3137249
3.5425597   763.4176223   -207.4690754
-4.1813931   763.5647668   -208.6551478
6.6486886   762.1020964   -207.1126186
-3.3695141   764.5317045   -209.9444154
-5.1912784   761.8618299   -208.9668307
5.5430739   763.0829742   -208.8602742
3.4852614   763.9620501   -208.9969377
-0.0174191   765.8419589   -210.8634097
-1.5273825   766.0385536   -211.4945372
7.8798004   761.8231849   -208.1111628
8.9965078   761.1283743   -207.3839184
2.1201825   764.6197037   -209.333223
3.0573622   764.6416698   -210.2339223
-4.6800342   763.040298   -209.8545817
1.6607657   765.3361538   -210.6695444
9.7599323   761.0604989   -208.5590502
7.4094973   762.5495732   -210.0024906
8.746135   761.7635202   -209.4964653
6.3320531   763.177907   -210.3302025
4.3651208   764.3059874   -210.8939271
-4.5619052   763.3567001   -211.039625
-3.3283096   765.053557   -211.595629
5.7335244   763.788573   -211.3948366
1.1752425   766.2111092   -212.8259171
0.0920136   766.3555045   -212.1710659
2.9190259   765.2511186   -211.6408613
-2.4211555   765.9703029   -212.2483084
-1.7963494   766.4808262   -213.7354933
-0.5490139   766.5829352   -213.3030212
-5.3216867   761.772175   -210.6889102
3.9754525   765.0112877   -212.3207023
3.1003582   765.6771812   -213.1693289
6.8979232   763.2511172   -211.6163253
-3.1518019   765.6848281   -213.3834296
-4.5130182   763.8194607   -212.5287816
8.8061207   762.0960519   -211.0166083
9.9382578   761.3841815   -210.3962211
7.9327761   762.7132262   -211.6649434
4.8247627   764.9078904   -213.4990457
2.2802963   766.2727245   -214.2203169
-5.4223038   761.8915835   -212.4401824
1.0787652   766.6440174   -215.1521598
-4.1516963   764.6933902   -213.8823911
6.4157938   763.9817397   -213.3759574
-0.718944   766.6958217   -215.3333281
3.5244499   765.8703593   -214.4118998
8.8176626   762.4359406   -212.5251593
-2.5630884   766.2254258   -215.1708243
9.9332768   761.768688   -212.1877704
2.8798151   766.3601421   -215.498434
-5.3351938   762.7268828   -214.0397239
7.8148278   763.1751237   -213.3258299
-3.9050118   765.1662274   -215.2228748
-4.778087   763.8924675   -214.3311038
4.4027466   765.7450034   -215.6135168
6.1841187   764.6684226   -215.49051
1.7599468   766.8147133   -216.975169
7.1178701   763.8588654   -214.4772886
-5.8477199   761.3777874   -214.0877014
-2.372877   766.2875097   -216.6148958
-0.1008349   766.7532023   -216.5460401
10.9641641   761.3963293   -213.1036671
9.6336086   762.279456   -213.981011
8.1768708   763.4608449   -215.5525985
3.6719046   766.3968249   -217.0310284
-5.0366608   763.588059   -215.4458712
-4.2047929   764.837606   -216.7829201
5.247322   765.5997001   -216.9554018
-0.0539684   766.8765882   -218.4232601
-1.4860266   766.5904072   -217.8139781
-3.4686422   765.6703093   -217.5916241
11.4711876   761.3183407   -214.508079
-5.8204665   761.9697161   -215.3769966
4.9490532   765.9894781   -218.6201989
2.9156538   766.8415393   -218.4158716
7.0650404   764.5253749   -217.4720628
-2.9010917   766.046842   -218.4406582
1.6643204   767.0314004   -219.5319542
-5.5200082   762.8845391   -216.7005703
8.2735282   763.6680554   -216.8760803
10.324641   762.1652667   -216.0182644
-5.2124203   763.6530277   -218.1129291
9.1584345   763.0475549   -216.8590628
-1.8261998   766.4953453   -218.9784504
-4.1166434   765.0969646   -218.9753916
-6.2368774   761.1731154   -216.5757156
-1.106862   766.6999234   -219.4336764
8.7819642   763.4216134   -218.0384116
3.3631137   766.8231858   -219.9219159
12.1021614   761.0741275   -215.9795104
-0.2823776   766.8258852   -220.1970544
11.4480728   761.5119824   -217.2240368
-6.0600493   762.0266293   -217.9515302
6.8883065   764.8064738   -219.4300689
-2.4557829   766.1739067   -219.9398579
4.693915   766.2994257   -220.1565737
10.2138019   762.3755425   -217.8590922
-5.1073761   764.0278215   -219.5967747
3.9221635   766.7098124   -221.0162111
0.8005122   766.9268309   -221.3575993
2.6595907   766.9789136   -221.4736556
8.1699197   763.9080292   -219.4227281
5.9459506   765.5133481   -220.2222956
-3.3534784   765.6423752   -221.0216423
-5.8393664   762.8401739   -219.3626962
-4.7702463   764.4894275   -221.0362306
5.2569163   766.0739171   -221.648576
-1.4295856   766.4098668   -221.7906319
11.6453767   761.3674598   -218.8868709
7.7383269   764.2466196   -220.4513887
1.4183215   766.9833432   -222.603397
9.7850553   762.7177837   -219.730202
-6.4866566   761.4681092   -219.1737055
7.1808926   764.735355   -221.4184944
3.6541309   766.8465892   -222.2895712
-0.3606354   766.6355184   -223.118521
-3.9313571   765.1609296   -222.3569638
-5.6544245   763.374363   -220.6816506
-6.5619201   761.9088338   -220.8329904
-2.6930576   765.87947   -222.4442201
2.6603231   766.9947252   -223.8345854
8.6442547   763.6501338   -221.5582552
-1.8734806   766.1281348   -223.3100842
4.4376488   766.6097443   -223.1981356
-5.9752276   763.0920812   -221.9735281
-5.2661338   763.9728237   -222.8073607
5.7086093   765.9937228   -222.756857
0.9246301   766.9235543   -223.7595053
6.817218   765.2265585   -222.7288141
10.0312545   762.5474048   -221.3244157
-3.0757337   765.5093812   -223.7123148
11.0472727   761.7446751   -220.3858578
5.862037   766.0208115   -224.0337174
-1.6722554   766.0658718   -224.679747
4.1928914   766.7188065   -224.5572358
8.1725298   764.2867768   -223.4164964
-4.555543   764.5126719   -223.9852929
1.2225204   766.8848971   -225.1307037
-0.1631571   766.6197968   -224.6528153
-7.0214862   761.7685924   -222.6353767
7.2129924   765.1918231   -224.2469562
11.173679   761.7318991   -221.7998198
9.7366689   762.9515562   -222.877957
-3.3162056   765.1850089   -225.2865427
-6.3688004   762.7681896   -223.1619695
4.9290948   766.4993264   -225.4851493
0.1742554   766.6347225   -225.7859351
-0.7764227   766.2896068   -226.094571
3.0844855   766.8719925   -225.8408373
-5.9817776   763.2449514   -224.393782
10.9995127   762.1061901   -223.6275406
-4.7484245   764.2371298   -225.4280868
-2.2842102   765.5856771   -226.7202796
6.164571   766.0080593   -226.0658053
0.9782109   766.6750788   -226.951154
7.7947752   765.0011601   -225.8540248
-7.1248995   761.9939811   -224.127708
4.3516438   766.6753055   -227.1845774
9.3760296   763.5827586   -224.8710283
2.8158775   766.8361137   -227.4005258
-5.5891979   763.5227909   -226.4581709
-6.878938   762.4012425   -225.6135229
6.7416083   765.8716631   -227.5197379
-3.9576977   764.648036   -226.8318213
1.8102181   766.6565935   -228.7907585
12.1948174   761.3296449   -224.6930523
-0.7554255   766.127206   -227.6702748
-7.8769195   761.2386388   -225.3543797
5.579373   766.3880634   -228.000078
10.814052   762.4931204   -225.1823268
9.074866   764.2009377   -227.0470682
0.4317984   766.4374097   -228.3948288
8.0242506   765.2081544   -228.3475201
10.1104231   763.2009874   -226.2564552
3.4074615   766.7959576   -228.4079884
4.4904258   766.6878391   -229.0011389
-3.2189184   764.9023694   -228.2166424
-1.8075338   765.6136095   -228.3040397
-0.2222557   766.0255018   -229.6878579
-6.6146749   762.628885   -227.0424534
-7.5458273   761.7323686   -226.7538877
3.1728541   766.7278096   -229.8026062
11.4669231   762.1273135   -226.5884382
-4.757683   763.9760045   -228.0782983
-5.9432834   763.0935767   -228.2376111
6.2421622   766.2019685   -229.2139197
10.5655892   763.0252213   -228.1616264
9.6651441   764.0717377   -229.1920376
-2.0539178   765.2949406   -229.4557959
-3.7810214   764.3620735   -229.4590663
1.7285977   766.463124   -230.6313004
-7.2589955   761.9802932   -228.6872535
-8.1993186   761.0810971   -227.7727343
4.8991613   766.6246496   -230.488699
-5.1304985   763.5393893   -229.3824855
7.8120274   765.5693336   -229.8946223
8.9593041   764.912896   -230.4661511
6.6816362   766.1612579   -230.5316112
12.263729   761.5597193   -228.3235249
-2.8740141   764.6405714   -230.6245599
-1.4592001   765.3625019   -230.5609804
6.0997326   766.419744   -231.7447574
3.3642539   766.6255111   -231.7647072
4.807324   766.6749358   -231.7654915
-6.0546649   762.8455631   -230.0171183
7.7864713   765.7479995   -231.2692504
-4.7039327   763.6147341   -230.9577621
10.7412721   763.1525213   -229.8757262
11.8445729   762.0948646   -229.9703893
-2.0998842   764.8269853   -231.7757715
-0.8089863   765.4569682   -231.6022675
10.1716616   763.9600557   -231.1852509
8.7848764   765.2558551   -232.3314163
-6.9486029   762.2335823   -230.6638759
-8.1017298   761.4427549   -230.7845495
-3.587039   764.0490125   -232.1128084
7.2330353   766.0692496   -232.5647701
13.1118388   760.9493026   -229.9714602
-2.5238619   764.3749281   -233.5789144
-6.1635522   762.7667893   -232.1421107
11.6424937   762.552862   -231.4674276
-7.2653775   762.1198255   -231.9867808
-4.8520735   763.3823045   -233.2641521
10.0390555   764.3056827   -232.9021842
7.8248609   765.7972802   -233.7139198
13.0959428   761.2570951   -231.8967333
11.2157106   763.160466   -232.6083942
-8.2426564   761.5793843   -232.7671909
-9.0717875   760.9217682   -231.8142722
-3.8600387   763.799318   -233.2786803
9.1180234   765.1024715   -233.8159768
10.8454943   763.6321975   -233.5419426
10.1619088   764.3003769   -234.5993834
-7.1755202   762.2531371   -233.3722197
12.5141265   762.0087563   -233.1050514
-6.3653608   762.636542   -234.6589721
-3.898022   763.7158875   -234.4145248
-4.7818484   763.2670505   -235.8166204
11.6665005   762.9628395   -234.2671155
8.6507318   765.3047482   -235.2459713
9.6992736   764.6774659   -236.0161089
10.9918732   763.7309244   -235.8977619
-8.1666695   761.664354   -234.6041643
13.6873942   761.0654211   -233.8947053
12.7198015   762.0113211   -234.294013
12.5750097   762.3443425   -235.6136418
-9.373617   760.9546624   -234.8521546
-8.9817342   761.1338442   -236.4789147
11.643811   763.3418077   -237.4015797
10.2254927   764.3337058   -237.4338667
12.9060262   762.3031587   -237.1666774
13.9122476   761.7165285   -238.5961942
12.2749699   762.9721752   -238.6106245
12.9164382   762.6205062   -240.3277111
14.481609   761.5526501   -240.3975873
14.1417006   761.867811   -242.0342532
15.6849119   760.9143884   -242.8935884
0.6865388   765.9884579   -231.9455908
1.9338311   766.3906924   -231.8212195
5.5391921   766.4572674   -233.239196
2.0254444   766.2751566   -232.9467624
-0.6854406   765.2252291   -233.2315073
-1.50398   764.9715596   -232.5984483
3.6888928   766.4767433   -233.7477809
0.9356296   765.6927338   -234.2424472
2.5812226   766.1815661   -234.3806412
5.3180547   766.2946557   -234.9680311
7.0330567   765.9651716   -234.9506568
-0.9604045   764.8451488   -234.991881
3.838848   766.1461301   -235.4727037
2.1688383   765.7212712   -235.8698804
0.5069947   765.2153458   -235.8942063
6.4478994   765.9150853   -236.2357433
5.0643938   766.0114844   -236.2903363
-2.7779421   764.0422037   -235.919573
7.656108   765.606427   -236.2900138
3.528207   765.5588692   -237.4085079
-0.7874863   764.6538792   -236.6837873
5.7231478   765.6653325   -237.5862897
8.7976276   765.0965945   -236.9757298
1.185922   765.0242981   -237.6150641
-6.2331487   762.5581843   -236.7755222
7.4218256   765.4343139   -237.7614708
-2.0787477   764.0625872   -238.003781
-7.3690926   762.0383938   -236.0412713
-0.444762   764.5628268   -238.0076883
-3.7448867   763.5197982   -237.4925936
-5.1010165   762.9233472   -237.9714802
8.9465019   764.8697519   -238.6572813
6.426948   765.2909753   -238.9764754
4.9905816   765.299793   -238.895004
2.5707122   765.0437942   -238.6237525
3.6648962   765.1592979   -238.8695773
-0.9959043   764.252964   -238.9880784
7.6013625   765.0338281   -239.5074604
0.29549   764.496107   -239.1515137
1.760576   764.6404855   -239.5341146
-7.4353886   761.8936119   -237.4096197
-6.555692   762.1980424   -238.8756168
3.1102576   764.7652192   -239.8578505
4.4335274   764.8819155   -240.0460871
10.7765738   763.9358138   -239.5107175
-3.6781756   763.3011352   -239.3651239
-2.0390666   763.8472322   -239.5651065
6.0962922   764.7722877   -240.6543875
-8.4857479   761.3064752   -239.1201898
-5.2645888   762.6486731   -239.6547265
-0.8226146   763.9787456   -240.4142249
8.9210359   764.6685888   -239.985415
0.7744181   764.2353159   -240.4933368
7.9835184   764.5453869   -241.0321963
9.8656817   764.1198784   -241.0930293
3.6852096   764.5150588   -240.9454426
2.2040177   764.1754019   -241.4404232
-2.5898924   763.4223315   -240.9333931
4.7140261   764.4024179   -241.6549712
11.9620497   762.9987167   -242.2845253
0.0683254   763.696391   -242.1150911
-4.4904599   762.7057951   -241.4763968
-7.3953011   761.6872295   -241.0170235
-6.0451759   762.2309287   -240.7420063
7.4791724   763.9917213   -242.7864123
-1.5110114   763.509834   -241.8333467
3.5917771   764.1479644   -242.1362372
9.122094   763.9238952   -242.4073697
10.472844   763.6335897   -242.2943609
-2.7848228   763.0151789   -242.6708551
5.7582139   764.06988   -242.8494541
2.8990602   763.7643855   -243.1816802
1.4547999   763.4330176   -243.713344
-9.1992784   760.9644154   -241.7493306
4.3850505   763.7015389   -243.874844
-1.3745728   763.2274235   -243.0730366
-6.2521878   761.9657649   -242.7648353
10.7018276   763.1308562   -243.6048605
-4.2377994   762.3949281   -243.8930062
9.4735739   763.1795324   -244.1939538
-7.8968733   761.4098684   -242.8069162
-0.332704   763.1037026   -244.094158
6.6992868   763.6197782   -244.0624627
5.6416108   763.5946256   -244.3538461
-2.102587   762.7089885   -244.573744
8.1695986   763.1145389   -244.9195259
13.2540549   762.0588538   -244.1112841
2.8615477   763.2593186   -244.8751974
-9.094971   760.9360491   -243.8815286
11.8624225   762.6170858   -244.0629515
14.7435622   761.4848945   -243.6222399
-7.5642335   761.4068644   -244.3732646
-5.9471294   761.8202255   -244.7975227
1.7755416   763.0670602   -245.1160478
6.6228576   763.1447275   -245.4319556
0.7923907   762.9552991   -245.100582
-0.4615122   762.621731   -245.7773529
5.3205172   763.2344475   -245.461609
4.2650824   762.8794811   -246.3761187
-3.388029   762.2360398   -245.6580003
11.3908303   762.3894568   -245.039778
9.6703313   762.4921549   -245.7582008
-4.6459522   762.0583891   -245.3209249
