-264.66355   -1804.553628   -4.7311014
-264.7769777   -1806.8468571   -7.1933628
-264.8166744   -1804.4142723   -8.9180721
-264.7798983   -1802.3598194   -5.9828423
-264.8443309   -1806.3397408   -0.2866722
-265.0339929   -1800.845623   -8.9144493
-265.4172508   -1799.3391752   -3.7541392
-265.3251616   -1799.233079   -6.6338442
-265.1811568   -1801.1397123   -0.498319
-265.2134625   -1811.3670349   -1.6080434
-265.7219497   -1812.2942448   -6.0758656
-265.8857433   -1798.2382774   -0.523105
-266.2902204   -1815.4673576   -2.8079699
-266.8905584   -1816.0948753   -6.918726
-267.1929327   -1795.0202227   -5.3318404
-267.2868101   -1795.5205441   -0.9771582
-266.9684616   -1818.4581995   0.4544453
-268.0599419   -1819.6152449   -4.1054664
-268.5228912   -1792.860508   -8.3802827
-268.3372823   -1818.8513517   -8.1071835
-268.8141791   -1822.06738   -0.0903792
-269.8887316   -1792.3929691   -1.9704977
-270.1622573   -1821.872592   -7.5413426
-270.814809   -1823.9065409   -3.5514547
-269.8211399   -1791.9096947   -5.5246609
-271.290156   -1790.5751467   -8.3242152
-271.559569   -1790.9526825   -4.597459
-272.6645795   -1790.8133268   -1.921708
-272.7699009   -1825.2544403   -6.8723424
-273.1957165   -1827.000618   -3.0212626
-274.2982832   -1789.3418074   -5.3037442
-274.6634213   -1790.153265   -0.7382883
-275.4448382   -1827.5232315   -9.2046848
-276.2828199   -1831.1216831   -1.0125993
-275.5762664   -1829.0480375   -4.7900239
-277.3049203   -1788.408041   -9.2656938
-275.9675113   -1789.6156311   -2.1438512
-279.2165605   -1789.1380787   -4.3187928
-277.8148381   -1790.0464535   0.2843397
-276.9973008   -1829.3867111   -8.7645799
-278.4239975   -1831.8918943   -5.507858
-280.1098553   -1834.8859549   -2.2960068
-279.4275609   -1832.0554495   -9.2614843
-281.7260949   -1789.8736   -1.3514593
-281.7505328   -1835.3643417   -7.0188292
-283.8208405   -1789.1231775   -5.811526
-283.1859914   -1838.2782936   -3.1995568
-284.4729153   -1838.9289379   -6.6742501
-284.4746438   -1840.7608271   -0.6431273
-285.8088342   -1790.2941704   -2.6022701
-286.0980359   -1841.7714834   -4.2297491
-288.0538432   -1790.3033495   -6.1530466
-287.4826518   -1791.3480997   0.1474887
-286.5948407   -1843.7950611   0.110143
-286.5344016   -1841.3170576   -8.7801972
-289.8488966   -1791.4127111   -3.5714095
-288.5906426   -1844.6135521   -7.6859682
-288.6205045   -1845.531702   -3.557048
-289.4972888   -1847.7628231   -0.3515553
-291.7918292   -1791.4278507   -7.9181595
-290.4967991   -1847.9235172   -6.9059096
-290.4944149   -1848.5039473   -3.5025538
-291.5674178   -1792.5587893   -1.6329555
-291.4674608   -1850.7419825   -0.7012782
-292.4522487   -1851.5423536   -5.145547
-292.6491228   -1851.6395092   -8.9411121
-293.5623852   -1792.8099632   -4.7803484
-292.8223339   -1852.7691364   -2.0240874
-294.9023572   -1794.2531109   -1.7202118
-295.2784625   -1793.0380106   -7.9042306
-294.2620245   -1854.7638655   -7.4675153
-294.4919197   -1855.4483652   -4.2649372
-296.8435017   -1794.5218086   -5.0005531
-296.5967385   -1859.7925901   -2.7984334
-296.0194079   -1858.3246469   -6.4744004
-296.3948575   -1859.0426445   -9.3549667
-298.2478467   -1796.2476015   -1.7948933
-298.3639566   -1794.7179079   -8.3730454
-297.5232331   -1861.2476587   -6.8151723
-298.5411016   -1864.1273975   -0.005792
-298.9925472   -1864.2354012   -5.2565369
-300.417873   -1796.7315912   -5.5325124
-301.4930812   -1798.5434532   -1.9487676
-300.7352082   -1867.9870367   -3.4264605
-301.0901538   -1796.2710857   -9.1541298
-301.2731401   -1868.3708906   -8.9963339
-301.7523614   -1870.6172705   -0.4186635
-303.4017412   -1798.3180285   -7.854484
-303.1669585   -1798.9834547   -4.7288071
-302.0145027   -1870.2216148   -5.4586898
-302.9967872   -1871.8369007   -7.9009924
-304.2132584   -1800.5911112   -2.5478536
-302.9804555   -1872.9275465   -1.8086201
-303.5905687   -1873.5443354   -5.285264
-304.3800918   -1876.3813972   0.3968345
-304.8862544   -1876.4965534   -4.1984865
-307.0836393   -1803.7110567   -1.670257
-306.0540286   -1801.1050224   -5.8663529
-305.742952   -1877.8427839   -6.692511
-306.9150177   -1881.3176155   -2.4256716
-309.5142571   -1807.2017431   0.1694919
-307.4671356   -1881.780982   -6.9626095
-308.9955179   -1802.8011322   -9.2316149
-308.9125482   -1804.125309   -5.3578466
-308.6601225   -1884.9467039   -3.4764851
-310.8520237   -1807.3534966   -2.7520626
-308.7167469   -1884.7521544   -6.5143327
-309.3982068   -1886.9928122   0.2828608
-309.9933592   -1887.7043724   -5.3466777
-311.9900552   -1806.9220781   -6.8620699
-311.8087379   -1891.5675879   -3.7463335
-311.1389009   -1890.1534081   -8.0993474
-313.1035296   -1811.2550974   -0.6869205
-312.2967807   -1892.6357031   -0.6300485
-312.9312722   -1894.1102028   -8.0646835
-314.4618002   -1811.2674952   -4.1946643
-313.2517067   -1894.577384   -4.7336007
-315.0428263   -1810.169816   -8.134448
-314.2077056   -1896.4504004   -2.6635749
-314.536306   -1897.6109028   -7.2541442
-315.3356043   -1814.1818047   -1.2085116
-315.7770363   -1899.5312452   -1.8284454
-317.0852391   -1813.6819601   -7.1114316
-317.5937859   -1815.5039549   -5.2709891
-316.5889112   -1902.3963213   -9.1936933
-316.6008917   -1901.9290209   -6.2192632
-317.3679439   -1816.8233633   -2.3590461
-317.6431385   -1903.5973549   -2.1106906
-318.5622422   -1906.8049192   -8.9977151
-318.4116808   -1905.9227705   -5.490934
-319.6062771   -1817.3161745   -8.4584439
-319.6060983   -1819.8491335   -4.4872868
-318.8889352   -1906.4667225   -2.4032188
-320.4482523   -1823.1630325   -2.2603937
-320.0140325   -1909.7201824   -6.6514504
-320.1986877   -1909.6249342   -3.1473518
-320.0311986   -1908.6598158   -0.2701019
-321.2790219   -1821.7762709   -7.2280061
-321.2370006   -1912.4010801   -6.0248529
-321.3334409   -1912.0037556   -1.092679
-323.0677573   -1828.2402754   -4.6870699
-322.1826283   -1824.6028423   -6.494469
-322.4188415   -1914.8628712   -3.784965
-323.3710257   -1917.3458815   -6.4651067
-323.8059608   -1826.8811703   -9.2887785
-324.2249218   -1833.1106901   -1.9392211
-323.6273853   -1917.4935818   -0.5548017
-325.2784339   -1831.1555386   -9.3056317
-325.1028983   -1833.022356   -6.0113193
-325.6060211   -1835.9956741   -3.4836074
-326.2811629   -1838.9863968   -1.3617927
-326.5889613   -1835.0822926   -8.8799782
-327.3813454   -1839.0806913   -6.05699
-326.9992796   -1841.6564465   -0.2064308
-328.4600107   -1839.9496078   -9.2374794
-328.459057   -1844.2219496   -2.4736675
-329.3073503   -1843.6659575   -7.5727003
-330.8422891   -1850.1435518   -2.8413164
-330.314788   -1846.4335203   -7.5420132
-331.6260306   -1853.167057   -0.5315455
-331.8110434   -1850.1936197   -7.5960285
-332.3065368   -1852.7982235   -4.5541413
-334.1360418   -1857.1410179   -4.1869865
-333.6589066   -1854.4236422   -7.6295859
-335.073742   -1856.8668365   -8.9372955
-336.0635964   -1860.8212471   -4.8954897
-336.7439834   -1860.407114   -8.7199882
-336.8530003   -1863.548398   -2.2369788
-338.0289403   -1864.3732071   -5.3509735
-338.827583   -1866.8626547   -2.932
-338.8042776   -1864.4127846   -8.3512319
-339.7820918   -1869.2176342   -1.1212496
-339.7581903   -1867.133379   -6.0447021
-341.5498463   -1870.0319529   -6.2024598
-341.4897052   -1872.4985123   0.4497959
-344.2437378   -1875.4223585   -2.6066143
-343.7427012   -1873.0133772   -7.0868623
-346.7151848   -1876.5054941   -9.3175489
-345.9930746   -1876.5960932   -6.1357669
-347.8886215   -1880.6854486   -1.5458579
-347.892317   -1879.2673349   -6.0616527
-350.5440084   -1883.6003542   -3.7274689
-349.4683234   -1881.2253475   -6.8336925
-351.0695425   -1885.2479458   -0.2847833
-351.2636153   -1883.0299377   -9.0315808
-352.8484432   -1886.4073753   -5.2593774
-353.7592617   -1888.6214495   -2.0271621
-353.0809013   -1885.8361244   -8.4694438
-355.3079692   -1889.9229765   -5.9188553
-356.2562791   -1892.4006224   -2.1241379
-357.5095264   -1893.1252956   -6.911647
-358.9172093   -1896.6780901   -1.6131555
-358.8657109   -1895.914793   -4.5428844
-359.3756882   -1895.7108259   -8.3696274
-360.9755961   -1899.9284506   -0.984886
-361.5802256   -1899.4438648   -7.7138017
-362.0156971   -1901.0180235   -3.7615814
-363.4687392   -1902.8445482   -5.4696649
-364.3357483   -1903.5265446   -8.3796671
-365.9290997   -1906.845212   -1.2933339
-366.6820256   -1907.2779417   -6.2647839
-368.2929007   -1909.942627   0.0533643
-367.883536   -1909.1905355   -3.6392235
-369.6593372   -1911.2211466   -6.2350491
-369.7476713   -1911.6512537   -2.7476591
-370.7440821   -1912.9960537   -0.2267661
-371.2688414   -1913.4169817   -4.826413
-372.364494   -1914.2475128   -8.7105921
-373.1810776   -1915.9009457   -1.8719977
-373.7302152   -1916.3100719   -5.9408112
-375.3900854   -1918.4986353   -3.276418
-375.7164208   -1918.551445   -7.1971905
-325.2683607   -1921.9293594   -9.3410062
-324.9894706   -1921.0255146   -4.1184765
-324.7414557   -1920.1589823   0.3799711
-326.6728846   -1925.0725508   -6.6497801
-327.4832693   -1926.8918037   -2.3029982
-327.4649707   -1926.9578457   -8.8089099
-328.0532686   -1928.2896519   -5.8509749
-329.3788759   -1931.2577248   -9.1217328
-329.5144168   -1931.5031767   -4.3541794
-329.1848627   -1930.7612181   0.0739838
-330.9908835   -1934.5970154   -5.8439705
-330.7367293   -1934.1049194   -0.5704659
-332.3839036   -1937.1646643   -8.1503456
-332.8475682   -1938.1850958   -3.8715678
-334.219071   -1940.710783   -1.8644243
-334.4171969   -1940.8839941   -6.3499887
-336.0110251   -1943.4880018   -9.1830352
-335.2523772   -1942.4977303   -0.0055885
-336.0290853   -1943.6529875   -4.9592876
-336.697611   -1944.8529482   -1.7567236
-337.6403181   -1946.3479519   -6.0917116
-338.5362951   -1947.8726387   -2.7874992
-339.6790949   -1949.7927427   -8.2595991
-340.5230967   -1951.2249231   -4.3037608
-341.9820396   -1953.5681009   -0.4132488
-342.5775496   -1954.5179605   -7.8727696
-342.693719   -1954.6470642   -4.0394654
-344.1419927   -1956.8617344   -0.9342457
-344.4154588   -1957.5898647   -7.9237456
-344.9722258   -1958.3055973   -4.22535
-346.3474838   -1960.9723091   -8.2523571
-346.3768093   -1960.4279995   -0.5918644
-347.0545141   -1961.7419243   -3.9768899
-348.5067216   -1964.1573429   -1.603449
-348.7603394   -1965.2012587   -6.1386665
-350.3703801   -1968.1043625   -2.2677875
-350.9364454   -1970.0989723   -6.4426917
-352.0954577   -1972.4164009   -2.50682
-352.66951   -1974.8266935   -6.7368587
-353.4788219   -1976.5485525   -2.2554435
-353.6330191   -1978.7098169   -9.38245
-354.0670005   -1979.2758226   -5.139255
-354.3704478   -1979.8798561   -1.7059386
-354.7751037   -1983.05583   -7.7652223
-354.9371687   -1982.9146862   -3.4396357
-355.6915847   -1989.4071817   -8.2573751
-355.4267017   -1986.9835377   -5.4186219
-355.4702131   -1986.1177206   -1.1809747
-355.8525769   -1991.122365   -4.2209113
-356.316301   -1994.5294857   -7.0735323
-356.2302915   -1994.3563938   -2.6759305
-356.4126221   -1996.7106581   -0.3667263
-356.8203179   -1997.6000786   -6.8282424
-356.834921   -1998.9349842   -3.4103866
-356.7889062   -1999.9165535   0.0900087
-357.6163379   -2003.5274029   -1.1031177
-357.692155   -2001.0766983   -7.4419612
-357.8688828   -2002.9928684   -4.4822842
-358.2510082   -2006.3655376   0.2864661
-358.8171331   -2006.4587593   -3.4330506
-359.5056263   -2006.3090324   -8.183619
-359.4844071   -2009.488821   -0.6959901
-360.8127562   -2010.0135803   -6.5382095
-361.4508239   -2013.0560398   -2.3195504
-363.0043594   -2014.0664577   -6.8931142
-362.0532481   -2011.5251541   -8.7002395
-363.8614146   -2017.5869465   -1.782505
-365.1690809   -2016.7548656   -8.9760479
-365.9536568   -2019.1209316   -5.9704105
-366.0343615   -2020.7235813   -1.9920119
-368.5118882   -2024.0249634   -1.638968
-370.3542677   -2024.1477489   -7.1139177
-372.4367348   -2026.9608498   -5.4000085
-373.9164797   -2029.5672417   -1.8717559
-375.1781908   -2029.353857   -6.0433848
-376.9220439   -2032.3626995   -2.2319807
-376.3830987   -1919.7087288   -0.7479059
-377.3882715   -2030.9951305   -7.4230772
-377.6433793   -1921.0129976   -5.4744701
-379.4725863   -1923.2381582   -4.6641682
-379.415485   -2033.9231491   -4.6426062
-379.9310652   -2035.5100632   -1.4697734
-379.9733249   -2033.3590508   -7.5249574
-380.48515   -1924.0484238   -8.4470203
-382.4937669   -1926.7593622   -2.1929252
-382.474455   -2036.450386   -5.527515
-383.4305135   -2035.8016491   -9.3238465
-383.8618127   -1928.2467365   -5.553104
-383.71447   -1927.7992249   -8.8447798
-384.9584786   -2038.926363   -5.2153468
-387.3543469   -2042.4516201   -2.3677489
-385.5884401   -1930.2181005   -2.0672926
-385.9125105   -1930.6124449   -5.9069083
-387.1909109   -2040.7142639   -5.950137
-387.3486844   -1932.2406054   -3.9942828
-388.4586421   -1933.2481623   -0.0389467
-389.0282241   -1934.1849089   -5.7321936
-389.2695633   -2041.4719582   -8.6099766
-389.3880574   -2044.8544025   -1.4766502
-389.7015182   -2043.6444283   -4.7832243
-390.6919686   -1936.1258745   -8.049286
-390.5783621   -1935.7447624   -2.5907932
-392.7339641   -2044.3074703   -8.6151585
-392.9470507   -2047.2667217   -3.0073803
-392.5401894   -1937.7009869   -1.1519711
-392.4795119   -1938.1910563   -6.9277869
-393.4612004   -1939.1059875   -4.2598285
-394.125971   -1940.2002096   -8.663998
-395.2582804   -1941.3257837   -5.8757071
-394.9826089   -1940.309763   -1.1666131
-396.2357966   -2047.4934578   -7.1498849
-395.7993118   -2050.7595539   -0.3618817
-397.3736493   -2049.9446392   -3.9916057
-398.0048624   -1944.0771341   -3.7142583
-398.5501853   -1943.9173937   -0.5572998
-398.0245916   -1944.745779   -7.5103934
-399.2048828   -2052.4425507   -1.3676648
-399.9057142   -2049.2520332   -7.3811193
-400.6541697   -2051.4955521   -4.2299903
-400.5325762   -1947.2039938   -5.1704869
-400.8722631   -1946.7948675   -2.0244194
-402.7469484   -1950.3612518   -7.8205429
-402.9854862   -2053.8129807   -1.8790137
-402.9176561   -2049.074173   -9.4059873
-404.0391771   -2051.4473915   -6.1834711
-403.3826915   -1950.3252506   -4.6558059
-403.7346569   -1949.6408701   -0.9343148
-405.0367204   -1953.4683228   -9.1932015
-405.7893483   -1952.5420666   -2.7676788
-406.0900537   -2056.1432838   0.3580151
-407.4368802   -2054.0597439   -3.2809442
-407.942268   -2051.8834591   -6.699055
-406.8727223   -1954.7969103   -5.8465684
-406.568977   -1952.4418116   0.1103486
-408.7650505   -1955.6642771   -1.7464997
-409.2018334   -2056.3163757   -0.5039296
-410.9428851   -2050.7974625   -8.674304
-408.9203802   -1958.1933022   -8.671822
-411.5074603   -2052.9322624   -5.8794054
-412.4629227   -2055.6492805   -2.1528814
-409.9840847   -1958.2209587   -4.6960362
-411.2202851   -1961.0037804   -8.1907827
-412.2208086   -2057.3694706   0.5002533
-412.066075   -1960.2495432   -3.0643584
-413.6087624   -2054.2345047   -4.1114949
-414.8982493   -2050.8060455   -8.493633
-413.5468928   -1964.5231962   -9.3398206
-414.5664898   -1964.137435   -4.5957086
-414.2306773   -1962.2302055   -1.1359871
-415.3197733   -2057.0464134   0.135751
-415.3381316   -1966.7003155   -8.4548909
-415.9657685   -2052.8025627   -5.6156865
-416.7697159   -2055.110693   -2.4148114
-416.983339   -1965.4020071   -0.2690358
-418.2858197   -1968.9151049   -3.8788728
-418.393108   -2050.8897305   -7.3312358
-417.9820744   -1970.2326059   -7.7408408
-418.8353745   -2052.9918671   -4.5725117
-420.8540646   -2054.428339   -1.8403961
-421.0567204   -2048.4807491   -8.9033544
-421.2157456   -1973.8168716   -5.4602399
-422.0889536   -2051.2681007   -5.215303
-421.7807976   -1972.1931219   -0.9249748
-425.2956835   -2052.9375076   -1.374452
-422.8127924   -1977.6930809   -8.4814522
-424.3350951   -2048.3829975   -7.2618308
-424.374911   -1975.6038189   -0.5252485
-423.8331047   -1976.6083956   -3.5961955
-426.4242379   -2048.9776134   -5.2134921
-424.7771231   -1979.7898531   -6.6560484
-426.5793291   -2045.4573631   -8.6715724
-426.251742   -1979.3213606   -2.0443639
-427.0838229   -1983.0019474   -5.6895465
-429.0046421   -2049.5200157   -2.6585958
-427.4226157   -1984.9911928   -7.8380667
-428.4699885   -1982.0944071   -0.9412804
-429.2053906   -2046.3557243   -5.7146433
-429.4714657   -2043.9870358   -7.6534278
-429.6838967   -1986.0081673   -3.4004061
-429.1785685   -1987.701416   -6.8276534
-431.2391011   -1986.1733913   0.0880441
-431.3075272   -2041.3382053   -8.1718769
-431.2637774   -2046.5774536   -3.4788249
-432.4499098   -2047.9111671   -0.9072934
-430.8317629   -1991.612792   -6.9949897
-431.3225476   -1990.2887344   -4.4528176
-431.5470187   -2044.1381931   -5.462952
-432.7127663   -1988.7084961   0.5086715
-433.373305   -1996.2887764   -4.8560258
-433.6183993   -1993.9680099   -2.5003918
-432.7389923   -1998.6343384   -7.9428609
-433.8104454   -2044.6557999   -2.2789272
-433.7719408   -2041.5167809   -4.9813837
-433.8321415   -2038.1231308   -7.6118601
-433.7655035   -2002.9103756   -8.10502
-434.4385592   -2005.8276653   -8.176662
-434.5515696   -2034.1274738   -9.345605
-435.4935614   -2001.0075569   -3.1416384
-435.5598418   -2011.9578838   -8.9516081
-436.4083735   -2009.0084076   -5.3351936
-436.3785712   -1998.9088774   0.0088947
-436.0633818   -2004.6613216   -3.895022
-435.7174364   -2041.6734219   -2.1134473
-435.9703986   -2038.838625   -3.8427664
-436.268541   -2035.500288   -5.6598354
-436.7229668   -2032.1016312   -6.9897315
-437.6816479   -2028.0928612   -7.0396154
-437.3681275   -2023.5481262   -8.5209915
-437.37981   -2012.6526356   -5.0484347
-437.7990691   -2016.1218643   -5.8336374
-438.2623164   -2039.5228863   0.1477881
-438.4835688   -2036.1356735   -1.5673609
-437.8298251   -2006.9725513   -1.2603347
-437.2207848   -2026.7496109   -8.2435021
-438.4678332   -2033.0748558   -3.2628258
-437.8287522   -2019.4363594   -7.0815366
-438.0956618   -2030.0223827   -5.3486484
-438.8538329   -2012.3291016   -1.436114
-439.0072552   -2020.544529   -4.5064045
-439.2330376   -2024.6539116   -4.1127508
-438.9106957   -2015.3706074   -2.7247327
-439.7177426   -2028.7034512   -2.3122316
-440.035793   -2021.7418671   -2.0869831
-440.3010336   -2017.3578262   -0.1007452
-440.8234087   -2024.8806477   -0.2643192
