407.972184   -1435.0607395   -784.3499184
406.8120988   -1434.5024824   -790.1784182
405.6958082   -1434.3594313   -793.656528
405.8747413   -1433.6162806   -786.8377566
405.0971838   -1433.2290888   -782.9986215
403.8219573   -1433.0848455   -778.776288
404.3201181   -1434.3649149   -797.0904708
403.2414081   -1432.0659637   -789.9893522
403.4815999   -1434.1487885   -774.7465968
402.6400717   -1431.4023256   -785.6185436
401.5563848   -1431.8343401   -794.4717407
401.6613486   -1431.0888052   -781.9148898
401.3323011   -1433.0893755   -798.9462018
400.6229611   -1431.8000078   -775.9675384
400.3546508   -1430.7453632   -778.9078951
400.6374302   -1432.9804182   -773.0700374
399.4420143   -1429.3876886   -787.7460122
399.2538127   -1429.7478199   -792.3185229
399.7150185   -1429.5899868   -784.188807
398.5116305   -1432.9078197   -770.4675198
398.0180147   -1428.8525581   -781.039238
397.5238921   -1429.8770428   -796.8722582
397.9841294   -1432.0225716   -800.6209731
395.6227275   -1432.8243732   -804.051578
392.949489   -1434.0373278   -807.7269793
397.9555937   -1431.0106039   -773.5164762
396.2084623   -1428.5594225   -777.1177292
397.2917917   -1428.2435179   -790.6393409
395.4391601   -1426.8239737   -784.2177153
396.1519571   -1427.290082   -787.8484726
395.2333304   -1432.7126741   -767.4052715
395.3908654   -1430.6162596   -770.9445357
395.3303518   -1427.5020361   -793.4784889
394.4530012   -1427.1826744   -778.1352401
394.8997828   -1426.7503023   -781.7773223
394.2432674   -1429.4780493   -800.1582026
394.8577615   -1428.4462929   -774.9679089
392.86567   -1426.8527031   -796.7831492
394.005117   -1426.1168242   -790.0578976
393.2057592   -1425.4420996   -786.1260176
392.8606334   -1433.9612722   -763.6475563
392.1202096   -1429.6960831   -802.9094338
392.1211483   -1431.6622019   -805.5403233
392.8185227   -1430.1370382   -768.9948082
392.5188752   -1428.499341   -771.5893388
391.1996456   -1430.9620857   -766.2433386
392.1916457   -1426.9434214   -774.7179866
389.1876163   -1426.2288809   -800.706327
391.1673995   -1425.5383015   -777.238369
388.5333361   -1431.9226742   -762.9022002
389.5853432   -1428.2050133   -768.963635
389.8917707   -1426.6556501   -772.1759081
389.3841328   -1428.9773703   -804.7242165
389.7584947   -1431.1913252   -807.1776032
388.686237   -1432.938695   -810.295701
387.7104195   -1434.7391129   -813.2354617
387.9345032   -1429.292798   -765.835464
387.0428177   -1434.1083765   -759.5578432
386.7751332   -1425.5205393   -770.8278894
386.8704411   -1429.3159246   -807.8989983
385.6748762   -1426.9353151   -767.3840523
386.1670765   -1426.4991283   -804.8638105
385.4376497   -1430.9442043   -811.5129471
384.5357122   -1428.7648201   -763.879776
385.1605775   -1431.5128326   -761.2472773
383.3343061   -1433.0521822   -758.7106228
383.2064988   -1426.8898964   -809.1505766
384.3879374   -1432.8688383   -815.0338531
381.9231214   -1425.7808924   -765.948832
381.7954632   -1428.8051128   -813.5179281
382.3879334   -1429.91817   -761.2422705
380.1986697   -1427.05369   -762.9715204
381.8588229   -1432.0909977   -817.422092
380.3728344   -1433.7391853   -821.3692904
379.0396126   -1430.3206205   -758.8144541
378.9585205   -1429.5096397   -818.4418082
378.2528462   -1431.171298   -821.4054704
377.6609572   -1425.5806208   -815.0914907
374.9887469   -1434.5482588   -752.9529333
377.5567385   -1432.5816631   -824.1282701
376.318303   -1434.702754   -828.2256126
373.2118132   -1428.0967712   -756.5935254
376.0888847   -1428.8867712   -821.7418194
376.3449761   -1426.686883   -818.5402751
374.3396821   -1430.3828478   -825.938344
372.4570247   -1432.0099354   -830.1870227
372.6053806   -1426.5514612   -823.7009048
370.6909242   -1430.4755926   -751.8009543
370.027897   -1433.9234829   -834.7469568
370.6099214   -1427.7518988   -827.6027441
368.3369877   -1429.2161465   -831.7277431
368.0418255   -1432.0833683   -747.3980784
368.347195   -1427.6217222   -749.6004105
366.0518947   -1433.7537289   -838.2053971
366.2541332   -1430.6252003   -835.1637125
366.7843314   -1427.405715   -745.4416752
363.7150498   -1426.5377522   -833.4323764
366.2035289   -1434.9514246   -743.4128523
366.162506   -1431.3526154   -743.6422706
365.5564161   -1428.9064407   -741.4357066
363.8072731   -1429.0931225   -736.790657
362.8947558   -1429.9511909   -837.4400735
364.7295358   -1433.0474138   -740.3303385
362.4359491   -1426.8907309   -721.7132449
362.1116551   -1433.1287146   -840.7031894
363.2248165   -1425.4145622   -717.1811461
362.6540574   -1425.9135723   -713.6512399
362.7545359   -1428.2280207   -730.6109071
361.6518798   -1428.7581444   -726.0076404
361.1041578   -1433.6527586   -731.9363356
359.8617735   -1426.4308214   -836.6644382
360.7753935   -1428.7114143   -716.8013453
358.978835   -1429.6125174   -840.1097655
360.218254   -1432.4023724   -727.2732854
360.0337776   -1429.0094376   -710.5069757
359.6196445   -1431.3572645   -723.0666876
359.2089089   -1431.0833216   -718.9471126
359.3331101   -1432.5182438   -842.1415091
358.5988554   -1431.4780235   -714.7179246
355.9890362   -1431.8288565   -843.6561227
356.9882187   -1433.1536293   -711.6256952
357.234356   -1432.2624207   -708.4887624
361.5674051   -1425.5645275   -704.3201923
358.1793728   -1430.3869009   -704.9238682
356.9114181   -1426.2589216   -838.6619091
357.602668   -1434.134841   -720.3187943
357.3909672   -1433.5315228   -717.1406746
355.2101972   -1427.6988506   -841.0036564
356.144053   -1434.9557161   -714.6244049
355.5979701   -1434.668541   -709.4458342
353.191373   -1434.2480898   -846.8053937
352.7051928   -1427.3254871   -842.1641588
350.8532467   -1430.5454493   -845.4028368
349.7208329   -1434.1723919   -848.3195305
349.8218777   -1426.4726639   -842.9822922
346.8881818   -1427.9023409   -845.2569842
347.1719297   -1431.106925   -847.2755551
345.5224904   -1433.8927269   -849.7018814
342.538056   -1429.246664   -847.6445079
343.811703   -1425.3060818   -844.5956707
340.969679   -1433.6791039   -850.9842157
336.6151126   -1431.0730696   -850.5449891
336.6095992   -1426.5664816   -847.654283
330.9303197   -1432.4821234   -853.1796932
331.7277404   -1428.1079769   -850.0424027
327.1701904   -1425.7663488   -849.9565125
327.7521106   -1429.1136265   -851.949513
324.3155452   -1427.8132915   -852.2119522
278.2395455   -1425.2836704   -714.8877978
277.6855203   -1427.7139902   -710.4207873
281.0683819   -1425.7092476   -707.8419328
276.8142792   -1426.2162447   -716.5548801
275.5976888   -1428.6372662   -714.353025
275.5918475   -1429.8434258   -711.4290595
275.6025168   -1430.8993816   -708.3926201
278.6270054   -1429.2794466   -704.8219442
274.6906551   -1427.9887676   -718.9667821
273.6593755   -1432.2354794   -712.5911713
273.3578356   -1431.1933517   -716.771543
272.9085656   -1429.7248125   -721.4612365
272.9320797   -1427.8327227   -724.8492837
271.4114758   -1427.6906252   -728.5796404
270.8151909   -1426.3345003   -733.0389023
271.9491991   -1433.6444139   -715.2265906
273.5168906   -1433.8388443   -707.2935104
270.5901238   -1434.1938496   -719.830811
271.1729082   -1430.6684732   -724.814415
270.7285555   -1433.1359863   -722.0543623
269.4885107   -1430.5819273   -728.5726666
268.3617743   -1429.5711517   -732.173264
269.061205   -1432.9397678   -725.6830335
268.185881   -1426.1798859   -746.4712262
268.4269222   -1426.6524315   -740.1818633
267.8846987   -1427.9234409   -735.64744
269.4313201   -1434.6354008   -722.6273417
266.4868804   -1427.7915955   -743.6992526
267.2295543   -1432.1402311   -730.0096154
268.6463269   -1435.063839   -723.4982252
265.9390839   -1427.0784855   -750.4715323
265.4430541   -1426.4966249   -754.8342347
266.37086   -1434.8486662   -727.068603
264.1713294   -1430.1565886   -738.3217216
264.2155262   -1429.48246   -741.8224216
265.9211131   -1431.0078621   -733.7208986
264.0605243   -1429.2596579   -745.4404831
263.7164565   -1426.828742   -759.103775
264.0708359   -1434.0747595   -731.3482761
262.6682194   -1428.9250374   -752.9716492
261.4066275   -1430.1362038   -750.7889271
261.990455   -1433.2710505   -735.8571887
261.882213   -1428.6735058   -756.8538785
262.1072205   -1427.0979166   -762.9437447
261.4141675   -1426.5922308   -766.890049
261.1373337   -1432.1132898   -739.9830222
261.2888189   -1431.199193   -743.9077497
260.3999349   -1431.0928583   -748.3662367
259.6299025   -1429.3146133   -760.4466677
259.7497674   -1430.5421114   -753.9787889
260.0463601   -1425.8369207   -773.252964
259.8452242   -1426.9055128   -770.2963352
259.4068917   -1428.7317991   -763.8776898
257.9774829   -1430.9026003   -757.4455738
258.8874372   -1425.8282185   -776.4112353
257.8225108   -1429.0292263   -767.3557997
258.1762048   -1433.4681034   -742.1842813
257.4723633   -1432.9645634   -746.5519309
256.5468224   -1432.6919317   -751.2951493
257.4596675   -1426.0474443   -779.3581486
257.3076161   -1428.2093048   -772.7279067
255.2944096   -1432.8356981   -754.9838424
256.8218979   -1430.3956032   -763.2349133
256.6861483   -1431.1189651   -760.1729631
256.1321827   -1426.5546799   -854.180932
256.3983472   -1427.7379513   -776.8738866
255.5707368   -1425.4690409   -785.4229808
254.5670839   -1432.7126741   -758.0435872
254.0228339   -1431.1426878   -769.9583173
253.2358142   -1432.2777987   -766.037941
253.5538348   -1435.2360964   -747.3559976
254.2665871   -1428.1623363   -780.7774544
253.8721832   -1430.2378893   -774.9619484
254.4060024   -1432.194829   -761.6579533
253.0294033   -1427.6298285   -851.5664339
254.0017935   -1425.6004095   -788.4586453
252.9258998   -1427.5480509   -785.4169607
250.8094879   -1434.6460104   -760.8143687
251.8461915   -1434.66115   -756.3140392
250.4246505   -1432.0026636   -777.792573
249.5328458   -1430.6662083   -783.8708758
250.3941032   -1433.3037138   -771.6808915
250.6825002   -1427.9799461   -788.7673974
250.7061335   -1425.5853891   -842.373848
249.6945532   -1429.287672   -848.4895229
249.8100968   -1427.9156923   -845.5761075
247.9239079   -1428.7912846   -792.5364375
248.4256598   -1427.0035028   -796.4054942
248.5671314   -1426.5534878   -838.4311199
247.1670481   -1425.4444838   -803.9821982
248.4297725   -1428.2314777   -842.4390554
247.3740848   -1430.7575226   -788.4657979
246.8273612   -1427.152276   -799.6048331
246.1504015   -1434.5084429   -780.1536918
247.4130066   -1426.2679815   -833.0314755
245.8580407   -1426.7799854   -827.8185725
247.3763498   -1430.4823875   -844.9976444
244.2511889   -1434.1619015   -785.8012915
246.5332421   -1432.9327345   -848.2950926
245.9691735   -1430.8499098   -840.7296538
246.2231489   -1429.0014505   -836.3910913
244.5547255   -1430.0972223   -796.4186668
244.8247346   -1425.7923365   -814.1317964
245.3870746   -1425.4792929   -819.0345764
244.2945214   -1432.1466684   -791.3201451
243.5509237   -1427.7572632   -807.3896766
244.1464933   -1426.6872406   -811.1231923
244.6334334   -1430.0193787   -832.365036
245.4374405   -1433.2301617   -844.651103
244.1978725   -1427.6188612   -822.8485584
243.3373304   -1429.3287992   -802.0114899
244.7429868   -1431.5941334   -837.115109
243.6465593   -1434.9727631   -842.0732021
243.8304397   -1433.6166382   -839.0212655
242.4485954   -1431.1233759   -826.6060948
242.9112168   -1428.2341003   -817.7952766
240.6597408   -1430.1320314   -812.7797842
242.5779077   -1434.5630407   -836.0040188
241.8598803   -1433.3174229   -830.139935
241.2322136   -1433.6174726   -794.4366932
239.8573431   -1433.3298206   -799.0961671
241.9372471   -1430.1995039   -821.7250109
238.9691444   -1432.5301647   -805.7553172
240.4139908   -1430.868268   -817.1508908
239.7012683   -1433.3531857   -822.9033351
237.6105162   -1433.8903427   -816.2451982
237.493244   -1433.2872629   -810.9009862
237.6816245   -1434.8117113   -819.8767304
358.815548   -1427.7714491   -700.1283765
356.0143086   -1428.3491373   -695.8758235
355.0066473   -1432.9425097   -700.3139853
355.5919947   -1434.1622591   -705.95783
353.6251607   -1428.016305   -692.5485134
352.180359   -1431.9525957   -694.6789622
352.9205295   -1425.6019592   -689.794004
350.2101275   -1428.9462566   -690.3988719
347.8378179   -1425.5969524   -687.2141361
348.1655987   -1433.0368042   -691.7814612
347.4857482   -1427.2875786   -688.0007982
345.4546156   -1430.6559563   -688.9640093
343.5567888   -1433.6795807   -689.789474
342.9465713   -1428.278923   -687.4520779
338.7129577   -1426.4597893   -687.2960329
340.451506   -1430.9853315   -687.844038
335.5749222   -1431.3555956   -687.2773767
332.9351219   -1427.3275137   -687.9965067
330.4198953   -1431.653738   -687.3067617
328.7009569   -1429.2551279   -688.1129742
327.3571404   -1434.3198538   -686.8610978
325.860736   -1430.3644896   -688.2443428
323.954043   -1427.6543856   -690.2198792
322.4053355   -1434.4191551   -686.9602203
321.9233426   -1430.4258823   -689.1118884
321.3092359   -1426.8819094   -691.5101409
318.1655081   -1432.9196215   -688.3550882
318.4916946   -1426.6141653   -692.5443411
316.5475401   -1428.3934832   -691.8878555
315.7311948   -1425.2846241   -694.222331
313.2074746   -1432.2510958   -689.5191669
313.141224   -1428.2238483   -692.9778457
311.1113878   -1435.2029562   -687.5053644
309.3340667   -1430.5351973   -691.9341683
308.9314374   -1433.4205389   -689.3181801
308.6737665   -1427.5040627   -694.7062612
306.2059852   -1432.8148365   -690.2343631
305.490789   -1429.6274185   -693.4963465
304.5343133   -1426.6366959   -696.3638663
303.398219   -1432.0091009   -691.4903522
300.7021817   -1428.9419651   -694.8214769
300.3789457   -1425.4914522   -698.1579065
299.2420169   -1432.2894812   -691.5372014
296.9978424   -1434.8369837   -689.0664101
296.1612316   -1426.5133142   -697.6886988
296.310124   -1429.8783541   -694.3106055
295.2081236   -1432.5002432   -691.6406155
293.437955   -1434.2240095   -690.0098324
292.1495112   -1428.9222956   -695.6828237
293.1591841   -1430.5034876   -693.8513517
290.8251258   -1426.5669584   -698.5576153
291.0619053   -1432.1290255   -692.4844384
290.2605804   -1435.2365732   -689.4447207
287.3434695   -1430.0658703   -695.7077384
287.2614833   -1433.4603548   -691.9422746
285.4142459   -1426.7667532   -700.5404234
284.180996   -1432.436347   -694.1857934
283.4596606   -1429.9829006   -697.5759268
282.1673127   -1426.9086123   -703.8632035
281.3072475   -1429.5628071   -700.3617287
281.6975983   -1434.8417521   -692.5835013
280.9537324   -1432.2974682   -696.3447332
277.9321345   -1432.6373339   -699.282825
275.7260176   -1432.5082302   -704.071641
275.4898044   -1435.0575209   -698.0561614
275.3214809   -1434.1343641   -701.048851
273.7344774   -1434.6376657   -703.7415504
323.2110413   -1434.7038269   -857.1417928
327.4875852   -1434.6277714   -855.7065725
319.1818269   -1435.0428581   -858.6639762
320.4830261   -1432.1655035   -856.340766
324.8291584   -1431.3292503   -854.3798923
314.9133595   -1435.1518154   -860.0950837
316.8039592   -1431.756258   -857.2587371
312.8984245   -1431.7629337   -858.4926724
314.4764277   -1428.2177687   -855.6752801
319.7655948   -1428.3869267   -854.0865779
309.4239505   -1434.5837831   -861.4422679
309.3110593   -1429.0485382   -857.8492403
304.2674931   -1431.0307503   -860.7257009
305.0478669   -1427.3885489   -858.1343889
307.5443479   -1425.2816439   -856.0747504
300.8667501   -1427.5445938   -859.6172333
298.2564839   -1431.2320948   -862.8004193
296.8240353   -1427.423358   -860.8745337
292.3840853   -1432.0454597   -865.1704788
294.084874   -1428.7593365   -862.5195026
293.5718568   -1425.3419638   -860.5595231
290.1079627   -1427.5888205   -863.0353808
289.1004058   -1434.8319769   -867.9975271
285.6908413   -1430.2370548   -866.0447001
286.5685793   -1425.9688854   -862.9325032
285.2335843   -1434.3241453   -868.8961267
282.7852639   -1426.2348413   -863.7036681
282.1214768   -1432.6918125   -868.6595559
279.8009785   -1429.6668768   -866.9570684
278.465   -1425.861001   -863.7174964
278.9257439   -1433.6795807   -870.1874018
275.5987021   -1431.776166   -869.1430688
275.1958343   -1428.357482   -866.0979867
272.5568386   -1430.5698872   -868.073523
272.0497223   -1433.3848953   -870.6310987
270.824221   -1428.1939268   -865.4799461
269.3473073   -1431.6253662   -868.6259389
268.4918614   -1434.897542   -871.7595935
268.152711   -1427.6711941   -864.2396331
267.0831355   -1429.7366142   -866.2461042
265.3146955   -1427.6685715   -863.2210493
265.12104   -1433.2134724   -869.3181872
264.0147778   -1430.6086302   -866.1417961
261.8797096   -1426.7983437   -860.0227237
261.179057   -1430.1854372   -864.0983105
261.6461786   -1432.6853752   -867.4890995
257.2864266   -1429.9080372   -860.6094718
258.956221   -1426.1677265   -856.7343354
257.3840293   -1434.1019392   -866.6461706
252.396104   -1434.5892668   -862.4254465
253.3757957   -1430.1886559   -856.659472
256.3650581   -1428.114295   -857.1124673
249.9187859   -1433.7992668   -857.6779962
249.2859634   -1431.6642284   -852.4760008
