-512.3035263197955     -1696.1665100922357    -938.2827481534608
-512.3035263197955     -1698.7453236141016    -935.6638295214339
-512.3035263197955     -1705.1623243682345    -930.898646546539
-512.3035263197955     -1706.1296083493803    -930.2677693570186
-512.3035263197955     -1713.513893084659    -925.331727625136
-512.3035263197955     -1716.2084437280855    -923.5143618112603
-509.59562928171806     -1720.8979946915808    -923.5143618112603
-506.5890279181338     -1728.2822794268595    -923.5143618112603
-511.8543234480212     -1728.2822794268595    -916.1302602043386
-508.70652279613284     -1735.6663810337814    -916.1302602043386
-512.3035263197955     -1735.6663810337814    -910.1738272678091
-512.3035263197955     -1737.8706970657865    -908.7459754690599
-510.38436128360274     -1743.05066576906    -908.7459754690599
-512.3035263197955     -1743.05066576906    -905.3526070157028
-512.3035263197955     -1750.4349505043388    -901.9887222278068
-512.670460608516     -1750.4349505043388    -901.3616907337812
-512.3035263197955     -1751.855110912098    -901.3616907337812
-510.703938579229     -1757.8190521112606    -901.3616907337812
-508.0647128437054     -1765.2033368465393    -901.3616907337812
-512.3035263197955     -1765.2033368465393    -895.8339612807547
-512.3035263197955     -1768.3996591878717    -893.9775891268594
-510.4916470314926     -1772.587438453461    -893.9775891268594
-512.3035263197955     -1772.587438453461    -891.414524643687
-512.3035263197955     -1779.9717231887396    -888.0462447752252
-512.3035263197955     -1782.8069164102656    -886.5933043915807
-510.257929465999     -1787.3558247956614    -886.5933043915807
-507.14150785806544     -1794.7401095309401    -886.5933043915807
-512.1595599620185     -1794.7401095309401    -879.2092027846588
-511.57549276119033     -1802.1243942662188    -879.2092027846588
-511.31849170701537     -1809.5084958731406    -879.2092027846588
-511.3571537657241     -1816.8927806084193    -879.2092027846588
-511.41772310351206     -1824.2768822153412    -879.2092027846588
-511.2543638189961     -1831.6611669506199    -879.2092027846588
-512.3035263197955     -1831.6611669506199    -878.1655542786857
-512.3035263197955     -1839.0454516858986    -878.0069651216103
-512.3035263197955     -1846.429571605656    -877.7286100191224
-511.29252410600697     -1846.429571605656    -879.2092027846588
-512.3035263197955     -1852.5106233890558    -879.2092027846588
-512.5019404006459     -1853.813783089592    -879.2092027846588
-512.3035263197955     -1853.813783089592    -879.8276272459101
-510.01471486391654     -1853.813783089592    -886.5933043915807
-508.39194490465     -1853.813783089592    -893.9775891268594
-512.3035263197955     -1858.1106152917152    -893.9775891268594
-512.3035263197955     -1858.0642288789124    -901.3616907337812
-512.3035263197955     -1857.4651793978212    -908.7459754690599
-512.3035263197955     -1857.3511636828152    -916.1302602043386
-512.3035263197955     -1855.6693494787169    -923.5143618112603
-512.3035263197955     -1854.522379953781    -930.898646546539
-512.3035263197955     -1853.813783089592    -935.8218692934386
-512.3035263197955     -1853.4623414598652    -938.2827481534608
-512.3035263197955     -1853.813783089592    -942.0616017980923
-512.3035263197955     -1854.1524789856785    -945.6670328887395
-512.3035263197955     -1853.813783089592    -949.1700952278796
-512.3035263197955     -1853.4410070062863    -953.0511344956614
-512.3035263197955     -1853.813783089592    -954.058889843682
-512.3035263197955     -1856.3131555302346    -960.43541923094
-512.3035263197955     -1860.1364471019515    -967.8197039662188
-512.3035318136463     -1861.1979872483937    -970.0447135025537
-510.17839498931374     -1861.1979854171102    -975.2038055731405
-512.3035263197955     -1861.1979854171102    -980.4638013683792
-512.3035263197955     -1859.2588758715674    -982.5880903084192
-509.3277674340804     -1853.813783089592    -982.5880903084192
-512.3035263197955     -1853.813783089592    -986.7668962845203
-512.3035263197955     -1849.0055832636613    -989.972191915341
-510.9505978257047     -1846.429571605656    -989.972191915341
-512.3035263197955     -1846.429571605656    -991.4209203467769
-512.3035263197955     -1839.0454516858986    -995.9504171263416
-512.3035263197955     -1836.3882592272796    -997.3564766506197
-509.8661849474857     -1831.6611669506199    -997.3564766506197
-512.3035263197955     -1831.6611669506199    -999.6618795356338
-512.3035263197955     -1824.2768822153412    -1003.21420340278
-512.3035263197955     -1820.5328229585207    -1004.7407613858984
-510.7128789056128     -1816.8927806084193    -1004.7407613858984
-512.3035263197955     -1816.8927806084193    -1006.175388933853
-512.3035318136463     -1809.5084958731406    -1009.3134215191843
-512.3035263197955     -1802.1243942662188    -1011.3650268143707
-512.3035263197955     -1799.4831339746502    -1012.1248813056559
-510.1426245273605     -1794.7401095309401    -1012.1248813056559
-512.3035263197955     -1794.7401095309401    -1013.4181520749194
-512.3035263197955     -1787.3558247956614    -1014.8763482424071
-512.3035263197955     -1779.9717231887396    -1015.8116580124381
-512.3035263197955     -1772.587438453461    -1016.1454826942311
-512.3035263197955     -1765.2033368465393    -1016.3721040358948
-512.3035263197955     -1757.8190521112606    -1016.8433299238699
-512.3035263197955     -1750.4349505043388    -1017.4889123204495
-512.3035263197955     -1743.05066576906    -1018.6237221224874
-512.3035263197955     -1738.9793561384593    -1019.5090927895918
-512.3035263197955     -1735.6663810337814    -1020.2622447830145
-512.3035263197955     -1728.2822794268595    -1022.2025996013841
-512.3035263197955     -1720.8979946915808    -1024.7557898035525
-512.3035263197955     -1715.5334326045522    -1026.89329511711
-511.3805181971392     -1713.513893084659    -1026.89329511711
-511.0186593108302     -1706.1296083493803    -1026.89329511711
-511.24711193606294     -1698.7453236141016    -1026.89329511711
-512.3035263197955     -1695.7475124116486    -1026.89329511711
-512.3035263197955     -1691.3612220071798    -1023.1859805651014
-510.43998469072756     -1691.3612220071798    -1019.5090927895918
-506.6792918852498     -1691.3612220071798    -1012.1248813056559
-512.3035263197955     -1687.3215935823227    -1012.1248813056559
-512.3035263197955     -1685.7648194203157    -1004.7407613858984
-512.3035263197955     -1684.8436837851089    -997.3564766506197
-512.3035263197955     -1684.7528521200863    -989.972191915341
-512.3035263197955     -1683.9996451881566    -982.5880903084192
-512.3035263197955     -1683.976937271901    -981.2541833567597
-512.3035263197955     -1683.87658293232    -975.2038055731405
-512.3035263197955     -1683.976937271901    -970.7107513365991
-512.3035263197955     -1684.0415815818867    -967.8197039662188
-512.3035263197955     -1684.988172058703    -960.43541923094
-512.3035263197955     -1686.5271827700906    -953.0511344956614
-512.3035263197955     -1689.6308421628316    -945.6670328887395
-512.3035263197955     -1691.3612220071798    -943.2297775867575
