1229.0026816   -2093.7511921   -328.8330734
1229.2683991   -2093.5401917   -330.5755258
1228.523043   -2094.1243172   -332.7820897
1228.9001616   -2093.4073925   -331.6273987
1228.1019958   -2093.7149525   -327.2255063
1228.2770547   -2092.236042   -331.1003149
1228.7159237   -2091.946125   -330.2663267
1228.7367257   -2091.5157795   -328.9589882
1228.4607562   -2091.6333199   -327.8577924
1227.192727   -2091.5837288   -330.6725323
1225.6681594   -2094.2530632   -333.173424
1227.5737794   -2091.782093   -331.0080767
1227.2798689   -2094.2044258   -326.3391852
1227.5205525   -2090.8842087   -327.1068335
1226.7361554   -2092.1115875   -325.9364069
1224.8512181   -2091.0658836   -329.4435143
1224.8117002   -2092.4606323   -330.955863
1224.6434959   -2091.0937786   -325.6569505
1223.5740098   -2093.6739445   -323.9674866
1223.1645855   -2091.170311   -328.2521963
1223.6635359   -2090.8606052   -326.3358176
1223.5367569   -2092.3392773   -329.998225
1221.7138084   -2093.6338902   -330.0948143
1223.7241539   -2091.729641   -324.7129321
1223.3038815   -2091.3743973   -324.9817491
1222.1023115   -2093.3861732   -323.5225081
1222.6484092   -2091.8619633   -324.4298398
1222.4760326   -2091.3908482   -325.2537847
1221.12408   -2092.7929878   -324.1072297
1220.8922776   -2092.0674801   -326.0038793
1220.5147418   -2093.6696529   -323.0189383
1216.904548   -2094.7949886   -323.8310814
