-253.7305085   -1965.5442238   631.0360432
-255.0190417   -1963.1617069   631.5312982
-253.4132329   -1960.1477385   631.0140491
-253.4706918   -1958.8513374   630.8720708
-253.5624234   -1968.4717655   630.5530071
-254.2667715   -1969.7732925   630.577147
-256.2701432   -1958.2140446   631.3664913
-255.7371584   -1955.6778669   630.674541
-255.1392642   -1968.7565565   631.1480999
-255.5576888   -1970.5086946   630.8450699
-258.1886379   -1962.5880718   632.1817636
-256.4549772   -1967.5835371   631.7395568
-256.0546724   -1966.1687613   631.8157911
-256.5697161   -1969.4371223   631.4323545
-257.477018   -1959.281683   631.6936016
-257.4864355   -1972.7109671   631.0145855
-256.8492023   -1965.6150341   632.0156455
-257.9989759   -1955.7206631   630.8940053
-256.827685   -1966.4881229   631.9919825
-257.6707927   -1967.9133892   631.958425
-258.8663427   -1960.0946903   631.8961978
-259.1197816   -1961.591363   632.2060227
-259.1232387   -1963.0260468   632.2388053
-259.5828501   -1955.1954269   630.5461526
-258.7873665   -1958.1487179   631.5950155
-258.6134402   -1956.8992853   631.1875582
-258.700463   -1975.1102924   630.6919456
-258.5628358   -1974.2217064   630.9094429
-259.9183647   -1974.7719765   631.0433745
-261.3904802   -1969.8677063   632.0418119
-259.733173   -1965.105176   632.1859956
-262.2714964   -1967.818737   632.2208047
-260.1312128   -1958.9096308   631.5661073
-261.3259879   -1960.0075483   631.6307783
-259.938213   -1962.1707201   632.2230697
-261.0147921   -1963.124752   632.1231723
-261.3063184   -1972.7989435   631.5854788
-261.3259879   -1974.3907452   631.306231
-262.6348463   -1971.557498   631.7883134
-262.620422   -1975.8626223   631.0364604
-262.2307269   -1961.5323544   631.6922307
-263.7628046   -1962.2421265   631.6376925
-262.8593174   -1973.6944437   631.4878464
-265.1006905   -1966.7738676   631.8673491
-264.596316   -1970.5023766   631.8987012
-265.6005947   -1973.602891   631.4345598
-264.2633048   -1972.6195335   631.7368746
-264.6767823   -1963.1752968   631.5767765
-267.0365302   -1964.6519423   631.0105324
-266.6951744   -1976.9068956   630.6918859
-266.7673556   -1969.8219299   631.6008568
-266.0975782   -1965.7256603   631.5740347
-266.5340034   -1966.8297768   631.562531
-267.3134533   -1968.0039883   631.5360069
-268.7215535   -1972.4012613   630.9579015
-267.7012411   -1969.1631794   631.4997673
-267.9682104   -1969.8270559   631.3641071
-268.2121126   -1968.7435627   631.2808394
-268.1599585   -1969.3069458   631.3126087
-268.7323419   -1969.4634676   630.9971809
