-762.6861063   -2647.2520828   -477.6670337
-761.8649928   -2665.5275822   -470.736146
-763.65647   -2666.7392254   -473.156631
-763.8246743   -2650.1927376   -474.3336439
-765.8555237   -2666.880846   -476.4539599
-766.5194003   -2655.1384926   -469.7552621
-767.6106421   -2652.0729065   -471.8239903
-768.1684224   -2648.6141682   -475.3564596
-769.4545714   -2666.9211388   -471.9811976
-771.6529099   -2666.5501595   -475.2807915
-773.423287   -2646.9140053   -477.319479
-773.7428872   -2650.7673264   -472.2593427
-774.5551793   -2665.6451225   -477.9456854
-774.8232809   -2666.867733   -471.0136652
-776.8091885   -2666.2638187   -473.9236534
-779.8605887   -2648.9806175   -474.0577638
-778.0686346   -2651.414156   -471.1045325
-779.2532174   -2665.1060581   -476.4782786
-781.5102068   -2665.8592224   -472.3708332
-780.881497   -2652.1949768   -469.8700905
-783.6189   -2664.3409729   -475.7004678
-788.4087292   -2648.4122276   -474.5006561
-787.1824232   -2665.6632423   -470.0343311
-788.5249583   -2663.5489464   -474.8711288
-789.4448964   -2650.4409313   -471.5026021
-789.6848647   -2662.03475   -478.8125157
-792.6752297   -2647.8164196   -475.758642
-792.4204794   -2664.5007133   -470.5324173
-792.1410529   -2663.1929874   -474.8413563
-795.6797806   -2651.106596   -470.015347
-794.2342488   -2662.3885632   -477.4265289
-795.7942215   -2663.6819839   -472.72861
-799.1350619   -2648.3988762   -475.1098752
-799.284908   -2663.5048389   -475.2275348
-800.0061242   -2664.7119522   -469.825238
-800.5475727   -2663.4976864   -478.7715971
-805.5491177   -2648.4904289   -476.2746692
-804.501268   -2665.1496887   -471.7379212
-802.8965918   -2664.3824577   -476.1574864
-806.0598103   -2665.4114723   -475.4768014
-809.5837561   -2651.0317326   -470.7430899
-808.8676659   -2666.9352055   -477.4902165
-809.7641198   -2666.7077541   -472.3981023
-811.5025488   -2649.3537426   -476.4312208
-814.4049374   -2669.5346832   -474.6785462
-815.3520552   -2651.6852379   -471.4833498
-817.7349297   -2650.5720615   -476.7413437
-820.636603   -2671.5919971   -470.6786573
-819.4201914   -2673.8479137   -475.8493006
-820.9187714   -2652.7872086   -472.1956551
-821.8134371   -2651.4546871   -477.27862
-824.6359555   -2676.9840717   -474.2887914
-825.24285   -2681.7610264   -478.2088995
-826.1565892   -2653.9206505   -473.4801352
-826.4376847   -2652.7581215   -477.4424434
-827.6651827   -2685.6703758   -479.4354141
-828.8916079   -2682.3580265   -475.7820368
-829.9327818   -2678.2004833   -471.2203443
-829.4958798   -2653.724432   -477.380693
-831.2689988   -2655.7922363   -473.2530415
-831.5074173   -2688.1768703   -478.3018827
-832.6406208   -2654.7191143   -477.7585268
-834.0300051   -2684.014082   -473.2863307
-835.7850043   -2657.4969292   -473.385185
-836.3784281   -2691.4031506   -477.0458043
-837.9550902   -2656.6426754   -478.0450761
-838.6493651   -2686.9790554   -472.4184275
-840.771052   -2659.7681046   -473.5774398
-842.4248425   -2691.3692951   -473.684907
-842.1280114   -2695.8591938   -477.2294462
-843.3178393   -2659.2805386   -477.6106179
-843.1676356   -2662.3575687   -470.5940187
-845.3312842   -2662.1909142   -473.844707
-847.8071419   -2696.7840195   -475.5730033
-847.623798   -2690.8121109   -471.6620445
-846.8427388   -2665.0030613   -470.5120623
-847.5023238   -2661.7062092   -477.0607352
-851.6213623   -2703.5660744   -479.2475104
-850.4826752   -2665.0540829   -474.5706916
-850.2421109   -2667.434454   -470.8153903
-851.5001265   -2662.569046   -479.1809022
-852.3460356   -2694.7021484   -473.1076658
-852.1893946   -2689.9652481   -470.5796242
-853.3148495   -2699.2399693   -475.7969975
-854.4367281   -2668.6475277   -473.6843109
-857.0440737   -2666.6514874   -477.9300988
-855.7754485   -2673.7372875   -470.5878496
-857.869002   -2703.1142712   -477.2761464
-856.2584845   -2693.0773258   -471.9255567
-856.0037342   -2688.6947155   -470.0678885
-857.0275036   -2697.7593899   -474.1970599
-858.6255042   -2682.4774742   -469.810456
-859.7039906   -2678.6882877   -470.7585871
-858.7953774   -2671.3356972   -474.7058451
-860.2927653   -2687.3962879   -470.6936479
-860.792729   -2675.5268574   -472.976476
-859.3477932   -2691.4758682   -471.4470506
-860.6661288   -2695.6005096   -473.056078
-861.7338864   -2700.4289627   -475.1935005
-862.8312079   -2670.6306934   -477.9371023
-862.6508442   -2704.3535709   -477.3115218
-863.2005183   -2683.7086678   -471.5596735
-863.9865843   -2674.5710373   -475.5860865
-863.4904353   -2692.6298141   -472.5022316
-865.4547659   -2679.5341969   -473.631978
-865.9119336   -2688.9827251   -472.5170135
-866.0980193   -2698.2767582   -474.4706154
-865.9829823   -2703.2449245   -476.4354527
-865.940663   -2707.1175575   -478.575021
-867.1496836   -2673.2709408   -478.3559144
-868.7221733   -2685.500145   -473.6252129
-868.6102358   -2694.1354275   -473.9038646
-870.0446812   -2677.2110462   -477.3972332
-872.2368208   -2682.5697422   -475.9470224
-871.1914746   -2690.8378601   -474.2366076
-869.0545288   -2706.1080933   -477.7947366
-870.2887026   -2702.9716969   -476.4213562
-871.8741862   -2698.91572   -475.4609168
-873.0089394   -2695.1432228   -474.920392
-874.6013371   -2688.0476475   -475.5878747
-872.5115982   -2706.8138123   -478.1277478
-875.8513657   -2680.0394058   -478.9371192
-876.1430708   -2704.2765617   -477.3211181
-876.3193814   -2693.3608055   -475.7563472
-877.0402399   -2698.5957623   -476.1269391
-878.886315   -2685.2586269   -478.2718718
-880.0735203   -2691.024065   -477.2196412
-881.6706864   -2708.7814808   -479.2382717
-882.9028336   -2703.2363415   -477.9152572
-882.0031611   -2696.6605186   -477.4211943
-884.4036786   -2689.1846657   -479.3736935
-884.4638792   -2693.312645   -478.5193503
-887.1571747   -2700.2029419   -478.7766635
-886.6048781   -2696.1877346   -478.8588285
-719.8745934   -2656.8784714   -479.3993831
-724.5688168   -2661.5672112   -478.5174727
-726.2618271   -2656.2328339   -478.3989489
-724.9266831   -2662.8978252   -479.0919423
-727.7891365   -2660.3662968   -477.910012
-732.2030989   -2663.6514664   -477.6259959
-733.8791815   -2654.2851925   -476.9866765
-733.7312428   -2660.131216   -475.8643508
-735.7318131   -2663.132906   -476.2344062
-735.6807915   -2665.1413441   -478.7891507
-736.7100445   -2658.2446098   -475.4751027
-734.7827879   -2660.4812145   -475.8334756
-736.315581   -2663.5761261   -476.4402509
-740.859243   -2651.0622501   -477.6125252
-740.515205   -2655.7533741   -475.0730395
-736.983153   -2662.9230976   -475.8756459
-738.5565964   -2661.4661217   -475.1807153
-740.9614054   -2658.9913368   -474.2471576
-741.8362824   -2665.8091545   -477.7297676
-743.1715456   -2663.2266045   -474.9278128
-742.5276963   -2661.01861   -473.9763439
-747.3735539   -2654.5324326   -474.2468297
-743.9372269   -2657.4721336   -473.9153385
-746.7277972   -2650.1255035   -477.1724343
-744.1080538   -2659.4736576   -473.5969305
-747.9754416   -2666.6145325   -478.2103002
-747.13895   -2665.3037071   -475.0882089
-746.2607352   -2661.3440514   -473.0671644
-747.4447218   -2663.4635925   -473.6203849
-746.9671694   -2658.4649086   -473.1209576
-750.2698628   -2647.6790905   -478.7341952
-750.1842705   -2660.159111   -472.128123
-750.1866547   -2662.5723839   -472.3383784
-750.6330935   -2650.9160995   -476.0046303
-750.1744954   -2657.6583385   -472.5609124
-753.4284321   -2665.2052402   -472.6770818
-752.7142493   -2656.2063694   -472.3192155
-754.0141074   -2666.7900085   -477.9081643
-753.6748377   -2658.9689255   -471.143961
-755.872461   -2663.3327007   -470.5000222
-754.1253296   -2649.4424343   -476.6555727
-754.7194687   -2653.0108452   -473.4905064
-756.1304299   -2666.0444736   -473.3967483
-754.0299622   -2665.1306152   -472.2949564
-757.7678887   -2656.9030285   -470.6799984
-757.6186386   -2660.4619026   -469.6202278
-757.8789917   -2662.7621651   -469.817102
-759.9054305   -2666.9757366   -477.2275388
-758.9022843   -2649.8258114   -475.4795432
-761.7884604   -2653.4321308   -472.0259011
-758.2636801   -2664.6819115   -470.7126021
-758.1612793   -2664.2007828   -470.1889157
