-92.544767   -1412.1538401   -1090.3759003
-92.6533071   -1407.6724052   -1036.596179
-92.3514692   -1375.0808239   -1064.9263859
-92.2597972   -1371.0803986   -1069.0345764
-92.7587477   -1384.7439289   -1056.1029911
-94.1180316   -1376.9594431   -1090.456605
-93.6698643   -1395.9807158   -1046.9952822
-92.5753442   -1421.2206602   -1024.7830153
-92.482957   -1403.9149284   -1090.5423164
-92.7664367   -1470.9032774   -1089.4016027
-95.5636827   -1463.0625248   -1089.4595385
-92.2433463   -1483.5592508   -1089.4098282
-94.2851631   -1477.1902561   -1089.3999338
-96.154782   -1414.5450592   -1090.2241468
-93.6151472   -1488.2411957   -1089.4390345
-93.3672515   -1432.661891   -1014.3172741
-92.6127163   -1427.3848534   -1019.0849304
-93.6771361   -1380.4103136   -1060.2645874
-94.2693082   -1448.8985538   -1089.6234512
-93.7950937   -1431.4643145   -1089.9419785
-93.1811062   -1436.8268251   -1089.8417234
-95.4708783   -1397.1027136   -1090.5034542
-94.8732225   -1383.6807013   -1090.549469
-94.3730799   -1425.470233   -1090.0543928
-93.7504498   -1362.767458   -1085.6280327
-94.0600959   -1366.7986393   -1088.2030725
-95.1776234   -1441.2218332   -1089.7424221
-93.9173428   -1363.2954359   -1079.6345472
-94.7096077   -1369.2668676   -1071.9735622
-96.3766304   -1404.8411846   -1040.7875776
-93.257877   -1361.5739346   -1082.416296
-95.4287974   -1389.6368742   -1090.5503035
-95.2235786   -1413.6397839   -1032.7392817
-94.1256014   -1436.2741709   -1010.1546049
-94.0856067   -1438.6603832   -1005.8194399
-95.4969851   -1401.3373852   -1043.3320999
-95.7941739   -1417.9950953   -1029.2001963
-95.4863159   -1371.6216087   -1089.6295309
-98.1275765   -1418.9147949   -1090.0940895
-96.0977403   -1365.3585911   -1077.7277946
-96.8501893   -1367.4166203   -1074.9121904
-98.4937874   -1453.2815218   -1089.5625353
-97.4599449   -1387.6216412   -1055.3507805
-96.2357847   -1390.5662298   -1052.4750948
-93.4586851   -1361.297965   -1084.3609571
-97.2239105   -1482.4924469   -1089.4124508
-97.7581469   -1373.508215   -1068.3062077
-100.0231234   -1379.3432713   -1063.4903908
-97.6632563   -1404.1815996   -1090.3279781
-100.7116763   -1410.0902081   -1090.1471376
-96.630725   -1363.6232615   -1084.4972134
-96.7158405   -1425.4117012   -1022.939086
-97.5450007   -1422.019124   -1026.4788866
-95.8983628   -1429.8268557   -1018.2802677
-97.8092877   -1409.2335701   -1037.81569
-98.2928006   -1384.6657276   -1058.214426
-99.5362131   -1469.0240622   -1089.4371271
-97.413036   -1434.6343279   -1089.8352861
-99.4218913   -1438.0233288   -1089.7626877
-94.8168961   -1362.2540236   -1083.3667517
-97.4784819   -1436.205864   -1012.0737553
-100.7187096   -1433.29072   -1017.4497366
-99.0152089   -1487.5251055   -1089.4310474
-95.8760706   -1493.9813614   -1089.4826651
-97.5483982   -1400.0002146   -1045.4224348
-99.7242061   -1395.8784342   -1049.8467684
-99.4564024   -1427.0008802   -1089.936018
-98.9030925   -1365.9158945   -1085.90734
-97.0824686   -1437.6187325   -1009.513855
-99.0723697   -1440.127492   -1003.7519932
-94.5710269   -1440.1780367   -1001.062274
-99.8753635   -1381.018877   -1090.154171
-100.7044641   -1375.5105734   -1089.6624327
-101.3558833   -1476.0358334   -1089.4240141
-99.9304382   -1370.5707788   -1072.4865198
-98.888549   -1365.1272058   -1080.0807476
-99.1848437   -1386.1216307   -1090.306282
-99.1177288   -1416.2552357   -1032.4648619
-100.9010998   -1413.3528471   -1035.9479189
-101.3530818   -1391.5575743   -1090.2166367
-101.4761654   -1370.2161312   -1087.9263878
-99.8840062   -1403.6283493   -1043.6195135
-100.983235   -1463.1462097   -1089.4732475
-101.2237398   -1420.445919   -1029.9106836
-101.2775031   -1390.3535604   -1054.8698902
-101.3572542   -1425.3163338   -1025.5720615
-101.0658471   -1365.4574156   -1082.8487873
-101.573321   -1438.7543201   -1009.9080801
-101.5375582   -1399.8163939   -1047.6124287
-101.5261737   -1376.2168884   -1067.0278072
-101.1154381   -1491.0948277   -1089.4452333
-92.6630227   -1408.5028172   -868.917346
-91.8789235   -1399.6282816   -884.6372366
-91.9071165   -1414.932847   -938.0379319
-93.2762352   -1402.3234844   -878.5251975
-92.2760693   -1410.4406834   -929.4263721
-92.1005336   -1428.0339479   -962.8006816
-93.2108489   -1439.8169518   -989.1538024
-91.8830959   -1438.5991096   -984.0602279
-93.1508271   -1416.1678553   -859.4135642
-92.2221271   -1418.2950258   -855.6792736
-92.6820961   -1433.4472418   -972.4244475
-92.3616616   -1398.3155489   -889.9307847
-92.4850432   -1397.693634   -894.6754932
-91.7938677   -1425.8372784   -958.8545561
-94.4858519   -1400.0241756   -909.6240401
-95.5970017   -1401.5995264   -913.6103392
-92.6693407   -1423.4628677   -954.8096657
-92.0918909   -1421.0913181   -950.0043392
-92.1098319   -1408.5557461   -925.7619977
-95.3993527   -1437.3537302   -982.0299745
-94.8520628   -1435.3840351   -977.1683812
-94.6023194   -1416.4714813   -941.6800737
-94.4390623   -1419.2506075   -947.0832348
-94.2564932   -1430.0744534   -967.3047662
-94.8049156   -1398.1975317   -903.0390978
-94.553384   -1397.7515697   -898.5370994
-95.3140584   -1440.5442476   -995.5553412
-93.7373964   -1404.5478106   -918.8706279
-97.4146453   -1407.6296091   -925.6384969
-96.2041346   -1410.1699591   -868.1532145
-96.9850747   -1414.7732258   -862.8454208
-98.5328285   -1407.2319269   -872.6901412
-97.2109167   -1404.8454762   -875.6464124
-95.4541294   -1412.2625589   -933.8355064
-96.6313211   -1424.772501   -959.1367841
-97.1286622   -1399.3178606   -888.3136511
-99.0665285   -1401.3061523   -883.4134936
-94.7907893   -1438.688159   -985.5970144
-95.8994357   -1414.7197008   -938.7094378
-98.5404579   -1421.0811853   -952.8012872
-96.3224498   -1427.4250269   -963.7016654
-96.925172   -1409.1821909   -928.3966422
-96.142563   -1398.3769417   -892.188549
-98.1464116   -1398.0944157   -896.0744143
-98.033878   -1431.4310551   -971.4394212
-96.0612623   -1433.6639643   -974.3514657
-98.2009498   -1418.2132483   -858.0377102
-98.6968008   -1438.6310577   -987.2273207
-98.4555212   -1439.8982525   -992.1212196
-99.401447   -1403.5418034   -878.7504435
-100.6336538   -1402.5293589   -917.057395
-99.3214575   -1406.1797857   -923.5285521
-98.5485045   -1428.5827875   -966.8797851
-99.7926918   -1417.7292585   -946.2705851
-99.4660584   -1398.7784386   -906.2108397
-100.264403   -1400.1874924   -911.2746119
-97.621235   -1397.9828358   -899.8841047
-98.4631506   -1440.5306578   -999.5670915
-99.2775289   -1398.2445002   -902.3656845
-97.7356163   -1435.9233379   -979.6617627
-99.8025266   -1434.142828   -977.088213
-100.4927484   -1440.3988123   -996.0331917
-100.8786885   -1436.4467859   -982.4694991
-99.5012251   -1412.6083851   -935.8329773
-100.1910893   -1410.6541872   -932.3102236
-99.225196   -1415.2394533   -940.9028292
-101.349446   -1416.2775278   -943.9636469
-100.5363194   -1398.9367485   -892.0251727
-97.2192613   -1410.1620913   -868.5391545
-100.6922451   -1425.104022   -962.0040059
-101.2223689   -1427.0399809   -965.7377005
-101.0654894   -1407.4149132   -926.5493155
-101.2148587   -1416.0816669   -862.4797463
-101.322445   -1398.2262611   -899.5793462
-95.5007998   -1419.6999073   -853.5929918
-100.3192989   -1420.6565619   -852.6167274
-92.207524   -1458.2239389   -751.4809966
-92.4086896   -1420.5778837   -828.6171556
-92.2680227   -1422.3345518   -808.5050583
-92.0725194   -1425.5869389   -798.2581258
-92.2888247   -1474.318862   -730.0919294
-92.2121135   -1467.818141   -737.6497984
-91.9273225   -1481.4534187   -723.6535549
-92.4339024   -1428.8438559   -790.8424735
-95.4538313   -1434.1477156   -781.1816931
-93.7491385   -1421.2456942   -834.9975944
-92.7207796   -1421.790719   -841.5974379
-93.6493603   -1441.0254955   -772.1890807
-95.496091   -1444.306612   -768.30405
-93.8887326   -1462.9186392   -744.6055412
-93.7978355   -1465.097785   -741.4885163
-94.6549503   -1453.6309242   -757.9727769
-95.6209628   -1486.091733   -721.1315036
-93.2339755   -1490.1998043   -717.7708745
-92.7322832   -1427.2238016   -794.1718102
-93.7458602   -1420.2616215   -823.2339025
-96.2158767   -1471.3432789   -733.9004278
-93.200895   -1450.0406981   -762.2998953
-94.3035809   -1420.3854799   -818.8888431
-94.9202505   -1477.5954485   -727.4162769
-94.4431154   -1421.0959673   -813.4457469
-97.8178111   -1430.2668571   -787.3119116
-94.2367045   -1423.5078096   -803.6722541
-94.6199623   -1447.0076561   -765.4960155
-97.9225961   -1437.8002882   -775.6589055
-95.3883258   -1420.8915234   -849.9065638
-95.6518976   -1421.4912653   -846.0846543
-99.6588794   -1480.9986353   -725.7394195
-97.3311392   -1427.0718098   -793.7229872
-99.3416635   -1424.4279861   -800.059855
-97.566816   -1461.7544413   -746.7740774
-96.6473547   -1457.7953815   -752.466321
-98.7755386   -1467.4220085   -739.046514
-97.2459046   -1422.8112698   -805.3454757
-99.1388885   -1421.4072227   -810.3835583
-96.7164365   -1474.8007059   -730.2775979
-98.7077085   -1419.9684858   -826.0592222
-99.7971622   -1420.3919172   -832.0882916
-99.5583264   -1421.2062359   -837.7705812
-100.1078216   -1421.6216803   -843.6393738
-98.3959762   -1450.9848356   -760.9890699
-97.7263776   -1490.2868271   -719.0771103
-95.4994289   -1494.9384928   -715.9167528
-98.3083574   -1420.0410843   -820.623517
-99.1655914   -1464.4246101   -743.0799007
-98.9728896   -1420.4955101   -815.6303763
-100.7025567   -1447.4225044   -764.7052407
-99.2782442   -1454.6226263   -756.8312287
-98.8579122   -1476.9432545   -728.7966609
-98.7646309   -1421.3758707   -848.0827212
-101.2975303   -1435.1965189   -778.9000273
-100.7340876   -1474.2652178   -731.5715551
-92.4501149   -1529.1495323   -1090.1437998
-93.2438699   -1514.7293806   -1089.8075104
-92.2857849   -1553.6504984   -1090.9107924
-93.8686458   -1621.1651564   -1092.9986238
-91.9829933   -1630.7446957   -1093.1828022
-93.4964148   -1609.7074747   -1092.7624702
-92.8147761   -1508.161664   -1089.6945
-93.8099948   -1597.6941586   -1092.4005508
-95.6839649   -1501.7635822   -1089.5696878
-93.0797783   -1558.5258007   -1091.0496712
-94.1924778   -1543.6013937   -1090.4918909
-93.1420652   -1575.8632421   -1091.6519165
-93.6811892   -1581.0515881   -1091.8134451
-92.2655193   -1571.8039274   -1091.5482044
-93.5222236   -1563.4036064   -1091.2040472
-93.4849111   -1520.7539797   -1089.9193287
-93.1622712   -1568.117857   -1091.3854837
-94.0686194   -1591.6897058   -1092.1839476
-93.9824311   -1586.3560438   -1091.9941664
-95.0734941   -1537.9092693   -1090.2878046
-95.3411189   -1603.8346291   -1092.5606489
-96.0082737   -1525.0501633   -1089.9435282
-96.1072771   -1627.7810335   -1093.0725336
-96.3535038   -1532.6296091   -1090.1026726
-97.6963369   -1614.5871878   -1092.7932262
-96.9154564   -1551.4637232   -1090.6317234
-95.4118101   -1547.5926399   -1090.5679464
-95.351967   -1633.4873438   -1093.1682587
-96.9935385   -1572.3096132   -1091.3721323
-96.3458148   -1556.1950207   -1090.8223391
-96.0085122   -1528.9393663   -1090.0244713
-98.657879   -1513.5933161   -1089.6860361
-99.2964236   -1508.0553293   -1089.607358
-98.7664191   -1561.2448454   -1090.8925533
-98.2156721   -1578.2784224   -1091.539979
-97.6470438   -1566.8257475   -1091.146946
-98.7998573   -1518.5947418   -1089.7585154
-99.0519849   -1608.3277464   -1092.6069021
-98.6454216   -1583.8348866   -1091.7350054
-99.1466967   -1594.3675041   -1092.1273232
-99.6960131   -1599.7419357   -1092.3109055
-99.4834033   -1623.6467361   -1092.9518938
-99.5205966   -1619.4967031   -1092.8703547
-98.6410109   -1589.0853405   -1091.9412374
-100.0055996   -1541.3855314   -1090.1950598
-98.9564387   -1546.8822718   -1090.3955698
-99.31204   -1536.4859104   -1090.0945663
-100.3463594   -1604.0256023   -1092.4470425
-100.5094377   -1631.5119267   -1093.0707455
-99.4622437   -1637.001276   -1093.1655169
-93.8651291   -1638.958931   -1093.2650566
-101.2176601   -1501.7915964   -1089.5197392
-99.3359414   -1528.7373066   -1089.9208784
-100.931081   -1627.2568703   -1092.9946899
-100.6285278   -1556.0935736   -1090.6227827
-101.5357105   -1565.87255   -1090.9342766
-92.200729   -1542.7701473   -722.6365209
-92.2558037   -1543.4970856   -726.23384
-92.4773542   -1550.1061678   -759.6510053
-93.1547014   -1548.0362177   -749.538064
-91.6905133   -1553.3767939   -786.2711549
-94.4009153   -1553.8214445   -795.0869799
-95.2240554   -1552.5789261   -792.0513749
-93.7404958   -1546.5784073   -743.8246608
-91.7964307   -1562.0580912   -811.1712337
-91.9894902   -1564.3932819   -814.4845366
-92.8737251   -1584.6629143   -826.6655803
-93.0640427   -1540.6156778   -718.0080414
-91.9488994   -1538.4732485   -713.3188248
-93.5426084   -1545.4585552   -738.6254072
-93.0385915   -1557.7566624   -804.6860695
-93.6055509   -1578.8379908   -825.2891898
-94.4064585   -1550.0731468   -765.026927
-91.7540518   -1615.6647205   -829.0475011
-91.882619   -1611.6844416   -829.6400309
-91.9234482   -1620.5903292   -828.2741308
-92.0359222   -1625.8004904   -826.8304467
-92.2985402   -1630.8393478   -825.0975013
-94.9524967   -1550.8800745   -777.7840495
-96.1802331   -1550.9021282   -785.7249975
-94.1005675   -1544.3642139   -733.6932421
-95.0093595   -1554.8303127   -800.085783
-95.0997797   -1548.3350754   -755.2070618
-93.409094   -1593.4102535   -829.5689821
-94.720277   -1589.5045996   -829.7173381
-92.9105011   -1635.3909969   -823.6729503
-95.4088894   -1501.3939142   -712.9874825
-94.2587582   -1597.9385376   -831.3345909
-93.6019746   -1607.6786518   -831.9371343
-93.0403797   -1602.7787924   -830.8606148
-94.8687521   -1543.3036089   -729.650259
-94.7390524   -1568.4216022   -820.9472299
-94.3277208   -1573.7146139   -823.6148357
-93.6871497   -1565.2048588   -817.3199296
-94.6964947   -1550.7508516   -773.6338973
-94.4772688   -1535.1548195   -712.7971053
-92.7601186   -1533.2354307   -709.739089
-96.5259997   -1549.5501757   -770.326972
-95.171961   -1558.4577322   -809.7450733
-93.9697949   -1613.1579876   -832.3681951
-94.1914646   -1618.0639267   -832.1774602
-94.9796168   -1561.7684126   -814.9031997
-94.9455825   -1623.9124537   -832.0683837
-95.9763256   -1537.2351408   -716.3459063
-94.5082632   -1629.4759512   -829.5645118
-95.9613649   -1541.7233706   -725.7639766
-95.4175321   -1540.6765938   -721.9159007
-94.6325985   -1633.9449883   -827.7067542
-97.2375003   -1548.1961966   -760.453403
-96.9090191   -1581.4805031   -828.9788365
-96.6207115   -1585.811615   -830.1840425
-97.7064697   -1554.7071695   -805.372715
-95.8996741   -1602.4599075   -834.0009451
-96.7231718   -1538.7939215   -719.8758125
-97.6419178   -1545.8134413   -747.037828
-97.4402753   -1546.7386246   -751.6015768
-96.650335   -1593.3235884   -832.4036598
-97.974631   -1544.5883274   -741.6689396
-97.7238146   -1543.548584   -736.536622
-96.4272944   -1610.5431318   -835.454762
-96.8275992   -1606.3369513   -835.5453014
-97.569081   -1576.2076378   -827.5090456
-96.6638056   -1563.9361143   -819.3604946
-96.5095488   -1615.3280735   -835.550487
-97.0904557   -1542.9730415   -732.6387763
-96.7069594   -1619.8254824   -835.3936076
-98.7449018   -1597.6800919   -835.4226351
-98.3896581   -1570.7656145   -825.62989
-98.7627832   -1551.8016815   -797.3114848
-98.8995162   -1547.9352474   -766.1065459
-98.7437097   -1533.2782269   -715.5503035
-96.0466591   -1532.2847366   -711.9216323
-97.4357454   -1629.4417381   -834.202528
-96.3351456   -1632.8680515   -831.1412334
-98.7344114   -1548.5627651   -774.838984
-98.4768001   -1588.9115334   -832.6035738
-99.1748301   -1565.7157898   -823.3613372
-98.2429115   -1541.6886806   -729.7719717
-98.786327   -1624.1179705   -837.4950886
-100.0268785   -1548.096776   -779.6828151
-98.3997313   -1558.0786467   -814.3786788
-98.5296694   -1560.5039597   -818.0708289
-100.4729   -1551.5108109   -800.9738326
-99.6695486   -1546.3883877   -755.6893229
-95.1292244   -1508.5059404   -710.4434967
-100.7284252   -1504.4872761   -714.2202854
-98.4409181   -1511.7168427   -711.2433314
-100.4999606   -1509.1439486   -712.9232883
-95.8261815   -1513.1707191   -709.6406221
-91.9918744   -1514.1540766   -707.5747848
-99.9604789   -1554.9106598   -810.6330037
-98.7058607   -1549.7955084   -787.8160477
-100.6320444   -1549.4821072   -792.752862
-101.0333625   -1498.5780716   -716.3562775
-98.8604156   -1539.0405655   -723.4691381
-99.1046754   -1603.000164   -837.2878432
-99.3700353   -1540.2088165   -727.0834446
-100.0925628   -1536.1441374   -719.8598385
-98.9619819   -1529.2639732   -712.8109336
-94.7965113   -1530.0227404   -709.5851898
-101.5845863   -1547.8248596   -785.7995629
-98.4294144   -1634.4357729   -833.7480426
-97.0942704   -1637.0075941   -830.2698135
-98.6848799   -1612.7389669   -838.2232189
-99.4947282   -1608.0639362   -838.6659622
-99.6358124   -1617.6798344   -839.3256664
-100.916895   -1547.1535921   -772.9830146
-96.5266553   -1526.237011   -710.1486921
-98.2072083   -1522.3494768   -710.5801702
-100.6381837   -1524.9541998   -712.9233479
-94.3560926   -1523.4889984   -708.2357407
-91.9685689   -1527.2446871   -707.1099877
-100.472006   -1583.9568377   -832.5484991
-100.3324715   -1592.4637318   -835.1889849
-99.6789066   -1562.2570515   -821.2767839
-100.8329121   -1578.6877871   -831.0003877
-100.3302661   -1541.5853262   -733.6537242
-99.949154   -1628.8130283   -838.0242586
-100.0834433   -1632.5739622   -836.9859457
-101.4613239   -1544.7391272   -750.6756186
-99.4121758   -1517.8947449   -711.1775875
-95.3207342   -1520.3348398   -708.765924
-101.5280811   -1539.8539305   -730.0707102
-98.2435075   -1514.5727396   -710.6868029
-95.1262442   -1516.882062   -708.6647153
-100.7399885   -1557.8286648   -817.7106977
-101.5820829   -1559.4375134   -820.7960725
-100.64629   -1636.46698   -836.1473083
-92.4121467   -1682.5428009   -1094.1787958
-91.633412   -1723.3928442   -1095.7241058
-92.1713439   -1745.2241182   -1096.4815617
-93.52276   -1763.8376951   -1097.1072912
-92.3552839   -1668.3033705   -1093.7380791
-92.6928846   -1644.8054314   -1093.3542252
-92.4108354   -1649.6856213   -1093.4103727
-91.938111   -1703.5609484   -1094.9870348
-91.7495219   -1662.1593237   -1093.6028957
-92.2215907   -1657.2293043   -1093.5077667
-92.2516314   -1699.7917891   -1094.8268175
-93.4899179   -1740.5854464   -1096.3109732
-93.0424658   -1693.2214499   -1094.5446491
-94.6702687   -1688.726306   -1094.337821
-93.9776627   -1718.8161612   -1095.5041647
-94.5546357   -1696.9975233   -1094.6480036
-95.0208632   -1653.3756256   -1093.4221745
-93.3734504   -1770.0172663   -1097.3012447
-95.490369   -1750.1648664   -1096.6490507
-95.3530399   -1756.2340498   -1096.8612432
-94.2926732   -1775.3523588   -1097.4733829
-96.2990252   -1731.9555283   -1095.9607363
-97.233328   -1737.3142242   -1096.1624384
-94.83138   -1759.8800659   -1096.9824791
-96.3613717   -1726.5278101   -1095.749259
-96.1053697   -1710.4783058   -1095.1367617
-95.3124491   -1706.1115503   -1094.9892998
-98.3357159   -1671.676755   -1093.7474966
-97.5820748   -1677.9764891   -1093.9240456
-96.974167   -1715.4216766   -1095.3034163
-96.3039724   -1722.2459316   -1095.5830812
-96.8070952   -1658.4635973   -1093.4830904
-97.5823132   -1664.6242142   -1093.5935974
-96.5412585   -1701.6154528   -1094.7797298
-98.2692567   -1743.6197996   -1096.4022875
-97.1283046   -1648.2228041   -1093.3380127
-99.6461836   -1684.0916872   -1094.0747261
-98.1783596   -1642.5446272   -1093.2554007
-97.2457258   -1693.6202049   -1094.4490433
-98.8917676   -1766.8298483   -1097.2335339
-98.9237157   -1772.6068497   -1097.4210501
-99.1803137   -1760.3905201   -1097.019434
-98.0206458   -1719.4045782   -1095.4351425
-98.5896913   -1697.5759268   -1094.5671797
-100.6993381   -1690.0619268   -1094.2488909
-101.5902487   -1653.0653238   -1093.3760405
-100.4950134   -1706.7517042   -1094.8884487
-100.5593864   -1754.0237904   -1096.7988968
-100.9978978   -1748.7537861   -1096.5999365
-100.7792083   -1712.5962973   -1095.1066017
-100.9538499   -1729.2510271   -1095.7967043
-100.5645124   -1733.864069   -1095.9947109
-101.4542905   -1723.1304646   -1095.5307484
-101.3267962   -1717.4527645   -1095.2916145
-100.9129611   -1675.4745245   -1093.8031673
-99.194738   -1778.3558369   -1097.6133347
-91.7104212   -1696.4120865   -760.9726787
-91.6968314   -1729.436636   -744.7516918
-93.363556   -1711.8958235   -754.7289729
-92.0554129   -1762.5011206   -721.1327553
-93.8580362   -1766.6116953   -719.3672657
-92.9751722   -1687.0054007   -764.0484571
-94.1911069   -1681.7544699   -765.5387521
-93.2497708   -1722.3535776   -749.2707968
-94.7337476   -1758.7490082   -723.5201001
-92.5646154   -1650.2923965   -799.8864651
-94.5175616   -1674.8270988   -767.2991753
-93.414518   -1670.2510118   -768.795073
-92.9970471   -1752.196908   -728.4013033
-94.8363868   -1705.9724331   -757.6851249
-94.8310224   -1691.8370724   -762.973249
-91.6766254   -1648.1784582   -805.5250049
-92.3438994   -1642.1772242   -816.593051
-92.7789537   -1665.8482552   -770.8554864
-92.4846856   -1651.0847807   -791.852951
-94.6245519   -1700.6685734   -759.8540783
-94.4338766   -1740.4669523   -737.9582524
-95.5975381   -1744.8922396   -734.7882986
-93.4724537   -1736.8186712   -740.3720617
-95.3212706   -1732.5822115   -743.5193062
-93.520197   -1649.0017176   -810.2702498
-93.250486   -1646.275878   -813.8484955
-93.8411681   -1657.9633951   -778.7780166
-93.7081305   -1660.4561806   -775.7511735
-96.8893496   -1717.9501057   -752.2552013
-93.3140246   -1655.5387974   -781.791389
-94.3162767   -1654.8796892   -785.3657603
-95.580968   -1664.2360687   -773.8480568
-95.6894485   -1727.3523808   -746.8172908
-95.1609937   -1654.4299126   -790.0057435
-97.6508585   -1749.7162819   -731.087029
-96.8672959   -1754.2119026   -727.1097302
-95.8730308   -1770.6917524   -718.0255055
-94.7910277   -1774.6398449   -716.8501019
-93.0790631   -1640.519619   -820.037365
-93.793842   -1639.2635107   -822.6267695
-95.1839415   -1653.7114382   -794.9153781
-94.7757689   -1652.7642012   -806.2298298
-97.5272385   -1696.8733072   -761.6517544
-97.0468847   -1762.9452944   -721.2269306
-94.9222175   -1643.1053877   -821.5268254
-95.103654   -1646.6456652   -818.1015253
-96.1491195   -1654.9474001   -801.9102216
-96.3345496   -1655.0670862   -798.7062335
-97.706112   -1669.182539   -771.5055346
-95.1333372   -1637.9429102   -826.2212873
-96.0654346   -1685.3643656   -764.8195624
-97.0093337   -1688.0815029   -764.2071247
-98.5036222   -1723.2855558   -749.6234179
-95.539066   -1649.9247551   -814.8411512
-96.8834487   -1737.2422218   -740.6511307
-97.0145193   -1659.0549946   -782.4707627
-97.0977274   -1709.7855806   -756.3136816
-99.1857973   -1712.9900455   -755.0574541
-97.6604549   -1673.2010841   -769.1003084
-96.4417783   -1653.2555819   -811.6992712
-97.728285   -1662.4963284   -777.9764533
-95.6334201   -1641.0757303   -824.8154521
-99.971327   -1767.9938078   -719.1570401
-99.7054306   -1678.3416271   -767.5389647
-100.0524489   -1684.7083569   -765.4520869
-98.0636803   -1658.2664251   -787.3205543
-100.2711979   -1741.5864468   -737.8843427
-99.4745819   -1702.3171186   -759.7751021
-100.1097886   -1757.4170828   -724.8722315
-98.7046687   -1760.217905   -722.8518128
-98.3732072   -1657.965064   -805.2978516
-97.6173011   -1656.3334465   -809.1770411
-99.5265571   -1773.7500668   -717.309773
-98.3432857   -1778.4366608   -716.168046
-93.7394229   -1779.4193029   -715.8504128
-101.1664001   -1691.5718317   -763.8729215
-101.093146   -1708.1534863   -757.4639916
-97.7264372   -1647.6995945   -822.6749301
-97.3631469   -1644.0806389   -825.5643249
-97.4412886   -1650.5025625   -818.856895
-97.2552625   -1640.8996582   -827.9892206
-98.375651   -1657.623291   -792.106688
-98.0669586   -1657.2005749   -796.2380052
-99.6950594   -1730.4565907   -745.503962
-100.2230374   -1734.3291044   -743.0332899
-98.0438916   -1653.5885334   -816.0531521
-99.9923674   -1667.1499014   -775.1865983
-100.1571146   -1745.9857464   -734.4548106
-100.6397931   -1727.0971537   -747.684598
-99.543306   -1659.3347788   -800.5398512
-99.611911   -1657.7223539   -813.4970665
-100.7538167   -1751.6883612   -729.6600342
-101.132187   -1737.6884222   -740.8076525
-101.4237133   -1720.5775976   -751.4330745
-100.484821   -1663.1976366   -781.5801501
-100.5266038   -1661.7759466   -784.8798633
-99.8304812   -1640.7494545   -832.5129151
-100.2833573   -1638.7912035   -834.4433308
-99.7085897   -1644.423604   -829.5127749
-99.4462696   -1647.1440792   -826.6128898
-99.7388688   -1651.8945694   -822.1684098
-98.9950625   -1653.0696154   -819.0851808
-99.8837081   -1659.7235203   -809.2573285
-101.5809504   -1673.8097668   -770.6425786
-101.5079347   -1650.9765387   -826.4353871
-100.7184712   -1656.8597555   -818.1621432
-101.4628736   -1661.2479687   -795.6105471
-101.4812318   -1655.3910971   -821.5457797
-100.8298127   -1642.8920031   -832.6097131
-92.5044147   -1888.6809349   -1102.3535728
-91.8660489   -1813.3306503   -1098.9400148
-92.0895664   -1787.7128124   -1097.8717804
-91.8256966   -1909.8478556   -1103.4537554
-92.4113122   -1831.6744566   -1099.7548103
-92.3457471   -1838.0155563   -1100.0355482
-92.9157463   -1878.2508373   -1101.8612385
-93.0118886   -1850.2186537   -1100.6125212
-93.7724439   -1780.9839249   -1097.6550579
-93.9053623   -1896.5629339   -1102.8101444
-92.754337   -1901.7058611   -1103.0458212
-93.2800499   -1803.5801649   -1098.5224247
-94.4772688   -1863.5263443   -1101.2516022
-94.7512118   -1869.2308664   -1101.5077829
-94.5133892   -1843.8248634   -1100.3504992
-94.289991   -1892.3722506   -1102.5919914
-95.2761499   -1883.2426071   -1102.1649837
-94.5438472   -1855.692625   -1100.9031534
-94.5613114   -1859.6521616   -1101.0826826
-94.1019384   -1905.4214954   -1103.2941341
-94.3957893   -1797.8012562   -1098.2854366
-94.8243467   -1821.3567734   -1099.3413925
-96.981558   -1826.5674114   -1099.6108055
-95.4427449   -1809.9722862   -1098.8403559
-95.7275955   -1914.2336845   -1103.8464308
-94.5186941   -1919.2409515   -1104.0723324
-95.4342214   -1874.152422   -1101.7439365
-96.5142576   -1816.1070347   -1099.1334915
-97.8963105   -1793.0247784   -1098.1397629
-98.1121389   -1908.6360931   -1103.6337614
-99.7170535   -1785.2407694   -1097.8630781
-95.927271   -1835.0547552   -1099.9740362
-97.5071517   -1838.9183283   -1100.1868248
-97.402486   -1831.7034245   -1099.8501778
-98.6135332   -1887.7179623   -1102.5030613
-98.0400173   -1901.81458   -1103.2497883
-99.2353884   -1878.45397   -1102.0624638
-98.8090364   -1849.105835   -1100.7043123
-96.2494937   -1852.2632122   -1100.7887125
-99.1539089   -1799.8232841   -1098.4418392
-99.904987   -1806.0230017   -1098.7296104
-100.5945531   -1894.5666552   -1102.9516459
-99.5052782   -1859.5972061   -1101.2152433
-99.2233483   -1866.1520481   -1101.5012264
-100.4821984   -1843.0600166   -1100.4523039
-98.6292092   -1854.033947   -1100.933075
-99.4682638   -1871.8150854   -1101.762414
-99.5329944   -1821.1405277   -1099.4098186
-98.9079801   -1883.2261562   -1102.2773981
-100.7801024   -1811.856389   -1099.0080833
-100.8998481   -1914.0681028   -1104.065299
-98.4661309   -1917.8566933   -1104.1682959
-99.9839035   -1834.9270821   -1100.0511646
-92.0482603   -1806.0922623   -714.2168283
-92.7557079   -1853.5784483   -732.358098
-92.028114   -1829.1290998   -720.7387686
-93.396875   -1835.000515   -724.0147591
-91.7832581   -1880.1841736   -748.8284111
-91.9072954   -1874.8401403   -746.2127209
-92.5357667   -1784.7259045   -714.9992585
-91.7193619   -1870.028615   -743.193686
-93.5297338   -1796.6777086   -714.232564
-93.1609599   -1800.8980751   -714.1504884
-93.1967226   -1864.1332388   -740.0179505
-92.4535719   -1890.1008368   -753.7062168
-92.8349821   -1884.7572803   -751.6306639
-94.3875042   -1858.6341143   -736.9955182
-94.8425261   -1841.9805765   -727.9963493
-93.1067792   -1848.8925695   -730.0088406
-93.3194486   -1899.6202946   -758.5728765
-93.5036866   -1809.6184731   -715.6502604
-94.3192569   -1912.3413563   -764.8233771
-92.1551911   -1916.7231321   -765.1894689
-93.1138722   -1896.2132931   -756.8534017
-94.2843286   -1815.8198595   -717.6946998
-94.2519633   -1820.5959797   -719.3116546
-93.8660232   -1905.6494236   -761.5824938
-94.1647021   -1812.7660751   -716.6702151
-95.4228369   -1892.6457167   -756.8849325
-93.7532512   -1825.0927925   -720.4185128
-95.7595436   -1902.2862911   -761.5607977
-95.8214132   -1788.3813381   -714.7992849
-97.5144235   -1793.3849096   -714.7438526
-96.0048167   -1870.9783554   -746.8463182
-96.5446559   -1866.7782545   -744.3788052
-97.0232812   -1875.3575087   -750.0803471
-95.921549   -1880.8526993   -751.9721985
-96.0794417   -1828.8817406   -723.5711813
-95.1049057   -1805.3026199   -715.3345942
-97.8532759   -1783.7393284   -715.3559327
-96.7862932   -1849.6308327   -733.0112457
-97.9761807   -1853.2400131   -735.8272672
-97.5967375   -1885.0587606   -755.0797462
-97.505304   -1845.5513716   -731.5815687
-96.9221918   -1895.4855204   -759.3803406
-98.2112614   -1798.8137007   -715.223968
-96.7482654   -1862.2407913   -741.1679029
-96.769127   -1899.0861177   -760.925889
-99.2682306   -1837.236166   -729.2577624
-99.3647305   -1834.0013027   -727.9738188
-98.8064138   -1809.5357418   -717.823863
-96.7357484   -1889.0322447   -756.2710643
-97.939047   -1823.4182596   -722.6331234
-97.0794884   -1908.4042311   -765.3236985
-98.5384313   -1903.3807516   -764.4035816
-98.4338251   -1817.4788952   -720.6270099
-98.7944929   -1912.9920006   -768.6225176
-95.7542387   -1915.9580469   -767.2585249
-99.5139209   -1856.9245338   -739.3172383
-101.4227597   -1840.2594328   -732.1133614
-100.8830396   -1802.4668694   -716.4111137
-98.7736908   -1892.2350407   -759.4406605
-100.310835   -1788.6954546   -715.1533961
-101.2766091   -1878.8233995   -754.9818158
-99.345955   -1867.2927618   -746.786356
-99.7017352   -1870.6927299   -749.3124604
-100.0913111   -1863.5118008   -744.5619106
-100.2105204   -1888.805151   -759.0494156
-99.9031392   -1917.4520969   -771.3088989
-96.3973133   -1918.3040857   -768.615365
-101.2219516   -1897.2012997   -764.2758489
-100.0789133   -1907.7566862   -767.7663565
-101.4456479   -1781.3237906   -715.8458233
-101.3979641   -1892.5839663   -762.1391416
-101.5389887   -1910.0779295   -770.175457
-91.6990963   -1936.2076521   -1104.8886776
-92.0219151   -1988.5061979   -1107.9204082
-92.2710029   -1973.1549025   -1107.0628166
-92.2150937   -1930.7807684   -1104.6084166
-92.8127495   -1956.5134048   -1106.0965061
-93.5494629   -2017.616272   -1109.6709967
-91.8993679   -1979.9990654   -1107.4388027
-92.3133222   -2003.6392212   -1108.7995768
-92.4254385   -1949.2106438   -1105.6522131
-93.9595429   -2050.4908562   -1111.5300655
-94.1174356   -2008.1827641   -1109.1438532
-95.4355327   -1941.0068989   -1105.3365469
-94.9808089   -1945.6248283   -1105.5737734
-94.5473043   -1984.0326309   -1107.7857018
-93.5872523   -1995.7996607   -1108.4023714
-94.1312043   -1992.2442436   -1108.225584
-94.864997   -2044.4438457   -1111.2300158
-93.8378898   -1923.4752655   -1104.2758226
-95.408651   -1964.5344019   -1106.697917
-96.040341   -1969.7276354   -1107.0351601
-93.5308067   -1976.8240452   -1107.3344946
-95.8881108   -2056.2231541   -1111.9310856
-92.3770992   -2060.3952408   -1112.0301485
-95.4593746   -1927.5009632   -1104.575634
-95.6285921   -2038.7694836   -1110.948801
-96.1187807   -1999.7696877   -1108.7406874
-94.2457048   -1952.8056383   -1105.946064
-95.703098   -2026.2129307   -1110.2575064
-95.9658352   -2021.6739178   -1110.0109816
-96.6891376   -2012.8166676   -1109.5249653
-96.1001841   -1960.0239992   -1106.4623594
-96.1215226   -2032.2575569   -1110.6103659
-96.357557   -1932.5335026   -1104.9033403
-96.8206254   -1936.8177652   -1105.1681042
-96.327099   -1979.5436859   -1107.6155901
-98.0688063   -1988.8505936   -1108.2116365
-96.7908231   -1974.9282598   -1107.3732376
-96.3984457   -2004.5380592   -1109.0288162
-97.6922838   -1949.8538971   -1105.9482098
-97.5130526   -1955.3400278   -1106.2551737
-99.4628993   -2018.0416107   -1109.9470854
-97.5320665   -1994.5495129   -1108.5060835
-98.580989   -1922.8123426   -1104.4580936
-99.2308585   -2047.7802753   -1111.5885973
-98.9230005   -2052.5510311   -1111.8423939
-99.0796415   -2007.9703331   -1109.3420982
-99.6370641   -1983.3647013   -1107.9769135
-99.9657241   -2042.3235893   -1111.3177538
-100.1178948   -1944.4221258   -1105.7645082
-100.5736915   -1966.0439491   -1107.0283651
-98.3449546   -1962.6131058   -1106.7227125
-99.7479884   -1939.3588305   -1105.4599285
-101.0698406   -1928.917408   -1104.9325466
-100.8732048   -2036.8163586   -1111.0522747
-100.2472965   -2023.3576298   -1110.2855206
-99.6464816   -2027.9512405   -1110.5186939
-97.5801078   -2061.4449978   -1112.2940779
-101.0312168   -1972.202301   -1107.407093
-101.3054577   -1959.8286152   -1106.7013741
-100.3664462   -2003.1280518   -1109.1154814
-101.5357701   -1978.1330824   -1107.7679396
-100.8491246   -1934.9999428   -1105.2690744
-101.3558833   -1992.8183556   -1108.5759401
-92.1153752   -2051.4476299   -733.2487106
-91.7880265   -2045.286417   -733.2172394
-92.0079676   -1980.5811644   -751.1465549
-92.0573203   -2027.5261402   -734.8253727
-93.2715861   -2034.1081619   -734.4610095
-91.8366639   -1943.7515736   -770.9604502
-92.0544592   -2023.329258   -735.4096174
-92.1530453   -1937.6718998   -771.6221213
-92.3824636   -1986.8735075   -747.5100756
-92.4766389   -2040.2231216   -733.6498499
-92.133495   -2016.7765617   -736.7407084
-92.9788677   -2012.0685101   -738.2488847
-91.8949572   -1923.8829613   -767.6630616
-93.116614   -1973.5743999   -756.4503551
-92.5689069   -1930.0764799   -770.1594234
-92.7028982   -1927.0553589   -769.212544
-92.5875036   -1962.0169401   -761.9662881
-92.4895135   -2007.3699951   -739.2421365
-94.1894976   -1977.6697159   -755.0982833
-93.0857984   -1992.1070337   -745.3369498
-93.9259259   -1958.0608606   -765.4986382
-93.101534   -1952.765584   -767.8101063
-93.4039084   -1941.4479733   -772.5394368
-95.0044123   -1966.3335085   -762.1579766
-93.2660428   -1948.8017559   -770.2618837
-95.6280557   -1933.2538843   -773.2669115
-95.5147473   -2057.1866035   -734.153688
-92.6024047   -2061.7733002   -733.5906029
-94.9445692   -2000.7135868   -742.9420352
-94.7352973   -2004.8623085   -741.3270473
-93.5860006   -1919.5942879   -767.1693563
-94.5677487   -2020.9131241   -736.9809747
-96.4132277   -1996.2035418   -745.8850145
-95.9130851   -2047.5847721   -734.3400717
-95.714542   -2043.5547829   -734.4718575
-95.8089558   -1947.6546049   -772.91888
-96.3729946   -1945.1054335   -774.3372917
-95.1444832   -1924.6970415   -770.0033188
-95.4313008   -1921.4781523   -769.0776587
-95.3069059   -1983.9547873   -751.9677877
-96.2603418   -1981.1784029   -754.8770308
-95.149788   -2024.9567032   -736.4993691
-97.5119797   -2029.4766426   -736.7901802
-98.6697403   -2052.3197651   -735.1028919
-97.4452821   -2016.5381432   -739.4675612
-96.730086   -1940.182209   -775.4294872
-95.8199827   -1991.4647341   -747.7853298
-96.8072144   -1988.6882305   -750.2559423
-97.1606699   -2039.388895   -735.3653312
-97.2780315   -2009.5396042   -741.3722277
-95.3106014   -1928.0830622   -771.3348866
-97.1775977   -1962.9230499   -766.251266
-96.5613452   -1950.9094954   -772.2948194
-96.3684646   -1955.0384283   -769.7512507
-96.8504874   -1972.8729725   -760.6845498
-98.3926383   -2034.8501205   -736.3988757
-98.7021057   -1958.0686092   -770.4920173
-98.373088   -1961.1563683   -768.4330344
-99.4157521   -2023.6022472   -738.8148904
-98.2026187   -2004.4791698   -743.6941862
-98.3663527   -2000.7398129   -745.3067303
-99.3880359   -1971.2193012   -764.2782927
-99.5213119   -1967.0130014   -766.592741
-97.6086584   -1923.7679243   -771.5815306
-98.2128707   -1978.4790277   -758.6849332
-100.0854699   -1987.7038002   -754.0768981
-99.1014568   -1928.3127785   -774.5751739
-98.203036   -1919.8151827   -770.6483603
-98.9938108   -2056.3282967   -735.1121306
-99.6553627   -2059.561491   -735.3906631
-95.9439007   -2062.8225803   -734.4741225
-99.7010199   -1935.8770847   -777.4460316
-99.3207423   -1931.8505526   -775.9230733
-100.9503929   -2045.29953   -736.3696694
-98.9507166   -1948.9843845   -775.3989697
-100.1161662   -1993.6778545   -750.2968907
-100.4866687   -1982.62918   -758.1941485
-98.7865058   -1954.5550346   -772.5147605
-101.1526314   -1945.3347921   -778.4819007
-100.9374586   -1999.2759228   -748.0521798
-101.4876691   -1942.4809217   -779.5090675
-99.9279944   -1975.5116701   -762.372613
-100.0844566   -1921.438098   -772.9456425
-100.4115669   -1924.4447947   -774.3545771
-101.0734168   -2003.2055378   -746.3237643
-101.0976759   -1954.4144869   -775.0769854
-91.8513266   -2119.3263531   -1115.2573824
-92.1438662   -2098.2017517   -1114.0995026
-92.7081434   -2140.8648491   -1116.55128
-94.1442577   -2177.3114204   -1118.8446283
-92.5686685   -2167.1180725   -1118.1458235
-92.2620622   -2192.9097176   -1119.7487116
-93.9053027   -2161.3404751   -1117.8474426
-92.6068155   -2104.5808792   -1114.4639254
-92.2367898   -2085.6790543   -1113.4254932
-93.2414261   -2199.4411945   -1120.1972961
-92.3353759   -2152.8270245   -1117.259264
-92.6363198   -2109.1358662   -1114.7145033
-91.6614858   -2127.2699833   -1115.7093048
-95.456752   -2124.3276596   -1115.6833172
-93.0651156   -2068.4828758   -1112.5173569
-93.8526122   -2130.3994656   -1115.9776449
-93.0979577   -2093.121767   -1113.8614416
-94.9088661   -2183.6423874   -1119.2755699
-94.2194191   -2064.4481182   -1112.3354435
-95.4629508   -2156.0640335   -1117.5881624
-95.4133002   -2115.9222126   -1115.1969433
-94.9792591   -2111.7649078   -1114.9469614
-95.3569142   -2089.1997814   -1113.7354374
-95.9322778   -2077.0130157   -1113.0983829
-97.1424905   -2083.2564831   -1113.4816408
-96.3900415   -2135.5540752   -1116.3814068
-96.3259665   -2071.9554424   -1112.837553
-96.2425796   -2188.9386177   -1119.6631193
-96.507403   -2171.356678   -1118.576169
-96.4948265   -2151.0620117   -1117.3229218
-97.9510871   -2145.4269886   -1117.0369387
-95.6445066   -2119.6117401   -1115.4161692
-98.3629552   -2101.8009186   -1114.5274639
-98.1171457   -2094.6512222   -1114.1320467
-97.9273049   -2194.3888664   -1120.0654507
-99.1536108   -2165.4407978   -1118.3174849
-96.6910449   -2107.8023911   -1114.792347
-98.3767835   -2140.119791   -1116.7327166
-98.2165662   -2067.0614243   -1112.6362085
-100.0361172   -2130.2671432   -1116.2086725
-98.8459913   -2159.6000195   -1117.945075
-99.4246928   -2180.7572842   -1119.2800999
-100.23621   -2175.3921509   -1118.9786196
-99.2656676   -2185.4264736   -1119.5656061
-99.6725885   -2112.4632359   -1115.1617765
-101.0588733   -2088.7172222   -1113.9211655
-99.8448459   -2118.8642979   -1115.532279
-101.0568468   -2154.6099186   -1117.7253723
-99.5253054   -2074.4557381   -1113.096714
-101.0991064   -2078.400135   -1113.3682728
-100.2805559   -2071.1488724   -1112.9426956
-100.6973115   -2149.6691704   -1117.4070835
-101.4937488   -2170.6395149   -1118.734479
-100.9047953   -2200.2072334   -1120.5129623
-91.8092457   -2071.5811253   -734.335959
-92.225763   -2093.7006474   -738.7709618
-93.0146901   -2152.2500515   -767.1531439
-93.3897225   -2128.1349659   -754.2085052
-91.7867748   -2175.0230789   -762.7347112
-94.0716592   -2112.1351719   -745.5579042
-93.5941068   -2105.1487923   -742.6892519
-92.5867287   -2140.9738064   -764.0970349
-91.833326   -2077.0423412   -735.0355387
-91.9483034   -2195.653677   -757.2559118
-91.8473927   -2200.0112534   -756.2178969
-92.5303427   -2066.006422   -733.8748574
-93.2910172   -2190.3805733   -757.5011849
-93.3242766   -2084.3393803   -736.6612554
-94.2845074   -2080.5220604   -736.0692024
-96.5208141   -2145.1289654   -764.963448
-94.5976702   -2117.890358   -748.3357787
-93.3841196   -2121.8669415   -750.2918839
-94.667348   -2088.2313251   -737.7351522
-94.9091641   -2157.3781967   -766.0998702
-95.0674144   -2184.2596531   -757.8525543
-93.9172832   -2131.8023205   -756.9406629
-94.3504897   -2134.5267296   -759.2227459
-93.7981931   -2097.6564884   -740.0958538
-95.4164592   -2100.3270149   -741.1851287
-94.745907   -2124.4156361   -752.0359159
-94.6153728   -2162.2364521   -764.5227313
-94.7705237   -2166.4643288   -763.1257772
-95.8986012   -2136.9721889   -761.6308331
-96.7486826   -2177.1736145   -758.7807178
-95.505747   -2171.0846424   -761.2807751
-97.8571502   -2075.7608414   -736.2433672
-96.8509046   -2068.5753822   -735.185504
-95.9113566   -2194.7379112   -754.3656826
-93.7250582   -2197.573185   -755.2849054
-96.7718092   -2096.4443684   -740.2001619
-99.2771117   -2091.4087296   -739.3450141
-97.6527063   -2139.9950981   -763.8025284
-97.2692696   -2152.9364586   -766.027391
-98.3973471   -2188.8365746   -754.3679476
-98.8501636   -2084.0198994   -737.7336025
-97.3121849   -2121.5159893   -750.7660389
-97.6679651   -2129.6768188   -756.1933398
-98.7998573   -2125.5972385   -753.6212206
-99.5745388   -2107.4676514   -744.4473505
-98.146948   -2103.042841   -742.5168753
-95.3001706   -2199.9258995   -753.4338236
-97.4864689   -2133.3065033   -759.0355277
-97.2741572   -2115.1015759   -747.3615408
-100.2837149   -2112.7953529   -746.8172312
-100.0706879   -2117.43927   -749.0391731
-97.369465   -2163.7425423   -762.6389265
-98.1993405   -2160.0847244   -763.6284828
-98.653051   -2147.9513645   -765.3795481
-98.5808698   -2167.0567989   -760.9285712
-99.3172852   -2156.3341618   -764.7659779
-100.8876888   -2182.3649406   -754.9363375
-99.437627   -2099.4598866   -741.5289879
-100.2201764   -2171.4532375   -758.6502433
-101.5166966   -2135.6825829   -762.2917295
-100.8202759   -2193.5551167   -751.6539097
-98.6445276   -2197.5872517   -751.8444657
-101.493272   -2064.7864342   -736.2306714
-100.9996859   -2142.0345306   -764.4680142
-100.346419   -2095.9784985   -740.7397628
-101.3045041   -2070.4336166   -736.5928888
-101.0269848   -2131.5262318   -758.6517334
-100.8762447   -2163.0134583   -761.4012361
-101.5554992   -2128.2446384   -756.1480403
-98.8872377   -2201.4980316   -750.7273555
-92.2171799   -2271.4529037   -1123.6929893
-92.7259056   -2331.4521313   -1124.4255304
-92.2578899   -2316.6148663   -1124.4170666
-92.192742   -2231.6143513   -1122.0610142
-93.406829   -2336.7612362   -1124.3669987
-94.3267075   -2342.0422077   -1124.2675781
-94.3554369   -2285.1157188   -1123.9360571
-94.197723   -2216.5279388   -1121.2741137
-94.8929516   -2222.3849297   -1121.6187477
-94.1266147   -2311.5754128   -1124.2667437
-93.4157697   -2236.7422581   -1122.3248243
-92.9276077   -2290.8086777   -1124.104619
-93.2612149   -2261.5809441   -1123.3469248
-94.962093   -2249.907732   -1122.8733063
-94.9018327   -2256.385088   -1123.1286526
-93.4624998   -2244.6959019   -1122.6665974
-94.0714804   -2275.7747173   -1123.7672567
-94.1161839   -2295.1841354   -1124.1155863
-93.6225382   -2209.9385262   -1120.8688021
-96.4622227   -2205.786705   -1120.7031012
-93.9719407   -2212.8674984   -1121.0606098
-94.7397081   -2241.0171032   -1122.5212812
-95.0094191   -2300.293684   -1124.124527
-96.1064426   -2321.3307858   -1124.1564751
-96.024069   -2227.9479504   -1121.9357252
-96.0936872   -2306.078434   -1124.1039038
-95.0777856   -2268.7280178   -1123.5568523
-96.2106911   -2265.1212215   -1123.4198809
-95.7150189   -2279.6730995   -1123.7963438
-97.2603885   -2327.6848793   -1124.0680218
-97.1935717   -2233.1454754   -1122.1954823
-96.7974988   -2272.1717358   -1123.5984564
-97.4339572   -2315.6452179   -1124.055028
-97.9233114   -2333.4946632   -1124.0042448
-98.2124535   -2291.0759449   -1123.8458157
-98.0203477   -2260.8664036   -1123.2444048
-98.2579318   -2338.722229   -1123.9562035
-98.337504   -2238.2941246   -1122.4154234
-98.822507   -2244.2481518   -1122.6376295
-98.4466401   -2211.9967937   -1121.130228
-98.8128511   -2276.4191628   -1123.6115694
-98.8405076   -2296.8425751   -1123.872757
-99.3277756   -2310.9772205   -1123.9072084
-100.1206366   -2218.6186314   -1121.5212345
-99.8638598   -2281.380415   -1123.6429214
-100.30857   -2286.0856056   -1123.6803532
-100.0596014   -2224.5290279   -1121.8210459
-98.5824791   -2253.3137798   -1122.9827404
-100.1720158   -2256.8502426   -1123.0744123
-100.9164778   -2249.8123646   -1122.8206158
-99.9092189   -2301.7220497   -1123.8369942
-98.9148346   -2268.494606   -1123.4439611
-100.9734599   -2229.6147346   -1122.0625639
-100.9654728   -2318.6089993   -1123.7869263
-100.752267   -2264.6684647   -1123.2869625
-98.6894099   -2342.9055214   -1123.8914728
-91.9446079   -2245.3081608   -798.894763
-92.2429887   -2289.1201973   -816.0441518
-93.2779638   -2336.1473083   -823.7456083
-93.0781094   -2339.6663666   -824.4020939
-92.6483599   -2278.424263   -812.9599094
-94.3234292   -2330.5258751   -822.6642013
-92.3767415   -2233.1528664   -768.8158154
-92.3788873   -2232.9304218   -773.8861442
-92.5929872   -2298.9621162   -818.0107474
-91.9211832   -2232.8233719   -780.4066539
-93.2256309   -2250.1990795   -800.865531
-92.4301473   -2233.3645821   -762.7664208
-92.2746984   -2208.7926865   -753.43436
-96.0048763   -2310.8487129   -819.0333843
-94.6457712   -2303.9078712   -818.2585239
-94.2491619   -2273.4241486   -810.5652332
-92.8376047   -2203.6087513   -754.4028163
-94.6199623   -2294.5842743   -816.3390756
-94.0100876   -2324.5933056   -821.7847347
-93.7298862   -2242.2530651   -794.2672968
-95.1355425   -2316.5972233   -820.2480674
-93.4610096   -2238.4274006   -790.4906869
-93.1118456   -2233.9687347   -756.6373348
-94.0023986   -2215.2447701   -750.2499819
-92.3816291   -2220.1721668   -749.8891354
-92.2652809   -2224.4415283   -747.8973866
-92.3135606   -2232.1357727   -751.8126965
-92.0864669   -2230.1054001   -747.6563454
-93.3236805   -2257.3173046   -804.8411012
-94.1796032   -2260.862112   -805.8881164
-93.9817754   -2235.7640266   -783.0648422
-93.9268199   -2254.3311119   -802.659452
-93.9736096   -2286.3516808   -814.6119118
-95.9211913   -2283.5326195   -812.898159
-96.8720046   -2321.6531277   -820.5748796
-94.2176906   -2268.727541   -809.0245128
-94.3954913   -2235.2333069   -777.2344351
-95.0539438   -2264.4450665   -806.7973256
-94.630572   -2237.8973961   -786.8482471
-95.2278701   -2248.9521503   -797.8886366
-95.228943   -2246.3471889   -795.8493233
-93.2771889   -2227.9856205   -743.8067794
-93.8228694   -2235.1989746   -747.1304536
-93.3725563   -2232.1968079   -743.2844043
-96.7774121   -2289.1199589   -813.9863014
-95.6955282   -2219.2616463   -747.2040057
-95.5515233   -2224.0152359   -744.1228628
-95.8481757   -2204.7095299   -751.8250346
-97.1824852   -2209.363699   -749.8629093
-94.3184225   -2235.9039783   -751.9454956
-95.0547186   -2235.768795   -771.8471289
-95.3104226   -2236.3967896   -765.5369639
-95.0692622   -2235.9170914   -768.6780095
-95.9148733   -2237.8680706   -759.7254515
-95.9695307   -2299.3915081   -816.8348074
-97.6001946   -2278.7268162   -810.321629
-98.534557   -2337.9740715   -823.0161071
-95.7423774   -2344.8450565   -824.9340057
-96.266183   -2238.8329506   -754.6914816
-98.0702368   -2253.841877   -798.1910706
-94.0903155   -2230.0570011   -740.6567335
-96.2416855   -2227.0510197   -740.5236363
-96.8765942   -2258.7428093   -802.5719523
-94.2367641   -2236.3290787   -741.6866422
-94.1156474   -2233.2837582   -739.0267849
-96.6666666   -2242.2482967   -789.1878486
-95.3734247   -2239.6700382   -788.2714868
-97.5059596   -2246.2413311   -792.5496697
-95.9049193   -2239.4759655   -744.3652749
-96.3345496   -2239.2308712   -749.4527102
-97.2842304   -2239.0069962   -780.2338004
-96.4458314   -2239.5823002   -785.3649855
-98.0562893   -2213.0310535   -748.2782602
-97.503039   -2326.5345097   -821.2000728
-96.4340893   -2270.7073689   -808.2957864
-95.7253901   -2230.5119038   -737.2597456
-94.6330754   -2237.3578548   -736.6161942
-95.4672424   -2233.8984013   -734.5730066
-97.3477093   -2263.3202076   -804.4863343
-95.6303803   -2239.7229671   -739.9692535
-98.1170861   -2274.2898464   -808.5259199
-100.1842348   -2330.9211731   -821.1672902
-97.7319805   -2267.4489021   -806.0432076
-98.4667269   -2239.4709587   -774.3003368
-98.7857906   -2297.5356579   -815.0779009
-98.7919299   -2293.5135365   -814.0553236
-95.2393142   -2237.0488644   -731.9628
-95.4043595   -2239.5961285   -731.1370373
-96.5959755   -2242.3858643   -735.7814312
-99.0037052   -2302.0658493   -816.0303235
-99.0463225   -2306.4334393   -816.9404864
-97.5969759   -2238.4440899   -768.5325146
-101.2430517   -2317.4748421   -818.204999
-97.4078504   -2249.2170334   -795.4317927
-96.7853395   -2234.7378731   -729.6962142
-95.9376422   -2239.5737171   -727.4616361
-97.5653259   -2238.7895584   -764.3675804
-96.2757794   -2242.6025867   -730.0411463
-97.7318612   -2231.3075066   -732.8775525
-98.5725848   -2220.7009792   -744.1318631
-99.0092484   -2223.4959602   -741.556108
-97.6255862   -2243.0155277   -741.301775
-101.1267034   -2216.0789967   -745.1480031
-98.8032547   -2228.5029888   -736.1128926
-96.2604014   -2243.5321808   -720.5415964
-95.8213536   -2243.342638   -715.1377201
-96.5696899   -2248.1675148   -716.9712782
-97.0688788   -2240.1316166   -719.098568
-96.4830247   -2242.6187992   -710.959971
-97.6415006   -2239.9089336   -713.744998
-95.4622952   -2246.2732792   -709.5740438
-99.0847675   -2205.2500248   -749.7335672
-95.85807   -2243.2038784   -725.3605127
-96.222314   -2240.3359413   -723.986268
-96.4559046   -2246.0272312   -722.7060199
-97.1862403   -2246.0021973   -726.8815637
-98.716828   -2242.9492474   -746.4901209
-100.2058712   -2242.1352863   -758.0643296
-99.2475478   -2240.5936718   -762.2497082
-100.16385   -2286.1142159   -811.099112
-98.7325636   -2282.583952   -810.8938336
-96.1988298   -2251.1732578   -709.885776
-98.1117813   -2252.6736259   -714.3069506
-98.6852375   -2255.6533813   -709.402144
-95.4770175   -2249.5479584   -706.3262463
-95.7360593   -2251.4133453   -706.0109377
-96.658322   -2253.5698414   -705.6311965
-98.0443684   -2236.5338802   -723.6272693
-99.7858373   -2225.8975506   -738.4788394
-99.5732275   -2242.7520752   -751.963973
-98.0993835   -2246.3514805   -731.7560911
-98.9390341   -2242.4015999   -784.1145992
-99.7991291   -2271.7745304   -806.1991334
-98.0521766   -2248.9042282   -723.3884335
-97.7034298   -2240.4484749   -708.6157203
-95.8571164   -2243.1507111   -707.7283263
-99.466118   -2252.5243759   -719.8175192
-100.194904   -2247.1754551   -737.6408577
-100.6037918   -2246.9165325   -787.7992988
-101.2814967   -2290.8501625   -811.7855191
-100.6859867   -2232.3408127   -727.4448276
-100.0278918   -2262.7637386   -801.7348051
-100.2819268   -2259.2291832   -799.3386984
-99.2062417   -2237.2076511   -717.5170183
-100.5465714   -2211.3358974   -747.3253608
-101.5889374   -2207.5195313   -747.7947474
-99.0147916   -2248.7945557   -727.930665
-100.7267562   -2242.7899837   -778.5696983
-99.8671976   -2265.8405304   -803.5094738
-100.6125537   -2250.967741   -792.4585342
-99.7765986   -2240.7538891   -765.6140924
-101.5619961   -2242.6326275   -769.4385648
-101.0926095   -2282.0222378   -809.0446591
-100.6812183   -2245.9733486   -743.3289289
-101.5661684   -2236.3963127   -711.2655044
-100.8373228   -2268.8605785   -804.0659428
-100.6407467   -2251.4834404   -725.7065773
-101.0676948   -2257.3652267   -797.1866131
-100.3613798   -2255.4807663   -715.2220011
-99.3219344   -2238.7700081   -703.5494447
-100.4582373   -2259.2225075   -706.6526413
-93.7360255   -2250.2839565   -687.0707273
-93.6575858   -2251.4259815   -686.3481998
-93.9924446   -2251.3096333   -688.958168
-93.8448635   -2252.8820038   -683.8858128
-94.5308534   -2254.6577454   -687.4421239
-93.9449994   -2248.98839   -687.7676845
-93.7642781   -2251.9450188   -680.5411577
-94.6745006   -2255.5680275   -679.3430448
-94.4771496   -2254.9080849   -683.9308739
-94.4227306   -2248.9528656   -680.5268526
-94.1468803   -2250.7474422   -677.7379513
-94.2764608   -2247.9608059   -683.73698
-94.2216245   -2252.4263859   -675.3313541
-94.294223   -2254.3144226   -676.2375236
-94.8878256   -2246.5014458   -689.697504
-94.0857855   -2250.1633167   -692.1573877
-94.5958821   -2253.2446384   -691.5645003
-94.2350356   -2247.8456497   -691.8328404
-93.9666358   -2249.5436668   -693.805933
-94.5454565   -2251.4913082   -672.1883416
-94.7702853   -2248.9180565   -676.9446731
-95.414075   -2244.7729111   -694.9088573
-94.8269693   -2245.7206249   -699.4532347
-95.2268568   -2246.4110851   -682.4395657
-94.7791664   -2254.578352   -672.6678014
-95.2584473   -2257.4865818   -676.0549545
-95.6588117   -2246.792078   -678.1304479
-95.6307975   -2254.3654442   -696.6062784
-95.2869383   -2251.3444424   -701.9701004
-96.0355727   -2258.9812279   -682.8153133
-95.1093165   -2253.1228065   -669.2683101
-95.4870907   -2248.5308647   -672.772944
-95.0992433   -2251.0535717   -669.9296832
-95.8677856   -2256.7636967   -692.0119524
-94.7751132   -2245.6111908   -700.4694343
-94.8850838   -2245.9471226   -702.1324039
-94.9124423   -2246.7210293   -704.1173577
-95.2321617   -2244.1949844   -701.739192
-95.577809   -2257.8716278   -672.2762585
-95.7454173   -2256.2558651   -667.9959893
-96.7946378   -2243.745327   -685.3923202
-96.3246552   -2258.7344646   -688.2435083
-95.9081379   -2249.1092682   -669.5739627
-95.829579   -2251.2917519   -666.6814685
-95.6758586   -2253.8027763   -666.257143
-96.6411559   -2242.0670986   -699.4494796
-96.8343941   -2244.37356   -680.2183986
-96.0442749   -2242.1042919   -704.4686675
-96.7946378   -2255.4850578   -701.3651729
-97.1688358   -2242.3892021   -690.9495592
-96.9299404   -2261.3034248   -672.7637649
-96.8273012   -2260.1318359   -668.3261395
-97.3799554   -2258.464098   -696.4228749
-97.6675478   -2244.3237305   -674.9794483
-97.2411958   -2246.3188171   -669.8803306
-97.4313346   -2262.2339725   -677.5178909
-96.3831273   -2255.4531097   -663.592875
-96.2163535   -2253.0112267   -663.96451
-96.9102708   -2258.882761   -663.7968421
-97.2452489   -2248.2025623   -665.3622389
-96.8661038   -2250.9958744   -662.7247334
-97.2889987   -2259.652853   -691.3745999
-97.4427787   -2241.4560318   -695.1099038
-98.2647268   -2262.1161938   -687.2416735
-98.2898203   -2263.2527351   -681.8410754
-96.9554511   -2253.6175251   -660.7432961
-97.4771706   -2257.2209835   -658.9794159
-98.9923803   -2239.4762039   -697.5734234
-97.795519   -2256.2587261   -704.9844861
-99.0026323   -2258.7606907   -702.2755146
-99.4292227   -2240.7720089   -680.1742315
-98.9644257   -2240.3891087   -687.1846318
-98.1206027   -2262.648344   -664.4614339
-98.3745781   -2263.7522221   -668.7818766
-97.8586403   -2251.1825562   -658.7926149
-98.0536667   -2248.8865852   -661.0862613
-98.490986   -2261.5745068   -659.8059535
-98.8238183   -2264.939785   -673.1524467
-97.9202119   -2254.0085316   -656.7121148
-99.0655748   -2239.7694588   -692.5288439
-98.6695615   -2245.2373505   -666.2114263
-99.2259113   -2243.3743477   -669.6119308
-99.199864   -2245.8729744   -661.6358757
-99.1269676   -2262.0401382   -692.8752661
-100.0383226   -2261.7475986   -697.9361773
-99.6806947   -2265.9893036   -677.8957844
-98.5190002   -2255.228281   -653.7775993
-99.1264907   -2260.4546547   -654.7603607
-100.3506509   -2240.9908772   -673.2497811
-98.8825289   -2251.5347004   -654.7906995
-99.4677273   -2248.2886314   -657.0447683
-99.778804   -2265.8774853   -665.3042436
-100.0086395   -2265.5084133   -661.1421108
-100.8637873   -2266.6754723   -683.7081909
-100.7411806   -2265.1741505   -689.7419691
-100.4045335   -2267.4553394   -668.7907577
-100.3516642   -2264.6121979   -655.9912562
-99.689397   -2258.7821484   -650.9649754
-99.7144905   -2255.6035519   -650.1293182
-100.7964341   -2242.5436974   -664.6434665
-99.806997   -2252.4542809   -651.0483027
-101.1205045   -2268.6679363   -673.2928157
-100.418481   -2249.4997978   -652.2675157
-101.5551416   -2262.0339394   -702.3510337
-100.8025733   -2262.4256611   -650.5259871
-100.4243819   -2263.0217075   -652.7807117
-101.4598934   -2264.8713589   -694.4609284
-100.7598964   -2245.2583313   -657.6436758
-101.4929143   -2243.3288097   -660.1220369
-101.1689631   -2241.0054207   -668.820262
-100.6694762   -2258.9697838   -648.0445266
-100.8337466   -2253.44491   -647.6514339
-101.2693969   -2257.1103573   -645.9101439
-101.4539329   -2251.3837814   -647.3047733
-101.4954177   -2265.2041912   -652.2787213
-92.2133652   -2421.3008881   -1123.3416796
-92.4483863   -2435.706377   -1123.059988
-92.6164118   -2452.9099464   -1122.7748394
-92.5274221   -2398.7381458   -1123.7946749
-91.7339054   -2350.3913879   -1124.4305372
-94.0428702   -2475.4528999   -1122.1112013
-91.9203488   -2380.9463978   -1124.0836382
-94.5717422   -2385.663271   -1123.7665415
-92.9066268   -2375.7550716   -1124.0392923
-92.7811591   -2393.8763142   -1123.8490343
-93.6649171   -2365.1194572   -1124.0861416
-93.9112035   -2430.5691719   -1122.9792833
-94.767305   -2354.8424244   -1124.1117716
-93.1531516   -2448.1537342   -1122.7982044
-94.1472975   -2404.2873383   -1123.5169172
-94.7515098   -2481.8563461   -1121.9033003
-94.7325555   -2461.3387585   -1122.374773
-94.4294659   -2457.2467804   -1122.4936247
-95.6191746   -2360.421896   -1123.9635944
-94.9499337   -2390.8147812   -1123.667717
-95.6065384   -2425.8954525   -1122.8778362
-96.2338177   -2415.6329632   -1123.0325699
-95.2486125   -2409.4753265   -1123.2836246
-94.7420923   -2465.6095505   -1122.2740412
-97.0177976   -2469.8424339   -1121.9388247
-97.366604   -2370.5334663   -1123.6633062
-96.9163505   -2347.8837013   -1123.9961386
-94.9395625   -2444.4441795   -1122.6536036
-96.1711732   -2439.5542145   -1122.5856543
-96.5353576   -2380.1119328   -1123.6321926
-98.2439248   -2421.4370251   -1122.6805449
-98.1077877   -2434.3149662   -1122.4486828
-97.5759951   -2395.0173855   -1123.3289242
-98.021659   -2400.7217884   -1123.1764555
-98.2812969   -2449.5482445   -1122.2038269
-96.8339769   -2454.6666145   -1122.2798824
-98.103973   -2375.8695126   -1123.5251427
-99.8826353   -2363.9965057   -1123.5091686
-98.0860917   -2429.5065403   -1122.5339174
-99.3981687   -2474.2584229   -1121.5990782
-99.2420641   -2478.9829254   -1121.5181351
-99.068257   -2405.9109688   -1122.952342
-98.1180993   -2458.5893154   -1122.0687628
-99.374446   -2389.4982338   -1123.2229471
-100.9984342   -2383.6963177   -1123.1316328
-100.0916687   -2464.086771   -1121.7511892
-99.8714296   -2358.1385612   -1123.5961914
-100.5667774   -2353.025198   -1123.6028671
-99.779102   -2443.2253838   -1122.128129
-100.0680653   -2410.9723568   -1122.7257252
-100.6259052   -2426.0487556   -1122.3196983
-100.482854   -2438.6742115   -1122.1144199
-100.8637873   -2418.0727005   -1122.4687099
-101.2893049   -2414.7877693   -1122.5005388
-100.7321206   -2378.6957264   -1123.2249737
-100.7612077   -2455.0230503   -1121.8469143
-99.2848603   -2483.587265   -1121.4288473
-96.0504142   -2475.6183624   -857.3004603
-92.4874274   -2472.1078873   -854.2770147
-96.5386955   -2482.3207855   -861.6437316
-98.6333815   -2468.9123631   -853.820622
-92.6529495   -2408.8306427   -832.6867223
-92.6214186   -2457.0746422   -845.2163339
-93.4131471   -2366.5816784   -829.4481039
-91.9158784   -2466.7370319   -850.8173823
-92.1662179   -2396.225214   -832.8078389
-93.7500922   -2438.3237362   -835.2258205
-95.5198733   -2401.5829563   -833.1543803
-93.922588   -2443.6197281   -837.836504
-93.0171935   -2418.8256264   -831.7722082
-95.1925246   -2378.4584999   -831.0368657
-94.7842924   -2372.300148   -830.1752806
-94.4593278   -2356.5781116   -827.4745941
-92.54733   -2434.3657494   -833.4121704
-93.9557282   -2428.242445   -832.3845267
-93.8696591   -2431.7471981   -833.1101537
-95.0707523   -2451.843977   -842.8955674
-93.7872259   -2383.4760189   -831.7379951
-93.8148824   -2423.7744808   -831.8897486
-92.5205079   -2391.9012547   -832.5511217
-96.5934125   -2461.1167908   -848.6923575
-93.9640728   -2414.2508507   -832.2790861
-94.4774476   -2388.1280422   -832.262516
-97.6251689   -2361.944437   -827.863574
-98.7816779   -2351.880312   -825.65552
-95.7750408   -2447.188139   -840.4874206
-96.1091248   -2466.653347   -851.8667817
-95.9994522   -2393.1512833   -832.6838613
-95.5781666   -2396.9855309   -832.9567313
-95.7199661   -2434.1752529   -834.3638182
-97.8656141   -2454.1797638   -845.1249599
-95.6772891   -2412.4493599   -832.6570988
-99.3165103   -2405.0724506   -833.4186673
-97.7820484   -2410.2227688   -833.0304623
-97.4750248   -2420.7251072   -832.5042725
-97.1198408   -2416.9738293   -832.4983716
-98.1108276   -2367.5656319   -828.8348317
-97.9329077   -2440.5627251   -837.8149867
-100.2086131   -2435.8828068   -836.5591168
-99.5110003   -2383.934021   -831.3751817
-97.7781145   -2425.3237247   -832.9485059
-97.9962675   -2430.4592609   -834.0055346
-99.0434615   -2444.2210197   -840.1040435
-98.7453786   -2357.1615219   -826.6481757
-99.7079936   -2389.0795708   -832.090199
-100.2469388   -2376.8229485   -830.0582767
-101.2815563   -2371.29426   -828.7900686
-98.7339941   -2448.009491   -841.9863582
-99.7079936   -2451.1108398   -844.0006375
-98.6305205   -2396.9967365   -832.9430819
-100.7042257   -2401.3650417   -833.1949711
-100.4201499   -2412.8847122   -833.2138062
-100.2844302   -2392.6115036   -832.4472308
-101.4747349   -2457.7920437   -848.1506705
-101.4746157   -2417.4797535   -833.214879
-101.3772813   -2422.0814705   -833.4203959
-92.1699134   -2620.3596592   -1035.549283
-91.9884769   -2536.8118286   -1122.3386526
-92.2269551   -2611.8917465   -1030.3202868
-93.9551917   -2598.3915329   -1022.2481489
-95.511767   -2575.2792358   -1007.9544783
-93.2677714   -2570.599556   -1003.9902925
-92.0812813   -2564.2573833   -1122.7167845
-92.7652446   -2551.0032177   -1122.4521399
-94.1670267   -2508.8717937   -1121.8633652
-93.4024779   -2515.8801079   -1122.0021248
-93.1219188   -2604.6009064   -1124.2944002
-92.6327435   -2503.4534931   -1121.9680309
-94.3219987   -2606.6322327   -1027.4369717
-94.3489996   -2611.0286713   -1124.6449947
-95.2395526   -2587.3379707   -1015.6311989
-93.606445   -2559.8781109   -1122.5283146
-92.9529992   -2532.0100784   -1122.2090721
-93.6192004   -2492.197752   -1121.8779087
-94.3541852   -2527.0197392   -1122.0401525
-94.1182104   -2498.534441   -1121.8094826
-94.5060579   -2545.9053516   -1122.2571135
-93.0521814   -2621.7362881   -1125.4482269
-97.1324173   -2521.551609   -1121.7364073
-94.8844282   -2616.0976887   -1033.3262682
-96.0387913   -2578.8679123   -1122.9017973
-95.7086412   -2572.6294518   -1122.7061749
-96.3820545   -2487.1566296   -1121.6580868
-94.9050514   -2592.881918   -1123.5566139
-95.2245919   -2599.0812778   -1123.8626242
-96.8074528   -2585.9794617   -1123.1404543
-95.8500234   -2555.4959774   -1122.302413
-96.3597623   -2540.4891968   -1122.0446825
-95.8071081   -2567.2340393   -1122.5421429
-97.7850882   -2617.0253754   -1124.8868704
-98.7352458   -2592.5869942   -1019.7532177
-98.9396302   -2584.936142   -1015.0729418
-97.5655643   -2580.0156593   -1011.6527081
-96.5086547   -2535.0983143   -1121.958971
-95.9025351   -2563.1673336   -1122.4373579
-97.2979394   -2621.0365295   -1036.5908146
-94.792637   -2624.2730618   -1038.1977558
-97.1412388   -2611.4981174   -1030.908227
-97.2540108   -2503.5483837   -1121.527195
-98.7897245   -2550.3296852   -1122.0164299
-97.0156518   -2530.8325291   -1121.8627691
-99.1769163   -2624.0890026   -1125.3285408
-92.9029313   -2628.2680035   -1125.9292364
-98.2854096   -2606.0843468   -1124.1271496
-96.8305198   -2602.6761532   -1123.9863634
-97.9400007   -2512.9213333   -1121.5521097
-98.4877077   -2516.8654919   -1121.5523481
-98.2766477   -2559.9663258   -1122.2172976
-97.5210992   -2495.3622818   -1121.4779615
-98.9755122   -2491.5578365   -1121.3592291
-98.9985196   -2603.0495167   -1026.1695385
-99.3206827   -2597.6383686   -1022.9620934
-99.3329612   -2499.1817474   -1121.3065386
-99.6741382   -2608.0458164   -1029.270649
-101.110789   -2611.3321781   -1124.3309975
-100.5294649   -2527.0047188   -1121.5244532
-99.0713564   -2544.9428558   -1121.909976
-98.744723   -2615.0734425   -1033.2821608
-99.2296068   -2595.9639549   -1123.485446
-100.7018415   -2591.1986828   -1123.164773
-100.6369916   -2600.9712219   -1123.6964464
-101.1337367   -2587.2139931   -1017.0295238
-100.7799832   -2574.846983   -1009.1139078
-98.1533853   -2569.6105957   -1004.6067238
-100.3235904   -2569.5581436   -1122.3226786
-101.1090604   -2575.1945972   -1122.46418
-99.7147886   -2564.5110607   -1122.2227812
-100.9775726   -2555.9365749   -1121.9626665
-100.0147787   -2537.3916626   -1121.720314
-101.6254155   -2487.5850677   -1121.1513281
-100.7531611   -2533.0007076   -1121.5958595
-101.5785662   -2502.8729439   -1121.1156845
-98.3872143   -2626.3308525   -1039.7416353
-101.5215842   -2495.3780174   -1121.0999489
-95.1374499   -2567.142725   -1001.7499924
-99.8013941   -2565.3641224   -1001.4840364
-91.6985599   -2494.613409   -868.7355518
-92.0044509   -2539.1037464   -942.0855045
-91.7339054   -2557.084322   -990.4021025
-93.871626   -2540.3394699   -946.8339086
-92.1067325   -2501.5006065   -874.0376234
-91.9384686   -2549.5505333   -978.0141711
-93.8669173   -2533.0529213   -920.7164645
-93.1443302   -2517.5261497   -892.1775818
-92.8141204   -2512.2611523   -885.1556182
-92.4817053   -2547.2536087   -972.4469185
-94.7819082   -2535.3970528   -928.1042814
-93.6894146   -2527.2417068   -907.4454904
-95.0774876   -2488.3711338   -865.203023
-94.1182104   -2491.5983677   -867.143631
-92.0137493   -2565.6445026   -999.5508194
-92.1942917   -2536.5073681   -931.9187999
-92.6719633   -2560.9767437   -995.1639771
-92.4694864   -2497.661829   -871.0910678
-93.3515755   -2505.2027702   -877.5106072
-97.2668258   -2522.1583843   -899.7756243
-98.5533921   -2524.5285034   -903.7273526
-95.1221315   -2544.5182323   -963.2442594
-94.412121   -2543.076992   -957.9513669
-97.3592726   -2537.3940468   -935.472846
-97.379419   -2541.79883   -952.5225163
-93.3093158   -2514.2438412   -887.7884746
-93.2526318   -2554.7068119   -987.5319004
-96.2177841   -2520.4174519   -896.9312906
-95.018181   -2531.0623646   -915.7006741
-98.7755982   -2550.4221916   -981.1475873
-97.5469676   -2553.1356335   -986.086309
-98.357412   -2546.0619926   -968.9546824
-96.8122212   -2510.3888512   -883.6534023
-97.210559   -2507.1601868   -880.1879883
-96.930894   -2529.3896198   -912.294209
-96.1682526   -2494.4405556   -869.5043325
-96.7771737   -2557.2965145   -992.0049906
-96.3026611   -2555.2277565   -989.0474081
-98.7243382   -2548.1612682   -975.549221
-99.7398225   -2539.1364098   -942.2830343
-97.4848   -2563.7149811   -999.3144274
-98.4815089   -2497.7869987   -872.2930551
-96.2286917   -2502.7015209   -875.8182526
-98.6377922   -2535.6836319   -929.3361902
-99.7035233   -2561.593771   -997.7855682
-97.7648226   -2512.6140118   -886.5181804
-98.2321826   -2514.7416592   -889.3612027
-97.2624747   -2518.4998512   -894.3463564
-98.6407129   -2528.1097889   -910.0571275
-98.365399   -2533.8554382   -923.5033393
-101.4886228   -2540.5857563   -947.7527738
-99.8640982   -2489.8705482   -867.1455383
-99.065992   -2543.4732437   -959.012568
-99.6686546   -2542.7463055   -956.110239
-100.3083316   -2529.2444229   -912.6595259
-101.1243192   -2544.6794033   -963.7100101
-100.8949009   -2494.7071075   -870.5350757
-99.9229876   -2501.5068054   -875.456512
-101.1750428   -2554.4340611   -989.0261889
-101.5920965   -2517.5979137   -893.7748075
-100.4963247   -2523.0455399   -901.7162919
-91.631147   -2669.1036224   -1129.1791201
-91.897103   -2747.563839   -1105.435133
-93.3069912   -2636.4941597   -1044.8592901
-92.8451148   -2751.1975765   -1132.8929663
-92.7638141   -2757.5747967   -1132.5726509
-93.2966796   -2668.1277752   -1062.4847412
-92.1022622   -2685.6000423   -1130.5975914
-92.6543204   -2706.8533897   -1132.3764324
-92.6585523   -2694.3387985   -1077.2407055
-92.9401842   -2645.401001   -1049.6613979
-92.4689499   -2728.9135456   -1096.3020325
-91.8175308   -2709.467411   -1086.4212513
-92.3274485   -2717.4258232   -1133.0213547
-92.1473233   -2680.1235676   -1130.1038265
-93.699309   -2744.4555759   -1133.1493855
-93.8996402   -2683.7852001   -1071.1987019
-92.6243392   -2736.0305786   -1099.7823477
-93.0977789   -2702.4288177   -1082.0323229
-93.1241242   -2674.9699116   -1129.6224594
-91.9199911   -2721.3618755   -1092.543602
-92.3393694   -2724.2422104   -1093.9235687
-93.8715068   -2651.463747   -1052.9800653
-92.4927918   -2659.1572762   -1128.3400059
-92.4586383   -2663.9056206   -1128.7257671
-93.083593   -2732.254982   -1133.3554983
-93.9935771   -2738.165617   -1133.2967281
-94.3838684   -2697.4740028   -1131.5926313
-94.9297277   -2702.4555206   -1131.9952011
-92.4514858   -2756.7915916   -1109.015584
-94.9006406   -2753.0944347   -1106.6069603
-94.0516917   -2762.8097534   -1132.0102215
-93.3765499   -2718.7840939   -1090.8825397
-94.8834745   -2713.7448788   -1088.0893469
-94.633135   -2691.4229393   -1131.0462952
-93.147072   -2742.5341606   -1102.6933193
-94.7497217   -2634.3548298   -1126.2971163
-94.0873352   -2673.8498211   -1065.8321381
-95.2282277   -2663.8309956   -1059.9558353
-93.6614601   -2627.8367043   -1040.1113033
-94.1260783   -2650.6621838   -1127.597332
-94.7758881   -2678.5697937   -1068.3403015
-93.3801857   -2760.3807449   -1109.9832058
-94.3142501   -2765.0563717   -1111.2831831
-95.7715837   -2712.2352123   -1132.668972
-95.4811303   -2656.8665504   -1055.9860468
-95.955762   -2698.45891   -1079.1908503
-94.6787325   -2747.6375103   -1104.4332981
-96.157345   -2707.5777054   -1084.6704245
-95.0140683   -2722.3289013   -1133.1722736
-95.0363604   -2691.9782162   -1075.4835606
-97.026023   -2689.1386509   -1073.693037
-96.7772333   -2727.4713516   -1133.266449
-95.1465694   -2642.7288055   -1126.9242764
-96.6548649   -2646.6526985   -1127.1752119
-97.5336758   -2655.8654308   -1127.8905869
-95.1670138   -2640.4721737   -1047.1374989
-96.9372121   -2638.8630867   -1126.5463829
-97.0549909   -2631.3655376   -1042.3538685
-96.8780843   -2666.7182446   -1128.8034916
-96.5182511   -2671.3962555   -1129.2049885
-95.575544   -2710.3607655   -1086.2915516
-96.3422982   -2721.5445042   -1091.4969444
-96.2249962   -2682.5618744   -1130.183816
-97.5265829   -2686.8338585   -1130.5316687
-96.0466591   -2678.747654   -1129.8501492
-98.3692137   -2717.782259   -1132.9320669
-98.6535279   -2728.7538052   -1094.3701267
-100.1068679   -2759.8724365   -1107.1288586
-96.8991844   -2661.5865231   -1128.382206
-97.3224369   -2734.5304489   -1097.5809097
-97.3574249   -2741.7404652   -1100.8681059
-99.2733566   -2706.6886425   -1132.2211027
-97.2385136   -2693.5594082   -1076.1529207
-97.7102844   -2753.5762787   -1132.7669621
-96.956226   -2758.9302063   -1132.4902773
-98.4845487   -2747.2112179   -1133.0230236
-98.8755552   -2630.5980682   -1125.8277893
-96.3548151   -2648.6165524   -1051.5124798
-98.0990259   -2645.4172134   -1049.9020815
-99.4088379   -2733.2310677   -1133.2683563
-97.2349969   -2702.890873   -1081.7992687
-99.1902677   -2675.7893562   -1129.4856071
-98.7332193   -2672.2381115   -1064.6525621
-96.4919654   -2666.2545204   -1061.3160133
-98.712298   -2669.1339016   -1062.9233122
-97.2186057   -2638.3059025   -1046.0813046
-100.3038017   -2635.5993748   -1044.8518991
-96.9856707   -2718.1715965   -1089.7159576
-98.6126987   -2766.0319805   -1109.951973
-99.1263715   -2740.5595779   -1133.1971884
-101.336929   -2651.9653797   -1053.4243584
-98.6637203   -2681.5583706   -1069.5407391
-99.8784629   -2685.5874062   -1071.5538263
-98.7522928   -2764.6231651   -1132.1408749
-95.5967633   -2767.1568394   -1131.4275265
-101.0653106   -2676.8872738   -1066.9492483
-98.4912244   -2650.5608559   -1127.4204254
-99.3691412   -2695.2962875   -1131.2602758
-99.4255272   -2700.5181313   -1131.7222118
-100.1964537   -2690.723896   -1130.8100224
-97.6134268   -2751.9824505   -1105.0915718
-99.3743268   -2748.2347488   -1102.8877497
-99.1833536   -2635.1923943   -1126.1639595
-99.4202224   -2710.7479572   -1085.8336687
-100.3648368   -2716.1893845   -1088.1079435
-100.2432434   -2723.0660915   -1133.1171989
-99.4817344   -2642.8236961   -1126.7536879
-100.554618   -2639.9691105   -1047.1265316
-98.2069699   -2658.197403   -1056.7593575
-98.7269608   -2663.8922691   -1059.9540472
-101.0739533   -2695.483923   -1076.9684315
-100.7300345   -2700.9401321   -1080.2162886
-99.6520845   -2680.3042889   -1129.8650503
-100.1392332   -2705.1289082   -1082.800746
-99.9811021   -2683.7882996   -1130.1686764
-99.9605981   -2720.4349041   -1090.0757313
-101.4729468   -2647.2582817   -1127.0349026
-101.5265314   -2727.6031971   -1133.2104206
-100.1401273   -2659.8744392   -1128.1244755
-100.1981822   -2691.539526   -1074.7557878
-101.1790959   -2689.0676022   -1073.3265877
-101.2551514   -2632.7104568   -1043.3962345
-101.2223092   -2733.2839966   -1095.736742
-101.1205045   -2753.5007   -1104.2869091
-93.0974809   -2775.1774788   -1115.844965
-93.9361183   -2771.0926533   -1130.2793026
-92.5399391   -2779.8347473   -1121.3974953
-94.6198431   -2780.1492214   -1118.3400154
-95.170292   -2779.8097134   -1126.5314817
-97.1570937   -2776.2117386   -1129.470706
-96.6327516   -2772.0665932   -1112.8501892
-94.5731131   -2781.9333076   -1123.7590313
-97.1854059   -2778.191328   -1114.9071455
-100.1092521   -2770.3506947   -1131.3166618
-97.3237482   -2785.9151363   -1121.0590601
-98.139259   -2784.7809792   -1125.1709461
-99.6083347   -2782.6113701   -1115.9999371
-100.5596248   -2782.3679447   -1128.4118891
-101.5780298   -2775.7308483   -1112.1429205
-101.4268724   -2789.4666195   -1124.1183281
-101.4728872   -2787.1718407   -1126.6107559
