1263.1441625   -2197.827816   102.2347957
1266.2710818   -2200.7005215   103.1891182
1269.1252502   -2201.5781403   101.0617614
1259.7714337   -2194.7069168   101.2004316
1261.6138729   -2198.9779472   106.4504087
1258.5331472   -2196.0413456   105.5328622
1263.8529214   -2201.1508942   107.1921811
1255.6397589   -2194.8616505   107.6644361
1254.3732794   -2191.5671825   103.3456326
1258.5915001   -2197.8182793   108.5961312
1252.5610598   -2192.9700375   108.7064967
1250.4996928   -2188.158989   102.6656479
1251.0990175   -2190.2797222   105.8523282
1248.2665452   -2189.1098022   107.807219
1247.9321631   -2190.3772354   110.4961708
1247.2467097   -2185.2560043   101.8928438
1247.2952875   -2186.6481304   104.6002582
1245.1483878   -2186.8805885   107.9439521
1243.4624108   -2184.2756271   105.412133
1241.1563667   -2185.4643822   109.6601412
1241.10612   -2181.8311214   103.6451012
1240.000871   -2183.0911636   106.8437174
1237.8566536   -2178.9500713   101.6996428
1236.7674979   -2182.3012829   108.2369834
1237.379578   -2180.9723377   105.6174487
1235.652891   -2179.2106628   103.9808169
1234.0125116   -2177.4880886   102.1259055
1234.5770868   -2182.7185154   110.1394594
1233.2926067   -2179.7845364   106.3826159
1230.9114607   -2181.5555096   110.2124602
1229.1946682   -2176.4321327   103.0679792
1228.6493453   -2179.2576313   107.5932831
1225.9462746   -2177.6101589   105.8713421
1224.4471582   -2175.6186485   103.1990126
1225.0992926   -2179.4691086   108.8080034
1222.3084839   -2177.6280403   106.4586267
1221.7113646   -2180.3474426   110.3828177
1221.1230668   -2175.4865646   103.3654511
1217.8492817   -2178.2000065   107.2943732
1217.6296981   -2176.4431   104.8139334
1217.9874452   -2174.4909286   101.8410847
1215.8096107   -2179.3735027   108.6719856
1214.1439589   -2175.4906178   102.3764834
1214.0167626   -2177.7415276   105.9113294
1212.6947316   -2180.0630093   108.7930277
1210.5631503   -2177.3450375   103.9111987
1210.5397853   -2175.6503582   101.0701358
1210.703996   -2178.8697243   106.2650606
1209.5613154   -2181.1034679   108.9295372
1206.9431814   -2180.1366806   105.7727709
1207.2356614   -2177.4389744   101.8815041
1205.7258757   -2182.5294495   108.645454
1204.1881951   -2179.4521809   102.329202
1203.1873735   -2181.8492413   105.378665
1202.8615745   -2184.2992306   108.9415252
1200.9020122   -2181.6723347   102.0444781
1200.6513747   -2183.7806702   105.3038836
1200.4687461   -2186.8498325   110.1433262
1199.1434964   -2186.1336231   107.3201224
1197.914687   -2184.9665642   103.3268645
1198.0014714   -2188.7936592   109.9918932
1196.0056695   -2188.5147095   106.4220443
1195.1636346   -2191.2648678   109.9550352
1194.6994337   -2187.797308   102.1605954
1193.8155564   -2190.6075478   105.9162915
1192.5276192   -2193.6373711   108.8842005
1191.9945153   -2191.3502216   101.6651988
1192.4307021   -2192.2256947   105.7500541
1189.8798021   -2197.5259781   110.3805378
1190.3723153   -2195.2445507   106.2262729
1188.1244453   -2197.9284286   104.2347848
1186.9201335   -2200.3679276   106.7102328
1187.0988878   -2201.0941505   109.9537387
1185.5801614   -2201.5287876   102.3645476
1383.1649097   -2338.6213779   100.7090583
1384.6547874   -2341.5839672   100.7415876
1381.7722472   -2336.1217976   101.2701467
1381.195155   -2335.8707428   103.705816
1384.1425451   -2341.8827057   103.2466665
1380.2182349   -2333.2128525   100.8169875
1380.386916   -2335.6781006   108.0081016
1379.777995   -2333.463192   105.3357422
1382.7132853   -2340.7709599   107.0811227
1381.9735321   -2340.5275345   109.9853367
1378.6988529   -2330.8956623   102.5530547
1377.8518709   -2330.1329613   106.8043634
1376.9298466   -2328.0370235   101.6293988
1376.1889609   -2326.9758224   103.5608575
1376.7439993   -2328.753233   110.0004762
1375.7388862   -2326.5075684   107.3124111
1373.7670454   -2323.652029   102.277115
1373.8364848   -2323.5282898   108.1233397
1371.8371066   -2320.889473   105.8386266
1368.1424531   -2316.2448406   107.3560119
1369.1410693   -2318.0875778   103.3532172
1366.5892752   -2315.2959347   103.1164974
1365.2471574   -2312.5002384   109.978281
1364.822534   -2312.8838539   105.9460863
1362.7378615   -2311.6986752   101.7587855
1362.3675974   -2309.4456196   109.5440537
1362.3635443   -2310.4887009   105.3021178
1360.1717027   -2308.0558777   106.1975807
1359.1404828   -2308.0837727   101.9376665
1359.2625531   -2306.5159321   108.8759303
1356.318024   -2304.9297333   103.8717553
1356.0211929   -2303.5385609   108.3669215
1352.8502854   -2301.281929   105.0993353
1353.4735712   -2300.8439541   109.5063314
1351.839629   -2300.9285927   102.3388878
1350.8727821   -2298.7141609   108.0345362
1350.1677188   -2298.7105846   105.0204262
1348.6530455   -2297.8639603   102.370657
1348.4151038   -2296.4408398   107.2795987
1346.4346799   -2293.9493656   109.4279066
1345.682648   -2293.7264442   107.0425734
1345.9115299   -2294.990778   102.6868448
1343.512741   -2291.9521332   104.678832
1343.1265625   -2292.5028801   100.9129286
1341.9412049   -2289.5338535   107.2061062
1341.0824808   -2289.7422314   102.6102677
1340.443519   -2286.9961262   109.9400669
1338.8317498   -2286.2877846   105.1573977
1339.7357734   -2286.7531776   107.5231805
1337.6542004   -2285.3257656   103.1735912
1338.3319648   -2284.4278812   109.2624217
1335.8719619   -2282.3946476   104.8371419
1335.9018239   -2280.831337   110.0004613
1333.0555233   -2278.9084911   102.8789952
1334.1818126   -2279.2272568   107.029222
1332.6798352   -2276.1194706   109.3143821
1331.6024812   -2275.6540775   105.7454422
1330.5387767   -2272.9651928   108.3917096
1329.2954239   -2272.2716331   104.5686826
1327.9922875   -2268.6152458   108.3364338
1326.7633589   -2268.1801319   103.5610363
1326.3564976   -2265.4883862   108.7505817
1325.4211219   -2264.7793293   105.9106737
1325.1414569   -2265.6028271   102.1659523
1323.2627781   -2260.3759766   106.6165715
1323.2803615   -2262.1052265   101.8398628
1323.0999979   -2259.1712475   109.3603596
1322.1698078   -2259.4780922   103.1839103
1320.9643038   -2255.7320595   107.4561477
1320.0284513   -2254.9717426   104.052119
1319.3734559   -2252.7225018   107.8140438
1317.8873929   -2249.7832775   109.670341
1318.3964761   -2252.0713806   103.326045
1317.20337   -2249.2609024   105.6456417
1316.5653022   -2248.875618   102.1866724
1315.4460462   -2245.8689213   108.6615473
1314.7096904   -2245.1682091   104.1035727
1313.0424889   -2242.3119545   105.7485715
1312.1634396   -2241.1515713   109.9407971
1311.2322363   -2239.6700382   105.5814847
1311.3342794   -2239.8819923   107.9879627
1310.2379712   -2238.3136749   101.8877998
1309.4460043   -2237.421751   107.7710316
1308.8268312   -2236.3643646   105.2389145
1307.5692924   -2234.6129417   102.6778519
1306.9955977   -2234.6613407   108.6000204
1305.7242902   -2232.7399254   105.8130935
1304.3768676   -2230.62253   101.7289758
1304.2704137   -2231.9231033   109.3217954
1302.7579459   -2229.5513153   105.9251428
1301.4298948   -2227.5910378   103.1776518
1301.453379   -2229.4690609   110.1876274
1300.1218113   -2227.4436951   107.6422334
1298.3140024   -2224.1692543   101.5624106
1297.8975447   -2225.0785828   106.4117178
1294.1910895   -2221.4238644   104.9573943
1294.8257598   -2223.6750126   109.5823795
1291.1392125   -2219.5866108   106.468305
1290.4997142   -2217.893362   103.4620181
1289.8251089   -2219.6543217   108.6665168
1285.6008681   -2216.1653042   107.3772684
1286.6192731   -2214.001894   101.2014225
1286.1851724   -2215.2154446   104.690969
1283.93617   -2216.7053223   110.3372127
1281.8311723   -2211.7190361   103.7263274
1283.0565842   -2214.3063545   107.0529744
1281.6733988   -2214.9391174   109.6469313
1279.6862992   -2212.7959728   108.1544831
1278.1173261   -2210.4361057   105.8695614
1276.0744961   -2206.6736221   101.5416905
1276.0328325   -2211.44557   109.7332612
1274.8685154   -2208.9750767   106.9860682
1272.1255692   -2206.8829536   106.5996438
1270.803121   -2204.8332691   104.7257259
1268.2563337   -2205.7638168   109.1975346
1268.1488665   -2202.9242516   104.7430411
1266.5157589   -2204.0245533   108.5293517
1264.7918733   -2203.649044   110.0727096
1185.133663   -2203.5219669   108.9501679
1184.050289   -2204.1056156   104.6154201
1183.3866509   -2204.7092915   101.3448909
1181.000677   -2208.9281082   108.4404439
1180.9633645   -2208.1451416   101.4160886
1180.3048524   -2209.2409134   104.6815366
1178.722051   -2212.097168   109.8084003
1178.2593402   -2211.9755745   105.9174985
1178.1394156   -2211.879015   100.9355038
1175.8257421   -2214.7028446   101.7982587
1176.5490445   -2214.4863605   108.8211909
1174.9840649   -2215.9218788   106.3213125
1174.7463616   -2216.7472839   109.8958999
1173.5835942   -2217.3299789   101.742737
1172.626284   -2219.0954685   109.9744141
1171.5573939   -2219.6381092   105.0676852
1168.836263   -2222.7449417   108.0541685
1169.4255146   -2221.9839096   101.3855636
1167.7472862   -2223.6208916   105.4649726
1167.3554453   -2224.1785526   100.9858474
1166.1122116   -2225.3808975   108.158119
1164.9922403   -2226.4380455   103.9956287
1164.0656265   -2227.3697853   110.1907045
1163.1603511   -2228.1394005   106.7945436
1162.3614701   -2229.057312   103.3949628
1160.1240905   -2230.8592796   107.0817411
1159.6935662   -2231.6431999   103.5345569
1157.7007445   -2232.9492569   108.8787019
1155.2189859   -2236.1164093   102.91031
1155.0221714   -2235.4490757   107.6422706
1151.7619165   -2238.3265495   107.7014059
1153.312889   -2238.4114265   101.2890488
1151.7775925   -2239.2590046   103.72895
1148.578194   -2241.3742542   106.8730652
1148.5905322   -2242.4263954   103.1999215
1146.0341486   -2244.5297241   103.9051414
1145.5281647   -2243.5421944   108.6100191
1143.4110077   -2246.5546131   104.803361
1141.722587   -2246.9673157   108.025983
1141.741422   -2249.1557598   101.6832814
1138.4134563   -2250.5526543   105.549857
1138.6044892   -2251.6942024   102.230601
1138.647643   -2249.3004799   109.0783551
1135.2361711   -2254.0640831   103.2488272
1135.578719   -2252.3858547   107.3876172
1132.7354582   -2255.6402683   104.6518758
1132.5241002   -2254.591465   108.57182
1131.4268383   -2257.8258514   101.7784923
1130.851117   -2255.4812431   110.3070751
1129.1790279   -2257.8589916   106.7402661
1128.1888755   -2259.8400116   103.2076031
1126.3706955   -2259.1609955   109.89099
1125.114766   -2261.5134716   104.914926
1125.2010735   -2262.4533176   101.8580869
1123.6356767   -2263.9098167   100.7110476
1123.0163845   -2261.9874477   108.0147624
1121.5974363   -2263.9315128   104.5050398
1119.8354634   -2263.7481689   108.4018499
1118.1083592   -2265.7897472   104.4026911
1116.6209849   -2267.1890259   102.0231247
1116.2487539   -2265.376091   108.9388132
1114.6783503   -2266.9258118   105.4314151
1112.9974397   -2268.5604095   102.0120084
1112.571803   -2266.7343616   109.1018543
1110.5895313   -2268.5067654   105.5865958
1108.8536056   -2270.0827122   102.1676883
1108.5205349   -2268.4037685   109.259896
1105.9241565   -2270.2214718   105.5449471
1105.1916154   -2271.3103294   101.6833261
1105.2177819   -2270.3008652   109.8071039
1102.8964194   -2271.7726231   107.3498428
1101.5255722   -2272.7067471   103.2901034
1100.0826629   -2273.8006115   107.1841121
1099.1016897   -2274.9903202   110.4637682
1098.20762   -2275.1841545   103.9515659
1097.1888574   -2276.3340473   107.0789844
1096.4815291   -2277.7209282   110.4901507
1095.122126   -2277.5871754   103.2880619
1093.854216   -2279.5267105   106.738694
1093.8892039   -2281.2209129   110.4114503
1092.0188697   -2281.0447216   103.7272364
1092.4880179   -2339.8718834   109.9844351
1090.3637084   -2334.6626759   110.5164662
1091.1725732   -2283.3156586   107.2761491
1089.5915004   -2339.9071693   107.7645719
1092.5511988   -2343.9650536   108.3019525
1088.9616879   -2284.8734856   103.1135768
1089.0310081   -2286.9548798   107.2305888
1088.9128717   -2290.0531292   110.4237437
1086.1358317   -2334.3465328   107.0076898
1086.268154   -2340.9414291   104.4280455
1090.2225348   -2345.3688622   105.8444828
1087.2810753   -2287.9817486   104.0675566
1087.0036753   -2290.3590202   106.5477133
1086.8585976   -2293.6584949   108.9266092
1084.2668387   -2323.7383366   108.5808128
1083.9356156   -2328.6349773   106.8912297
1085.5386528   -2290.6024456   102.9926464
1083.7441655   -2311.8653297   109.6078232
1085.2378877   -2293.5469151   105.3338498
1084.9715444   -2296.8053818   107.2761193
1084.8991545   -2299.9289036   108.8131219
1084.2322084   -2319.4072247   109.5884815
1084.0411755   -2303.7190437   108.6272746
1082.7968689   -2332.0600986   104.7099605
1082.8038725   -2336.3132477   103.1243652
1082.9645666   -2315.418005   108.5589752
1083.0653282   -2308.6650372   108.1363261
1083.7550136   -2293.7438488   101.9233018
1083.6757394   -2296.3056564   104.1729301
1082.9353901   -2300.1964092   105.3317487
1081.9742056   -2320.1942444   106.7227498
1081.569341   -2324.9766827   105.3724736
1081.769106   -2305.2096367   105.2178964
1081.4520689   -2328.9136887   104.3322235
1081.8630727   -2297.5063324   100.8151323
1081.6603275   -2312.1945858   106.4411104
1081.0914012   -2309.0660572   105.0602794
1080.4121169   -2316.1270618   104.8523411
1080.614415   -2302.4156094   101.5748382
1080.0788077   -2331.8493366   101.8805131
1082.5037333   -2341.6731358   100.5656347
1079.1634294   -2321.2957382   102.6873216
1079.5988413   -2307.4088097   101.8189713
1079.6840759   -2311.9080067   103.3238024
1079.423246   -2326.8158436   102.362588
1077.8398784   -2315.6716824   100.7502079
1423.0655106   -2481.8534851   100.5814746
1421.5526255   -2476.2766361   103.1548679
1422.1825274   -2479.5668125   103.0252352
1420.979348   -2477.7140617   106.6048518
1422.3527583   -2483.7236404   105.8678627
1423.0992468   -2484.5581055   102.9799506
1419.803408   -2466.9320583   103.1671315
1420.6630858   -2472.4171162   103.9020792
1419.89055   -2473.3917713   107.3435396
1420.5746325   -2480.0276756   109.8862216
1419.9952754   -2476.7897129   109.473832
1419.1080006   -2469.0444469   106.979996
1418.7221202   -2461.7373943   103.0879021
1418.0802377   -2466.6705132   108.6014435
1417.3870357   -2462.1970654   107.5845808
1417.4888404   -2456.808567   103.4385934
1417.3578294   -2459.3222141   105.6725606
1416.7312058   -2452.4726868   102.6087776
1416.112748   -2454.2691708   105.8443636
1415.8841642   -2458.5592747   109.5854193
1415.7143506   -2446.3436604   100.8839011
1415.6686934   -2448.1735229   102.5660411
1415.6595143   -2451.9076347   105.4810807
1414.7802266   -2452.2352219   108.3308384
1414.2453345   -2446.0418224   105.2275151
1414.4183668   -2443.6368942   102.6832983
1414.5096811   -2448.237896   106.1447039
1413.4388836   -2440.320015   102.9049307
1413.3726629   -2449.4748116   110.3549972
1412.6390489   -2444.4923401   108.7407097
1413.277057   -2442.797184   105.4985002
1412.7058061   -2436.303854   101.587601
1412.2549566   -2438.0130768   104.4949219
1411.714104   -2439.9495125   107.7704951
1411.1822518   -2431.3728809   101.8946692
1411.1442836   -2435.2757931   105.5226326
1409.6660288   -2425.9805679   101.7577425
1410.0910696   -2436.3310337   109.4582155
1410.2359685   -2431.242466   104.6864018
1409.7916158   -2428.4110069   103.5493761
1409.3062552   -2432.477951   108.5530296
1408.6275967   -2427.2148609   106.0171723
1408.2142981   -2430.038929   109.6700504
1407.7764424   -2422.9485989   104.8537716
1407.412556   -2420.1245308   103.4819409
1406.7295464   -2417.069912   102.8933525
1407.265869   -2425.488472   108.5402817
1406.2904986   -2419.2986488   106.1320379
1406.1531695   -2422.8396416   109.5528156
1405.3637656   -2412.4937057   103.0157283
1404.6410593   -2415.5116081   107.6915115
1404.6268734   -2418.4951782   110.3067473
1404.4183763   -2412.4865532   105.7979241
1403.3880504   -2406.3515663   103.620775
1403.6037596   -2410.0654125   106.1096862
1403.2346281   -2411.9839668   108.8150591
1403.0059846   -2403.5804272   102.4270952
1402.3988517   -2408.4410667   108.2323119
1401.98603   -2400.785923   103.059642
1401.9530686   -2403.4223557   105.3370535
1401.1435779   -2396.4502811   101.9053608
1401.0753902   -2405.287981   109.4229892
1400.2589258   -2393.1548595   101.7251983
1400.6541046   -2401.0698795   107.1448103
1400.2250703   -2397.7885246   105.663158
1398.8033804   -2393.556118   106.2845364
1399.0102681   -2397.6407051   109.0568006
1398.9160331   -2388.0579472   101.3919711
1399.0674885   -2391.254425   103.6173999
1397.8840979   -2389.8251057   105.8669239
1397.556034   -2393.6293125   109.9511236
1396.9593915   -2384.087801   103.7756205
1396.8676003   -2386.6741657   106.2176153
1396.8476328   -2390.4566765   109.397307
1396.2853821   -2378.5793781   101.1354774
1395.8542021   -2380.0601959   103.65659
1395.6928524   -2384.0472698   107.4792072
1394.7336944   -2376.521349   103.9814875
1394.2529234   -2379.4412613   107.8811511
1394.4464596   -2382.9772472   110.232614
1394.1043886   -2370.4447746   100.6429344
1394.1545161   -2373.6224174   103.2371894
1393.6213525   -2371.2573051   102.8070077
1392.6445516   -2374.0677834   108.1243753
1392.703143   -2371.6144562   105.8622375
1392.651585   -2366.519928   101.6189903
1391.6650685   -2367.5715923   105.5158824
1390.8362063   -2369.2224026   109.4474271
1391.2690552   -2363.63554   103.3262238
1391.0048874   -2360.1307869   101.1966467
1390.3640779   -2365.2086258   107.4619368
1389.4640478   -2360.0018024   105.8001667
1388.7754353   -2355.7403088   104.1866913
1388.4745511   -2352.7309895   102.3612469
1389.1365203   -2362.1823788   108.639881
1388.3132013   -2359.1907024   108.6647958
1387.1311816   -2351.5691757   105.4060459
1386.296955   -2347.972393   104.1519195
1386.4746364   -2352.2098064   108.1477925
1385.6344493   -2344.3701267   101.7000675
1384.7097429   -2346.8930721   108.3369628
1384.4388994   -2344.0475464   105.551891
1383.1857713   -2343.9574242   109.9364907
1110.2001937   -2385.1954937   110.298261
1110.036579   -2400.3882408   110.3614047
1106.3872846   -2365.1769161   109.9046916
1107.4657115   -2370.5835342   108.9553013
1108.2601818   -2375.836134   107.8611687
1108.3652648   -2381.5593719   106.4523607
1109.222618   -2405.0264359   108.5308045
1108.0358895   -2392.1709061   104.8521325
1108.1157001   -2396.848917   104.9627587
1108.2670959   -2386.6586685   105.6630388
1108.8934215   -2413.0110741   110.4105785
1107.716349   -2411.0245705   104.3727398
1107.9487475   -2401.917696   104.4225767
1107.7497872   -2407.4220657   103.7861481
1108.1899079   -2416.9414043   110.1421639
1107.8930768   -2415.6455994   107.4437276
1106.3217791   -2381.2968731   101.5280187
1105.5099043   -2375.7817745   102.5031358
1106.738654   -2420.0730324   105.7994962
1106.4883741   -2423.0985641   108.4557921
1106.9480451   -2416.4249897   103.6470905
1102.3346456   -2366.083622   105.0507054
1103.3811244   -2370.5897331   102.9524505
1105.9285077   -2420.6807613   101.7061397
1105.0710353   -2425.8410931   104.0146425
1103.1315001   -2363.2028103   107.6687872
1101.133314   -2358.1402302   108.4361374
1105.132428   -2427.9563427   108.532533
1103.7367257   -2431.0073853   104.2617634
1103.761402   -2432.5282574   107.2168574
1103.2682928   -2435.5504513   108.6127758
1102.8520139   -2434.4470501   104.3779776
1103.0565175   -2434.7074032   106.4306945
1102.4519476   -2434.6888065   101.3480499
1100.3675135   -2469.3889618   109.8365858
1099.3660363   -2366.6026592   101.0974124
1101.685253   -2439.3780231   105.8128774
1102.462438   -2436.3350868   105.4954082
1099.1674336   -2362.72192   104.0304601
1101.4008196   -2443.2280064   108.0436558
1101.4487418   -2446.5773106   109.4738767
1100.5601557   -2450.9103298   108.7999642
1100.5047234   -2455.643177   109.5120385
1100.3361615   -2475.6186008   109.6900403
1101.7242941   -2437.6690388   102.2179946
1096.0608991   -2354.6335697   106.1143354
1099.8209985   -2462.8045559   109.18089
1099.1114052   -2481.5006256   108.4536538
1100.6365093   -2440.9778118   101.9431949
1100.1890572   -2443.5532093   104.0013954
1099.9496254   -2447.1116066   106.2729731
1096.750048   -2358.9091301   104.2213961
1098.2737812   -2455.0325871   105.7626903
1098.7568768   -2450.7083893   105.0844193
1094.5798429   -2348.6759663   107.7125296
1097.2721847   -2461.6312981   105.617471
1097.1233519   -2475.6295681   106.1995327
1097.0986756   -2468.2283401   106.0712412
1098.3845862   -2447.8914738   101.8155441
1095.1330932   -2360.6393337   101.4951542
1095.559326   -2482.6891422   104.5446247
1099.988726   -2486.6309166   109.5758677
1097.1055897   -2487.729311   106.5389216
1097.185758   -2453.1536102   102.2622362
1096.1296233   -2458.0709934   102.4414301
1095.1912674   -2466.9265747   103.4015641
1094.7883996   -2463.12356   101.7680913
1093.7458547   -2473.2394218   102.0666212
1094.1166552   -2478.7843227   102.9219404
1091.2943455   -2355.6137085   101.2793928
1091.8793353   -2350.7256508   104.6521068
1093.3926376   -2467.8955078   100.8385345
1092.2020944   -2479.0740013   100.5719826
1092.5610336   -2483.3683968   101.1879817
1086.8756446   -2347.7685452   101.7186642
1027.4610194   -2481.5950394   108.7624133
1026.7450782   -2479.8927307   104.45939
1025.2132686   -2477.7131081   108.9445576
1028.1953784   -2482.4507236   104.2698622
1029.6624871   -2485.6960773   105.5015698
1029.1869017   -2485.1863384   109.3421876
1027.3698541   -2480.6191921   100.8214056
1025.816408   -2478.2979488   102.2099927
1029.4390889   -2484.6105576   101.7790362
1024.4546207   -2476.4051437   104.8268378
1023.3112844   -2474.691391   100.7893756
1022.8760811   -2473.9723206   108.0038026
1022.0864686   -2472.9380608   103.5209373
1020.3017565   -2470.1049328   107.2958261
1019.5814046   -2469.4643021   103.1207144
1018.9898285   -2467.7498341   109.8808646
1017.9159614   -2466.540575   106.0097367
1017.7212628   -2466.8769836   101.9608602
1017.2777744   -2465.031147   109.2495918
1015.9872147   -2463.984251   103.1628847
1015.6825753   -2462.6853466   107.4905992
1013.2615539   -2459.471941   104.0516943
1010.8985575   -2454.5252323   107.7197045
1009.795216   -2454.2608261   102.4701744
1008.8819536   -2452.0411491   104.4578701
1008.4726187   -2450.1729012   107.8319848
1007.3180767   -2450.3724575   101.5301719
1006.9737705   -2448.6167431   104.5505032
1006.1445805   -2446.418047   106.2084287
1005.2669319   -2443.9787865   108.1899852
1004.8345896   -2446.1667538   101.0393202
1003.805575   -2442.5764084   104.6808213
1003.3308836   -2440.3538704   107.6540351
1001.6680034   -2440.0103092   101.3942957
1002.6722821   -2438.0548   110.4020253
1002.2340985   -2439.2900467   105.0745249
1001.7221542   -2437.1902943   107.4550152
1001.2283596   -2435.236454   109.9776775
1000.2226802   -2436.0365868   103.4149677
1000.1922818   -2434.0236187   107.4980348
999.0900131   -2433.103323   104.5650318
998.6420544   -2430.6502342   107.5403988
998.1609853   -2428.4045696   110.3174612
997.9732307   -2432.4922562   101.5103236
997.4851879   -2429.7015667   104.3595001
997.1472593   -2427.1843433   107.4972674
996.1990687   -2428.8935661   101.0237634
995.9840747   -2426.1946678   104.2470708
995.7974824   -2423.7394333   107.4738726
995.4168769   -2421.3013649   110.251233
994.6852001   -2425.317049   100.9026915
994.6663352   -2422.6338863   104.3586954
994.7044524   -2420.7251072   107.3713303
994.047192   -2417.6943302   109.603323
993.4711429   -2418.607235   105.1189527
993.3657619   -2421.5772152   101.103887
992.8916069   -2415.2412415   107.4240506
992.1691688   -2417.6933765   101.3662592
992.3000308   -2415.2648449   104.5832187
991.6392537   -2411.7600918   106.85765
991.1255213   -2413.5229588   102.1046117
990.339038   -2407.8366756   108.5346341
989.8999306   -2408.0278873   103.5311297
989.0268119   -2404.7698975   110.3696376
989.3413457   -2405.2836895   107.1170792
988.6065396   -2403.5651684   104.8406512
988.3519682   -2404.0830135   101.39063
988.234994   -2402.4848938   108.1016809
987.7218279   -2401.4358521   103.015922
987.3750778   -2400.2699852   105.7191193
987.3393448   -2401.1688232   100.6127223
986.8797632   -2399.4710445   109.0412885
986.5161153   -2398.2188702   102.5112197
985.8712228   -2396.5761662   106.7414731
985.6195124   -2397.012949   110.1313755
984.9830242   -2393.9840794   103.3956707
984.4339462   -2394.2415714   109.5929816
984.4250949   -2393.1212425   106.6167429
983.3900305   -2390.1979923   104.7079414
982.9753014   -2390.7647133   108.5289866
981.7082556   -2385.6475353   102.4291068
981.668708   -2387.1431351   106.8893
979.9424382   -2382.737875   105.2855626
980.1472994   -2382.0559978   102.9490232
979.8856052   -2384.8669529   108.5728779
978.4287783   -2381.5171719   107.6290384
978.0629846   -2378.7295818   104.7027409
978.2720777   -2376.9881725   101.1107564
976.4697226   -2377.2749901   106.6731811
975.9435626   -2379.8596859   110.2828756
976.949689   -2375.6849766   103.6183462
976.5515598   -2373.234272   101.5012935
975.1876267   -2373.4273911   104.7213227
973.9716025   -2375.5857944   108.6224318
974.3189188   -2369.754076   102.2554934
972.5472303   -2370.7146645   106.2232852
971.027908   -2365.676403   103.4994349
970.2748033   -2372.3733425   109.964028
969.3311127   -2368.3874607   107.4560657
968.9331027   -2360.84795   101.590082
967.6125618   -2366.2750721   107.1058586
966.7697521   -2362.6160622   104.8055217
967.0551094   -2369.7016239   110.1540998
965.448645   -2358.9885235   103.1948999
963.7137624   -2364.233017   108.1306711
964.5243856   -2356.0454845   101.765953
964.6593305   -2367.6903248   110.0746542
963.6507603   -2360.7213497   105.5459604
962.3944434   -2353.5835743   101.6280055
961.4767703   -2357.2235107   104.4237465
960.5971249   -2360.8417511   107.0151627
957.3148163   -2364.0341759   109.9933833
959.4233605   -2351.0224819   101.3838202
959.1249498   -2353.864193   103.218779
956.6318365   -2358.6714268   106.6625565
956.5843614   -2355.9374809   105.0756425
956.4161273   -2349.2460251   101.2695879
953.7805291   -2348.0553627   101.2330353
955.5372866   -2351.8986702   103.0259803
954.1045996   -2361.2418175   108.4791049
952.1268579   -2359.0826988   107.2742194
951.9349607   -2354.9287319   105.0101221
951.3227018   -2350.2824306   102.649793
948.4338137   -2363.3394241   109.5608547
946.8322667   -2348.5889435   101.9421816
947.5004347   -2356.1749458   105.634816
947.570798   -2360.6715202   108.0402806
948.1379958   -2352.435112   103.8219929
943.3355006   -2361.7265224   108.1384867
944.5130201   -2352.730751   103.7712619
943.3755549   -2358.8094711   106.6272557
942.0559975   -2355.3731441   104.7168672
943.7820586   -2349.7741222   102.2998095
943.1788   -2347.2161293   101.0913253
941.5220293   -2365.9620285   110.1434007
939.2955872   -2351.7751694   102.6910171
940.3437945   -2362.2477055   107.9816818
938.3142563   -2359.2224121   106.1047018
938.0188259   -2355.4885387   104.2398512
938.0317005   -2364.5870686   108.7966338
935.8454319   -2367.0008183   109.669663
936.5607771   -2362.0738983   107.2362363
935.8613463   -2349.8191833   101.1658832
933.8390204   -2352.6434898   102.1301523
936.9093152   -2357.5470448   104.9982309
934.6012148   -2359.7121239   105.6786478
935.4868206   -2364.773035   108.4391549
934.3792769   -2356.0783863   103.8696468
931.8918558   -2363.1222248   106.8709195
930.782524   -2368.5820103   109.4574109
932.8432652   -2366.4975166   108.8041961
930.6609305   -2358.8511944   104.4748351
930.7344826   -2355.9529781   103.0821502
928.8725229   -2370.6915379   110.1366282
928.3492538   -2354.2921543   101.7380208
928.9654466   -2363.6777401   106.5423563
927.1737012   -2367.852211   108.2797274
927.2498163   -2357.5201035   103.0756459
925.9765717   -2361.271143   104.6861261
925.5768033   -2372.4114895   110.2563515
925.7285269   -2363.5158539   105.7309359
924.3227812   -2355.2045822   101.2264267
923.599151   -2365.9617901   106.4907163
924.7825118   -2357.9547405   102.7579531
923.1909486   -2369.8372841   108.3664149
922.2512814   -2362.9415035   104.6477184
922.5748154   -2374.0148544   110.3611067
920.363334   -2359.3199253   102.3815498
920.1801094   -2368.3845997   106.9238484
920.3100773   -2365.3998375   105.4409593
916.7821678   -2373.0909824   108.511582
916.9480475   -2375.2715588   109.657824
916.908172   -2363.1746769   103.5091951
915.9777435   -2359.398365   101.3267413
916.4482328   -2366.4531708   105.0517932
916.2442955   -2369.815588   106.7251489
911.4828976   -2378.1497478   109.906055
913.3703383   -2373.2807636   107.81537
910.2576645   -2364.5932674   102.6229709
912.9820438   -2361.1059189   101.4752835
912.5344428   -2369.487524   105.714269
909.5476242   -2371.2985516   106.0019433
907.8039499   -2374.8214245   107.3860601
908.263919   -2367.7825928   103.8168222
907.3556634   -2377.6333332   108.6879
906.2612327   -2381.2844753   110.2794036
907.1527692   -2364.6304607   101.7901525
905.2693518   -2369.7881699   103.9471403
906.0959788   -2372.604847   105.7580039
904.7770473   -2366.5859699   101.9547135
903.7578376   -2375.541687   106.5062061
903.6706062   -2378.967762   108.2928851
901.9375118   -2381.6559315   109.0683565
903.3958586   -2380.856514   109.1944203
902.1822783   -2372.2307682   103.9803624
901.5788408   -2368.4453964   101.5834585
900.3188881   -2384.6085072   109.7423434
901.1106762   -2378.0045509   106.708698
899.7235569   -2375.4956722   104.427591
897.1193107   -2371.6843128   100.5799323
897.5579711   -2388.6809349   110.3356257
897.9575606   -2379.3857098   105.5511907
898.2364508   -2382.6224804   107.5735167
897.0373245   -2385.2458   108.2041189
896.4441987   -2376.3358593   102.8404012
895.1225551   -2383.0931187   105.7035252
894.3018886   -2379.4212341   102.9592752
894.1960903   -2387.3763084   107.2706431
894.1953155   -2391.1378384   109.2796996
893.6675461   -2394.3479061   110.3992611
892.0538398   -2382.5716972   102.8886363
892.5092789   -2385.3075504   104.7888696
891.5215405   -2396.7959881   109.720856
892.0953246   -2390.2432919   107.1289182
891.1203118   -2388.0944252   105.0422043
891.656396   -2393.2282925   108.1137955
890.2703496   -2385.5321407   102.707319
889.6892937   -2391.5696144   105.3692997
890.6460675   -2477.604866   109.402217
892.0762511   -2482.7947617   108.0715656
888.7672397   -2394.3314552   105.7795435
888.8271721   -2399.739027   108.4028557
889.315662   -2402.9734135   110.3970557
888.4540471   -2388.8046741   102.3588404
888.1486925   -2406.3315392   110.4081571
891.0436305   -2481.0416698   104.1784659
890.2792307   -2478.1610966   105.7250649
889.7062214   -2477.3187637   103.0153558
892.3201533   -2484.906435   103.8397849
889.1589614   -2474.1737843   106.5940037
888.9275464   -2470.7946777   109.5175296
888.5950717   -2473.7262726   103.7579253
887.7664777   -2392.0228481   103.2096893
888.190982   -2466.7358398   109.476693
887.3485001   -2403.2635689   108.1018448
887.9049393   -2469.5863724   106.2662825
887.4376687   -2462.9366398   109.2405319
886.9513246   -2398.2903957   105.3031608
886.7210718   -2394.8972225   103.241697
886.7909285   -2400.9974003   106.3820645
887.282935   -2469.4449902   103.3998951
887.0666298   -2465.931654   106.1036512
886.4701363   -2409.4204903   109.1895401
885.9440061   -2406.4226151   107.2145328
885.7675763   -2415.1415825   109.9315062
886.1870738   -2459.5241547   107.2021425
885.5355652   -2455.6159973   107.0715263
885.8821066   -2462.3243809   104.4897959
885.5600031   -2401.89147   104.9013883
886.3831731   -2466.0241604   103.0900627
885.4702684   -2412.2881889   108.5420549
885.298458   -2445.2207088   109.8782495
884.9609169   -2449.095726   107.9432219
885.5783018   -2452.329874   108.3808616
885.1722153   -2398.3266354   102.4902016
884.5443698   -2410.0279808   106.1445549
885.4726227   -2464.0884399   100.6963253
884.6515688   -2421.4477539   109.5477566
884.675351   -2418.0500507   108.7292209
884.7371014   -2425.3976345   110.3165969
884.9639865   -2458.0857754   104.0237695
884.713498   -2434.9932671   110.4825363
884.4998153   -2431.5135479   110.2080494
884.0041133   -2406.3413143   103.7883013
884.6479329   -2460.1211548   100.8776054
883.8259252   -2414.8077965   106.2101945
883.7332996   -2427.6864529   108.5629314
884.0040239   -2402.0047188   102.0820513
884.0241703   -2451.5147209   104.3378934
883.8669928   -2454.0402889   102.4514288
883.9217099   -2441.0896301   107.7301502
883.8337632   -2445.8627701   106.0466245
883.181897   -2435.9240532   107.0019677
883.8961991   -2456.2077522   100.823909
883.3009275   -2447.9079247   103.5616249
883.5298987   -2423.684597   107.6896489
883.4441277   -2433.5126877   107.8967676
883.0437037   -2420.2034473   105.9577391
882.1424218   -2410.9971523   101.5429497
883.2620951   -2430.2225113   107.5353175
882.5938078   -2441.7331219   103.7071943
882.3290738   -2436.2261295   104.6430394
882.6196762   -2444.7972775   102.5929675
881.7685815   -2417.0389175   102.299571
882.3093744   -2424.5648384   104.9721241
882.2992416   -2432.4550629   105.0347984
882.1952017   -2428.4698963   104.825221
881.25169   -2421.8978882   101.9299179
881.4736279   -2438.5788441   100.9945422
881.4848336   -2434.5600605   102.2259071
881.100026   -2426.3236523   101.7212197
881.2501701   -2430.4280281   102.0638198
1426.1670979   -2528.573513   107.8085005
1426.0296496   -2524.5475769   110.4237884
1425.9262951   -2532.4931145   106.3382551
1425.8109006   -2538.1188393   110.156022
1426.1231097   -2523.7562656   106.7175567
1426.0866912   -2525.5057812   103.6003307
1425.7865819   -2530.2350521   102.8123796
1425.6959828   -2536.3588333   107.3761135
1426.0995062   -2518.2914734   103.4332439
1425.9327324   -2519.0143585   107.3980629
1426.0216626   -2513.7517452   102.7961448
1425.7411631   -2514.0779018   106.9243774
1425.8387955   -2508.8376999   103.2481641
1425.6279739   -2510.037899   106.1075851
1425.693539   -2502.8424263   101.6798019
1425.4749688   -2514.9178505   109.8890379
1425.2946647   -2535.8157158   103.9775833
1425.3407391   -2505.0699711   106.1142758
1424.9366196   -2540.4379368   106.8098545
1424.8917969   -2534.5785618   100.5398557
1425.2457889   -2511.4614964   109.9502519
1425.1767071   -2498.572588   103.279978
1425.0259074   -2501.0399818   106.1631516
1424.6789487   -2544.2669392   109.6305922
1424.879578   -2506.7095757   110.0215539
1424.0083965   -2539.3543243   100.8803174
1424.4755777   -2494.1635132   104.4032872
1424.349037   -2496.0134029   106.645897
1424.5075258   -2491.5103912   101.6203761
1423.7722429   -2545.0663567   106.2027737
1423.7820777   -2542.7279472   103.4789309
1423.696247   -2548.2211113   109.9679321
1424.1466793   -2497.7891445   108.9943051
1423.804489   -2487.0734215   101.5604064
1423.4300526   -2489.2530441   105.6983098
1423.9275726   -2493.0303097   106.5396741
1423.2209595   -2492.2275543   109.2345566
1422.67814   -2545.6330776   102.609925
1422.2340854   -2548.7611294   104.8999578
1421.9627055   -2552.188158   108.5694358
1422.4282178   -2488.1720543   109.3693227
1421.4897426   -2554.5771122   110.3114337
1420.9467443   -2549.4606495   101.7935053
1420.9450754   -2552.1483421   105.3356603
1419.9537905   -2555.6952953   107.4011326
1418.4098514   -2554.3267727   101.8419713
1418.1520017   -2559.766531   108.8993922
1417.4567731   -2557.9133034   105.0296426
1415.7163175   -2558.0964088   101.9167081
1414.2881306   -2560.6882572   103.0860096
1415.6381162   -2563.3666515   109.1365367
1413.7654575   -2564.2197132   107.3626205
1412.7403172   -2563.3862019   104.5536473
1410.0075635   -2564.1708374   101.402089
1411.8123325   -2567.6355362   109.0122163
1410.2090272   -2569.9236393   109.7865477
1410.325435   -2566.3158894   105.1008627
1410.6397303   -2567.7797794   107.580848
1407.8097018   -2569.807291   106.2236205
1407.8644188   -2567.543745   102.9699519
1406.9713029   -2573.1673241   109.4885021
1404.9691232   -2570.56427   102.3234576
1404.2625698   -2573.8174915   105.9383601
1404.2954715   -2576.4915943   109.5155105
1402.2090109   -2574.8114586   103.4060046
1401.9940766   -2577.5129795   106.8033725
1402.2304686   -2579.5783997   109.8572463
1400.5984934   -2575.6962299   101.2227163
1400.2198251   -2582.9253197   110.0757122
1400.4227789   -2580.3232193   107.4205562
1399.4064005   -2579.190731   103.7033647
1398.5346826   -2582.593441   106.4660549
1397.8330167   -2585.6192112   108.5479558
1397.2445401   -2582.5994015   103.4897193
1397.2032937   -2588.4125233   110.1556942
1396.5120586   -2585.17313   105.283305
1395.5538543   -2591.1114216   109.5354557
1395.747033   -2588.2980824   107.186459
1395.3059586   -2584.8851204   101.9230559
1394.761351   -2587.2488022   103.8962901
1393.7710794   -2591.6204453   106.5963134
1393.8060673   -2589.5292759   104.3209285
1393.5309919   -2594.4571495   108.8670194
1392.8702744   -2588.6092186   100.5710438
1392.6183256   -2597.8198051   109.8876148
1392.1046527   -2591.987133   103.2548398
1391.7499455   -2594.8839188   105.6698933
1390.4958638   -2601.9766331   109.5546782
1390.0634917   -2595.1683521   102.0230502
1389.528242   -2598.3874798   104.410246
1388.8572725   -2601.9496918   106.637083
1388.3248242   -2605.3016186   108.6677164
1388.0431923   -2598.5417366   100.5345881
1387.0746764   -2602.1332741   102.7073786
1386.2933191   -2606.2538624   105.5461243
1386.3737854   -2609.6014977   109.1097295
1385.426608   -2604.4709682   100.9467244
1384.6046003   -2610.8646393   106.3555181
1384.6465024   -2613.243103   109.3926802
1384.3798908   -2608.5851192   103.3152118
1382.8804167   -2614.1910553   106.047377
1382.9347762   -2611.5815639   102.9840782
1380.3340467   -2622.1182346   109.564133
1381.1506303   -2617.8827286   105.8990285
1381.6387328   -2614.5060062   102.6599035
1379.4700178   -2621.5200424   105.637446
1379.1820081   -2620.4504967   102.0206437
1377.788988   -2626.3186932   107.0976332
1377.773312   -2624.4564056   103.2238901
1377.8355392   -2623.6190796   101.0178998
1221.5068015   -2624.7899532   108.5064039
1216.8355259   -2622.8642464   108.6141914
1212.7738269   -2621.1612225   109.6828207
1213.9151367   -2622.1146584   107.5984389
1217.2363075   -2624.3519783   104.0040553
1219.4390567   -2624.5181561   106.4888537
1211.5960392   -2621.414423   107.404761
1212.6060399   -2622.6921082   103.8383394
1209.3468579   -2621.6528416   103.9089113
1210.8320864   -2622.8542328   101.1496261
1206.9033059   -2620.3918457   106.0469374
1206.5421017   -2619.2696095   109.9070385
1206.3542279   -2621.3200092   101.8188149
1203.8364085   -2618.8447475   108.7601781
1202.867833   -2620.1653481   102.5796011
1201.0620507   -2618.8595295   105.9008837
1200.5304369   -2617.7518368   109.6333042
1199.9486955   -2619.582653   101.8825918
1197.2393068   -2617.5653934   107.2170436
1197.4141272   -2618.5467243   103.5713628
1193.7305006   -2616.3332462   108.6614579
1194.3531307   -2617.2599792   105.7204902
1192.4421462   -2617.5944805   102.6561558
1190.9055384   -2616.5370941   105.4170355
1189.2024549   -2615.0722504   109.4621271
1188.4344491   -2617.1758175   100.7676721
1187.2080239   -2615.7894135   105.2151918
1184.1350468   -2614.4218445   107.9654172
1183.1616434   -2616.0926819   100.7279307
1183.6305531   -2615.142107   104.9250215
1179.5164617   -2613.6817932   107.4705347
1178.4131797   -2615.1649952   100.7857397
1175.8829626   -2613.8145924   104.5334637
1175.9621175   -2612.7388477   108.852081
1172.0200451   -2614.0825748   100.8808911
1172.8049787   -2612.6122475   107.5038314
1171.0870536   -2613.0254269   104.9419865
1169.0801056   -2611.7937565   109.1146991
1168.2207855   -2613.6415005   100.7237062
1166.1489876   -2612.3929024   105.5511683
1162.239519   -2611.7856503   107.5227261
1162.991968   -2612.7872467   102.8884873
1158.9065465   -2612.6909256   103.2355428
1156.2488946   -2612.3473644   105.7002172
1156.1957272   -2613.1420135   101.2266055
1154.4584902   -2611.7763519   109.3310192
1152.5425585   -2613.2564545   102.6427671
1151.5900167   -2612.8060818   106.2387004
1150.1322063   -2612.4343872   109.595865
1149.7680219   -2613.5325432   103.9044559
1146.7417153   -2613.8105392   106.7631319
1145.0536522   -2615.2570248   100.6590948
1143.3233889   -2615.3943539   103.8614735
1143.4861096   -2614.7062778   107.6324284
1141.8034109   -2616.4383888   100.6663367
1141.412464   -2615.0300503   109.9385768
1139.05665   -2616.6784763   106.5546572
1137.1733221   -2618.2103157   102.7975008
1134.7187432   -2618.20364   108.7097451
1135.7323798   -2618.543148   104.8632488
1133.7571415   -2619.8477745   102.9357612
1132.8062686   -2619.5466518   106.9246158
1131.9440874   -2621.1938858   100.7350162
1131.6919001   -2619.2991734   110.0770012
1130.4666074   -2621.3474274   104.0033624
1129.6105655   -2621.0551262   107.2431728
1128.3723386   -2621.0489273   109.4944999
1127.5284561   -2623.2647896   102.255784
1127.9364499   -2622.2844124   105.7170779
1124.0264448   -2623.5721111   108.3651334
1125.3835829   -2623.8925457   104.7631353
1099.4292768   -2492.1340942   109.2213318
1098.4460386   -2501.7492771   108.9544669
1098.3886393   -2509.301424   110.4812697
1097.8929075   -2497.0049858   107.9991385
1097.4208387   -2506.2644482   108.6976007
1095.4468521   -2494.2090511   105.2863747
1095.9335836   -2512.298584   109.0832353
1095.7622799   -2499.4051456   106.1319187
1094.7357687   -2504.3003559   105.7466865
1095.2878269   -2508.9550018   107.2851196
1093.3101448   -2489.0284538   102.5146991
1092.699972   -2518.9492702   109.9634841
1093.3366092   -2515.1290894   107.7205688
1092.9583582   -2511.8434429   105.8515236
1092.5885113   -2499.4668961   102.8843373
1092.3959883   -2494.3859577   102.0704061
1092.7831801   -2508.3403587   104.6139896
1091.0485955   -2505.3565502   102.1844596
1090.9095975   -2514.2874718   104.7048867
1090.2547213   -2517.2407627   105.6408435
1089.9575921   -2510.7483864   102.4373919
1088.6850031   -2520.4076767   106.70349
1088.2817777   -2515.1884556   102.4045646
1087.0927247   -2518.4011459   103.0652523
1086.5936252   -2522.9084492   107.0423797
1085.7486995   -2525.1870155   109.0554819
1085.3836509   -2521.2571621   103.7913859
1083.1981572   -2524.2836475   104.7966108
1082.5917097   -2527.0183086   107.9781801
1082.2825404   -2521.8355656   100.9087265
1079.9364718   -2526.7977715   104.4382229
1079.4229778   -2524.4493484   100.6743833
1079.7437402   -2528.7311077   107.3514968
1077.0054432   -2530.9927464   108.7215692
1076.9907805   -2528.9583206   104.3596864
1077.414033   -2527.0023346   101.6476452
1074.6137174   -2528.429985   100.7416621
1072.8210779   -2531.1357975   103.5458222
1072.9834708   -2533.059597   108.0851033
1070.463446   -2533.9324474   106.9253236
1068.5176822   -2532.3679447   101.2286246
1069.5987018   -2534.9617004   108.6481512
1067.4662562   -2535.6118679   108.1379429
1066.3329037   -2534.3539715   103.4001037
1064.8024353   -2536.4720821   109.0239212
1064.3619867   -2535.7172489   105.1556692
1063.1777617   -2534.9287987   101.9623056
1061.612037   -2536.9188786   107.0340723
1061.2472268   -2535.7918739   102.7410254
1060.2737936   -2536.5786552   104.5456678
1057.753292   -2537.633419   109.9004522
1056.9599541   -2537.1148586   104.5151502
1056.5963658   -2537.4698639   106.3066125
1057.9009327   -2536.3368988   102.5019139
1055.3760203   -2536.01861   100.9018198
1054.7722252   -2537.453413   106.1523184
1054.0770861   -2537.4517441   110.1561114
1053.410736   -2536.5645885   102.335833
1052.9715689   -2537.2152328   108.0814973
1053.1293722   -2537.2216702   106.2555611
1052.2867414   -2536.7834568   104.267396
1052.7524623   -2537.2486115   109.3605012
1051.6402396   -2535.875082   100.5733386
1051.4459582   -2536.3259315   102.2873223
1051.3779791   -2536.5762711   106.311731
1051.6870888   -2536.7224216   108.7215841
1050.3610941   -2535.9799862   103.6223099
1050.0546368   -2535.7830524   107.84325
1050.8768829   -2536.0183716   101.3058275
1050.2344044   -2535.4321003   100.6753445
1050.3867539   -2535.9346867   101.8763259
1049.4632693   -2535.5086327   105.5615768
1048.711625   -2534.4376564   109.3556508
1049.3273409   -2535.1552963   101.7560139
1048.5889586   -2534.7688198   103.5243571
1048.6589047   -2534.7902775   106.9680154
1048.0952533   -2534.3673229   105.287917
1047.8843423   -2533.8969231   101.5459672
1045.9656092   -2531.886816   107.8014523
1047.1205088   -2532.8257084   109.2788354
1046.8124422   -2532.9241753   103.6147252
1046.6463836   -2532.4859619   101.0826752
1046.0283133   -2531.9578648   108.099021
1045.9631952   -2531.7094326   101.9414514
1045.1898547   -2530.5058956   103.0907556
1044.7511049   -2529.5722485   109.6930504
1043.9374717   -2528.5718441   105.4714844
1043.694702   -2527.6095867   101.6181409
1042.8168746   -2526.2799263   109.4045937
1042.1137186   -2525.2518654   104.6759188
1042.1040329   -2524.5153904   101.2782082
1041.07928   -2523.7481594   106.9905907
1040.2225228   -2521.4698315   110.0024581
1040.6525704   -2522.3987103   102.9575467
1040.8784124   -2523.3561993   105.1085219
1039.3878194   -2519.826889   102.4517789
1040.1303741   -2521.5628147   105.9968546
1038.8688418   -2518.7866688   107.0904136
1038.5113927   -2517.698288   110.3258356
1038.6807593   -2517.3208714   101.4937237
1038.0685898   -2516.5846348   104.6294123
1037.6401218   -2515.4361725   107.8663319
1037.4802025   -2514.2366886   102.2573113
1036.7285284   -2512.709856   104.5974568
1036.1327501   -2510.9753609   108.4107533
1035.3777083   -2507.6720715   103.5591885
1034.7248288   -2506.1080456   108.1091017
1034.4815227   -2503.0202866   100.930132
1034.3508395   -2504.0178299   105.20266
1033.8652702   -2502.4991035   108.2537249
1033.5819396   -2500.6144047   105.1907688
1033.469108   -2498.4557629   102.1294668
1033.0497595   -2498.5761642   108.8327765
1032.7959629   -2496.434927   105.9483811
1032.9285534   -2495.496273   101.8517911
1031.9946381   -2492.1064377   103.5643965
1031.9274636   -2493.1099415   108.2210243
1030.7351919   -2487.9627228   103.2563671
1031.105456   -2489.6137714   105.7121009
1030.4037901   -2488.2087708   108.6287871
939.625022   -2622.0822334   104.9860865
938.2302734   -2618.4148788   102.6425436
940.5028196   -2624.3870258   103.3725291
941.2711533   -2626.2965202   101.8888801
938.8522776   -2619.9791431   107.9377532
938.5507079   -2619.2862988   105.5202037
940.1234957   -2623.2044697   108.7952331
941.3546594   -2626.3980865   106.2480286
938.0145641   -2617.6183224   110.5247661
937.5403794   -2616.5103912   106.4471379
936.9013878   -2614.8097515   103.1470224
936.4928278   -2613.4469509   110.0453734
935.8594092   -2611.8180752   105.2012071
936.0092851   -2612.2419834   101.5010625
935.2198812   -2609.9190712   108.4164828
934.6244308   -2608.1223488   101.0276228
934.4100329   -2607.5890064   105.7411507
934.2405172   -2606.9910526   109.3117818
933.3686503   -2604.45261   103.3597961
933.2955154   -2604.1917801   107.094422
933.3459409   -2604.2013168   110.2204323
932.3978993   -2601.4149189   101.2173966
932.3136779   -2601.1755466   104.8498228
932.225463   -2600.7025242   109.0631261
931.3521954   -2598.1366634   102.4214327
931.3689145   -2598.1330872   105.9340313
930.6781562   -2595.6707001   109.062463
930.3724142   -2594.9604511   104.2735353
929.2422207   -2591.1753178   106.1861366
929.5626553   -2591.8755531   110.4972959
929.4538172   -2592.0593739   102.3060754
928.5182329   -2588.4697437   109.6447483
928.3556315   -2588.5174274   101.7812937
927.8631481   -2586.6470337   105.765298
927.4044009   -2584.7389698   109.2998013
927.0898374   -2584.3808651   102.0182967
926.642892   -2582.5781822   105.7074443
926.3184937   -2580.9698105   109.63431
926.037428   -2580.9109211   102.2047922
925.202665   -2577.8024197   105.3860337
924.3255826   -2574.4638443   108.04829
924.2360266   -2575.1130581   101.9431725
923.8215061   -2573.3599663   104.7408804
923.2385429   -2570.8534718   107.9783663
923.2372912   -2572.0291138   101.1421233
922.7157804   -2569.8902607   104.0456519
922.2884449   -2567.7640438   107.8192666
922.1377643   -2568.6621666   100.5652174
921.6362508   -2566.5433407   103.5445035
921.2615164   -2564.540863   107.338056
920.462397   -2562.984705   103.0917466
920.0242134   -2560.9292984   106.0975194
919.1962155   -2559.1855049   102.8505862
918.9624461   -2557.5108528   106.7066267
917.6408621   -2554.5804501   102.8303504
917.9337295   -2554.2294979   107.2865427
917.4110862   -2551.9061089   110.0614965
916.4172383   -2550.1921177   105.7112291
916.3856181   -2550.8122444   103.2342389
915.9960719   -2548.1672287   108.6704135
915.3455766   -2548.0713844   102.4398282
915.0156053   -2546.2481976   105.5324525
914.6163138   -2544.2857742   108.5550189
914.1608151   -2544.6686745   102.6235819
914.0006872   -2543.3440208   105.6843549
913.176653   -2540.415287   108.0064625
913.0071076   -2541.0933495   103.6776528
911.7659303   -2536.131382   109.6372381
911.6153391   -2536.7734432   104.8989296
911.9561287   -2538.8243198   100.9453312
910.9402867   -2535.6426239   101.3356894
910.322872   -2532.5677395   107.3959544
910.1240607   -2532.7219963   103.1855121
908.9446934   -2528.4254551   109.8682433
908.9513095   -2528.9201736   105.1665545
908.9345606   -2529.3455124   101.0964215
907.5881215   -2524.9516964   106.7100614
907.7597829   -2525.5625248   102.6439741
906.2096151   -2521.2032795   104.029417
906.372306   -2521.7437744   107.9159752
905.0951274   -2518.5661316   107.4952707
904.3619009   -2516.4959431   104.0205136
904.3666097   -2517.0633793   110.4052588
903.5395356   -2514.9493217   107.8905538
902.6189419   -2512.447834   104.9238816
901.9657942   -2511.361599   108.8115722
901.483384   -2509.4954967   102.3982987
901.1711749   -2509.2253685   106.0798094
900.1728269   -2506.758213   109.3849987
900.2300473   -2506.3784122   100.9153053
900.0870856   -2506.4282417   104.6240702
899.1821679   -2503.8444996   101.4362872
898.6557993   -2502.8886795   105.7973653
898.5944065   -2502.2096634   110.090822
897.96218   -2500.8945465   103.0814052
897.2009095   -2498.6214638   107.5088903
896.0127803   -2495.6943989   103.3811048
895.7765075   -2494.3389893   107.394509
895.7748982   -2492.5734997   110.4433984
894.7373601   -2489.1402721   110.5113477
894.6218165   -2491.543293   104.8267186
894.8414298   -2491.2333488   107.7365503
893.6558934   -2488.2545471   106.4438447
893.6882588   -2488.9476299   103.3473983
1376.9510063   -2629.8725605   109.6079201
1376.3220581   -2628.3833981   103.4143195
1375.659612   -2631.3464642   106.3057929
1375.7717284   -2632.8730583   109.6163243
1375.5741986   -2629.9881935   100.8893326
1375.1318725   -2631.5362453   102.8877124
1374.2422136   -2635.9479427   107.7034399
1374.1318258   -2634.6065998   103.7400141
1373.3276399   -2636.8210316   101.2390777
1372.7967414   -2638.7281418   104.2274162
1372.2831877   -2640.9471035   106.6942587
1372.4388751   -2639.6923065   100.7729471
1371.5987476   -2642.3208714   102.723591
1371.7908534   -2642.9429054   107.6292396
1371.2659153   -2645.1380253   108.6010337
1370.9200891   -2644.9055672   105.487749
1370.5200823   -2645.8342075   101.6269624
1370.1284202   -2648.4665871   107.9614237
1369.8663982   -2648.0431557   104.2383164
1369.0335425   -2652.8122425   108.8510752
1368.9087304   -2651.3409615   105.0542593
1368.072954   -2656.7871571   109.473519
1368.0056604   -2653.9518833   102.0835266
1367.8997429   -2655.1721096   105.9794724
1366.7774471   -2661.1802578   108.7434143
1366.911796   -2659.0936184   106.4874157
1366.9752153   -2657.3076248   102.3639962
1366.4466413   -2663.7639999   109.8474115
1366.0863312   -2661.1075401   104.3022573
1365.4152425   -2667.9432392   109.3697175
1365.5728372   -2664.7164822   106.5730825
1364.6707805   -2671.5373993   109.6418351
1365.0617274   -2664.4473076   102.7695909
1364.2427596   -2668.9145565   104.9576253
1362.954882   -2676.1643887   107.1793661
1363.4231361   -2672.6107597   105.3990871
1363.1943139   -2671.5638638   102.489017
1363.0685481   -2678.0273914   109.584935
1362.6119169   -2675.2650738   104.3632105
1362.1307286   -2675.1103401   101.2398228
1362.0633157   -2680.0706387   107.442677
1361.8721636   -2678.1201363   103.9796174
1361.8851575   -2682.6350689   109.2300043
1360.6398972   -2685.9579086   107.5656787
1361.1489209   -2682.7600002   106.2924787
1361.0466989   -2681.1137199   103.6515832
1359.9107536   -2690.3948784   108.5131541
1360.2144989   -2684.0996742   103.3474579
1360.1509603   -2682.3763847   100.558117
1359.248844   -2686.9108677   102.0492986
1359.3242439   -2689.3568039   105.2198932
1359.2071804   -2693.6769485   108.0160737
1358.8335188   -2696.5572834   109.6294746
1358.6960109   -2692.5189495   105.2888334
1358.3603176   -2691.2064552   102.5453359
1357.5224551   -2697.9072094   105.5661887
1357.2855862   -2695.2269077   101.0592729
1355.868009   -2701.7323971   106.2650755
1356.0166629   -2700.1280785   102.7927697
1354.508725   -2703.2074928   103.205137
1354.0001186   -2704.2691708   108.0032513
1351.7375859   -2706.4862251   106.2991098
1352.6194962   -2705.5578232   109.4884127
1351.8376025   -2706.3682079   101.9138694
1350.5060943   -2706.6755295   110.3781164
1349.5440754   -2708.2915306   103.1759679
1347.6016196   -2708.7521553   107.1593165
1345.9154638   -2708.4796429   109.8577753
1346.4888605   -2709.9070549   103.9160192
1344.7816046   -2711.0860348   101.3079658
1343.3611663   -2709.8488808   106.2263697
1342.7892598   -2708.6093426   110.2890447
1342.0437845   -2711.0414505   103.6697701
1340.8065709   -2711.8420601   101.0910496
1340.2149948   -2709.0547085   107.8829095
1338.8571414   -2710.1516724   105.233185
1337.169257   -2711.2104893   102.0944864
1336.9061025   -2707.5686455   108.9866087
1335.1253542   -2708.8377476   104.9401909
1333.1201943   -2709.7344398   101.0407209
1333.8697227   -2706.1553001   108.6405143
1332.4765237   -2707.63731   104.4712365
1330.3770097   -2703.8810253   107.3782817
1330.2918347   -2707.2708607   101.8852741
1329.9638303   -2701.2887001   110.4214042
1328.0341896   -2704.110384   103.4254357
1327.3951682   -2700.7744312   106.9906652
1327.4582299   -2698.4267235   110.1607606
1324.7107538   -2700.1078129   103.1380892
1324.2934617   -2696.4035034   107.0049331
1322.3997029   -2692.060709   109.3111932
1322.172788   -2697.906971   101.0954082
1321.469334   -2693.0594444   106.1022505
1321.0800561   -2694.6299076   103.200987
1319.5989998   -2691.0412312   105.536364
1319.4691809   -2692.6653385   102.773644
1318.4472593   -2692.0425892   101.7365754
1318.7741908   -2690.7479763   104.4856608
1316.7608651   -2687.4883175   107.3759124
1317.1598586   -2689.3906593   104.0061712
1316.1341222   -2689.7828579   101.2605503
1314.0448602   -2686.6006851   104.1899547
1314.0473636   -2685.1336956   107.9054773
1313.3867653   -2687.267065   101.3308764
1310.3285106   -2683.129549   106.5900326
1310.9968575   -2685.5556965   101.2489796
1308.5686835   -2683.2923889   102.9747725
1306.2292608   -2680.1388264   109.2296988
1305.7673248   -2681.2357903   104.5026779
1303.4999641   -2681.2062263   100.619711
1303.0770095   -2679.1114807   107.9215035
1301.1583956   -2679.1903973   104.6403423
1299.7403415   -2679.4657707   100.7837877
1299.3871244   -2677.8786182   107.182689
1297.4851998   -2677.895546   103.7708148
1296.3415059   -2676.6366959   107.3848456
1293.8760789   -2676.4681339   103.5659462
1291.9935855   -2675.0488281   106.7766696
1291.9078144   -2676.2163639   100.6229743
1290.0573882   -2673.6021042   109.6482053
1290.211645   -2675.069809   102.9694676
1287.5911864   -2673.3121872   105.7350934
1287.293938   -2673.8426685   102.0412669
1286.4168557   -2671.9915867   109.6060425
1284.431425   -2672.315836   102.4313644
1283.0188545   -2670.715332   106.523037
1281.3566598   -2670.4819202   102.4347544
1279.9638184   -2668.2577133   109.5497236
1278.6458405   -2668.2374477   104.5623496
1277.3262533   -2666.4540768   108.51717
1276.6897353   -2667.3147678   101.1300609
1275.3803404   -2665.3902531   104.5263857
1271.9991478   -2661.2803936   108.641386
1272.4508318   -2662.6589298   103.8826555
1270.9325822   -2661.2284184   102.9546484
1269.4511684   -2659.1367722   105.3555757
1268.8436183   -2657.8989029   108.8729277
1268.8597711   -2659.5458984   101.4926657
1266.7625221   -2656.9530964   103.450112
1266.7883905   -2656.1369896   106.9451496
1264.8582729   -2654.7474861   105.0240248
1263.9377388   -2653.1610489   108.2107201
1264.2078074   -2655.0126076   102.1031514
1262.4467882   -2652.7247429   104.4781134
1261.6427215   -2653.147459   101.1528373
1260.8644637   -2650.5331993   107.3846892
1258.8765296   -2650.1686573   103.1221524
1259.8578604   -2649.0151882   110.1293266
1257.9898509   -2647.8743553   107.9351753
1254.4270428   -2646.0175514   104.7314778
1255.1871213   -2645.067215   109.4094589
1251.4707717   -2642.3726082   108.4974706
1251.3417872   -2645.3070641   100.9303406
1250.7198127   -2643.3098316   104.4269651
1248.3763965   -2640.9697533   106.1012521
1247.062889   -2639.1136646   108.5292473
1247.7092417   -2642.231226   102.0276472
1246.0374507   -2639.950037   104.7053412
1244.1565665   -2637.0928288   108.9060679
1244.3045052   -2640.1462555   101.6198769
1243.4500726   -2637.6812458   106.1353087
1240.99305   -2634.9022388   109.4551682
1239.5438822   -2636.5911961   103.0133814
1238.4130033   -2635.0262165   105.1117927
1237.4670776   -2633.4338188   107.7633947
1236.0334667   -2631.8511963   109.7726449
1234.0313467   -2632.6360703   104.8173755
1233.0630692   -2630.9185028   107.9174802
1231.1244281   -2631.8588257   102.4180502
1230.2077087   -2630.1107407   105.7051644
1229.502705   -2628.5552979   109.0284511
1227.637616   -2629.5132637   103.4452245
1225.6633314   -2627.2335052   107.1528122
1222.9186567   -2627.9625893   100.7023379
1221.927193   -2626.2459755   104.499951
1218.5071381   -2625.9007454   100.6889343
1121.8286427   -2626.7461777   101.947628
1122.2975525   -2625.4823208   105.486691
1118.0745634   -2628.3557415   104.783155
1118.4301647   -2626.4777184   108.9928746
1115.882841   -2631.0310364   101.0135412
1114.4271763   -2629.3122768   108.6481065
1114.382294   -2631.2890053   104.0587351
1112.919   -2631.3436031   106.7168415
1111.1733588   -2633.7704659   104.3712199
1108.7230118   -2633.4061623   109.4528884
1108.5899743   -2636.9264126   101.8700153
1107.5573238   -2635.5962753   107.4271873
1106.312898   -2638.6785507   103.0930802
1103.6587628   -2639.9486065   106.3954607
1104.3632301   -2640.9122944   102.3424789
1101.4275225   -2643.2127953   104.9265787
1101.1577519   -2641.4577961   108.9443862
1100.5359562   -2645.5469131   102.0031869
1098.5960039   -2645.3220844   108.0073193
1096.8543562   -2649.6913433   104.7610566
1096.3281664   -2651.876688   101.4793068
1096.6290506   -2647.4399567   109.8273993
1095.2281626   -2651.2372494   107.4046567
1094.9685844   -2653.3646584   103.7193388
1092.7493247   -2657.430172   104.3483838
1093.092409   -2654.2646885   110.1556793
1092.27362   -2657.1204662   107.9010814
1091.385034   -2660.8505249   102.9729769
1090.6560095   -2663.0165577   101.024352
1090.8734175   -2660.6144905   107.4429601
1089.0760096   -2666.2857533   104.0406972
1089.0732678   -2665.5497551   107.2526798
1088.72166   -2665.7190323   110.3915945
1088.2444056   -2667.8669453   107.7504158
1087.469426   -2670.550108   106.7463979
1087.1022614   -2672.0330715   104.8190668
1087.3134705   -2670.4308987   110.0730747
1085.9940322   -2675.9295464   103.0143648
1086.4285203   -2673.8421917   108.8450179
1085.5895849   -2677.0458221   109.8166928
1084.7208472   -2680.5119514   105.6618914
1085.1333412   -2679.0826321   102.5511771
1083.8851305   -2684.0827465   108.858265
1084.2573913   -2682.4874878   101.3871953
1083.7928327   -2684.366703   104.6982184
1083.142397   -2687.04319   101.3848037
1083.206025   -2686.8419647   106.5517217
1082.474527   -2690.0312901   106.8685353
1082.3896202   -2690.3142929   103.2612175
1081.9273265   -2692.3234463   107.6222509
1081.5698775   -2693.7923431   103.1715348
1081.3903781   -2694.6563721   107.9617292
1080.6347402   -2696.8910694   102.3467183
1080.8107825   -2697.016716   108.3040833
1080.0123187   -2700.4225254   110.4170531
1080.0635787   -2699.3663311   106.002748
1079.5441838   -2700.3388405   102.3187786
1078.9943012   -2702.4579048   104.507342
1078.4740718   -2705.3227425   109.6724868
1078.2817575   -2703.2835484   101.3514772
1077.8483721   -2705.2483559   104.6328619
1076.9794556   -2709.3391418   110.5191335
1077.0212086   -2708.0078125   107.6517478
1076.281664   -2706.9926262   101.3251245
1075.7837566   -2709.2912197   105.0886214
1074.8637589   -2711.782217   107.2881296
1073.7374993   -2714.6792412   109.7589433
1072.6093622   -2712.0606899   101.8080711
1071.0192891   -2715.9748077   106.5423116
1071.3174614   -2717.3383236   109.5698699
1070.1280805   -2714.8923874   103.0491367
1068.7659653   -2719.1300392   108.8646427
1068.543938   -2717.7209854   106.1100066
1067.6582428   -2715.400219   100.629963
1065.553275   -2719.4759846   106.0320809
1064.1559633   -2721.5185165   108.2665175
1062.9570457   -2719.3968296   103.8503498
1062.2490915   -2717.9493904   100.7080451
1060.2600845   -2722.8271961   108.0938876
1060.9714063   -2719.3036079   102.4881154
1058.9113208   -2720.9436893   104.4729427
1056.4070614   -2722.9981422   106.8935692
1055.4195019   -2720.2115059   102.110371
1053.3506545   -2721.6558456   104.2199433
1052.5156828   -2719.8348045   100.9514779
1054.4938418   -2725.487709   109.910816
1051.9126626   -2723.3731747   106.6932902
1049.5705577   -2721.9998837   104.518421
1044.8167297   -2724.8203754   108.4574312
1046.0815998   -2722.6009369   105.4823697
1045.473096   -2720.8199501   102.7313843
1043.8932153   -2719.8462486   101.1871248
1042.5541671   -2722.0857143   104.908295
1040.4455336   -2724.7641087   108.5282639
1040.0558981   -2720.0722694   102.0794064
1039.5255657   -2722.3315239   105.524838
1036.1626121   -2720.6549644   103.4765989
1034.636912   -2723.0558395   106.8129912
1036.6781326   -2725.9793282   109.9757627
1033.2976552   -2726.151228   110.1946756
1031.4279469   -2720.1237679   103.2634228
1030.4526659   -2723.4911919   107.4160412
1028.8513573   -2726.6397476   110.4441658
1027.7543338   -2721.7872143   105.4277197
1025.5272063   -2719.3460464   102.5548875
1027.6501151   -2724.0147591   107.8371257
1025.1354548   -2725.8331776   109.3855947
1023.9251824   -2723.5677242   107.1444973
1022.0563086   -2717.9646492   100.9576693
1019.6154686   -2720.8435535   104.1145399
1022.1896442   -2726.5806198   109.7034886
1019.7440656   -2723.0625153   106.2948704
1018.9436945   -2727.6525497   110.0310758
1018.3482739   -2725.1458168   108.0034152
1016.3706514   -2717.4322605   100.5430073
1014.7764953   -2723.9346504   106.6589877
1015.486476   -2719.7573185   102.8447375
1013.7674483   -2721.4331627   104.4643223
1011.2094852   -2718.8272476   102.0439118
1009.3782815   -2722.0342159   104.8372015
1009.5956   -2725.7072926   107.6920331
1008.0938014   -2729.0365696   110.0224257
1007.1933242   -2718.9753056   102.2273153
1007.1605714   -2722.8019238   105.4705307
1005.1506432   -2725.9454727   107.9045832
1003.3851238   -2720.113039   103.4304947
1004.4836374   -2729.2559147   110.2890596
1004.6214732   -2717.3743248   100.9830981
1003.3648583   -2722.8307724   105.6257859
1002.6127668   -2728.066206   109.6359789
999.8162659   -2723.6385345   106.757313
998.9351305   -2718.7068462   102.8204784
998.1619092   -2727.6780605   110.2011949
996.4055093   -2717.2756195   102.2846475
995.8240064   -2725.0781059   108.8375524
995.0012537   -2722.3439217   106.8959236
996.4888664   -2720.0181484   104.5335457
993.3444234   -2715.4181004   101.6942635
993.1215616   -2718.6880112   104.4616029
992.1375784   -2723.929882   109.443374
991.2331673   -2720.9546566   107.2519794
989.9323257   -2712.7542496   100.9392366
990.6115802   -2716.0022259   103.3110246
989.3074008   -2718.0633545   105.7730243
987.6201721   -2720.9105492   109.4252616
987.6317354   -2714.766264   103.9016098
985.9692725   -2711.4059925   101.9874737
985.8863624   -2716.6585922   106.7395285
984.4171377   -2713.3619785   104.7665402
983.9633378   -2717.6909447   109.4880998
982.5335415   -2710.1979256   103.3426598
982.8602942   -2714.6644592   107.4438244
981.8349751   -2712.1031284   105.8582887
981.2432798   -2715.480566   110.2684885
980.0939532   -2706.4921856   101.9160971
980.2176627   -2712.6171589   108.2703322
979.3865653   -2709.4328403   105.7056189
977.6746007   -2710.3087902   109.2431545
977.2054525   -2706.0441971   104.7264934
977.2927734   -2703.8412094   102.1845043
976.8302413   -2707.7496052   107.3107347
975.4436287   -2701.1511326   101.4385745
975.319949   -2707.618475   110.1109833
975.0217768   -2703.1569481   104.4396609
975.0384661   -2705.2233219   107.1270779
972.4173816   -2699.6786594   104.550302
973.3051034   -2704.433918   110.0898758
973.3183356   -2702.6836872   107.0736572
971.3484021   -2700.7660866   109.4464213
970.1086255   -2695.2259541   103.0235067
970.2304276   -2697.5748539   107.0568338
968.6073931   -2694.6437359   107.7213958
968.2832035   -2691.3237572   101.7919257
967.5781699   -2691.3690567   104.8149094
966.9311615   -2691.1973953   108.497411
966.5752324   -2688.0414486   101.7145962
965.6370851   -2687.75177   105.8316976
964.5763608   -2684.592247   102.7734503
963.9493795   -2683.8998795   107.4271053
962.6425775   -2680.4926395   108.5091382
962.8986093   -2681.1225414   104.1115448
961.3538357   -2677.3569584   102.5722399
961.5492197   -2677.7751446   105.6379825
960.3319439   -2674.4670868   107.6021865
959.5882269   -2672.9660034   101.2870148
959.1132673   -2670.8979607   108.7011248
958.791581   -2670.8493233   104.4296101
958.0212506   -2669.0890789   101.2365744
957.4772986   -2667.4120426   104.3128744
957.341102   -2666.437149   107.9130694
956.8836065   -2666.0583019   102.2064909
956.6599103   -2664.3030643   110.1448014
956.4102861   -2664.3838882   105.9576273
955.7438167   -2663.0792618   102.8915197
954.9535783   -2660.670042   107.0706099
954.2800757   -2658.7486267   109.4075292
954.3637308   -2659.6927643   101.0093912
953.1533989   -2656.3813686   105.6948826
952.6440176   -2654.9203396   108.7335572
951.9558521   -2653.3684731   105.2343026
950.9354802   -2650.6340504   107.9778448
950.4511627   -2649.3256092   104.9458236
949.9259266   -2647.9251385   107.5336561
949.4066211   -2646.4269161   110.0929677
949.6299299   -2647.0022202   104.3151021
948.558149   -2644.007206   103.089802
948.7757357   -2644.8283195   106.6770777
946.6037127   -2638.9780045   101.3364866
947.7140876   -2641.8375969   110.1433262
947.0216008   -2640.2204037   107.3151976
946.0823806   -2637.8521919   104.1237116
945.5355974   -2636.2407207   100.5993783
945.1615187   -2635.584116   108.1827432
944.3548592   -2633.6615086   103.7578508
943.2643922   -2631.0219765   107.2002798
942.66018   -2629.6358109   103.0668989
