45.7022461   -1948.9843845   -414.4082367
44.2695888   -1954.0797472   -414.660573
83.2257541   -1952.2509575   -442.4194396
85.3135856   -1949.0208626   -442.0848489
94.7012576   -1954.2455673   -327.9332519
82.8730138   -1955.0098181   -331.7189813
82.3777588   -1947.7472305   -440.9732521
61.8284019   -1951.8661499   -348.0533957
59.6089038   -1946.6990232   -351.3368368
77.0349773   -1951.7430067   -439.863354
55.0748976   -1947.7006197   -356.5918505
54.9220117   -1952.4462223   -355.9519649
52.3345741   -1952.0113468   -359.4380617
51.0598692   -1947.6233721   -362.0374501
49.1401824   -1952.3532391   -363.9770746
47.6966175   -1948.0583668   -367.0450747
45.7151207   -1953.4968138   -369.2547977
102.7885052   -1948.8891363   -442.4425364
44.716266   -1948.2251406   -372.0456958
99.3067595   -1951.9225359   -443.5257912
41.9227751   -1947.9323626   -377.4544299
98.790017   -1946.3349581   -442.2951937
39.2329963   -1949.4812489   -383.1321597
94.6232649   -1949.8708248   -443.2789385
145.4302045   -1953.6610842   -414.9599671
95.7155498   -1953.02248   -444.00388
142.8775462   -1952.1100521   -417.6763892
144.0242501   -1950.4938126   -415.4349864
142.208484   -1947.1912384   -416.2838459
144.2974778   -1947.2421408   -413.2658839
145.941672   -1950.517416   -412.4024212
138.2925483   -1947.1601248   -421.1373925
139.2260762   -1952.0266056   -421.998471
137.1916505   -1955.2094936   -425.5295992
136.1236843   -1949.5934248   -424.5769978
133.1596645   -1954.3232918   -429.3885529
131.6720816   -1945.635438   -427.8279543
131.0284408   -1949.8429298   -429.8960567
128.7365826   -1952.7095556   -432.7535033
128.1252178   -1945.8179474   -431.1464727
127.409366   -1949.4155645   -432.7860177
124.7402104   -1955.2621841   -436.1700714
125.0712546   -1951.5887499   -435.0565076
123.7908872   -1947.2361803   -434.7046316
120.5143305   -1951.3720274   -437.5393093
118.0097731   -1946.4044571   -437.6268089
116.1583336   -1953.9721012   -440.0534332
115.2406605   -1949.698925   -439.4779503
86.8025693   -1946.1060762   -441.6363537
110.7117208   -1951.9984722   -441.3761199
152.3846658   -1954.8739195   -395.5672979
152.7490588   -1954.7320604   -391.3322091
152.6515456   -1954.3694258   -387.9787922
106.7605587   -1948.7323761   -441.7018592
104.2391928   -1945.2807903   -441.429913
152.1251472   -1954.3678761   -381.5304041
104.9243482   -1952.6350498   -442.8785443
152.2157761   -1953.6094666   -385.0580156
151.658264   -1954.8162222   -377.0754039
151.8515917   -1952.0767927   -389.9686933
151.4615687   -1951.4096975   -392.9287791
151.3529392   -1950.704217   -387.2125745
151.1797281   -1953.0780315   -399.5484114
150.6899568   -1950.3432512   -396.672219
150.9438726   -1950.5754709   -383.4277987
150.2011689   -1950.0567913   -379.1756034
150.5404981   -1948.4996796   -389.2947435
149.827567   -1951.2465   -374.5095134
149.8588296   -1947.3392963   -393.6100304
150.2812179   -1954.5843601   -405.3492844
150.0722142   -1952.0041943   -403.0629098
149.9991687   -1947.6550817   -385.4749501
149.6245237   -1949.2338896   -400.5190432
149.4780155   -1952.8108835   -370.5793917
149.4359346   -1947.1868277   -382.1525574
149.6992382   -1946.5060234   -390.3372884
149.0746113   -1946.3331699   -397.7732658
149.2336365   -1954.8062086   -367.390722
148.9454182   -1954.0587664   -408.4458649
92.2665866   -1954.1386366   -444.2751408
148.8113376   -1951.2835741   -406.4023495
88.8601812   -1950.1091242   -443.0358112
148.3680578   -1946.2474585   -377.815485
148.5222252   -1948.4484196   -404.1983783
147.6955684   -1948.0897188   -370.9451854
147.8974494   -1945.3089237   -401.7973244
148.0662497   -1951.2343407   -367.819488
147.4530669   -1952.7696371   -364.2566502
147.4626931   -1953.6068439   -411.4692509
147.4663886   -1950.8674145   -409.5232189
147.1658619   -1947.8827715   -407.661587
146.1284431   -1947.8451014   -366.0332859
146.0249992   -1948.0068684   -410.5579257
145.4800042   -1949.9359131   -361.841172
146.2275358   -1953.209877   -360.8899415
144.713399   -1946.402669   -362.56513
144.6222635   -1951.9270658   -358.2592607
143.834767   -1947.9265213   -359.0657413
143.5718509   -1954.6209574   -354.7925055
142.354426   -1949.755311   -354.7659218
142.3810395   -1945.5883503   -356.5943241
141.1489221   -1953.2979727   -351.2999117
140.5621441   -1945.6920624   -352.6422977
139.574674   -1948.5615492   -350.1855433
138.85614   -1952.9540539   -347.903192
137.5246318   -1950.2551556   -346.7976749
136.7540034   -1945.6785917   -346.6700017
136.869845   -1952.7667761   -345.3741372
134.9256011   -1945.4317093   -344.3933129
135.2116438   -1949.9341249   -343.9858258
135.0469264   -1954.2707205   -342.9765701
132.7318522   -1952.1186352   -340.901196
132.1671876   -1947.6232529   -341.095686
130.4186555   -1954.39744   -338.4307325
130.3589913   -1950.7749081   -338.9874101
128.7428411   -1947.7976561   -338.0906582
127.7077468   -1951.8816471   -336.6703391
124.504176   -1948.0798244   -335.0656927
72.2947987   -1949.4179487   -436.4722073
124.7228654   -1953.365922   -334.3928754
122.1494945   -1951.8237114   -333.122015
119.4123002   -1948.8177299   -332.2454095
119.6025284   -1953.9859295   -331.5064311
115.752426   -1952.28374   -330.1859796
114.9472269   -1947.4130869   -330.72716
111.5569147   -1950.3077269   -329.2484581
111.2188371   -1945.4727173   -330.0235569
108.0316576   -1953.309536   -328.0129433
107.0544692   -1947.805047   -328.8271427
103.8510772   -1951.9747496   -327.7785778
101.7255159   -1947.2423792   -328.5453022
47.8962334   -1951.9997835   -417.5183177
69.0835985   -1951.9205093   -434.9454641
99.2549928   -1951.749444   -327.8108239
98.0628403   -1945.4391003   -329.0301859
98.664728   -1948.2814074   -328.4616172
95.5653461   -1948.6751556   -328.7456632
66.4813193   -1949.7666359   -432.4210584
91.8685766   -1950.511694   -329.1740716
91.7677852   -1946.549058   -329.8922777
88.8788971   -1954.2700052   -329.426527
88.5551246   -1948.9035606   -330.4107785
85.4316624   -1950.8850574   -331.2442899
85.1403149   -1946.7853308   -332.0450187
81.8074616   -1949.4715929   -333.1091404
78.2370242   -1952.4953365   -334.5718384
77.780691   -1947.5550652   -335.6486857
64.6483573   -1952.8770447   -431.8796992
74.510363   -1950.3762722   -337.2804224
74.0163001   -1945.9738731   -338.3360505
71.6996463   -1952.3187876   -339.0057683
71.1536082   -1948.6291409   -340.0207162
68.5916813   -1951.6118765   -341.6353762
67.6949891   -1947.3726749   -343.1098461
65.6758221   -1955.2013874   -343.6819911
65.4998692   -1950.5358934   -344.6074128
63.8649734   -1946.7130899   -346.821636
65.5736002   -1946.7376471   -430.9639633
59.0834888   -1955.2316666   -350.4915237
57.7261122   -1951.5832663   -352.6808321
42.9824265   -1952.3098469   -374.4177818
43.6703237   -1950.0489235   -412.4356508
63.2521185   -1950.5023956   -430.1428497
42.5598296   -1948.1307268   -410.1379514
41.589466   -1953.0667067   -410.8713269
40.3943928   -1954.4028044   -379.1623712
40.6887802   -1949.529767   -407.4771702
63.0721124   -1946.0777044   -428.9214611
40.2408513   -1945.910573   -404.2980969
39.4476923   -1954.2635679   -407.4772596
38.7190255   -1951.2432814   -403.9471745
38.7468012   -1946.9804764   -400.2015591
61.0866221   -1953.8427591   -429.26687
38.2330688   -1946.2817907   -395.9288895
38.4168895   -1947.7546215   -387.4506354
38.2623347   -1946.1134672   -391.5119767
37.7109917   -1951.5172243   -400.5051851
37.7082499   -1949.9429464   -397.8993595
37.2630628   -1955.1516771   -402.1398425
37.2928055   -1951.3647556   -390.8079267
37.3274954   -1950.5515099   -394.7286308
36.7738279   -1954.4380903   -398.1032968
37.8183993   -1952.0988464   -387.18611
60.5065497   -1947.5558996   -427.1778166
56.8314465   -1947.1440315   -423.8684177
54.9189123   -1950.5454302   -423.0610728
55.2171143   -1954.8317194   -424.4571328
54.4421943   -1947.0527172   -421.7705131
51.920143   -1946.1779594   -419.2671776
52.1180304   -1953.1332254   -421.3484526
47.9278239   -1946.7960596   -415.9109294
45.6188592   -1945.5324411   -413.1292999
