-403.2143084   -2060.6982708   10.0607807
-405.4236738   -2060.4298115   7.8107575
-408.0186812   -2059.9982738   5.7349
-408.8365761   -2061.8655682   8.6123515
-411.9354216   -2060.7483387   5.8279126
-412.1151892   -2063.26437   9.7663067
-415.7895771   -2062.6661777   8.4489668
-415.9445492   -2061.1720085   6.1328281
-419.3904129   -2061.413765   7.0806299
-422.1813408   -2062.3328686   9.3088225
-422.9529826   -2060.0955486   6.3568624
-425.8181778   -2061.5859032   10.0189187
-264.9665204   -1807.6902628   5.058696
-265.022668   -1810.988903   3.0621768
-265.3004853   -1803.172946   4.8668915
-265.0490729   -1811.1350536   7.7856206
-265.1508776   -1806.9134951   9.7715603
-265.6119791   -1814.7788048   5.874509
-265.8022968   -1814.7741556   1.4695525
-265.460941   -1814.2311573   9.4427634
-265.5403344   -1802.357316   9.8637752
-265.9452883   -1798.3249426   2.9436373
-266.3042275   -1797.8277206   5.0470717
-265.7905547   -1816.468358   10.0705763
-266.5065257   -1798.3380556   8.8206008
-266.3606135   -1817.5164461   3.8274508
-266.3268176   -1818.3608055   8.2734739
-268.1231824   -1795.0071096   6.3573448
-267.0806972   -1820.905447   8.7307403
-267.6908103   -1821.2692738   4.3926807
-268.2727305   -1795.4384089   9.3145696
-267.6576105   -1795.9100008   7.477697
-268.2130066   -1823.4510422   7.6644928
-269.1441504   -1793.6489582   1.535642
-269.7115866   -1793.5204506   4.603392
-269.462022   -1824.9729872   5.3857174
-269.9938742   -1824.4285583   1.1678265
-269.4811551   -1826.1716366   8.8223526
-269.9841586   -1793.7613726   7.6282248
-271.5508667   -1792.0039892   1.8451599
-271.4698044   -1829.6226263   10.3905424
-271.4910833   -1826.8618584   2.5872255
-271.3669268   -1828.1202316   6.3766176
-272.2090212   -1792.0126915   4.90095
-273.5032169   -1831.2155008   7.3014153
-273.2973424   -1829.6858072   4.065379
-273.7770406   -1829.1295767   1.0959706
-274.2718188   -1791.798234   7.6964917
-278.3777443   -1792.0069695   10.3981569
-275.7363645   -1832.1403265   3.1153893
-275.8394805   -1834.4540596   8.5100532
-278.2801715   -1835.919261   5.1718615
-276.327881   -1790.8328772   4.0346556
-277.8153149   -1791.3681269   7.6588662
-278.3321468   -1837.4246359   8.6114528
-277.9696313   -1834.0367079   1.6603603
-280.2057592   -1790.6827927   3.7490835
-281.5909711   -1791.9821739   8.3738696
-281.7724673   -1838.4242058   1.8565342
-281.0159651   -1841.2815332   10.2531891
-280.9769241   -1839.635253   6.5832189
-283.862683   -1790.5908823   1.0438696
-283.5648981   -1791.5247679   4.8474954
-283.1877796   -1841.7372704   5.5363565
-284.9759189   -1845.2124596   8.2878461
-285.4761211   -1792.5828695   7.4042007
-284.3878595   -1841.7540789   2.2109488
-285.7538787   -1844.2633152   4.0393444
-286.655101   -1791.9508219   3.6254104
-287.3875228   -1793.9935923   9.832154
-287.5298587   -1848.8953114   8.9463359
-287.6169411   -1847.3336697   5.5055786
-289.3862454   -1793.7729359   6.3472888
-287.7053944   -1846.2227583   2.5573184
-289.8051468   -1792.3060656   0.6488821
-289.743754   -1851.093173   7.1964026
-289.6027295   -1849.1162062   3.0670518
-291.7903391   -1853.9911509   6.8510654
-292.4739448   -1856.6986322   10.4889208
-292.6541296   -1794.5042849   3.8736586
-292.4846736   -1795.360446   6.9321706
-291.8252078   -1852.815032   3.8433245
-293.0555073   -1793.8780785   0.8606659
-294.6437923   -1797.1824408   8.4326128
-293.9870087   -1855.5065393   0.663998
-293.7764255   -1856.7216396   5.632625
-295.078787   -1859.560132   7.3079616
-294.7827903   -1796.2349653   5.3358274
-295.9396569   -1795.9039211   1.9385578
-296.1021391   -1860.0366116   3.1630767
-297.1698371   -1799.5411158   10.1598315
-298.074278   -1798.4905243   5.4776384
-296.8972651   -1862.5717163   6.5558548
-300.0855175   -1798.8897562   2.4305361
-297.478172   -1862.2404337   1.5178979
-299.0075675   -1866.4585352   5.9155878
-300.1396982   -1800.9537458   7.6695657
-299.8419134   -1869.281292   9.5579717
-302.0564643   -1802.1110296   6.2405448
-300.0609604   -1867.4708605   1.2562079
-300.7014719   -1869.4336414   3.8631214
-301.594886   -1803.3269644   9.9148313
-302.988681   -1800.9538651   1.3505575
-301.8783657   -1872.8789091   7.5835716
-303.0128805   -1873.9351034   2.4654556
-304.8093645   -1803.9531708   4.1029491
-304.2689291   -1805.2743673   8.1859827
-303.1934229   -1875.2064705   6.0418886
-304.325792   -1877.3272038   4.9980986
-305.9357134   -1807.5891733   9.19245
-305.401179   -1879.7787428   5.5696564
-307.7460257   -1806.8213463   3.4895702
-306.2210409   -1880.620122   1.6069352
-307.3177663   -1884.1313124   7.9713883
-307.6216308   -1883.9086294   3.4244049
-309.0660302   -1811.7552996   10.0165764
-308.5870472   -1809.2432022   6.3674557
-308.9945046   -1887.2753382   7.6346514
-309.3477217   -1887.3288631   3.4963849
-311.5104166   -1810.7085228   2.2729153
-310.6177775   -1890.1216984   7.2893598
-311.620566   -1892.1790123   10.311652
-310.5667559   -1811.2015724   5.4834415
-311.3172976   -1814.8986101   10.2583421
-311.0753623   -1813.1948709   7.8693973
-310.8357517   -1889.8943663   1.0612695
-312.8763763   -1814.5642281   5.8860411
-313.8466207   -1813.9785528   2.4065797
-312.3612729   -1892.8823471   3.4626462
-313.0635945   -1894.2970037   7.7839489
-313.5050861   -1817.2203302   8.6321924
-314.8739664   -1897.5141048   0.7237898
-314.0944568   -1895.9405422   4.8932531
-315.1089279   -1817.4128532   4.9231499
-314.8838011   -1897.4318504   8.4710484
-316.1340681   -1820.8062649   7.4648429
-315.9196702   -1816.3671494   1.0025416
-315.8314554   -1899.0511894   5.0443173
-317.4887029   -1824.7264624   9.1878474
-316.3540093   -1900.2730846   2.0897016
-316.776785   -1900.7091522   7.996575
-317.7103726   -1819.5773363   1.1670699
-317.179772   -1901.6451836   4.8303003
-317.7026836   -1823.1035471   6.3840188
-318.8201515   -1822.9324818   2.9206835
-318.3495132   -1904.5858383   0.7935965
-318.3292476   -1903.7922621   6.6366126
-319.8350397   -1826.289773   4.5970748
-319.7747795   -1828.2256126   7.4187811
-319.8575703   -1907.4989557   4.0214434
-319.7301952   -1906.575799   9.002788
-320.5558983   -1825.5268335   1.0976169
-321.2096421   -1833.7775469   10.2208024
-321.0504977   -1831.2478065   7.5519779
-321.139249   -1909.9583626   8.1031192
-321.5179173   -1830.1044703   4.5155706
-322.1183149   -1829.0749788   0.6645713
-321.1055128   -1911.0257626   1.6645993
-321.2744323   -1910.7446671   5.0984849
-323.3296601   -1838.0538225   9.1441609
-322.4835125   -1833.5382938   5.97115
-322.743806   -1914.6507978   4.8947148
-322.6776449   -1914.9855375   1.4968953
-322.8392927   -1914.5493507   7.822793
-323.408219   -1833.1413269   1.7724505
-323.92368   -1836.06112   4.2200866
-324.0523068   -1918.2840586   2.7744761
-324.5135275   -1919.1884995   6.8636825
-325.4463998   -1841.9831991   7.0498087
-324.7807948   -1836.1808062   0.7573327
-324.7078983   -1838.965416   5.5720368
-325.8816925   -1840.2708769   2.4957771
-327.0289031   -1847.3566771   9.0517942
-327.0208565   -1843.4345722   2.7639391
-327.3054687   -1845.5332518   5.1212134
-328.294727   -1851.0744572   10.0301979
-328.5940019   -1846.5610743   1.1813807
-329.0464012   -1848.6777544   2.9501379
-329.3160526   -1850.984931   5.8411993
-330.7940093   -1855.9503555   8.5589904
-331.7155568   -1858.7137461   9.8394705
-331.8036524   -1855.5263281   3.3410715
-332.5390545   -1858.7329388   6.3701975
-333.0856291   -1857.2951555   1.135273
-333.6895434   -1862.6799583   9.6666617
-333.5456578   -1859.3242168   3.1840773
-334.8431913   -1863.2150888   5.7753813
-335.206422   -1861.5840673   0.6176746
-336.2483708   -1866.5795326   7.4464683
-336.2933127   -1864.864707   3.1715217
-338.1383149   -1869.8801994   7.4854437
-338.704857   -1868.7568903   2.1031664
-340.2143446   -1873.3022213   8.2744062
-340.5723897   -1872.4455833   4.0424122
-342.4565522   -1875.751853   5.9044235
-343.1544629   -1877.6273727   9.3542105
-344.3395225   -1877.0976067   2.012213
-345.0043527   -1879.4845343   7.3354328
-346.6361491   -1880.1681995   2.4099734
-347.1233574   -1881.8832636   6.6085141
-347.8548852   -1883.5749626   9.9893594
-348.5125033   -1882.6990128   2.7893523
-350.1426903   -1885.4180574   5.364995
-350.171539   -1886.4969015   10.3521049
-351.8884508   -1887.9288435   6.392071
-352.2556154   -1887.4551058   2.0570494
-354.316744   -1891.1751509   5.9471186
-354.0513245   -1889.9275064   1.7106616
-355.4746238   -1893.3401108   9.0078879
-356.1758129   -1893.3182955   2.9068647
-357.2459546   -1895.6446648   7.0039704
-358.569893   -1896.750927   1.6239783
-358.9725224   -1898.3739614   9.7157657
-360.6144515   -1900.3103971   6.1664325
-361.2926928   -1900.955081   3.172141
-362.3982397   -1902.8365612   9.7136768
-363.9653651   -1904.5170546   2.3361405
-363.0293933   -1903.4746885   5.3271134
-365.437123   -1906.5190554   6.786353
-366.9836251   -1908.3608389   3.3210998
-367.4246994   -1908.7672234   9.7841443
-367.8341237   -1909.3741179   6.2432569
-369.4084016   -1911.3255739   2.8986556
-370.1587645   -1912.0476246   6.9752322
-371.5135185   -1913.7597084   4.8879692
-372.0724908   -1914.5475626   1.9728336
-372.7370826   -1914.9487019   7.6137492
-373.7877933   -1916.3517952   5.0496366
-374.6986119   -1917.7004099   0.8119093
-376.8522469   -1919.9008942   5.1700948
-325.3074614   -1921.3583469   3.9188955
-326.6799179   -1924.8170853   8.3076796
-326.0722486   -1923.3458042   0.6691174
-326.8881766   -1925.3491163   4.9349153
-328.087124   -1928.3143282   3.1339712
-328.1075088   -1928.5639524   7.8982329
-329.3528882   -1931.3414097   6.7963246
-329.7795383   -1932.1557283   3.7080257
-330.289456   -1933.4005117   8.6602867
-330.8766214   -1934.5300198   5.9309653
-332.1206895   -1937.0443821   8.7948162
-333.187255   -1939.024806   3.7331388
-334.1117231   -1940.7058954   9.0735275
-335.3612749   -1942.8062439   5.7004886
-337.1117441   -1945.6479549   2.1465672
-337.225887   -1945.9644556   8.572991
-338.3615343   -1947.7202892   5.0141453
-339.2559616   -1949.1438866   0.5591074
-339.7587863   -1950.1222372   8.6284839
-340.717229   -1951.5650272   3.1962858
-340.814325   -1951.726079   6.4368006
-342.031273   -1953.676939   9.6872812
-342.8023187   -1954.8017979   5.1370906
-343.2813016   -1955.5256367   2.2720748
-344.5093361   -1957.4153423   8.7341741
-344.5099918   -1957.3776722   5.3378278
-345.0271813   -1958.1693411   1.9422458
-346.838328   -1960.9686136   8.1391623
-346.6874091   -1960.7601166   3.6304928
-348.1276361   -1963.2352591   1.7277719
-348.8806812   -1964.4993544   5.5263285
-348.8251296   -1964.4654989   9.6625602
-349.8263089   -1966.5373564   1.7216132
-350.0765292   -1966.9556618   8.396931
-350.982639   -1968.9648151   5.5862647
-351.5509693   -1970.5444574   1.4275783
-351.2717215   -1969.76614   9.5818071
-352.1192399   -1971.8501568   7.6844534
-352.4925438   -1972.8904963   4.790883
-352.9959051   -1974.5893478   1.27298
-353.0840007   -1974.8057127   7.9515781
-353.6790935   -1976.7792225   4.8858356
-354.1180221   -1978.5376787   1.3149218
-354.0851203   -1978.6843061   9.0181287
-354.7363607   -1981.3182354   4.9647489
-354.9672691   -1983.263135   9.5094433
-354.9257842   -1982.2789431   0.5950475
-355.3903428   -1985.0685596   3.0849732
-355.3958265   -1985.6622219   7.4407835
-355.7406989   -1990.1651144   8.7334132
-355.6295363   -1987.5193834   5.481896
-355.8681337   -1994.0129519   10.0535443
-355.7062475   -1988.4054661   1.701068
-355.880591   -1990.3116226   4.0028798
-356.0861675   -1993.4661388   0.9367729
-356.0861675   -1994.2461252   5.7741208
-356.2883464   -1999.5763302   8.8605359
-356.4597098   -2002.505064   9.7184563
-356.344196   -1997.1394539   3.3566786
-357.239577   -2003.1895638   1.9976238
-357.6343385   -2008.3217621   9.3516875
-357.7136723   -2006.9425106   5.6279227
-358.7373821   -2011.1088753   7.403614
-359.0278951   -2010.0414753   3.2588118
-359.4142524   -2013.917923   10.2228988
-360.4293195   -2014.0874386   4.62591
-360.2084843   -2014.5673752   7.1350564
-360.8438102   -2013.5755539   1.5432133
-360.7358066   -2016.5014267   9.4738845
-362.3165814   -2019.6275711   10.1568531
-361.9129983   -2017.6801682   6.7328559
-362.8900377   -2017.9188251   2.9104962
-364.7975651   -2022.1354961   6.2529081
-364.927086   -2020.5016136   1.4093516
-367.352399   -2026.932478   10.4620997
-366.8049899   -2022.9563713   1.1457714
-368.89002   -2027.169466   5.9565734
-369.4712845   -2026.0791779   1.2186861
-370.5444662   -2029.7949314   8.3118174
-371.7892496   -2028.4116268   0.6486587
-372.0503775   -2029.9561024   4.4490644
-372.7019755   -2031.4648151   6.8674828
-374.0827767   -2031.0862064   1.8004763
-375.7127253   -2033.6580276   4.7268085
-377.1064607   -1919.7427034   8.6279996
-378.0378429   -2037.6193523   9.8438896
-378.9849011   -2036.6432667   4.1519538
-378.2739369   -1921.8525887   1.2126869
-379.4439761   -1922.1470356   9.3597099
-379.5838086   -1923.0850935   4.1043996
-381.1074821   -1924.3167639   7.2474894
-380.7562915   -2039.2277241   6.4998311
-381.3040582   -2041.0211086   10.1723708
-381.3842265   -1925.3081083   2.0474817
-382.0703355   -2038.5313034   0.9960342
-383.3871809   -2041.3424969   4.8380662
-383.5639683   -1926.9998074   6.8667242
-383.7285367   -2043.4439182   9.8343417
-385.6371371   -1930.0435781   1.2513874
-384.350392   -1928.309083   4.0044296
-386.4795891   -2043.1382656   1.1778109
-386.0155074   -1929.3884039   7.5977342
-386.1793009   -2044.9485779   6.6657425
-386.4407865   -2044.2581177   4.1154921
-386.9230477   -2046.6907024   9.268892
-387.4034015   -1931.3784838   4.8359991
-387.5282136   -1930.2816391   10.1014804
-390.7223073   -2048.938036   4.872351
-389.9418441   -2046.6620922   1.4359842
-389.3213002   -2049.2975712   9.3509592
-390.7040683   -1933.7720871   8.6214244
-389.8519007   -1933.9973927   4.1454989
-391.3759915   -1936.0611439   1.5008141
-391.8872801   -2051.6180992   8.7590255
-392.1257583   -1936.1704588   4.5286049
-392.5131289   -2051.0234833   5.8160909
-392.9379908   -2049.2110252   1.0517855
-394.4061128   -1938.8740063   2.8332437
-394.3023411   -1937.5641346   7.1898233
-394.6543065   -2051.7818928   3.4897376
-394.7391836   -2053.552866   7.1721543
-397.7047531   -1941.2375689   5.7869083
-398.0486123   -2056.8883419   8.6559197
-397.3249523   -2054.681778   5.2252421
-398.0043856   -2053.4582138   1.8852857
-398.6246315   -1942.9889917   3.078541
-399.1583911   -2056.6849709   6.7466591
-400.6460039   -2056.0972691   3.8677636
-399.3380991   -1941.634059   9.1290455
-400.7911412   -1944.3873167   5.3383028
-401.8576471   -2055.1609993   1.0222512
-401.1230198   -1945.818305   2.2175221
-401.7849294   -2058.590889   7.4226181
-402.7123181   -1944.8218346   9.1709858
-404.8403231   -2058.0301285   4.1057947
-403.6109177   -1946.7728138   6.5476019
-403.6713568   -1948.444128   2.345161
-405.8069316   -1948.3259916   8.222051
-406.5566389   -1951.1069059   3.5255793
-407.8705636   -1950.6422281   7.8698099
-409.1715542   -2058.3353043   2.6401049
-408.6146084   -1953.0851841   4.3178927
-411.4358155   -1953.730464   9.5924027
-410.6045691   -1955.4127455   4.2262822
-411.3285271   -1957.762599   0.7966276
-412.739369   -1957.6115608   4.8894533
-413.9711586   -1957.6122761   7.7751465
-413.7758938   -1959.7145319   3.1526079
-413.9336077   -2059.0281487   2.8223381
-417.2008959   -1961.3364935   8.0613988
-415.7983986   -1962.6297951   2.3405172
-417.6581828   -1963.365674   5.4186429
-416.9743983   -1959.6904516   10.4326028
-418.8823429   -2057.5516224   1.5085777
-419.2912308   -1966.6081667   3.2366617
-419.248077   -1967.9504633   0.5994991
-419.7765318   -1964.1983509   8.5244188
-421.07186   -1966.8878317   6.7213778
-423.114988   -2056.2558174   1.4026688
-423.1462208   -2058.103323   3.8287367
-419.0445868   -2059.6704483   4.4559031
-422.5198952   -1970.6532955   3.5163215
-424.4543044   -1969.4592953   9.4449222
-425.1101939   -1974.9479294   2.231274
-424.9672619   -1972.4097252   5.9431302
-427.1143404   -2055.6738377   3.0821224
-426.4956442   -1974.9730825   5.2220486
-426.9816605   -1978.6635637   0.6912224
-427.4388281   -1973.1937647   9.7706523
-428.9103476   -2052.5534153   0.7916716
-427.8409211   -1978.1067371   3.464509
-428.7169901   -1975.6627083   8.8415341
-430.0077883   -1978.956461   6.9325198
-429.5943705   -1980.9341431   3.3329963
-431.3025204   -2053.6448956   4.1971686
-429.8429219   -2056.9031239   6.6483095
-426.5907732   -2058.712244   6.517949
-431.9735495   -1985.2017164   2.9256705
-431.5843312   -2050.5981445   1.0752456
-432.6566187   -2055.532217   7.5752973
-431.9467274   -2057.7988625   9.6062031
-429.1689125   -2059.4844818   9.3707414
-432.1266142   -1982.7528   6.4268722
-433.6650101   -1982.5142622   9.9164657
-433.8037697   -2049.8225689   2.6646266
-434.6135584   -2052.9537201   6.9402489
-434.1686694   -1987.0306253   5.6889136
-434.9438874   -2047.7712154   1.9526796
-434.8637787   -1991.3210869   2.643201
-436.2617461   -1996.1613417   1.637625
-436.4903895   -2043.6413288   0.6141109
-436.814758   -2049.5085716   6.0544009
-436.3033501   -1991.3202524   5.8450671
-436.9682995   -1989.6864891   8.8575389
-437.4036518   -2052.0908833   9.4537092
-437.4420372   -1994.618535   5.3605768
-437.0461432   -2046.214819   3.5708752
-438.2353751   -2004.8217773   0.7037762
-437.9656044   -1999.4168282   3.0436029
-439.1712872   -1996.9769716   7.1896524
-438.7480942   -1993.3326244   9.1445316
-438.9306036   -2042.8574085   3.7100676
-439.5709959   -2045.9580421   7.2428999
-439.2704693   -2050.0457287   10.186852
-439.320418   -2009.1676712   1.0447145
-439.1844002   -2002.4671555   3.8878324
-440.6457869   -2006.0148239   5.1770955
-440.3578965   -2039.6900177   4.0400168
-440.5790297   -2036.570549   2.6636883
-440.6687943   -2032.5899124   1.0910539
-441.2255017   -2002.2368431   8.1093032
-440.9820763   -1999.2628098   9.3708029
-440.4040305   -2012.9618645   1.8360357
-441.2703244   -2041.7659283   7.0170173
-440.7394854   -2010.0026131   3.7050431
-441.6966168   -2028.3858776   2.2158597
-441.3387505   -2021.1832523   1.4154424
-442.0096604   -2009.572506   6.6127507
-442.1542612   -2016.6018009   4.7341106
-442.4578873   -2020.070076   4.5800302
-442.4166409   -2037.5313759   6.8766326
-442.772123   -2014.4991875   6.7968778
-441.9965474   -2034.1837406   4.5869406
-442.3472611   -2031.1849117   4.3976926
-442.3126904   -2024.3968964   3.5864953
-442.9869381   -2005.607605   10.1177022
-443.2702986   -2040.2407646   10.0592654
-443.370792   -2027.8508663   6.3334922
-443.6230389   -2032.8719616   7.9222471
-443.7288968   -2011.0938549   9.767564
-443.4400526   -2019.1245079   7.2860052
-443.5304133   -2023.3528614   6.8865609
-444.6624247   -2024.9378681   9.6768495
-444.5935217   -2029.7031403   9.8262066
-444.6695773   -2021.5647221   9.9289604
