-641.8919293   -2174.1578579   -1011.8608475
-641.9583289   -2166.2471294   -1010.0214481
-644.1673962   -2162.1353626   -1008.7076426
-642.9596869   -2179.2051792   -1012.7813816
-642.1663491   -2192.6174164   -1011.7067099
-643.3882443   -2169.7349548   -1011.1656189
-646.0815398   -2156.9964886   -1006.1458349
-641.6438548   -2154.0882587   -1004.0314198
-643.6524121   -2188.8520718   -1012.7817392
-643.9567534   -2195.2998638   -1011.89363
-644.1665617   -2198.2808113   -1011.1824274
-641.8286292   -2199.7263432   -1009.5739365
-646.6736523   -2182.2738647   -1013.8790607
-645.7304684   -2186.2003803   -1013.6578083
-646.6651884   -2177.318573   -1013.330698
-647.8855339   -2172.3012924   -1012.4444962
-646.5036599   -2166.9905186   -1010.8503103
-645.3290907   -2192.0979023   -1012.9570961
-647.8228299   -2189.88204   -1014.0045881
-647.7154223   -2197.6912022   -1012.7773285
-647.4020211   -2201.415062   -1011.6539001
-644.1975562   -2202.2693157   -1009.8772049
-648.7436024   -2160.16078   -1008.3713531
-649.8036114   -2163.6509895   -1010.0396872
-648.1055943   -2194.0526962   -1013.6036873
-649.1121975   -2186.1567497   -1014.5258904
-650.9581534   -2157.8080654   -1007.3736906
-651.1864392   -2154.8485756   -1005.2235126
-646.7557875   -2152.3015499   -1002.8623343
-650.3504244   -2179.9125671   -1014.3773556
-650.5150525   -2176.2342453   -1013.8078928
-650.6296126   -2183.3586693   -1014.7505999
-651.1336295   -2196.7878342   -1014.1210556
-650.6781308   -2200.4599571   -1013.1962299
-651.2498585   -2189.0275478   -1014.9538517
-641.657087   -2152.418375   -932.5351119
-643.0971352   -2145.8091736   -993.5076237
-643.2449547   -2159.8248482   -871.630311
-643.7352625   -2159.8539352   -877.4849772
-642.3178641   -2157.1927071   -914.7672057
-643.19441   -2160.282135   -882.8007579
-644.2277161   -2159.9593163   -888.9038563
-642.5373284   -2143.2409286   -960.0703716
-642.0130459   -2142.5797939   -964.2919898
-643.0242983   -2156.0823917   -919.7609425
-643.5268847   -2154.8089981   -924.6385098
-643.1467263   -2144.2666054   -954.9295306
-643.5571638   -2150.5494118   -937.476635
-643.7012879   -2160.3400707   -862.1775508
-644.8019473   -2159.3503952   -866.1447763
-644.4147555   -2142.3692703   -968.5841203
-643.8675848   -2145.7672119   -949.5980144
-645.1101033   -2148.0824947   -943.3717728
-644.3046061   -2142.2412395   -974.1309881
-643.1704489   -2159.3499184   -899.7608423
-644.5002285   -2158.5457325   -905.1838517
-644.465181   -2144.0110207   -988.6600375
-644.2799298   -2153.4926891   -929.0081859
-645.394775   -2142.9154873   -983.7098122
-645.0351206   -2149.2016315   -999.168694
-644.0688101   -2147.4716663   -996.7004657
-647.0255581   -2159.0816975   -895.0916529
-645.9582774   -2157.5336456   -910.8800292
-647.0613209   -2142.4739361   -978.9660573
-645.5670325   -2160.6299877   -857.2732806
-646.2905136   -2161.523819   -853.51789
-643.1771246   -2164.3674374   -851.1084318
-647.5718943   -2151.961565   -933.1364632
-646.0677115   -2143.0490017   -963.0069733
-647.6944415   -2156.2440395   -916.9750214
-646.9005076   -2143.8615322   -957.7243924
-646.8475787   -2155.2593708   -922.0000505
-648.1921402   -2147.1269131   -996.3388443
-648.8116709   -2145.0293064   -991.7437434
-647.5197998   -2144.913435   -952.6180625
-648.3202902   -2158.4002972   -901.2783766
-646.1350647   -2159.2376232   -880.7066083
-647.5490061   -2159.0950489   -884.7587109
-645.7570521   -2158.9002609   -873.7401962
-648.2201544   -2157.6859951   -869.3481088
-646.5033022   -2158.9198112   -862.5740409
-648.792359   -2153.8085938   -926.8200994
-648.8268105   -2149.7786045   -938.6954904
-647.1688477   -2158.5922241   -877.2911429
-648.6749379   -2146.3603973   -947.7342963
-647.8295056   -2159.0106487   -858.9166999
-649.5250193   -2158.6754322   -889.716506
-648.1688944   -2142.6057816   -971.1214304
-649.813625   -2142.6022053   -975.0644565
-649.5150057   -2143.0516243   -966.5009975
-649.6798722   -2143.550396   -987.1006608
-649.728748   -2157.5591564   -906.7780972
-648.6358372   -2157.6793194   -864.9224043
-649.8548714   -2149.4820118   -1000.130415
-651.0253874   -2148.0329037   -942.9823756
-650.5371062   -2142.9042816   -982.4062586
-648.4197108   -2159.6078873   -855.5746078
-650.0903098   -2157.1800709   -873.6815453
-651.3197152   -2156.5356255   -912.2810364
-650.8199898   -2143.733263   -960.8052373
-649.1881339   -2158.2934856   -881.2768459
-650.6930319   -2157.201767   -861.2328768
-651.1118142   -2154.8318863   -921.6966629
-651.2109963   -2144.5384026   -955.1730752
-651.4705149   -2158.1552029   -893.5819268
-651.5068737   -2142.7402496   -978.6962867
-651.1449543   -2145.4503536   -950.9134889
-643.9715353   -2201.3635635   -730.1558852
-642.5379244   -2201.9045353   -735.3115678
-642.0789687   -2169.4271564   -841.3391113
-641.9800249   -2181.292057   -821.2345839
-642.3114268   -2184.0648651   -816.9873357
-642.0901743   -2193.4828758   -802.9533029
-642.7620379   -2190.778017   -806.9613576
-644.9347464   -2177.1292686   -825.948894
-645.9194151   -2196.423769   -710.0061774
-642.363402   -2186.5501404   -813.246727
-645.6364123   -2166.1679745   -844.1246152
-643.3784691   -2195.2753067   -800.2597094
-646.2348429   -2200.9868622   -724.6322036
-644.4664923   -2198.1978416   -717.885375
-643.6849562   -2197.4112988   -796.9481945
-642.5571171   -2199.2912292   -793.979466
-643.7678067   -2188.0440712   -810.6547594
-645.8475319   -2172.6722717   -832.2473764
-645.9192959   -2169.3012714   -837.9520774
-645.4697577   -2181.3380718   -819.6832538
-644.8061196   -2192.1815872   -804.4336438
-646.2979046   -2184.5912933   -814.4655228
-647.0598904   -2188.6546612   -808.4293604
-648.7736432   -2162.5957489   -847.6407528
-647.7360455   -2196.4952946   -797.4413633
-645.5967156   -2199.6798515   -793.4126258
-647.1279589   -2199.5625496   -718.2651162
-647.7519003   -2192.4207211   -802.957058
-649.3392912   -2176.8980026   -823.4624267
-651.1827437   -2172.4934578   -828.3724785
-650.60136   -2179.5127392   -818.8790679
-649.9362914   -2166.1627293   -839.7153616
-649.4227377   -2164.4353867   -843.2371616
-650.7130591   -2168.8528061   -834.4478607
-647.9963986   -2195.2133179   -703.7187815
-651.3285366   -2198.3034611   -708.2833052
-651.3540474   -2200.1698017   -713.8908505
-650.5567757   -2159.6901417   -852.0732522
-651.3849226   -2188.1654263   -806.5441251
-651.2566534   -2192.4705505   -800.971508
-649.4286982   -2200.0279427   -792.0607328
-641.7766539   -2179.48246   -671.5608835
-642.5062148   -2198.6043453   -684.8038435
-643.2916848   -2191.0140514   -697.432816
-643.4722868   -2196.8317032   -678.6739826
-644.3323819   -2195.0399876   -672.2353101
-641.6892735   -2176.5384674   -664.5745635
-642.1863762   -2174.6888161   -657.0304036
-641.8878762   -2189.2092228   -656.308949
-643.0663792   -2192.1620369   -662.2764468
-642.6832405   -2187.0880127   -652.4738073
-643.7988011   -2174.1564274   -650.4731178
-641.847345   -2183.9206219   -680.8729768
-643.1446997   -2182.295084   -676.3544679
-643.5584752   -2184.7732067   -648.6522555
-645.0894801   -2188.6916161   -689.4119382
-643.6674324   -2185.8291626   -683.7518215
-646.7807022   -2193.5250759   -666.1605835
-641.908857   -2178.5447598   -646.496594
-642.1528784   -2176.6679287   -646.9629407
-642.042133   -2180.4778576   -646.3231444
-642.9252354   -2174.9892235   -647.5552917
-645.5617873   -2175.6720543   -660.2844596
-645.3853575   -2190.8185482   -657.6046348
-645.1763836   -2177.6034832   -665.4903293
-647.2582547   -2180.5214882   -669.9702144
-645.3740326   -2173.8758087   -645.9938288
-646.3075606   -2184.8599911   -679.3115139
-646.6647116   -2189.2285347   -652.9109478
-644.4130865   -2179.2471409   -643.8188553
-645.2914206   -2176.002264   -642.7898407
-644.6741549   -2182.2669506   -644.7897553
-644.288632   -2175.3394604   -644.8387504
-646.8698708   -2173.9449501   -654.6710134
-649.9664513   -2199.1124153   -683.347702
-647.5897757   -2200.9494305   -689.8055673
-647.0421282   -2187.0911121   -648.8281488
-648.0571953   -2192.2209263   -660.5673432
-648.6561028   -2184.3473911   -676.3502359
-648.4250752   -2191.9364929   -694.2326427
-651.0491101   -2194.5970058   -698.2647181
-649.0336386   -2196.5713501   -675.9077907
-647.6250616   -2184.9367619   -645.3025341
-651.3169733   -2187.2956753   -680.3628206
-648.3920542   -2173.0484962   -649.6098638
-649.5815245   -2194.9205399   -670.089066
-647.8554932   -2180.1023483   -640.3425336
-647.2607581   -2175.3242016   -639.9014592
-648.6896006   -2183.1743717   -642.0083046
-646.8451945   -2174.1945744   -642.8534389
-648.9128796   -2172.3902225   -644.0731883
-650.0776736   -2174.9510765   -656.9347978
-648.8979784   -2177.5789261   -638.1559968
-648.5970942   -2175.853014   -638.4316683
-649.3879286   -2173.0904579   -640.0921941
-650.5729882   -2186.8126392   -645.6242204
-650.9200064   -2182.0566654   -670.1960564
-651.5755383   -2185.1723194   -642.1864629
-650.2765147   -2175.9638786   -635.9670162
-650.1208273   -2173.8727093   -636.939466
-651.2024132   -2172.0335484   -637.2722387
-641.9576136   -2278.3768177   -1028.3464193
-642.0576302   -2285.7670784   -1034.3116522
-642.1869723   -2261.2226009   -1012.5604868
-643.1464878   -2264.2586231   -1014.9226189
-643.0785386   -2272.6073265   -1022.3895311
-643.6129538   -2269.5662975   -1019.5138454
-643.7058178   -2303.0991554   -1036.6073847
-643.4128014   -2206.2811852   -1007.7508688
-641.8745247   -2258.450985   -1010.7088089
-642.9154602   -2249.1891384   -1005.9950352
-645.1495615   -2324.9359131   -1008.8921785
-642.4041716   -2325.0100613   -1005.3815842
-643.8605515   -2255.9466362   -1009.381175
-642.4474446   -2321.015358   -1022.1569538
-645.083162   -2319.5753098   -1024.4728327
-642.9511038   -2245.0556755   -1004.4813156
-643.1982247   -2293.8327789   -1036.9151831
-644.5790259   -2290.8806801   -1036.105752
-646.6288296   -2275.0422955   -1025.5218744
-644.0140931   -2296.749115   -1037.1255875
-644.9714629   -2266.6628361   -1017.0404911
-646.6847388   -2312.6392365   -1031.5420628
-644.3863837   -2315.6797886   -1029.5308828
-644.246432   -2309.732914   -1033.9962244
-645.2507702   -2306.8060875   -1035.2064371
-644.4024769   -2211.3468647   -1005.9319735
-645.9729401   -2288.2277966   -1035.1878405
-646.5260712   -2300.4734516   -1036.5730524
-645.6541745   -2282.2723389   -1032.3489904
-645.9616152   -2323.3718872   -1016.5901184
-646.5356079   -2324.3627548   -1012.8514767
-646.6618506   -2316.5926933   -1028.1695127
-645.9469525   -2321.6671944   -1020.4501152
-646.8715397   -2252.2451878   -1007.8344345
-645.207378   -2259.0079308   -1011.3297701
-646.4173523   -2279.0470123   -1029.8699141
-647.7828947   -2285.4685783   -1033.9108706
-646.2884871   -2261.8768215   -1013.4811401
-646.8044249   -2325.5245686   -1004.0568113
-643.6763731   -2325.1645565   -1001.1407137
-647.3895041   -2247.1446991   -1005.6852102
-647.2074715   -2271.1582184   -1021.6269493
-647.0561949   -2264.4982338   -1015.5738592
-646.838638   -2293.7064171   -1036.44979
-647.267553   -2205.3954601   -1010.2033615
-647.3636357   -2209.4101906   -1008.577466
-647.9317871   -2267.8346634   -1018.6076164
-648.1414763   -2256.547451   -1010.2436543
-648.6674277   -2296.6382504   -1036.4534855
-647.2968785   -2309.3039989   -1033.8588953
-648.6326186   -2213.5865688   -1007.3337555
-645.2547041   -2215.8074379   -1004.1271448
-649.0266053   -2290.6918526   -1035.5708599
-648.4062401   -2304.1436672   -1035.6531143
-647.2961632   -2266.1397457   -1016.9434547
-650.0630108   -2317.8122044   -1025.9965658
-650.437328   -2320.5673695   -1021.9084024
-649.9993531   -2324.9900341   -1010.2319717
-650.0678984   -2325.660944   -1006.3079596
-648.619744   -2259.636879   -1012.2122765
-649.4883028   -2307.1110249   -1034.496069
-649.8036114   -2281.0227871   -1031.5226316
-650.2860514   -2322.6127625   -1017.9017782
-650.262448   -2324.1174221   -1014.1084194
-651.448342   -2262.3763084   -1014.647603
-650.4991976   -2272.1083164   -1023.3800411
-650.7945982   -2309.6842766   -1032.8105688
-651.1201588   -2315.022707   -1028.822422
-651.4776675   -2293.4529781   -1035.7306004
-649.1440264   -2265.447855   -1016.6990757
-651.320788   -2269.339323   -1020.8212137
-650.8931843   -2208.5468769   -1010.6446743
-650.6535736   -2204.2422295   -1012.0874643
-649.8330561   -2211.1024857   -1009.1243982
-650.8580176   -2287.668705   -1034.4479084
-647.3154751   -2241.5895462   -1003.9213896
-649.4331089   -2217.9965973   -1005.4932833
-649.8930184   -2221.9049931   -1003.9237738
-646.5705363   -2219.2270756   -1003.370285
-650.8185593   -2325.9949684   -1002.6307106
-649.6807066   -2235.9290123   -1003.3078194
-642.5335137   -2323.3878613   -992.2055602
-641.6797367   -2310.7385635   -964.943707
-642.0600144   -2304.4724464   -946.4157224
-644.9048249   -2277.3382664   -862.9621863
-642.2468153   -2321.2385178   -986.9133234
-642.1259371   -2241.310358   -1003.1853914
-642.760965   -2298.7704277   -929.4994473
-643.2771412   -2236.7751598   -1002.322197
-644.7231499   -2286.6232395   -894.7405815
-642.1141354   -2287.2366905   -899.5014429
-643.6239211   -2294.1491604   -915.6453013
-645.1819865   -2297.1196175   -921.8253493
-642.8611008   -2316.3774014   -977.1595001
-646.1945502   -2279.0837288   -868.6177731
-646.5294091   -2284.9385738   -887.9246712
-644.5280043   -2306.8938255   -950.3061175
-643.4969632   -2301.0549545   -935.1431727
-645.2479092   -2319.0131187   -980.9728861
-644.1858736   -2314.4364357   -972.0286131
-645.7965104   -2230.941534   -1002.0874739
-645.1604096   -2225.4016399   -1001.8430948
-644.0524784   -2298.2392311   -926.296711
-643.5135332   -2217.7798748   -1002.5415421
-644.4540945   -2221.1968899   -1002.0765066
-646.386954   -2309.5633984   -956.1597705
-644.1125599   -2310.1680279   -960.657239
-646.3479725   -2324.9847889   -995.9270358
-645.6597773   -2282.3908329   -881.854713
-645.1412169   -2280.2438736   -875.3634095
-644.9280707   -2290.9002304   -905.5767059
-645.7347599   -2288.8498306   -899.4096518
-644.0320937   -2312.8905296   -968.3549404
-648.1653181   -2293.856144   -909.711957
-646.1668936   -2304.8532009   -942.5419569
-646.1302964   -2303.3294678   -938.2423162
-645.1275078   -2275.5794525   -855.4618359
-647.3874775   -2312.2887611   -963.463068
-647.3879544   -2306.7224026   -946.4048743
-645.9632841   -2322.7555752   -988.253057
-647.5578276   -2321.4364052   -984.4583869
-648.0090348   -2324.1326809   -990.9027815
-648.733112   -2300.9371758   -928.6692739
-648.245546   -2317.3298836   -975.6896496
-648.6745802   -2302.9346466   -934.3262911
-650.0060288   -2297.2714901   -917.278111
-648.7631527   -2325.7265091   -999.8328686
-648.4771696   -2314.7919178   -969.4501758
-648.8636462   -2311.4323616   -959.3268037
-650.280687   -2310.3816509   -954.4125199
-651.1290995   -2280.5790901   -865.2300239
-650.8305994   -2278.8066864   -859.0931296
-648.2830969   -2291.5182114   -903.3518434
-650.7128207   -2281.6867828   -870.6223369
-649.2373673   -2290.2476788   -898.8109827
-649.4213072   -2227.1928787   -1002.9609203
-649.751517   -2319.8764324   -980.1784158
-649.0206448   -2284.4319344   -883.0440044
-649.5752064   -2323.0111599   -986.9045019
-651.6066519   -2306.4081669   -941.1424398
-651.4938799   -2304.5668602   -936.0610247
-650.4963366   -2325.1264095   -993.1644797
-650.7819621   -2325.6919384   -996.3305593
-651.269528   -2313.726902   -964.0046954
-649.5922533   -2277.0316601   -854.6207547
-642.3936812   -2233.0789566   -770.2817321
-643.7591044   -2239.8405075   -784.485817
-644.5673434   -2230.5543423   -764.9425268
-641.8779818   -2224.668026   -749.4687438
-642.9486004   -2207.4174881   -761.1828446
-641.7001215   -2272.1424103   -847.4621773
-644.6747509   -2237.4026775   -779.5858383
-644.6156231   -2205.1548958   -745.4938293
-644.8579756   -2208.6782455   -710.5593681
-642.6232783   -2205.9726715   -705.2771449
-643.9900128   -2254.7931671   -807.4854612
-644.9714629   -2243.3066368   -790.1426554
-644.5485083   -2246.1111546   -794.6678996
-643.5599057   -2208.5077763   -771.9592452
-644.4495646   -2261.6267204   -817.5887465
-644.377443   -2258.1853867   -812.1924996
-645.6925599   -2217.5705433   -730.1908135
-644.6983544   -2203.7947178   -738.9463782
-644.5986954   -2206.8040371   -753.8184524
-646.4619366   -2226.9825935   -755.5545568
-645.6223456   -2264.947176   -823.2309222
-649.1491524   -2235.9747887   -776.617825
-644.3499056   -2252.4852753   -804.0129542
-647.9897229   -2249.5160103   -798.0469465
-644.8429552   -2211.0950947   -716.0006762
-644.6034638   -2273.911953   -850.1397967
-643.5191361   -2201.5123367   -790.6457186
-646.9982592   -2210.7515335   -765.1973367
-645.8871094   -2267.4798965   -829.003334
-646.8752352   -2271.7359066   -840.6604528
-647.2543208   -2272.9706764   -844.163239
-645.1626746   -2214.8342133   -724.1264582
-644.7398392   -2223.126173   -744.5210218
-641.9044463   -2218.9388275   -735.1065874
-646.8169419   -2220.8163738   -737.5091314
-646.6275183   -2228.9199829   -760.825634
-645.2018944   -2204.3497562   -786.3070369
-645.8563534   -2207.5445652   -780.7536125
-647.4995343   -2270.0769901   -835.0121379
-646.2874142   -2209.9792957   -775.2802968
-646.1682049   -2224.6665955   -749.7356534
-648.9474503   -2232.4817181   -769.0724134
-647.3778216   -2204.1070461   -734.377861
-649.3794648   -2211.3089561   -759.5666647
-646.6976134   -2202.1520138   -789.7661924
-648.4257904   -2212.1183872   -769.9323297
-650.6420103   -2239.3124104   -782.2225094
-650.5691735   -2242.6371574   -787.1523499
-650.006744   -2203.9499283   -728.6800146
-647.4899975   -2253.1895638   -803.4223318
-649.998161   -2256.622076   -806.8671227
-649.4270293   -2260.7569695   -813.3580685
-649.7635571   -2263.8218403   -818.5403943
-649.1666762   -2245.5561161   -791.964829
-650.3289668   -2230.3743362   -764.2827034
-650.5633322   -2209.2444897   -749.0891218
-650.2122609   -2211.2147808   -754.293263
-647.2152201   -2275.4819393   -852.3869514
-648.0289427   -2274.4009495   -847.9864001
-649.4446722   -2206.31814   -739.2096519
-651.2713162   -2208.2123756   -743.4898019
-651.3323513   -2223.4947681   -746.837616
-651.0441033   -2222.5184441   -743.48557
-649.2392746   -2211.7915154   -715.3581381
-649.6009556   -2214.3080235   -720.7382917
-649.4096247   -2208.9037895   -708.6104155
-646.670076   -2207.2510719   -706.3222528
-648.4799115   -2217.8351879   -729.4183373
-650.0109164   -2216.6297436   -725.995481
-648.5615698   -2206.3741684   -783.4335566
-649.9663321   -2204.0128708   -786.8672013
-649.4384734   -2267.1599388   -825.8334398
-650.5447356   -2265.992403   -822.465539
-649.7431723   -2210.7205391   -777.3203254
-649.8298375   -2208.4906101   -780.578196
-651.3888565   -2269.149065   -829.6720386
-650.6151883   -2213.1557465   -772.8902102
-651.5295235   -2228.1906605   -758.9412928
-651.5288083   -2272.5570202   -839.5286798
-651.261541   -2213.6435509   -765.4054761
-650.8874623   -2276.1831284   -850.7109284
-651.4389244   -2274.7101784   -845.8782434
-644.9092356   -2205.072403   -701.9746304
-645.8623139   -2202.7397156   -695.5480576
-650.3289668   -2205.0795555   -698.9363432
