467.7638458   -2056.1711788   1181.3129187
468.0140438   -2059.3931675   1182.4581623
471.0726412   -2060.1806641   1181.2280416
464.8665907   -2056.194067   1182.3108196
463.6096331   -2052.4599552   1180.9829473
461.4055129   -2054.7509193   1182.5008392
461.4628526   -2057.7917099   1183.9208603
464.174998   -2060.5173111   1184.3606234
459.7088965   -2051.538229   1181.1742783
457.2903039   -2055.9716225   1183.6870909
455.7178291   -2052.1876812   1181.8045378
451.5434178   -2054.0373325   1182.8778982
452.8202536   -2057.9044819   1184.974432
458.6785408   -2059.0047836   1185.0110292
455.5976959   -2060.6305599   1186.2510443
452.9469582   -2049.9513149   1180.6263924
445.5429586   -2054.5427799   1182.9345226
448.3750137   -2057.9497814   1185.0556135
441.9550719   -2051.6033173   1181.0168028
440.3007748   -2055.2711487   1183.0624342
443.1463899   -2058.3639145   1185.1061583
436.1815723   -2052.6456833   1181.1512709
436.8795576   -2055.8362007   1183.1085682
437.7512755   -2058.6926937   1184.9411726
433.0659034   -2056.7362309   1183.2623482
431.1516704   -2053.6155701   1181.1487675
426.5723201   -2056.1549664   1182.0271015
429.3945255   -2059.5164299   1184.4979525
433.2075389   -2060.7860088   1185.7721806
421.574411   -2058.9261055   1182.8967333
425.3071072   -2060.6067181   1184.5654249
414.7681417   -2057.3294163   1180.5969477
418.4634062   -2058.211565   1181.8774939
417.2304245   -2061.2428188   1183.5144758
411.4346477   -2061.3369942   1182.3494434
485.4112389   -2124.1388321   1181.4992428
485.1473542   -2127.3694038   1181.6011667
485.3313836   -2120.6822395   1181.5419197
485.3200065   -2116.6446209   1181.3781261
483.984341   -2136.2397671   1181.5464497
484.4969931   -2106.418848   1180.7618141
484.4037118   -2131.6592693   1181.8504333
483.9254665   -2113.6314869   1182.3922396
483.6129519   -2102.4806499   1180.7115078
482.6322319   -2109.8554134   1183.0921173
482.2905111   -2117.9065704   1184.1682196
481.933673   -2122.8044033   1184.581399
482.0425483   -2129.2800903   1184.1044426
482.7587651   -2126.0459423   1183.7714911
481.5759855   -2138.4265423   1183.1920147
481.2355461   -2142.8375244   1182.4245453
481.6371771   -2105.9393883   1183.3440065
480.8074059   -2133.7149143   1184.533596
480.7101088   -2113.629818   1185.1704121
479.1671383   -2147.7510929   1182.5169325
480.6832718   -2102.2164822   1183.3878756
480.6176098   -2096.9581604   1182.0658445
480.1362427   -2126.5492439   1185.868144
479.1828143   -2109.3630791   1185.9800816
479.7342467   -2120.5120087   1186.3421202
478.6753105   -2117.385149   1187.0713234
479.4765832   -2140.1350498   1184.3791008
478.7112   -2130.2728653   1186.5595579
478.5861196   -2123.6219406   1187.1999502
479.0885346   -2105.219841   1185.4104996
478.8030135   -2089.7774696   1181.8834543
477.7219864   -2143.474102   1184.7887039
478.2477366   -2137.1650696   1185.8615875
478.5155179   -2095.3919888   1183.5644245
476.8759804   -2133.9082718   1187.3419285
477.2833484   -2113.6245728   1187.8780127
477.2432717   -2101.8090248   1186.2249374
476.5318381   -2127.1476746   1188.398838
477.3335504   -2077.2616863   1180.6490421
476.7552289   -2151.6668797   1182.860136
476.2194725   -2154.6561718   1182.1039915
477.0019921   -2120.8162308   1188.3798838
476.9759151   -2082.7636719   1182.0652485
476.311137   -2140.3942108   1186.4759922
475.8058908   -2069.9214935   1180.6188822
476.5524911   -2106.7278385   1187.694788
476.111983   -2110.4242802   1188.4877682
475.0885191   -2146.3589668   1185.6601238
475.1593741   -2149.6150494   1184.5782995
476.7729538   -2088.1860256   1183.4433079
476.4107587   -2093.8162804   1185.0512028
475.6148653   -2130.9304237   1188.5902882
474.8498621   -2117.6691055   1189.7970438
475.9501191   -2123.7838268   1189.0443563
474.7849973   -2099.2689133   1187.6683235
474.7893485   -2137.345314   1188.0688667
474.7779714   -2143.2242393   1186.7576838
473.7208458   -2161.0577106   1180.8738708
473.462035   -2157.2403908   1182.6508045
475.0224026   -2075.9780407   1182.5584173
474.5625155   -2081.5956593   1184.0876341
473.8297211   -2113.307476   1190.3065443
473.9800292   -2104.3195724   1189.2008781
474.0507352   -2121.8216419   1190.3283596
474.5236086   -2086.8518353   1185.2629185
472.8075387   -2133.895874   1189.8678541
474.4284423   -2091.2334919   1186.2288713
473.0945649   -2153.106451   1184.540391
473.561761   -2109.0142727   1190.1191473
473.4534147   -2125.4124641   1190.5001402
472.9848029   -2129.3458939   1190.4076338
472.2967195   -2096.5240002   1189.0956163
472.6432013   -2140.9175396   1188.5904074
472.738971   -2067.1620369   1182.2388172
472.8255095   -2062.6034737   1180.9264421
472.5733744   -2074.7358799   1184.2657328
471.4563312   -2149.0533352   1186.8698597
471.9699445   -2144.882679   1187.9463196
471.7834117   -2080.6624889   1186.1673594
471.639623   -2137.6838684   1189.827323
471.9789224   -2085.6692791   1187.0514154
471.8518528   -2090.5938148   1188.2374287
470.294212   -2159.9860191   1183.2000017
470.5833542   -2163.0342007   1181.6126108
469.6487384   -2156.4586163   1185.0117445
468.250935   -2166.2158966   1181.0648441
468.5842367   -2152.8110504   1186.9667768
470.05706   -2063.6460781   1182.9186678
468.3585512   -2069.1201687   1185.5055094
469.1394987   -2142.9505348   1189.9437904
469.618884   -2139.7702694   1190.4777288
468.6421054   -2079.3478489   1188.0540848
468.1019234   -2074.7668743   1187.2404814
468.9485031   -2088.8030529   1189.9670362
469.0893414   -2084.9370956   1189.0377998
468.474743   -2146.6107368   1189.2244816
467.536551   -2149.8053074   1188.6197329
467.3684361   -2162.5804901   1183.3482981
466.716853   -2159.3379974   1185.1565838
466.7491215   -2063.8389587   1184.6485138
465.5075195   -2156.0764313   1187.0430708
464.4420417   -2077.8357983   1190.0398731
464.034942   -2152.1809101   1189.1881227
464.9420055   -2148.1962204   1190.2871132
465.2082893   -2072.8185177   1188.2582903
465.1164385   -2068.2730675   1186.8857145
464.2501893   -2164.9663448   1183.3825111
463.8786288   -2169.5570946   1180.9732914
463.8892385   -2161.7856026   1185.1427555
463.4110304   -2064.4299984   1186.1965656
463.3882465   -2158.9522362   1186.6629124
460.4732516   -2156.5134525   1188.7241602
462.9014703   -2067.9454803   1187.7249479
461.5985575   -2070.3604221   1189.0974045
462.3602452   -2074.539423   1190.0898218
460.5401578   -2166.8510437   1183.637023
461.2383666   -2163.7938023   1185.0655079
460.3301259   -2061.7244244   1185.9811544
460.3543552   -2170.6023216   1181.5034151
460.2318826   -2160.9082222   1186.8197918
460.156885   -2066.2643909   1187.9439354
457.1866068   -2164.3095016   1186.0077381
456.0149731   -2168.8084602   1183.781743
456.8266245   -2069.4336891   1190.1004314
455.0857665   -2159.8818302   1188.7893677
456.8341645   -2171.7038155   1181.7737818
456.5921994   -2064.8365021   1188.1604195
452.9221626   -2172.9736328   1181.8119287
453.5428109   -2166.1157608   1185.9543324
453.4975859   -2163.4986401   1187.3980761
453.1808468   -2067.633152   1190.0280714
452.7619454   -2063.9839172   1188.2828474
450.5943032   -2168.8597202   1184.8907471
450.8620026   -2061.0239506   1186.7810488
451.2155326   -2162.0807648   1188.6081696
449.9468627   -2159.3580246   1190.194726
450.4041644   -2164.9439335   1187.237978
449.84625   -2066.6053295   1189.8958683
449.7690769   -2172.3284721   1182.8255653
449.2124441   -2063.8370514   1188.4589195
447.1011432   -2162.5618935   1189.0455484
445.8900364   -2061.9542599   1187.39748
446.4580985   -2166.3348675   1187.0322227
444.984016   -2170.1130867   1184.8486662
446.2817135   -2065.7601357   1189.6208525
446.1832168   -2173.6822128   1182.356596
443.6575296   -2164.3657684   1188.4627342
442.5902637   -2161.6854668   1189.9847984
442.0233192   -2166.8949127   1187.1188879
442.2144415   -2065.1197433   1189.206481
441.5011974   -2176.0733128   1181.0865402
440.4679658   -2172.7540493   1183.429718
440.6363638   -2061.8350506   1187.1107817
439.3658759   -2169.5315838   1185.59587
440.1046159   -2164.1840935   1188.8008118
438.3755895   -2161.4203453   1190.328002
437.8242763   -2064.8846626   1188.7946129
437.5999691   -2166.5747166   1187.443614
436.4792081   -2175.7862568   1181.3338995
436.636773   -2062.1032715   1186.9722605
435.7574555   -2171.7610359   1184.1228008
436.4519837   -2163.9621258   1188.9617443
435.3870275   -2168.7738895   1186.0595942
434.5761361   -2067.848444   1190.3455257
433.9208277   -2161.595583   1190.1941299
433.4981265   -2064.3770695   1188.0600452
432.2820129   -2165.8473015   1187.6813173
431.3586327   -2173.7680435   1182.4157238
431.976256   -2169.9564457   1185.0898266
429.8508438   -2067.3663616   1189.5161867
427.9699149   -2161.1120701   1189.9565458
428.6110225   -2063.3261204   1186.7640018
428.7758144   -2168.5276031   1185.6611967
426.4395507   -2165.8773422   1187.0064735
428.5890134   -2171.1096764   1183.9325428
426.2984964   -2173.4893322   1181.9150448
423.3857366   -2066.8292046   1188.197732
424.6445569   -2169.6529388   1184.2566729
423.9585968   -2063.7130737   1186.2887144
422.7462383   -2163.3098125   1187.9659891
422.6324084   -2159.9681377   1189.8699999
422.3551872   -2166.5434837   1185.8564615
420.364541   -2070.9433556   1190.3178692
420.8857986   -2173.1033325   1181.0106039
421.5223911   -2062.0241165   1184.8202944
419.4340827   -2168.7176228   1183.6900711
419.4039824   -2065.6557083   1186.7398024
418.6952683   -2161.1642838   1188.3639097
418.584806   -2164.9327278   1186.0158443
416.2601801   -2170.9179878   1181.2061071
415.748355   -2068.9713955   1188.1935596
414.1441705   -2166.9867039   1183.2765341
413.3036109   -2065.2322769   1185.2402687
414.6459075   -2158.8017941   1188.7181997
414.4002917   -2162.6977921   1186.2455606
409.9611612   -2072.7448463   1189.3593073
409.2536839   -2068.7353611   1186.6073608
409.2951985   -2152.9791355   1190.2858019
411.2876626   -2156.7242146   1188.8936758
409.9768373   -2160.0718498   1186.4329576
410.5498763   -2163.9125347   1184.1208935
408.6929979   -2166.8617725   1181.2958717
407.912043   -2064.9113655   1183.7980747
406.1857881   -2061.3672733   1181.1201572
408.140135   -2156.6941738   1187.8397465
405.6940498   -2162.694931   1182.9688549
405.3716632   -2158.5707664   1185.5865717
406.1569842   -2075.101614   1189.9491549
405.4497751   -2071.8250275   1187.7061129
404.9860062   -2154.954195   1187.6136065
404.8402729   -2151.8781185   1189.2924309
404.3470147   -2068.1867599   1185.0714684
402.9095443   -2064.609766   1182.338357
402.7829739   -2149.0168571   1189.9251938
402.0563038   -2074.9278069   1188.7680292
402.1712216   -2160.0382328   1183.1641197
400.9505483   -2071.3381767   1186.1948967
401.5226039   -2156.7201614   1185.0323677
400.9324583   -2152.620554   1187.1896982
399.6518674   -2067.8005219   1183.5154295
398.5643508   -2077.8734684   1189.4122362
398.3816626   -2148.660183   1188.1525517
398.6417028   -2158.8611603   1182.1305752
397.7106782   -2074.4357109   1187.1856451
397.6572277   -2155.1046371   1184.0616465
396.565524   -2070.9364414   1184.6487522
396.8711468   -2151.7524719   1185.6536865
395.3154954   -2144.2239285   1188.9002323
395.7273933   -2067.8510666   1182.399869
393.7497111   -2081.2795162   1189.4333363
394.233984   -2140.5820847   1190.0655031
394.9442031   -2157.1955681   1181.1250448
394.8979201   -2076.9472122   1187.7400875
394.1103788   -2148.9794254   1185.765624
393.5168656   -2074.0628242   1185.6390238
393.4152248   -2153.2409191   1182.8306913
393.1053551   -2066.4536953   1180.6447506
391.9486823   -2070.2199936   1182.7104092
391.3969817   -2146.1215019   1185.7918501
390.874249   -2142.7123547   1187.2452497
391.1108496   -2077.2180557   1186.5543127
389.7514465   -2149.6250629   1182.7397346
390.7501223   -2135.9138489   1190.1395321
390.6831267   -2085.4680538   1189.9983883
389.2488154   -2083.4987164   1188.6534691
388.4925815   -2080.2609921   1186.9863272
389.3739405   -2073.9581585   1184.117198
390.579802   -2139.2729282   1188.7294054
387.2013064   -2071.2687969   1181.6484928
387.3336735   -2144.8571682   1183.8806868
386.9404169   -2089.6003246   1189.6439791
386.8898126   -2076.9414902   1184.7425699
387.8757777   -2140.6853199   1186.3940954
388.3892866   -2134.3064308   1189.4226074
388.043833   -2137.2451782   1188.1016493
386.9839581   -2131.5851212   1189.4924641
386.1316117   -2085.8542919   1188.1422997
385.851753   -2148.5865116   1180.64785
385.8221295   -2074.1276741   1182.8136444
385.9363469   -2082.7767849   1186.9108677
384.2589828   -2080.0509453   1185.0355864
385.7776644   -2125.6289482   1190.4764175
385.4441764   -2128.7992001   1189.5086765
385.7542845   -2134.8078251   1187.6261234
385.3197666   -2138.3850574   1185.7973337
383.1759664   -2092.9644108   1188.6764765
385.3214207   -2141.5126324   1184.3093634
384.075326   -2144.6723938   1181.6643476
383.3213123   -2072.343111   1180.7106733
383.4038945   -2131.4554214   1187.3189211
383.4442767   -2088.439703   1187.6209974
382.4821087   -2076.2319565   1182.4663877
382.8887316   -2122.7900982   1189.358592
381.6922577   -2084.3231678   1185.4263544
381.6802325   -2107.6629162   1189.8593903
381.7981603   -2111.3965511   1189.9644136
382.9336139   -2127.1648407   1188.3797646
382.7537718   -2135.7820034   1185.1458549
381.6911998   -2097.9976654   1188.8998747
382.4301185   -2140.1391029   1182.8534603
380.9995475   -2102.8792858   1189.1635656
380.6123557   -2118.4482574   1188.6925697
380.3186091   -2079.959631   1183.1212044
379.477379   -2089.5409584   1185.8205795
380.2649351   -2129.0054321   1186.0158443
380.1318379   -2132.9286098   1184.4420433
379.62195   -2113.9862537   1188.5453463
377.7776184   -2095.0272083   1186.1220598
380.1495554   -2125.2470016   1187.0734692
379.7141584   -2122.0655441   1187.5183582
379.7740015   -2136.8319988   1182.4395657
378.6971243   -2077.1484375   1181.0559034
378.812206   -2110.1629734   1188.2820129
378.1104358   -2082.4170113   1182.9311848
376.2880685   -2085.8039856   1182.9842329
378.0447366   -2099.9882221   1187.1436834
377.7563991   -2106.0218811   1187.5145435
377.9296698   -2102.8666496   1187.4742508
377.4674507   -2120.2375889   1186.3652468
377.1221461   -2116.5008545   1186.6978407
376.9300999   -2079.7624588   1181.2831163
377.7475777   -2126.8224716   1184.9122047
377.5369199   -2130.3417683   1183.499217
376.7023506   -2124.2911816   1184.943676
377.3748996   -2134.0620518   1181.8010807
376.4258745   -2112.6511097   1186.6006851
374.8354437   -2090.8257961   1183.4480762
375.9984495   -2109.297514   1186.4480972
375.5220743   -2082.3292732   1181.4621687
375.1440021   -2102.6086807   1185.6464148
374.9659183   -2098.6027718   1185.1249933
372.6310851   -2095.3967571   1183.0800772
374.0724447   -2106.7147255   1185.1243973
375.2973946   -2127.7074814   1182.7508211
375.2382966   -2122.1477985   1184.3429804
374.676046   -2131.4151287   1180.7118654
374.7527125   -2118.6587811   1184.6979856
374.1507652   -2115.0169373   1184.7792864
373.1377395   -2110.9507084   1184.3626499
371.9923916   -2087.7101421   1180.9105873
373.3199658   -2124.6240139   1182.1118593
373.0643811   -2128.029108   1180.693984
372.6783963   -2120.7687855   1182.6993227
371.5780946   -2100.0571251   1183.0279827
371.990976   -2104.0594578   1183.5771799
371.1196753   -2091.5775299   1181.3113689
372.1105876   -2117.2575951   1182.9128265
371.6018917   -2114.0749454   1183.0168962
370.7225146   -2107.3815823   1182.6827526
370.9369125   -2122.5903034   1180.670023
369.3291219   -2111.5190983   1181.3813448
370.1158883   -2119.3451881   1180.8171272
370.1411011   -2097.2459316   1181.6636324
369.6037354   -2115.6659126   1181.1103821
368.6611476   -2103.5630703   1181.0559034
