-653.6171166   -2818.0325031   -17.171653
-654.9373595   -2817.4929619   -13.3458637
-654.7447173   -2818.9008236   -28.912656
-654.499623   -2815.3355122   -6.7213569
-655.6589333   -2818.4981346   -34.4696045
-654.3816058   -2816.4923191   -41.7132005
-657.2062699   -2816.7846203   -9.5122587
-656.6126076   -2817.718029   -39.4217633
-656.058642   -2819.3049431   -24.7904155
-657.2659937   -2816.8497086   -43.101389
-659.6201388   -2816.2801266   -46.6562845
-655.7831494   -2818.779707   -19.1690549
-658.3230225   -2819.4856644   -21.4676149
-657.7336518   -2818.7146187   -16.7391598
-657.8384367   -2815.3853416   -5.4348963
-658.2615105   -2819.4897175   -30.9532024
-658.5898129   -2819.8301792   -25.9257201
-658.4709612   -2818.0747032   -13.0249858
-659.9275795   -2818.8118935   -37.9391462
-660.7142416   -2819.6229935   -33.9243785
-659.8303048   -2817.8520203   -41.8882743
-661.1541239   -2816.6148663   -7.3982384
-661.2717835   -2817.9416656   -11.0748615
-661.768767   -2819.6382523   -18.4491612
-661.362621   -2818.9139366   -14.7040375
-661.0803334   -2815.2945042   -4.3400475
-661.5358321   -2820.1487064   -30.1763695
-661.2444846   -2820.2848434   -25.9556416
-662.7738205   -2820.2471733   -22.1288297
-662.2606245   -2815.6175613   -50.3496453
-662.4419419   -2817.8067207   -44.105228
-663.9914242   -2816.9863224   -47.6166904
-662.9830328   -2818.8130856   -40.8054814
-663.9066664   -2819.7259903   -37.0868146
-663.8270346   -2820.6384182   -25.3947824
-665.1118723   -2820.4884529   -32.8973085
-664.7648541   -2816.0336018   -5.155636
-664.8589102   -2817.6884651   -9.1702761
-664.7295681   -2818.8862801   -12.9675735
-664.3374888   -2819.6320534   -16.2009001
-664.5874707   -2820.6923008   -28.7405606
-666.1715237   -2820.3701973   -19.5748601
-665.9787623   -2816.0638809   -51.2474291
-665.8504931   -2818.5856342   -43.7766388
-665.9792391   -2820.7962513   -23.2971907
-666.0458771   -2819.5559978   -40.0018916
-667.2382084   -2821.0427761   -26.439162
-668.7620608   -2820.4808235   -36.8994102
-667.6202742   -2817.6367283   -47.8295013
-667.7609412   -2819.8056221   -15.519131
-668.0136649   -2821.0732937   -30.2942526
-668.867561   -2818.7696934   -11.3725932
-668.4398381   -2817.2814846   -7.3568332
-668.65966   -2815.7560825   -4.0800669
-668.3950154   -2820.9078312   -33.192195
-668.8012806   -2819.6928501   -41.4092988
-670.3396765   -2819.3259239   -43.8474044
-669.9787108   -2821.1410046   -23.0957605
-670.6930128   -2820.6269741   -18.5124651
-670.5969302   -2815.7675266   -54.1491657
-670.2367989   -2817.4057007   -49.7332588
-671.1005894   -2821.4213848   -27.8722104
-672.7937189   -2819.2307949   -45.315966
-671.8338457   -2819.9062347   -14.7129074
-671.732041   -2821.2556839   -32.6954797
-672.1999375   -2816.7214394   -5.8984086
-672.674152   -2818.0356026   -8.7357201
-671.5303389   -2820.2800751   -40.2075723
-674.6821133   -2820.9369183   -37.7439447
-673.1755463   -2818.9888   -11.3498382
-674.238774   -2821.2287426   -20.9456868
-674.508187   -2821.6056824   -25.2066925
-672.9168621   -2817.3947334   -50.8748554
-675.3412215   -2815.7615662   -55.5580258
-674.2279259   -2820.6381798   -17.4221937
-675.189468   -2821.6722012   -29.5498427
-676.2549607   -2815.5620098   -3.8379033
-675.2928225   -2820.3334808   -41.706726
-676.0345427   -2821.5281963   -33.3454162
-676.3089625   -2819.9679852   -14.3491635
-676.6423909   -2817.056179   -6.7950385
-676.5840975   -2818.58778   -48.5877953
-675.863835   -2819.6935654   -44.6582437
-675.8683649   -2817.2957897   -51.9657508
-676.6983   -2818.6845779   -10.4575902
-678.0736176   -2821.0177422   -18.7389944
-677.9768196   -2821.6195107   -22.8962228
-678.5928933   -2821.8445778   -26.9842912
-679.3868271   -2821.4433193   -35.5496928
-679.4717041   -2820.8880424   -39.7703238
-679.1892973   -2821.7906952   -31.2290508
-679.3272225   -2816.2815571   -55.070091
-678.9676873   -2819.4625378   -46.4036167
-679.3431965   -2820.1899529   -43.4757955
-678.9860455   -2817.7847862   -51.4172167
-679.3811051   -2819.3895817   -12.5071751
-681.928846   -2820.4684258   -16.187815
-680.6777445   -2818.6905384   -49.170129
-680.6320874   -2818.089962   -9.4660223
-680.3996292   -2816.2839413   -5.7532629
-680.633041   -2821.4938641   -21.3001072
-681.8055836   -2821.8026161   -24.3747644
-682.3613373   -2821.059227   -18.8897122
-682.8793017   -2821.9122887   -28.7316665
-682.2303263   -2819.6735382   -46.116583
-681.7627875   -2817.6195621   -52.250281
-683.0388037   -2821.7053413   -33.2485326
-684.205505   -2816.4286613   -55.348698
-682.8778712   -2820.5571175   -42.3193052
-683.0073325   -2819.8111057   -14.1005544
-683.8885275   -2821.215868   -37.9563011
-683.90021   -2816.750288   -7.4578933
-684.8232476   -2818.2697296   -10.8700413
-682.9291312   -2821.6011524   -21.7028577
-685.5332581   -2818.562746   -50.1082204
-684.7970215   -2821.7747211   -24.5574918
-685.9611002   -2819.9734688   -45.1103337
-685.2574078   -2821.2790489   -20.8853278
-685.7197014   -2820.4843998   -17.4289849
-685.5816571   -2819.4634914   -14.0817333
-686.3245694   -2820.7137585   -41.442167
-686.2700907   -2821.7623234   -31.2284771
-687.4123541   -2821.7947483   -27.8534237
-686.5753857   -2821.5005398   -34.8155163
-689.5087687   -2820.9891319   -38.5029763
-687.5349013   -2816.9369698   -8.9953896
-686.0658852   -2815.962553   -56.5871075
-688.6664359   -2817.076683   -54.1831106
-687.4718396   -2821.4583397   -23.7482507
-688.6976687   -2818.3877468   -12.6522994
-688.9415709   -2821.5956688   -26.4461059
-688.8159243   -2820.5010891   -19.1258918
-689.4681183   -2819.4327354   -47.2412817
-690.5612675   -2818.3085918   -51.0566495
-688.1463257   -2819.6144104   -15.5466907
-689.3169609   -2820.297718   -43.3085971
-691.2878481   -2815.2909279   -58.4793501
-690.1175705   -2821.3989735   -33.1480391
-691.0106865   -2820.8663464   -23.0553523
-691.0028187   -2816.8382645   -10.3210313
-691.4350716   -2819.0982342   -16.0075072
-691.9619767   -2820.0764656   -19.9026018
-693.1220023   -2817.6074028   -53.0943535
-692.171785   -2817.8164959   -13.1226564
-692.3371283   -2821.198225   -29.4758976
-691.9716326   -2819.8297024   -45.2659391
-692.6340786   -2820.3399181   -42.2187373
-693.3972565   -2818.9916611   -48.4988429
-692.9120747   -2820.9831715   -35.9722972
-694.1907135   -2820.5618858   -39.1309336
-694.2832199   -2820.9381104   -32.9154059
-694.4144694   -2820.5537796   -25.6449375
-694.3292347   -2816.5488243   -11.6645843
-694.5415465   -2819.9746609   -22.0180359
-696.170899   -2816.9870377   -54.6316318
-694.4025484   -2819.0715313   -18.1812979
-695.2422587   -2817.7938461   -15.2136767
-694.9549643   -2819.6525574   -45.0398289
-696.8801943   -2820.4145432   -28.7964791
-695.7232682   -2820.0774193   -42.0671962
-696.3401762   -2820.5137253   -36.1962803
-695.895764   -2818.2432652   -50.8772619
-697.1506802   -2818.8347816   -47.9964651
-697.9261366   -2819.9951649   -39.8269556
-697.889301   -2820.3210831   -32.9465233
-697.4431006   -2816.1933422   -13.1293749
-697.4075762   -2818.2883263   -18.5007192
-698.5783307   -2819.4489479   -24.933517
-698.7701384   -2819.350481   -44.1328548
-699.6025769   -2816.2097931   -15.043987
-699.789497   -2817.9702759   -20.0373922
-698.9209381   -2817.8732395   -51.3191298
-698.8190142   -2820.1289177   -30.1999319
-699.1374222   -2815.7038689   -57.7344745
-700.0627247   -2816.8592453   -54.3773472
-700.6696192   -2819.6930885   -36.423333
-700.8784739   -2818.4235096   -48.0478071
-701.0476319   -2819.3047047   -28.4351669
-702.3733584   -2819.2896843   -31.5044411
-701.6980378   -2819.2179203   -41.0256237
-702.2713152   -2818.3164597   -25.0154994
-702.9089657   -2818.5629845   -44.8678248
-703.2619444   -2817.3060417   -51.8806763
-703.898522   -2816.3378239   -55.3128906
-701.8071143   -2816.7684078   -18.9444777
-703.6560503   -2817.040205   -22.1801642
-704.6514479   -2818.7072277   -34.215156
-704.7476498   -2818.6721802   -38.6476927
-705.2508322   -2817.596674   -48.7933122
-704.8775879   -2818.0375099   -28.2432083
-704.9600808   -2818.3951378   -42.2628634
-706.0867278   -2816.5886402   -24.1859742
-706.8571774   -2815.359354   -57.5142726
-706.9385973   -2817.6476955   -45.691397
-707.5776783   -2816.3599968   -53.049881
-705.8453289   -2818.128109   -31.3201956
-709.0899674   -2817.4185753   -36.4344083
-708.4257332   -2817.4426556   -33.2610719
-708.4048716   -2817.5752163   -41.0799459
-708.1792084   -2816.3366318   -27.0834137
-707.5611082   -2817.2996044   -30.0852731
-709.9303929   -2816.5454865   -49.1807535
-711.5812031   -2816.542387   -44.8683016
-710.2491585   -2816.1799908   -30.6202676
-712.5140158   -2815.3035641   -53.3228591
-711.6007534   -2816.634655   -37.8480479
-712.2698752   -2816.4918423   -40.7631919
-711.8922202   -2815.9573078   -33.9370444
-714.3532959   -2815.4861927   -48.5306755
-714.6057812   -2815.6013489   -43.241486
-714.2970292   -2815.7217503   -45.5834158
-641.6220395   -2815.5477047   -19.5120797
-641.0102574   -2815.5865669   -26.3100024
-640.6436888   -2815.5224323   -23.0393186
-645.0521675   -2815.8712387   -15.5719323
-644.0636841   -2816.4479733   -24.0606368
-644.7663037   -2816.4374828   -29.399218
-644.7908608   -2815.7305717   -33.9793973
-645.8147494   -2816.6894913   -20.2045515
-646.9071833   -2817.1424866   -27.3985304
-648.974034   -2817.6715374   -23.4575775
-647.8358237   -2816.5252209   -34.2043415
-648.7545697   -2815.8633709   -38.2626727
-649.526569   -2817.3756599   -18.6039656
-650.3544775   -2816.7142868   -14.009024
-648.4904019   -2817.3072338   -30.283669
-652.3861615   -2816.0331249   -9.8149013
-650.5192248   -2818.0000782   -27.8436635
-651.3992278   -2817.8722858   -31.804461
-651.9595114   -2817.2101974   -36.4368223
-653.5428492   -2818.5899258   -21.3969275
-652.7363984   -2818.6028004   -25.2589528
