-697.2114769   -3025.5041122   -940.2974844
-695.7425801   -3025.4101753   -935.2988601
-700.5537478   -3026.3645649   -934.6222878
-701.172444   -3025.5324841   -944.5559382
-701.2681691   -3026.1776447   -929.2171001
-703.5444704   -3026.6263485   -939.5567179
-704.0409771   -3025.6488323   -920.1691747
-704.4641701   -3027.0066261   -931.9418073
-704.865071   -3027.1418095   -935.3698492
-705.8753697   -3025.3410339   -914.683044
-705.6832043   -3026.1712074   -943.9862967
-707.0479123   -3027.1949768   -927.1764159
-707.2075335   -3027.3709297   -937.1748567
-708.2715956   -3027.0631313   -940.5449629
-707.3073117   -3025.4101753   -947.4841952
-711.0596625   -3026.673317   -915.989399
-709.0775696   -3027.0164013   -922.0947623
-708.5481612   -3027.7957916   -933.2402349
-709.9263398   -3025.5963802   -909.4824195
-709.9134652   -3026.4482498   -944.4267154
-711.4921538   -3028.1858444   -929.7850132
-712.6008002   -3028.1460285   -926.0457754
-710.8552185   -3027.8515816   -937.1076226
-713.2686106   -3025.6416798   -904.1895866
-712.480518   -3027.4112225   -940.9354925
-713.440272   -3028.5251141   -933.2806468
-714.0907971   -3028.0632973   -922.0919609
-714.3102614   -3026.6222954   -944.6823597
-716.6505782   -3027.6370049   -913.982749
-715.9493891   -3026.6141891   -907.1823359
-715.2524916   -3028.2928944   -937.3627305
-715.1658265   -3027.7814865   -917.87678
-715.5168978   -3028.8519859   -928.9281368
-716.3216797   -3027.6494026   -941.3222671
-715.8438889   -3028.6357403   -924.8968363
-719.7295157   -3026.8871784   -903.250277
-718.7410323   -3029.2737484   -932.7473044
-718.1216208   -3028.7575722   -921.0087657
-721.8761174   -3026.0231495   -894.5177794
-722.0867602   -3026.6799927   -898.4719515
-719.8769776   -3026.6509056   -944.6745515
-722.657415   -3029.3467045   -917.544663
-719.7200982   -3028.4781456   -938.6546612
-718.5803381   -3029.2673111   -926.2954593
-723.945829   -3028.5611153   -909.3286991
-723.6083475   -3030.0238132   -922.9956865
-723.9409415   -3030.1566124   -928.909421
-724.5887247   -3029.4928551   -935.0212812
-723.5612599   -3028.1951427   -940.1940107
-724.0460841   -3027.6284218   -902.487278
-723.7292258   -3025.5420208   -947.25734
-726.0795561   -3027.0283222   -943.6274767
-726.583573   -3026.1993408   -890.1309967
-726.8156735   -3026.961565   -894.4504857
-727.8772322   -3028.0652046   -900.3810883
-726.6355482   -3030.4093361   -920.6938148
-727.7575461   -3030.2886963   -916.7246222
-727.5581089   -3028.7392139   -938.8167262
-728.3172337   -3030.8554173   -924.9408245
-729.4599739   -3030.6003094   -930.2802682
-730.0616232   -3029.4649601   -907.143414
-729.3909518   -3030.3146839   -914.3158793
-729.1042534   -3029.779911   -934.9735975
-730.4550139   -3027.7442932   -941.5311217
-729.4655768   -3026.4117718   -944.6216226
-729.9771038   -3027.0626545   -891.659081
-733.1706015   -3026.9482136   -887.5002861
-732.4821679   -3025.4178047   -879.3060184
-731.3056914   -3028.4998417   -899.1348147
-733.0400673   -3028.0530453   -894.3714499
-731.5671173   -3029.302597   -937.1828437
-732.5445143   -3031.386137   -920.1642275
-733.9173285   -3031.3777924   -916.7941213
-734.5039574   -3029.4690132   -901.7465711
-733.4383456   -3025.6896019   -945.358634
-732.6380936   -3031.3591957   -925.6600142
-732.262942   -3030.3189754   -933.2581162
-734.9538533   -3031.0680866   -912.3068452
-735.4569165   -3031.3353539   -929.0891886
-737.0123593   -3030.5113792   -905.8967829
-734.8088948   -3028.3885002   -939.4233823
-735.2150408   -3028.911829   -897.3857164
-735.6304852   -3030.1146507   -934.4079494
-737.629625   -3026.7202854   -881.4035058
-738.5475365   -3025.7732868   -874.9854565
-737.0183197   -3031.9256783   -922.9058623
-736.1746756   -3031.8388939   -918.9628959
-737.506601   -3028.5651684   -892.7064538
-740.6772105   -3028.0234814   -886.0892057
-739.2227379   -3027.4014473   -941.6174293
-738.0410162   -3031.8825245   -915.8324599
-739.2381159   -3029.8979282   -899.2210627
-739.3052308   -3029.6823978   -936.1226559
-741.3896052   -3031.8894386   -911.2082124
-740.7926051   -3031.339407   -930.4456711
-740.2751175   -3032.074213   -926.0066152
-741.6670052   -3025.9358883   -872.8796244
-739.1533581   -3032.2003365   -919.1110134
-743.4667078   -3031.1329365   -903.2202959
-742.8555218   -3032.5703621   -921.2684035
-743.6210839   -3025.6528854   -869.2263365
-743.3430878   -3030.23839   -896.9814777
-742.316815   -3029.340744   -892.2740817
-742.5154177   -3026.8776417   -877.5983453
-745.9205119   -3028.4101963   -883.1867576
-741.7213646   -3032.3810577   -916.5932536
-742.8617207   -3025.6159306   -945.5731511
-742.3459021   -3029.2534828   -937.4696612
-744.3231074   -3028.1112194   -940.5241609
-743.6239449   -3030.7881832   -933.3016276
-744.7516648   -3032.422781   -926.1466861
-745.1814143   -3029.1056633   -887.8384233
-745.1816527   -3031.7733288   -929.8273325
-747.19021   -3032.841444   -915.5712724
-747.5765673   -3032.2518349   -908.3637595
-744.8814837   -3026.5822411   -873.6715317
-747.2785441   -3030.1709175   -892.1738267
-746.0384098   -3030.0869942   -935.9258413
-747.0015017   -3027.7051926   -878.2539368
-749.7864691   -3033.1676006   -922.5049019
-748.409721   -3027.112484   -943.9660311
-747.3181216   -3031.0246944   -897.8346586
-748.3685938   -3031.8136215   -903.0199647
-747.5164858   -3025.7155895   -865.9428358
-749.6053902   -3026.7205238   -870.4040051
-747.864577   -3031.6004753   -931.5018654
-752.847406   -3025.5520344   -859.3803644
-748.1431691   -3029.2358398   -938.8131499
-748.8867966   -3032.510519   -927.6832342
-750.6439415   -3028.0549526   -876.9224882
-749.1621701   -3029.5767784   -886.6708279
-750.9931055   -3029.1647911   -882.6691508
-750.7561175   -3030.9975147   -934.5436692
-751.9184081   -3025.5765915   -949.059248
-752.6824204   -3033.1206322   -911.4456177
-754.0050475   -3033.4858894   -917.6796079
-751.4319149   -3031.1665535   -894.4807649
-752.2361008   -3030.5190086   -889.1748786
-751.6393391   -3031.9736004   -900.0716209
-754.5485226   -3026.9427299   -868.1479692
-753.8776127   -3026.1487961   -863.6061549
-752.0149676   -3032.5906277   -905.4571986
-751.4186827   -3032.2535038   -930.0909638
-752.0318953   -3029.4821262   -939.5154119
-754.1616885   -3028.0635357   -944.2110062
-753.689262   -3033.0088139   -926.9737601
-756.1254231   -3030.9154987   -888.0008459
-758.4173409   -3028.1584263   -872.5842834
-757.0277182   -3033.6537361   -923.1280088
-755.392286   -3029.5679569   -881.6478848
-755.9313504   -3028.8784504   -877.9325485
-754.8508374   -3032.36866   -931.3042164
-755.3720204   -3031.1684608   -935.9782934
-756.0789315   -3032.3917866   -897.0498443
-754.8099486   -3031.4295292   -892.2798634
-754.8818318   -3032.7527523   -902.4062753
-757.2864024   -3026.8726349   -949.0711689
-757.2363345   -3033.5259438   -906.9963098
-756.1325756   -3029.8988819   -940.2128458
-757.6657263   -3033.8740349   -914.0806794
-756.7927567   -3026.1437893   -860.70472
-756.556007   -3025.6173611   -855.3731441
-758.4097115   -3033.3003998   -928.41506
-759.0827671   -3027.1451473   -866.140604
-758.534762   -3033.9944363   -918.859899
-759.9110333   -3029.4709206   -943.8394904
-758.1246821   -3031.9321156   -891.7785883
-759.0988604   -3032.4552059   -933.211565
-757.7540604   -3033.2138538   -902.1002054
-760.3282658   -3025.5832672   -954.1420937
-759.6031157   -3031.252861   -938.1013513
-760.6922118   -3031.5158367   -887.2753978
-761.8704764   -3029.7100544   -878.4037232
-760.9687773   -3033.8647366   -900.1302719
-760.6391636   -3032.8290462   -893.8909769
-761.3284317   -3026.9391537   -862.2839451
-761.3434521   -3026.5226364   -858.4665656
-762.1612278   -3034.1536999   -926.0329604
-761.2093417   -3034.3503952   -921.7173457
-761.2037388   -3034.5213413   -911.3528132
-761.3897053   -3034.2159271   -903.3946991
-762.8749339   -3028.0983448   -949.6879578
-762.192103   -3034.6913338   -917.3887372
-762.8091303   -3033.5328579   -930.9259653
-763.6556355   -3028.429985   -870.2306151
-763.4606091   -3029.1609764   -874.4581938
-764.9895874   -3027.8513432   -865.0898337
-763.2491318   -3032.6128006   -935.5946779
-764.0460459   -3031.4772129   -940.4528737
-765.781614   -3030.3411484   -945.5182552
-765.7773224   -3026.815176   -954.9293518
-764.6133629   -3033.667326   -893.056035
-765.4416291   -3034.9638462   -898.9064693
-766.6068999   -3031.5489769   -882.2029233
-766.6709153   -3033.1683159   -888.3528113
-765.6472651   -3035.1274014   -923.0040312
-764.4756762   -3027.2476673   -860.7785702
-767.0798031   -3027.2474289   -856.3758135
-761.9466511   -3026.1867046   -853.623569
-765.7830445   -3030.1389694   -877.1607876
-767.1794621   -3034.7027779   -929.356575
-766.254398   -3033.7004662   -933.6375594
-768.5234276   -3029.2575359   -950.7187009
-767.5341097   -3033.0531597   -937.8748536
-767.1484677   -3029.6514034   -873.4555244
-768.3988539   -3029.0868282   -869.0806031
-768.3121888   -3032.0446491   -942.1890378
-767.6161257   -3027.8651714   -861.6256714
-769.00098   -3035.1576805   -893.3612108
-770.286533   -3028.8379192   -864.8721576
-771.3716952   -3028.0270576   -956.0074806
-771.2481944   -3031.5272808   -946.3809729
-769.8199479   -3031.103611   -877.1988153
-770.3126398   -3034.512043   -934.7688556
-769.921395   -3033.3502293   -885.520339
-772.1514431   -3032.9220295   -881.5077543
-770.676109   -3034.5685482   -888.9545202
-771.6605393   -3030.5202007   -872.4990487
-773.0396716   -3033.7128639   -940.8524036
-771.1965767   -3028.5303593   -860.868454
-772.6813284   -3029.9372673   -868.2687879
-774.2743222   -3030.5290222   -951.8108964
-773.6668316   -3026.8759727   -960.3793025
-775.5593983   -3032.5603485   -876.2441874
-776.7448155   -3030.3399563   -864.1983867
-774.2006508   -3028.7322998   -857.1485281
-777.6704756   -3033.1394672   -947.2337961
-777.5513855   -3029.2136669   -957.588613
-776.2976614   -3031.4474106   -870.6499338
-777.6140896   -3034.917593   -881.4807534
-777.9465643   -3026.6208649   -963.7111425
-780.2793709   -3030.3964615   -858.7729931
-777.7315108   -3029.2935371   -855.5143476
-770.6311671   -3027.2707939   -850.1886725
-775.7168738   -3028.4907818   -852.822125
-779.4075934   -3031.6557884   -952.8108239
-779.8175541   -3033.2086086   -873.3050823
-781.8460194   -3035.2003574   -877.4113655
-781.1646191   -3032.6423645   -869.2702651
-781.4657418   -3031.4030647   -862.5823855
-783.1654278   -3032.3960781   -865.3974533
-781.8948952   -3028.9156437   -961.0878229
-783.8868824   -3031.3928127   -956.4512372
-783.445212   -3033.6253643   -950.4460096
-781.6440789   -3034.5089436   -946.4479089
-782.7743021   -3027.3849964   -964.8163319
-784.0907303   -3034.6307755   -872.8567958
-785.7026783   -3032.3073864   -861.974299
-785.1536003   -3031.055212   -856.964767
-780.8699337   -3029.3419361   -852.7722955
-785.9450308   -3026.4260769   -968.0922031
-786.7791382   -3034.4398022   -869.2772985
-787.3723236   -3029.4508934   -962.5688195
-787.3151032   -3033.4119797   -865.0456071
-787.4785391   -3033.5421562   -953.1958103
-788.3383957   -3035.255909   -949.0811229
-790.2695862   -3032.4661732   -957.0935965
-791.5253369   -3033.5798264   -862.7154827
-789.1080109   -3032.3185921   -859.4260216
-792.2849385   -3027.6062489   -967.9835439
-792.3874585   -3035.128355   -867.1404719
-794.5832936   -3030.9925079   -961.8527889
-791.4876667   -3034.5287323   -952.6708126
-793.8495604   -3032.8607559   -859.4350219
-789.3577544   -3031.4416885   -856.1421037
-796.8302695   -3034.1849327   -955.4120302
-799.0463702   -3034.7664356   -864.137888
-796.964976   -3026.6883373   -970.7825184
-799.1002528   -3029.2713642   -966.494441
-800.6632058   -3033.1835747   -859.8504066
-796.4538065   -3031.4257145   -854.5969129
-792.4507586   -3031.2328339   -854.6697497
-801.705691   -3032.1741104   -961.1425996
-803.2864062   -3034.6839428   -955.9091926
-801.4381853   -3027.0614624   -970.8592892
-804.9400774   -3033.9274406   -862.0667458
-804.0110794   -3029.1359425   -967.5455093
-802.7808396   -3030.454874   -964.8677707
-804.3646542   -3032.2585106   -857.2574258
-800.614926   -3031.3520432   -854.4948101
-806.2258688   -3027.2636414   -970.9066153
-806.3244549   -3031.0137272   -964.1755819
-809.0480296   -3033.703804   -958.8017464
-808.1549136   -3029.2389393   -967.6240087
-808.6143462   -3032.1376324   -857.1997285
-805.0675122   -3030.7581425   -852.5381684
-810.3823391   -3035.1939201   -865.8633828
-811.0069958   -3033.2078934   -860.6465459
-811.872336   -3027.5428295   -970.3922868
-812.2446267   -3030.7941437   -964.7654295
-814.2529456   -3031.9559574   -856.9030166
-811.3567559   -3030.8227539   -852.9242277
-815.3218953   -3034.734726   -956.6409588
-814.8046461   -3032.8755379   -960.6332183
-816.2623373   -3033.4329605   -861.9596362
-816.4872853   -3029.0169716   -967.6504135
-817.9051606   -3026.5059471   -971.5527296
-818.8394038   -3031.2438011   -963.4516239
-818.5411421   -3033.4222317   -959.2530131
-820.5736605   -3034.9485874   -955.6803703
-821.2587563   -3034.3332291   -865.4914498
-817.5618378   -3032.1781635   -857.7447534
-821.8842474   -3032.3336124   -858.7058783
-821.5318648   -3028.5255909   -967.7972794
-820.8138672   -3030.9755802   -853.3117175
-817.1651093   -3031.2111378   -854.1367054
-824.3558136   -3025.4230499   -972.1885324
-823.0623928   -3032.8776836   -959.592104
-824.9929873   -3030.4086208   -963.9205337
-826.6876665   -3034.6705914   -954.9393058
-826.7794577   -3033.8675976   -864.7210598
-826.5582053   -3028.0182362   -967.6963091
-828.7605969   -3032.4208736   -859.5570326
-825.731012   -3031.3837528   -855.0374508
-828.6614148   -3032.0169926   -960.0163698
-830.6754557   -3026.1132717   -969.7105289
-831.1351267   -3029.1633606   -964.5552039
-831.5050331   -3035.1381302   -952.3255229
-832.398626   -3033.198595   -956.3949704
-832.5290409   -3033.5447788   -864.2223477
-830.8601109   -3034.3091488   -866.6664362
-833.4827153   -3031.1136246   -960.2655768
-834.6537081   -3032.1280956   -859.4382405
-831.0066191   -3031.0430527   -854.4931412
-835.804197   -3034.6357822   -868.827939
-836.1872164   -3026.6041756   -967.2514796
-837.2175423   -3029.1471481   -962.5687599
-836.0510794   -3034.0726376   -953.0025125
-837.8888098   -3031.6152573   -957.5417638
-838.4953467   -3033.1203938   -864.0780449
-839.7472826   -3034.655571   -949.7132897
-839.5220963   -3031.730175   -859.3784571
-837.6683918   -3030.3974152   -854.2451859
-840.5459849   -3034.3563557   -869.3292737
-840.249273   -3032.9146385   -953.6536336
-842.1009509   -3026.6227722   -964.9592042
-842.2690359   -3029.1264057   -960.3959918
-843.3146206   -3031.0151577   -956.089735
-843.8609568   -3031.9018364   -862.0285988
-842.7865235   -3033.2124233   -866.2005663
-844.4599835   -3034.7936153   -946.1611509
-842.8727118   -3030.5850506   -857.1754694
-844.041082   -3032.7851772   -951.649785
-844.0375058   -3034.1820717   -870.3377843
-846.2005583   -3035.2292061   -875.5244613
-844.9403969   -3027.5161266   -962.0391726
-847.3403183   -3025.8076191   -963.8146162
-847.9644982   -3028.2804966   -958.8429928
-847.0976082   -3032.5722694   -866.5203452
-846.451017   -3030.3804874   -858.7502241
-846.1968628   -3029.4287205   -855.7033539
-843.3935372   -3029.0961266   -853.081882
-847.2468583   -3030.787468   -954.1142583
-849.3562666   -3030.6239128   -861.8452549
-848.926994   -3033.5664749   -871.5242147
-849.0034071   -3032.0301056   -949.8859048
-850.603315   -3033.5626602   -944.4026947
-849.1621939   -3034.8174572   -876.3856888
-849.7849432   -3028.9976597   -857.1186662
-853.278133   -3031.1799049   -867.3948646
-851.7675129   -3029.4299126   -953.9048076
-851.6207663   -3025.3553391   -962.1068239
-854.9394337   -3026.3826847   -957.8476548
-853.2709805   -3034.4204903   -879.3667555
-853.2789675   -3033.0762863   -874.0152121
-855.6576697   -3030.1921368   -948.7969875
-855.4677693   -3027.9817581   -859.4811559
-856.3481299   -3032.5698853   -941.4736032
-856.7002741   -3035.1576805   -889.5110488
-855.2183834   -3034.5518589   -936.1786842
-855.4762331   -3028.2707214   -953.5650611
-856.5720049   -3032.7425003   -876.8922091
-855.8324305   -3034.1694355   -882.0094466
-857.1253745   -3033.2970619   -880.1734447
-858.2269875   -3030.9951305   -872.5829124
-860.1544825   -3028.3720493   -866.1202192
-859.5144478   -3035.2115631   -921.0380316
-859.2694727   -3034.8572731   -894.3955302
-859.0813605   -3033.3480835   -884.1569424
-857.9657999   -3034.3000889   -932.9547286
-859.3330113   -3026.7653465   -953.4897804
-859.6247164   -3032.7112675   -936.6577268
-861.6972891   -3026.0047913   -860.6172204
-852.4583308   -3027.307272   -854.6067476
-855.5628983   -3025.9485245   -853.7855148
-860.0549427   -3030.0762653   -944.6297288
-862.1105877   -3027.7483463   -948.4549165
-860.0973812   -3034.4274044   -926.4736176
-861.7748944   -3030.762434   -940.4224157
-860.8544794   -3031.4362049   -878.3131242
-863.2678715   -3032.6323509   -890.5147314
-860.0876061   -3033.924818   -930.2703738
-861.3602845   -3034.8508358   -904.1663408
-861.2955538   -3032.8326225   -933.0290556
-864.9710146   -3028.2611847   -872.61343
-864.5051447   -3033.2083702   -917.5642133
-862.2598378   -3034.5366001   -911.5651846
-863.0907265   -3033.5116386   -896.8653083
-863.0975214   -3033.8506699   -900.9055495
-864.4066779   -3030.9653282   -883.374095
-864.0044657   -3032.9296589   -923.8696098
-863.7582985   -3033.8361263   -908.2071185
-864.7994725   -3030.6558609   -935.6373549
-864.1371457   -3028.6436081   -943.7786937
-863.8633219   -3032.2721004   -929.561317
-865.3522459   -3029.5608044   -878.4452677
-864.7353379   -3033.2496166   -903.8701653
-865.3654782   -3029.2813778   -940.1187301
-867.2846285   -3026.1089802   -946.8061328
-867.1914069   -3031.7845345   -900.0309706
-867.6041094   -3031.2187672   -895.753324
-867.7499024   -3031.7482948   -912.1567011
-868.3304516   -3029.6721458   -886.8385553
-868.0422036   -3030.6777954   -893.2074904
-868.0650917   -3031.5821171   -906.0094953
-867.2867743   -3031.0118198   -926.4830947
-869.0519062   -3029.4361115   -930.9661984
-868.4437004   -3030.8516026   -922.00315
-867.9761616   -3027.3869038   -942.0358539
-868.3593003   -3028.6853313   -881.0632825
-869.4849936   -3030.605793   -917.3949957
-867.8297726   -3028.5418034   -938.4896755
-869.1540686   -3028.5286903   -935.6366992
-867.9781882   -3028.0194283   -876.9595027
-870.3998057   -3026.1938572   -874.3859529
-872.0011441   -3029.2243958   -902.7325511
-870.8848683   -3029.6480656   -898.3036876
-870.799276   -3029.1666985   -925.8943796
-872.554156   -3029.0162563   -908.8983536
-872.2299067   -3029.160738   -914.4833088
-871.5679375   -3026.4613628   -938.8352036
-870.6609932   -3026.9906521   -878.3409595
-871.4048592   -3028.4006596   -889.5840645
-871.4978424   -3028.9177895   -894.4764733
-873.2404438   -3026.3571739   -882.475853
-874.22249   -3027.5683403   -920.7389951
-872.2134558   -3027.1213055   -934.0872765
-874.6311394   -3026.4499187   -929.1635156
-874.7974364   -3027.2905827   -898.2924223
-873.3176915   -3027.721405   -893.091619
-876.0673729   -3025.326252   -886.5945339
-875.8257357   -3025.9273052   -890.5174732
-878.1196801   -3025.3674984   -904.8818946
-876.7350642   -3026.3195038   -913.130343
-759.3946186   -3025.4130363   -847.3064303
-765.399429   -3025.7499218   -842.3647881
-765.1874749   -3026.238203   -847.997129
-764.4978491   -3025.3064632   -838.8677239
-768.6450211   -3025.6547928   -839.1894698
-771.5112893   -3026.7605782   -845.9342718
-771.4645592   -3026.2422562   -842.4828053
-772.3356215   -3025.5818367   -838.1148577
-775.5120722   -3027.7686119   -848.8957286
-774.577233   -3027.0307064   -845.8649516
-778.0378786   -3026.1235237   -840.4478431
-779.7598568   -3027.6622772   -846.2218642
-783.2896439   -3026.8256664   -842.651546
-782.3445527   -3025.8758068   -839.3349648
-785.1125924   -3029.2477608   -850.2183557
-786.1966816   -3030.3859711   -853.6660075
-787.5374285   -3026.3164043   -840.8018351
-789.273235   -3028.4485817   -846.6151953
-789.2473666   -3030.2426815   -852.0581722
-792.9016081   -3026.8836021   -842.0884013
-793.1338278   -3030.2116871   -851.1891365
-794.4355933   -3028.0919075   -845.3207612
-796.5723006   -3026.0801315   -839.5373225
-797.8521315   -3027.5557041   -843.5150981
-797.9194847   -3029.5131207   -848.9499092
-801.1350361   -3026.3617039   -840.0396109
-802.2901741   -3028.0659199   -844.5569873
-803.0777899   -3029.453516   -848.5515714
-805.3720919   -3025.3312588   -836.5839124
-805.5382697   -3026.8089771   -840.5402899
-807.2340218   -3027.9216766   -843.5690403
-808.5285155   -3029.3431282   -847.7358222
-808.5455624   -3026.0090828   -838.1558061
-812.1077744   -3028.4793377   -844.5650935
-813.2121292   -3027.068615   -840.4016495
-812.0319573   -3025.3064632   -835.7957006
-814.489576   -3029.7949314   -849.0124345
-816.4396016   -3025.6359577   -836.558044
-816.9181076   -3028.4054279   -844.0244794
-814.8772446   -3029.3593407   -847.2617269
-819.2856041   -3027.0915031   -840.3432965
-817.4152104   -3030.2205086   -850.3226638
-819.7215525   -3029.6108723   -848.0511904
-820.9401099   -3025.7561207   -837.0494246
-822.0808236   -3028.4562111   -844.4471359
-823.5159842   -3027.5428295   -842.0003653
-826.2150017   -3029.7083855   -849.093616
-825.9020773   -3026.4644623   -839.6474123
-826.7165152   -3027.8322697   -843.4144258
-830.8253018   -3026.0426998   -840.1117325
-829.3647496   -3025.3908634   -838.0900621
-830.4507462   -3027.8275013   -844.3866968
-832.992169   -3029.4251442   -849.7060537
-835.5368105   -3025.5405903   -840.8313394
-835.8658282   -3027.8420448   -846.3882804
-836.6895644   -3029.0198326   -849.8139977
-839.2971484   -3026.3664722   -844.338119
-840.1945559   -3028.1522274   -849.0104675
-843.455526   -3026.1881351   -845.8855152
-844.8699442   -3027.4243355   -849.5494127
-848.3736245   -3027.7163982   -852.4958491
-848.8417593   -3025.3875256   -847.1067548
-852.6323763   -3025.7303715   -850.6419659
