-890.3039423   -2699.3224621   -1060.2098703
-891.6547028   -2694.3855286   -1060.8259439
-890.8570734   -2710.8561993   -1059.8851442
-891.5079562   -2689.0563965   -1059.4950914
-890.692803   -2702.922821   -1060.803771
-892.5859658   -2705.3222656   -1062.6548529
-892.0116154   -2708.4343433   -1061.7730618
-892.9047314   -2719.1910744   -1059.5471859
-892.3229901   -2701.8623352   -1062.3707771
-893.4861151   -2698.8499165   -1063.1481409
-893.459293   -2714.8923874   -1061.934948
-893.2008473   -2711.152792   -1062.5524521
-894.6444718   -2682.2926998   -1060.0413084
-894.3185536   -2691.1787987   -1062.4067783
-895.0094906   -2686.9049072   -1061.7393255
-895.7802979   -2695.1572895   -1064.4501448
-894.56484   -2707.5722218   -1064.483881
-894.8527304   -2702.9042244   -1064.7017956
-895.4497305   -2718.9662457   -1062.9954338
-895.9350315   -2723.3569622   -1061.7414713
-895.8011595   -2712.6920223   -1064.8707151
-896.1633173   -2716.4196968   -1064.5247698
-896.4938847   -2699.5153427   -1065.7565594
-896.2244717   -2683.4659576   -1061.6486073
-897.051665   -2708.9676857   -1066.475749
-898.0982033   -2690.5064583   -1064.9598837
-897.3669735   -2726.5071869   -1061.6624355
-897.2561089   -2704.2357922   -1066.7638779
-899.0316121   -2685.0466728   -1064.0254021
-898.0681626   -2728.9106846   -1060.5579615
-897.4337307   -2720.603466   -1064.7022724
-898.1841532   -2680.9265614   -1061.9095564
-897.6211277   -2723.9501476   -1063.4565353
-898.499581   -2695.8873272   -1066.6502714
-898.4513012   -2715.8865929   -1066.701293
-898.6062733   -2712.5780582   -1067.3217773
-900.1103369   -2677.4663925   -1061.5552664
-899.2993561   -2700.0272274   -1067.8730011
-899.1964785   -2706.417799   -1068.1984425
-900.0568119   -2731.9076061   -1060.2529049
-900.4195658   -2710.3412151   -1068.906188
-898.9935843   -2722.8608131   -1065.3563738
-900.0768391   -2726.0596752   -1064.8611784
-900.8078305   -2703.37677   -1069.1817999
-902.0232884   -2692.9788589   -1068.0588484
-903.3618895   -2687.5429153   -1067.3779249
-900.4974095   -2728.4419537   -1063.8859272
-900.8904425   -2719.0315723   -1068.0257082
-900.7320134   -2722.9502201   -1066.904664
-900.6625143   -2696.9668865   -1068.2344437
-902.426335   -2681.1842918   -1064.5412207
-901.6008107   -2714.9279118   -1069.2332983
-901.8327919   -2684.7188473   -1065.6555891
-903.2474486   -2736.5198135   -1059.7704649
-903.5701481   -2733.4165573   -1063.4094477
-904.135677   -2727.5145054   -1067.7907467
-903.883907   -2675.8122444   -1062.9819632
-906.0783116   -2670.7439423   -1061.868906
-902.7818171   -2722.6214409   -1068.4976578
-904.2829005   -2731.2150002   -1065.9122467
-904.0604559   -2684.8864555   -1066.8177605
-905.6728808   -2690.0558472   -1069.0919161
-906.2263695   -2678.6596775   -1065.4337406
-906.6654173   -2682.2967529   -1067.01231
-906.3794342   -2736.8497849   -1063.6123419
-906.6582648   -2739.4602299   -1061.1460209
-906.5304724   -2733.9289188   -1066.2853718
-908.6317746   -2674.8952866   -1065.0750399
-909.5163075   -2665.1568413   -1060.8047247
-906.9910971   -2686.1753464   -1068.462491
-906.0849873   -2731.3373089   -1067.6237345
-908.7520567   -2742.4378395   -1060.0799322
-911.0386101   -2670.265913   -1063.9096498
-908.2138268   -2733.8709831   -1068.0826902
-909.7041813   -2679.2333126   -1067.227006
-908.730003   -2736.8857861   -1066.2270784
-909.9564282   -2740.316391   -1064.2329454
-910.7839791   -2683.7809086   -1069.1759586
-911.9622437   -2676.4867306   -1066.9400692
-912.2836319   -2673.5579967   -1065.939188
-911.6153447   -2738.209486   -1067.8545237
-912.2546641   -2744.2867756   -1062.2028112
-914.6449295   -2666.2809849   -1063.5746717
-913.9678208   -2661.9536877   -1061.3090992
-914.4508568   -2679.6143055   -1068.7735081
-912.7101628   -2740.8328056   -1066.7212009
-913.0797116   -2742.6259518   -1065.1546717
-915.2189223   -2671.1182594   -1065.8588409
-916.296455   -2657.7384472   -1060.1789951
-913.9644829   -2740.0810719   -1068.4151649
-915.8017365   -2676.0489941   -1067.9744482
-914.7577015   -2747.2956181   -1060.7521534
-916.291329   -2746.078968   -1064.214468
-916.6191546   -2743.2706356   -1067.5816536
-918.4260098   -2661.9122028   -1062.8881454
-917.0828787   -2748.4464645   -1061.124444
-920.2717272   -2667.7539349   -1065.6263828
-918.816301   -2674.0629673   -1067.7143335
-917.8323475   -2742.4860001   -1068.9433813
-919.5638625   -2747.0748425   -1065.3837919
-920.7430807   -2654.6750069   -1060.0856543
-919.5010392   -2658.2489014   -1061.5452528
-918.9072577   -2749.430418   -1060.4549646
-918.7050787   -2747.631073   -1063.9418364
-921.5681282   -2745.4082966   -1068.121314
-919.7525708   -2748.7213612   -1062.7417564
-922.7776257   -2658.9186192   -1062.4519587
-922.1791951   -2663.1093025   -1064.145565
-920.6616608   -2746.2902069   -1066.6577816
-922.1996991   -2676.3598919   -1068.9986944
-923.2940403   -2672.4300385   -1067.6708221
-921.1387364   -2749.7563362   -1061.2124205
-921.580526   -2748.8751411   -1063.2653236
-924.2272107   -2665.2331352   -1065.1359558
-925.7288901   -2668.6065197   -1066.1793947
-922.8616682   -2750.5123615   -1060.005784
-922.0721451   -2747.0486164   -1066.2821531
-922.8516547   -2749.0487099   -1063.2789135
-925.7406918   -2654.4446945   -1060.9240532
-923.9718644   -2744.494915   -1069.4022179
-923.5396115   -2746.9096184   -1066.7097569
-925.6231514   -2662.0578766   -1063.8967752
-926.0947434   -2676.0942936   -1068.7974691
-925.5165783   -2744.8713779   -1069.1018105
-927.7645079   -2658.4618092   -1062.5447035
-925.6813256   -2750.6771088   -1059.7231388
-924.6716229   -2750.1561642   -1061.0419512
-925.3303734   -2747.2996712   -1066.1147833
-927.6339737   -2749.3219376   -1062.2798204
-927.4517027   -2672.2667217   -1067.4664974
-927.8470007   -2665.0764942   -1064.9024248
-928.6621539   -2650.4225731   -1059.6694946
-926.6792265   -2746.0389137   -1067.5750971
-928.4815518   -2747.7507591   -1064.6466017
-929.0189473   -2661.7064476   -1063.7862682
-931.4409224   -2669.1398621   -1065.6399727
-930.4649559   -2654.4780731   -1061.1548424
-931.0587374   -2675.406456   -1067.9650307
-932.9671589   -2659.3153477   -1062.6591444
-931.8358628   -2746.2248802   -1065.2126074
-931.1145274   -2663.8925076   -1064.2734766
-931.1176268   -2748.3737469   -1062.0533228
-934.8095385   -2681.5674305   -1069.1578388
-932.9331843   -2650.395155   -1059.5644712
-932.0882288   -2744.6033955   -1067.642808
-935.5849949   -2747.112751   -1060.9122515
-934.9304167   -2654.1473866   -1060.7056618
-937.3883931   -2674.4074821   -1065.5864477
-935.0229231   -2664.5708084   -1063.547492
-937.4193875   -2668.9043045   -1063.8463497
-934.9690405   -2746.6542721   -1062.5027418
-933.7398735   -2742.9978848   -1068.4989691
-934.8408905   -2743.8642979   -1066.4317608
-937.1279208   -2657.0446491   -1061.1920357
-938.5325638   -2660.9442234   -1061.8284941
-935.7084958   -2741.6148186   -1068.2262182
-939.0314547   -2685.1661205   -1069.1800117
-939.3948046   -2679.0578365   -1066.8187141
-940.0195805   -2682.3730469   -1067.8731203
-938.0025593   -2742.4721718   -1065.4529333
-938.9495579   -2653.7847519   -1059.893012
-938.8786284   -2665.2941704   -1062.6069307
-938.2946221   -2745.5029488   -1060.4305267
-938.3051125   -2739.3820286   -1068.3089495
-938.3573262   -2744.1587448   -1063.0565882
-940.1893345   -2657.1438313   -1060.4653358
-941.1227433   -2672.1088886   -1063.5057688
-941.6657416   -2676.7516136   -1064.9577379
-941.4512841   -2668.0686474   -1062.3774529
-941.601607   -2734.9615097   -1068.967104
-941.4601056   -2739.2168045   -1065.2865171
-940.7399622   -2742.6342964   -1062.146306
-942.0389859   -2663.9375687   -1061.4372492
-943.3945147   -2659.501791   -1060.0696802
-943.665835   -2685.737133   -1067.7220821
-943.0521456   -2680.5157661   -1066.0250187
-943.8214032   -2690.5276775   -1069.229126
-943.4803454   -2740.1168346   -1062.3723269
-943.701717   -2741.8131828   -1059.5527887
-942.9911105   -2736.5977764   -1066.2207603
-943.9531294   -2734.0390682   -1067.2397614
-944.5830313   -2670.5291271   -1061.844945
-944.6340529   -2674.2091179   -1062.9444122
-944.83349   -2666.7156219   -1060.9405041
-945.4248873   -2736.7198467   -1063.6683702
-946.398112   -2676.466465   -1063.0124807
-946.1540905   -2694.507122   -1069.3095922
-945.2336756   -2663.2099152   -1060.2024794
-946.1496798   -2730.6981087   -1067.6234961
-947.8393523   -2682.0523739   -1064.6879673
-945.6333844   -2739.3791676   -1060.4327917
-947.1280304   -2689.7740364   -1067.6687956
-948.1025664   -2686.4230633   -1066.125989
-946.8879429   -2733.0164909   -1065.2899742
-947.6980893   -2672.9831696   -1061.339736
-948.1091229   -2669.2914963   -1060.205102
-947.620484   -2665.1823521   -1059.6550703
-948.0116097   -2727.2701263   -1067.586422
-949.4644133   -2733.3436012   -1062.451601
-950.4375187   -2676.9380569   -1061.4982843
-950.5064217   -2698.2843876   -1068.0458546
-949.2286173   -2730.0610542   -1065.1589632
-950.3885237   -2692.7745342   -1066.9096708
-949.9696223   -2723.315239   -1067.6883459
-950.325462   -2688.9615059   -1065.8881664
-952.1070448   -2717.7071571   -1067.4755573
-951.4137236   -2685.6992245   -1064.344883
-952.1851269   -2681.8618774   -1062.6136065
-951.021525   -2726.6373634   -1065.423727
-951.4690367   -2713.3538723   -1068.3877468
-953.8292614   -2703.899622   -1067.0651197
-953.266236   -2728.9414406   -1061.8078709
-954.1688887   -2723.2613564   -1064.1524792
-955.1441399   -2711.5161419   -1066.1957264
-954.4579712   -2690.2287006   -1064.1027689
-953.4921376   -2695.1005459   -1065.7863617
-955.7445971   -2679.962635   -1060.0249767
-954.5689551   -2698.6751556   -1065.9211874
-955.271813   -2684.8917007   -1062.0260239
-957.1860758   -2717.6465988   -1063.9200211
-956.1218945   -2725.6724834   -1061.3538027
-957.4097124   -2695.6124306   -1063.6819601
-957.4335543   -2700.6630898   -1064.5312071
-960.0246874   -2705.7569027   -1063.5153055
-958.8805167   -2722.5627899   -1060.6062412
-958.0609528   -2687.8519058   -1061.2864494
-958.7925402   -2691.3437843   -1061.8126392
-960.7921568   -2712.8248215   -1062.4337196
-961.1813752   -2717.9284096   -1060.9769821
-961.0773055   -2699.4290352   -1062.0512962
-961.7085186   -2694.229126   -1060.677886
-966.2700621   -2709.7651958   -1059.6849918
-964.7186724   -2702.7716637   -1060.3476763
