-569.0624473281239     -2492.3194854371213    -968.1271238744309
-569.0624473281239     -2496.106360088622    -973.1980129137239
-574.971644455662     -2492.3194854371213    -973.1980129137239
-575.476538169531     -2492.3194854371213    -973.5028580029673
-581.890629010938     -2492.3194854371213    -976.4645193521477
-588.304719852345     -2492.3194854371213    -978.5822096590146
-588.304719852345     -2494.264083417016    -979.612199198177
-591.959552231001     -2492.3194854371213    -979.612199198177
-594.7191288372389     -2492.3194854371213    -980.3607590087393
-594.7191288372389     -2498.733674903009    -983.5377907728792
-601.1332196786459     -2498.733674903009    -984.3546687158399
-601.1332196786459     -2492.3194854371213    -981.5478796161311
-607.547310520053     -2492.3194854371213    -982.437093843731
-613.9617195049469     -2492.3194854371213    -983.2663157539872
-613.9617195049469     -2498.733674903009    -985.7110607469249
-620.375810346354     -2498.733674903009    -985.9897894373205
-626.789901187761     -2498.733674903009    -985.8800331157404
-633.2043101726549     -2498.733674903009    -985.3797779339118
-633.2043101726549     -2492.3194854371213    -983.3413467139613
-639.618401014062     -2492.3194854371213    -982.5201452010124
-646.032491855469     -2492.3194854371213    -981.4741021414958
-646.032491855469     -2498.733674903009    -983.0864183378283
-652.446582696876     -2498.733674903009    -982.1263726442827
-652.446582696876     -2492.3194854371213    -980.3417340282167
-656.296437033063     -2492.3194854371213    -979.612199198177
-658.86099168177     -2492.3194854371213    -979.1204448103211
-665.2750825231769     -2492.3194854371213    -977.6962754907656
-671.689173364584     -2492.3194854371213    -976.1929202572958
-678.103582349478     -2492.3194854371213    -974.5334520147551
-678.103582349478     -2498.733674903009    -975.9669747528284
-684.517673190885     -2498.733674903009    -974.4694415451708
-684.517673190885     -2493.892129140625    -973.1980129137239
-689.844667737213     -2498.733674903009    -973.1980129137239
-690.931764032292     -2498.733674903009    -972.9365307817586
-690.931764032292     -2492.3194854371213    -971.0759640410852
-697.345854873699     -2492.3194854371213    -969.3737373138918
-703.760263858593     -2492.3194854371213    -967.5518568212375
-706.707863265648     -2492.3194854371213    -966.7838266292708
-710.1743547     -2497.026911449691    -966.7838266292708
-716.5884455414069     -2497.718485398862    -966.7838266292708
-723.002854526301     -2494.9005708214127    -966.7838266292708
-729.416945367708     -2494.090895646998    -966.7838266292708
-735.8310362091149     -2493.5658729947063    -966.7838266292708
-742.245127050522     -2493.803383014926    -966.7838266292708
-748.659536035416     -2494.342343533383    -966.7838266292708
-755.073626876823     -2494.8053791086677    -966.7838266292708
-761.48771771823     -2495.625540292414    -966.7838266292708
-767.9021267031239     -2496.7899327290947    -966.7838266292708
-767.9021267031239     -2493.9951726346294    -960.3696403448178
-774.316217544531     -2495.0669137343084    -960.3696403448178
-780.730308385938     -2495.759873198365    -960.3696403448178
-780.730308385938     -2492.9195263236475    -953.9554540603646
-787.144399227345     -2493.363123331876    -953.9554540603646
-793.558808212239     -2493.802434947335    -953.9554540603646
-799.972899053646     -2494.519571725686    -953.9554540603646
-806.386989895053     -2495.5585249575947    -953.9554540603646
-806.386989895053     -2492.7174002220518    -947.541426847655
-812.801398879947     -2494.1073945682338    -947.541426847655
-819.215489721354     -2495.6951532688045    -947.541426847655
-819.215489721354     -2493.3928188449527    -941.127017862761
-825.629580562761     -2495.259007085598    -941.127017862761
-825.629580562761     -2493.5687935519168    -934.712927021354
-825.629580562761     -2492.3194854371213    -928.722921448118
-825.867551891037     -2492.3194854371213    -928.298836179947
-832.043989547655     -2494.631602773198    -928.298836179947
-832.043989547655     -2493.841289811402    -921.884427195053
-832.043989547655     -2493.130468181268    -915.470336353646
-832.043989547655     -2492.539663000169    -909.056245512239
-838.4580167603646     -2495.4551206888764    -909.056245512239
-838.4580167603646     -2494.89831518409    -902.641836527345
-838.4580167603646     -2494.3825441444005    -896.227745685938
-838.4580167603646     -2493.903677749203    -889.813654844531
-838.4580167603646     -2493.4521144280598    -883.3995640031239
-838.4580167603646     -2493.028484105075    -876.98515501823
-838.4580167603646     -2492.6410744180853    -870.571064176823
-838.4580167603646     -2492.3194854371213    -864.893475507821
-838.544933561013     -2492.3194854371213    -864.156973335416
-844.8722030448178     -2495.3580878797716    -864.156973335416
-844.8722030448178     -2494.9969597080994    -857.742564350522
-844.8722030448178     -2494.670059957907    -851.3284735091149
-844.8722030448178     -2494.349209069833    -844.914382667708
-844.8722030448178     -2494.0369098786887    -838.500291826301
-844.8722030448178     -2493.7455445289897    -832.0858828414069
-844.8722030448178     -2493.4809573165912    -825.671792
-851.2863893292708     -2496.4706375626715    -825.671792
-851.2863893292708     -2496.2332802513256    -819.257701158593
-851.2863893292708     -2495.9743432672562    -812.843292173699
-851.2863893292708     -2495.793911370039    -806.429201332292
-851.2863893292708     -2495.623946393544    -800.015110490885
-851.2863893292708     -2495.4448996930696    -793.601019649478
-851.2863893292708     -2495.1230816487946    -787.186610664584
-851.2863893292708     -2494.934685347524    -780.7725198231769
-851.2863893292708     -2494.596597445324    -774.35842898177
-851.2863893292708     -2494.3049489479213    -767.944019996876
-851.2863893292708     -2493.961455787877    -761.529929155469
-857.7005756137239     -2496.009972156365    -761.529929155469
-857.7005756137239     -2495.4755245032716    -755.115838314062
-857.7005756137239     -2494.992768803945    -748.7014293291679
-857.7005756137239     -2494.42623478947    -742.287338487761
-857.7005756137239     -2493.890611596192    -735.873247646354
-864.114761898177     -2495.773356119344    -735.873247646354
-864.114761898177     -2495.2720914364168    -729.4591568049469
-864.114761898177     -2494.7039645093164    -723.044747820053
-864.114761898177     -2494.700286770607    -716.6306569786459
-864.114761898177     -2494.8527856696655    -710.2165661372389
-864.114761898177     -2494.8424491877727    -703.802157152345
-870.5289322754558     -2494.9570050219977    -703.802157152345
-870.5289322754558     -2495.189053154833    -697.388066310938
-870.5289322754558     -2495.302431858156    -690.973975469531
-864.114761898177     -2495.17574139505    -690.973975469531
-864.114761898177     -2495.062381462192    -697.388066310938
-857.7005756137239     -2495.4789000056685    -697.388066310938
-857.7005756137239     -2494.8779667266613    -703.802157152345
-851.2863893292708     -2494.9399569851034    -703.802157152345
-844.8722030448178     -2495.0341459095775    -703.802157152345
-838.4580167603646     -2495.194685248983    -703.802157152345
-832.043989547655     -2495.761826599375    -703.802157152345
-832.043989547655     -2494.5581975264427    -710.2165661372389
-825.629580562761     -2495.6451856527365    -710.2165661372389
-825.629580562761     -2494.398683563496    -716.6306569786459
-819.215489721354     -2496.0026548561646    -716.6306569786459
-819.215489721354     -2494.20122144542    -723.044747820053
-812.801398879947     -2495.7011248220556    -723.044747820053
-812.801398879947     -2493.553983972597    -729.4591568049469
-806.386989895053     -2494.463801172415    -729.4591568049469
-799.972899053646     -2495.2912059425166    -729.4591568049469
-793.558808212239     -2495.9877498337983    -729.4591568049469
-793.558808212239     -2493.3562577954267    -735.873247646354
-787.144399227345     -2493.8155933619573    -735.873247646354
-780.730308385938     -2494.1598850621535    -735.873247646354
-774.316217544531     -2494.3145823327077    -735.873247646354
-767.9021267031239     -2494.400881934991    -735.873247646354
-761.48771771823     -2494.352753188278    -735.873247646354
-755.073626876823     -2494.221814873333    -735.873247646354
-748.659536035416     -2493.9604313658488    -735.873247646354
-742.245127050522     -2493.704338584553    -735.873247646354
-735.8310362091149     -2493.540994174023    -735.873247646354
-729.416945367708     -2493.4776199914127    -735.873247646354
-723.002854526301     -2493.6667372058246    -735.873247646354
-716.5884455414069     -2494.146173077864    -735.873247646354
-710.1743547     -2495.250985797489    -735.873247646354
-703.760263858593     -2496.542410733339    -735.873247646354
-697.579690336644     -2498.733674903009    -735.873247646354
-697.345854873699     -2498.733674903009    -735.950556513695
-697.345854873699     -2492.3194854371213    -741.058032053993
-692.38695234183     -2492.3194854371213    -742.287338487761
-690.931764032292     -2492.864229804172    -742.287338487761
-684.517673190885     -2496.3606330891716    -742.287338487761
-684.517673190885     -2492.3194854371213    -744.6136036647049
-678.103582349478     -2492.3194854371213    -746.7954316985509
-673.084232555079     -2492.3194854371213    -748.7017474726549
-671.689173364584     -2493.424617286478    -748.7017474726549
-671.689173364584     -2492.3194854371213    -749.23463781338
-665.2750825231769     -2492.3194854371213    -751.962081927431
-658.86099168177     -2492.3194854371213    -754.854006224261
-658.248883612782     -2492.3194854371213    -755.115838314062
-652.446582696876     -2492.3194854371213    -757.6644857884189
-646.032491855469     -2492.3194854371213    -760.747296177449
-644.439865559547     -2492.3194854371213    -761.529929155469
-642.081786033903     -2498.733674903009    -761.529929155469
-639.618401014062     -2498.733674903009    -763.11205671632
-633.2043101726549     -2498.733674903009    -766.52573633183
-630.825233176869     -2498.733674903009    -767.944019996876
-626.789901187761     -2498.733674903009    -770.3644556459719
-626.789901187761     -2492.3194854371213    -770.832126571862
-620.375810346354     -2492.3194854371213    -774.059055960503
-619.875052497816     -2492.3194854371213    -774.35842898177
-613.9617195049469     -2492.3194854371213    -777.963312832967
-613.9617195049469     -2498.733674903009    -777.629580315104
-608.35889455539     -2498.733674903009    -780.7725198231769
-607.547310520053     -2498.733674903009    -781.2373274576839
-601.1332196786459     -2498.733674903009    -785.065548036755
-597.387716406195     -2498.733674903009    -787.186610664584
-594.7191288372389     -2498.733674903009    -788.675522183744
-594.7191288372389     -2492.3194854371213    -788.923674103604
-588.304719852345     -2492.3194854371213    -792.388574820521
-586.144843719102     -2492.3194854371213    -793.601019649478
-581.890629010938     -2492.3194854371213    -796.062495808397
-581.890629010938     -2498.733674903009    -794.799784308494
-575.476538169531     -2498.733674903009    -798.2443238422429
-575.476538169531     -2492.3194854371213    -799.8130893766399
-575.137397212389     -2492.3194854371213    -800.015110490885
-569.0624473281239     -2492.3194854371213    -803.864646683585
-565.33635080838     -2492.3194854371213    -806.429201332292
-562.6480383432299     -2495.231947168611    -806.429201332292
-559.837558779072     -2498.733674903009    -806.429201332292
-556.233947501823     -2498.733674903009    -810.027086026775
-556.233947501823     -2495.0568444929445    -812.843292173699
-556.233947501823     -2492.3194854371213    -816.1529388689601
-554.835388732971     -2492.3194854371213    -819.257701158593
-553.0467860490569     -2498.733674903009    -819.257701158593
-551.151287153511     -2498.733674903009    -825.671792
-550.9912609795499     -2498.733674903009    -832.0858828414069
-550.64130314385     -2498.733674903009    -838.500291826301
-552.5619353748689     -2498.733674903009    -844.914382667708
-551.9552357451599     -2492.3194854371213    -844.914382667708
-552.813586873086     -2492.3194854371213    -851.3284735091149
-554.003761657953     -2492.3194854371213    -857.742564350522
-555.005913642003     -2498.733674903009    -857.742564350522
-556.233947501823     -2498.733674903009    -862.570709909234
-556.233947501823     -2496.660776017677    -864.156973335416
-556.641171165183     -2498.733674903009    -864.156973335416
-558.3231957809519     -2498.733674903009    -870.571064176823
-560.186880327798     -2498.733674903009    -876.98515501823
-562.252904132376     -2498.733674903009    -883.3995640031239
-562.6480383432299     -2498.733674903009    -884.649549763547
-562.6480383432299     -2492.3194854371213    -889.511736675368
-562.750480546044     -2492.3194854371213    -889.813654844531
-564.7659195361889     -2492.3194854371213    -896.227745685938
-565.742301897792     -2492.3194854371213    -902.641836527345
-567.571308804555     -2498.733674903009    -902.641836527345
-566.1406175435159     -2498.733674903009    -909.056245512239
-565.3656200091839     -2498.733674903009    -915.470336353646
-565.08819888852     -2492.3194854371213    -915.470336353646
-564.401645243574     -2492.3194854371213    -921.884427195053
-564.1372680058769     -2492.3194854371213    -928.298836179947
-562.6480383432299     -2497.002827987725    -928.298836179947
-562.6480383432299     -2495.8921572602594    -934.712927021354
-562.6480383432299     -2493.5968188116867    -941.127017862761
-562.6480383432299     -2493.1094929811698    -947.541426847655
-562.6480383432299     -2493.1995689466444    -953.9554540603646
-563.3301379793579     -2492.3194854371213    -953.9554540603646
-564.647252015538     -2492.3194854371213    -960.3696403448178
-567.9976210771349     -2492.3194854371213    -966.7838266292708
