-508.2183047668515     -1931.987325254873    -900.9160772125
-503.21070217812536     -1937.638098899873    -900.9160772125
-502.67071424860916     -1937.638098899873    -906.5668508575001
-502.8696214809131     -1937.638098899873    -912.2176245025
-506.77328893035207     -1937.638098899873    -917.8683981475001
-508.27289124026214     -1937.638098899873    -918.8073306963532
-513.9236648852622     -1937.638098899873    -919.0835405121209
-519.5744385302621     -1937.638098899873    -917.8789085864797
-519.5867572168082     -1937.638098899873    -917.8683981475001
-523.8672182528958     -1931.987325254873    -917.8683981475001
-525.2252121752622     -1931.987325254873    -914.8855807712504
-525.2252121752622     -1933.9006885126173    -912.2176245025
-525.2252121752622     -1937.638098899873    -907.8976080508976
-525.7335557723663     -1937.638098899873    -906.5668508575001
-525.998351025371     -1937.638098899873    -900.9160772125
-525.2252121752622     -1937.638098899873    -898.6936279379215
-524.2645806556121     -1937.638098899873    -895.2653035675
-522.2030654144432     -1931.987325254873    -895.2653035675
-519.5744385302621     -1931.987325254873    -892.3296136434496
-519.5744385302621     -1934.1613406183856    -889.6145299225001
-519.5744385302621     -1937.638098899873    -885.3922718549561
-516.4964621258306     -1937.638098899873    -883.9637562775
-513.9236648852622     -1936.8032649031081    -883.9637562775
-513.9236648852622     -1933.7753430516238    -889.6145299225001
-508.27289124026214     -1935.771455108471    -889.6145299225001
-508.27289124026214     -1934.190155043356    -895.2653035675
-508.27289124026214     -1931.987325254873    -900.7951506564971
