-28.4951521   666.5984168   -786.2469887
-27.0360531   667.0987362   -786.2695458
-13.8827008   667.4015428   -786.1870335
-34.2914099   666.5531727   -785.781054
-35.8068841   666.0055673   -785.4790815
-39.3587209   662.8731227   -783.7262556
-38.250361   663.8597461   -784.4027676
-21.006193   666.8098294   -786.4843904
-17.2897608   666.5306335   -786.7200598
-2.5506772   666.994335   -786.0559523
-32.2063308   666.7891762   -786.0364792
-9.5429655   667.0061412   -786.3717988
-11.9079964   666.7185864   -786.6455305
-10.5856231   666.3134442   -786.9479227
-13.4542143   666.2001677   -787.0242943
-26.8029691   665.9922075   -786.3848902
-24.9523725   665.7505818   -786.5530866
-22.9002864   665.0703352   -786.9037228
-37.1447641   663.2917755   -784.7400979
-30.6976081   665.0199579   -786.1494864
-35.0607472   664.6268195   -785.4978435
-28.4138005   664.4380219   -786.3857291
-15.5786314   665.5165129   -787.3899028
-33.1073264   664.7189093   -785.8538245
-19.1849988   665.6905912   -787.0392824
-35.9523812   663.2369246   -785.1229261
-1.6272194   665.9508936   -786.7664454
-3.593425   665.8135298   -787.1131413
-5.3473504   666.0688982   -787.0239139
-8.8235286   665.7638087   -787.3450726
-6.9456492   665.9779918   -787.1322131
-20.8846166   664.7361533   -787.2633035
-11.7496978   665.7725619   -787.3688382
-26.4037766   664.4209166   -786.6174018
-24.720317   664.0018548   -786.9273231
-17.5488325   664.5452594   -787.778763
-32.074754   662.9187801   -786.0036014
-27.4943089   663.1167643   -786.641208
-10.4444798   664.8679554   -788.058713
-14.1105229   664.472091   -788.1874033
-4.9774907   665.1948056   -787.6957479
-28.6472577   663.0436871   -786.46654
-22.0056857   663.6524099   -787.4950136
-23.3777188   663.1773846   -787.3902588
-25.9515693   662.9278204   -786.9442734
-15.7707897   663.9283587   -788.378679
-19.4301328   664.0173036   -787.7812998
-12.3152855   664.6739766   -788.1556619
-6.1021268   665.1970245   -787.7391384
-3.999749   664.534928   -788.111077
-20.7696056   663.2265225   -787.8975926
-7.2696367   664.399662   -788.3692854
-8.8906601   664.438631   -788.3934181
-24.6733787   662.6596169   -787.2641066
-5.5065719   664.2638517   -788.4024626
-22.0660255   662.152415   -788.0575019
-18.4953723   663.0824145   -788.4165278
-17.0919026   663.032145   -788.7170362
-11.1563528   663.4782698   -789.0706888
-9.5477915   663.5200062   -789.0868183
-19.6890389   662.8343581   -788.3000279
-12.9709145   663.1050819   -789.2097102
-14.5857457   663.2495875   -788.9604719
-20.5301108   662.0073085   -788.5057581
-8.2893797   663.5629733   -789.0436815
-19.2304927   661.8446793   -788.9081469
-18.0145495   662.1812397   -789.0143602
-15.7619089   662.5558774   -789.23663
-17.0298498   661.7597094   -789.4743067
-14.3634978   661.9799989   -789.7939633
-57.5671704   668.2255171   -770.4566541
-56.2070527   662.8779271   -769.2280541
-55.9474894   661.1979421   -768.818193
-57.8867143   664.0220505   -767.0668147
-58.0407152   662.90187   -766.1512238
-53.8050376   665.4329953   -773.9856084
-54.6664267   666.3890852   -773.4387432
-58.5540874   662.621104   -765.0448464
-53.4521379   661.4434459   -772.467516
-52.8547825   664.1927184   -774.4783373
-52.6262368   662.4902542   -773.9329277
-58.2591044   667.777613   -768.9481726
-52.3818324   660.9712191   -773.5919927
-57.9107377   661.5256442   -765.6721992
-51.2435597   669.2416101   -738.6642061
-63.960335   664.341657   -748.6996683
-60.3012396   670.5321325   -767.480049
-59.5928284   669.6721862   -768.0745252
-58.7627192   669.2315311   -769.2242449
-58.3072357   670.2108961   -770.8142695
-54.9405966   667.5893035   -773.8002784
-55.1300687   669.1176693   -774.4736284
-57.1523294   665.1195153   -768.982858
-54.0862761   667.9176599   -775.0150901
-54.1481617   666.7532744   -774.3057358
-58.4479895   661.6078575   -764.7155918
-56.3414406   664.7488916   -770.0548927
-53.1779662   666.4669991   -775.2820317
-53.0144702   668.0985113   -776.3111529
-52.6122306   670.7281683   -777.9574526
-51.9889086   669.8226556   -778.1474087
-51.7989018   668.4043562   -777.7061124
-51.9910714   666.6942139   -776.7437197
-51.3656062   665.5326503   -776.8329546
-51.0803317   666.2264229   -777.4674361
-50.481387   665.3582202   -777.576665
-59.6995991   664.9101693   -764.1362717
-64.1775821   664.0050559   -741.3078489
-64.8608914   670.5675224   -738.0397061
-62.2842657   670.5339383   -735.2955161
-60.9849992   669.3980294   -735.7351119
-64.034602   662.141206   -744.1501644
-57.9021275   663.2641244   -738.6488798
-59.7388345   664.2829743   -738.122745
-57.5517528   665.7829543   -737.832671
-63.9502565   660.989845   -743.1924522
-64.4118429   668.8860348   -737.9192976
-64.3458332   667.2271721   -739.1940966
-63.9319617   661.6868329   -741.5600339
-63.3907618   669.8690638   -736.0364481
-60.0728372   669.1108782   -766.6222913
-64.1503237   670.1903129   -736.6777054
-63.7349034   663.1133174   -740.2281024
-63.2092753   664.3692417   -739.0713996
-62.8107137   662.4407029   -739.4319526
-63.3518531   661.0715207   -740.2973708
-62.828781   668.6608596   -736.4731644
-63.8211474   669.0057731   -736.8435632
-62.496628   665.7145912   -737.9646658
-60.9837437   665.7890308   -737.5401484
-61.7459596   663.809281   -738.523311
-60.1564845   667.6482845   -736.6128217
-58.9883043   669.6172148   -735.6849146
-51.1515199   663.9129157   -740.5888459
-59.7035965   663.4817819   -763.2150594
-52.9696828   665.1004734   -739.5188222
-50.6333567   666.2819695   -740.0894485
-56.4605161   664.7126409   -738.4930303
-55.325089   663.7307368   -739.1397762
-53.4184925   663.3559911   -739.88016
-64.0809646   665.2177647   -739.9764139
-27.4081746   664.8092085   -752.257222
-28.0305755   669.2316433   -751.2800284
-54.1242167   669.6981907   -737.1573194
-52.1874045   670.6344745   -737.5682545
-61.8303329   667.3374559   -736.9123835
-63.0172939   667.083656   -737.441465
-63.7889367   667.7793224   -737.6447906
-8.244677   661.7695836   -760.2034935
-41.0995245   670.1838505   -743.7893945
-58.4277022   666.7509887   -767.8799299
-53.4483996   668.5185098   -738.0025093
-54.8681131   666.1703441   -738.4479589
-59.3217732   665.7252648   -765.4643431
-22.4559892   664.3692105   -754.6653955
-59.8264443   670.5766153   -735.069247
-59.3361493   661.7825811   -738.8743534
-59.4155013   667.1955037   -766.3560632
-60.5518367   662.4905873   -738.6855688
-61.7400368   661.9211565   -739.0586779
-59.2084846   661.0240657   -762.8695042
-59.0169309   662.0926441   -763.8410932
-44.8861269   662.0654243   -780.4784498
-46.1732235   662.638392   -779.8010444
-58.2171114   661.6301656   -739.0271227
-56.6954614   661.4834801   -739.3743703
-44.0474649   660.9145626   -780.7081524
-45.4455826   663.6339027   -780.5714043
-58.2512857   667.8043365   -736.7532395
-57.5601849   670.8452447   -735.2824404
-59.1457229   663.4540003   -764.3579283
-54.6727962   662.1670928   -739.763413
-64.8860879   669.030607   -739.6876773
-65.3467619   669.887504   -741.586589
-64.6159386   666.5863784   -741.8970628
-65.2686825   669.0852504   -743.9981178
-64.6660083   666.4355227   -744.6581094
-65.0022117   668.0214463   -745.7811657
-65.4819264   669.9012745   -746.3682188
-64.4148426   664.999713   -743.7732049
-64.2001005   663.4257219   -743.0441309
-65.0260409   668.3026393   -746.9453394
-64.5674493   666.3679911   -746.9631502
-65.3863184   669.8077663   -748.1339704
-64.1215097   663.5438591   -745.5622953
-65.1943067   669.0474775   -747.4142754
-64.8989731   668.1177591   -748.270021
-65.1307005   669.2811406   -749.7333589
-64.1283254   664.5199864   -747.5095394
-63.7517905   662.9084653   -748.0501917
-65.3944736   670.4206623   -751.074013
-64.4629974   666.5514008   -748.6836403
-64.2364612   665.43912   -748.3251772
-64.5525447   667.4119487   -750.0946486
-64.7877552   668.7070979   -751.461782
-47.2097636   664.8606849   -742.1125706
-65.1007697   669.9665407   -752.3672375
-64.0713523   665.4151739   -749.7945216
-64.4243488   667.4787753   -751.3666424
-64.1028484   666.3346722   -751.3711692
-64.6510794   668.927555   -753.0488801
-64.2655213   667.4799013   -752.5473084
-65.0180744   670.2758749   -753.7049047
-63.6192133   663.4317091   -749.8336801
-63.57717   664.4062006   -751.5721915
-64.4549141   669.0565871   -754.4335487
-64.2638635   668.0872754   -753.749568
-64.7316093   670.3407779   -755.2883021
-63.1961846   661.1384585   -749.5966883
-63.1661497   662.4104808   -751.3043645
-63.7407105   665.8398121   -752.8607324
-63.8818716   666.9830425   -753.955893
-64.3683487   670.564443   -756.9552737
-63.982975   668.7306697   -756.0295497
-64.0428333   667.9680899   -754.729227
-63.1044856   663.1346434   -752.5311315
-63.3633146   665.5405301   -754.3774099
-63.2399288   664.2889943   -753.3105486
-63.5530617   666.9131577   -755.3924748
-62.818606   661.9153362   -752.5752789
-63.4664195   669.1022619   -758.1760166
-62.7188985   662.6814185   -753.8830018
-62.9229203   664.1456657   -754.6199259
-63.1507397   667.1360808   -757.0994135
-62.7989515   665.0410218   -756.0825291
-63.0718087   670.0084528   -760.178773
-62.4144177   660.909604   -753.4342366
-62.7939069   667.4503764   -758.5599493
-62.7633204   668.3843246   -759.4972748
-62.4677627   663.1801854   -755.4311858
-62.0437153   661.2328281   -755.2627696
-62.2626396   665.5587122   -758.3468724
-61.8440554   662.8024276   -757.3090942
-62.2475529   667.0448492   -759.7101213
-62.2225526   668.3078737   -760.8732674
-62.3691239   669.843121   -761.9137244
-61.6101476   665.6304714   -760.2139063
-61.7600211   666.9094254   -760.8621064
-61.3643984   663.7992673   -759.4714268
-61.7600407   668.497415   -762.216458
-61.5807881   667.4598426   -761.7656242
-61.2110661   661.0632775   -758.007253
-61.5714391   669.3767664   -763.4994629
-61.02826   661.9297165   -759.0811856
-61.101459   666.0853274   -761.8327689
-61.059002   667.497103   -763.0581077
-60.8631667   664.3688766   -761.1521876
-60.5061627   662.5128825   -760.7973671
-59.0886758   668.2901438   -767.8499377
-60.874082   669.3414068   -765.1026853
-60.781162   668.2348118   -764.3203848
-61.5863556   670.5816175   -764.6828435
-60.3502227   664.7198011   -762.5901802
-60.4726375   666.0065283   -763.2291775
-60.144064   666.816138   -764.5628816
-60.979079   670.6009451   -766.1184357
-60.2575057   668.1403715   -765.3906906
-60.2411383   663.4658683   -762.0170096
-59.755896   662.2522493   -762.3670602
19.7809532   660.9893949   -773.1134337
15.8066344   669.9123584   -771.0516249
-5.9014199   665.3718639   -760.8356805
-7.1061074   667.3164033   -760.3225757
-5.191107   666.8902254   -760.9815
14.8792163   666.1047689   -769.2126456
13.8110072   667.8804189   -768.8849085
15.0833315   667.8081267   -769.8044767
-47.8194769   669.5536942   -740.2464522
-48.7505056   667.545966   -740.5327264
12.8745701   661.4403463   -766.908798
19.4967874   662.4074856   -772.5054249
19.5808336   661.0871235   -771.5304101
17.4900235   665.2037817   -770.9750891
18.6660539   662.8825041   -771.0245982
17.595452   663.1707006   -770.1161925
-41.6572578   668.2480172   -744.0949952
-43.4531037   667.0260942   -743.4650549
-57.7616424   665.309282   -768.075695
-57.4358616   666.3681989   -769.3342215
-57.1020931   662.1845477   -767.4205243
-57.0734243   664.0423268   -768.4700885
16.5483234   668.8107219   -773.2794838
15.6921584   670.2949775   -773.341522
8.8744033   661.9916158   -765.3999011
18.1619689   665.4323565   -772.2282277
18.6583856   664.0502488   -771.7237413
-56.532001   666.6147659   -770.9419739
-55.513298   663.2448669   -770.4684592
-55.6830913   665.5460814   -771.5191027
-55.1416101   664.1804053   -771.5013596
-55.2755235   661.8726455   -770.1417466
-54.8018422   665.3392913   -772.6359015
-55.5939206   666.8481066   -772.4615508
-54.6090888   662.5641295   -771.421677
-53.9016451   663.655204   -772.9142528
-54.3787211   661.021716   -771.0441791
17.3510358   667.0928914   -773.1285209
16.4960914   669.2619059   -772.4617272
12.2382807   664.209667   -767.2236055
10.7159669   662.8605899   -766.2759271
19.0359657   663.2222988   -773.4956617
16.3330759   662.3047125   -768.9713387
-53.0149194   665.2862342   -774.8670535
-51.5861638   663.2314212   -775.4422409
-52.1562925   665.1018121   -775.7488666
-51.5662441   661.4860722   -774.7158557
-50.3951867   663.1920699   -776.6195709
-50.9656293   664.4206364   -776.6337121
-50.4609557   661.8412637   -775.9968408
-49.7832691   664.1420194   -777.5881029
-49.1220967   662.4186468   -777.4440253
19.24904   662.8580653   -771.866606
16.0349591   670.3336125   -771.7325304
16.4359177   668.9680014   -771.6443821
19.0110516   663.8387141   -772.4992169
-47.4506285   662.4789814   -778.8161865
-48.3979328   664.0537964   -778.6662158
-57.086267   669.4102035   -772.0900346
-56.5523647   667.9293606   -771.8112442
-55.953186   668.5267338   -773.0649959
-56.3628732   670.2595194   -773.6698671
10.2898633   669.5886175   -766.994218
12.2038075   668.3957083   -767.9544416
10.9772921   666.8655112   -767.0565305
-54.0581901   669.4995945   -775.8961425
16.2276045   664.5355131   -769.6734837
16.0402743   666.3047712   -770.1304041
13.9526932   662.9601583   -767.7969036
-52.8972849   669.6407681   -777.1859872
-2.3943187   663.8461051   -761.9388868
-0.3408176   664.941502   -762.5626326
-0.076905   662.7147449   -762.611991
-26.7139267   662.928989   -752.7804155
-24.0832043   662.4495187   -754.0616075
-26.4995327   660.9225895   -753.0273713
-51.5977932   670.8899174   -778.9067568
-50.9884158   669.4698307   -778.8551978
-50.4933763   670.4320078   -779.5953824
-51.1402111   667.1567775   -777.8134544
10.1431248   665.0395892   -766.389341
-49.5833866   669.2806564   -779.845726
-50.4603175   668.0062672   -778.7160264
-50.2549069   666.5499259   -778.3080192
-49.3083634   665.4684515   -778.5776245
-48.9756251   667.2442291   -779.5291069
-27.1056885   668.2229151   -751.9326231
-28.3118842   666.3834085   -751.6086418
-29.2817086   667.7881068   -750.8875621
18.3889056   664.9839785   -773.1943622
17.1578299   667.3264615   -771.8934238
15.1303881   669.4888557   -770.1849683
16.2387154   667.8660492   -770.8562254
-52.2270407   667.2500014   -739.049708
-45.9166092   664.1269451   -742.9160727
-45.687632   666.269247   -742.4935263
-44.0593272   665.6040039   -743.5158275
-48.591131   663.424364   -741.8132614
-50.796207   661.7519291   -741.2375488
-55.2607019   670.2264561   -736.4102084
-59.4214932   666.2152823   -737.3296082
-59.4551237   662.9191468   -738.5478906
-5.3132869   668.6010298   -760.7967112
5.9414871   667.9099191   -764.8214053
7.8194937   667.7111445   -765.6319578
6.9492774   666.3116875   -765.16419
14.7801447   664.1175397   -768.5823252
13.5815498   664.3181854   -767.9425623
14.2753889   669.2080996   -769.4299606
9.3524782   666.686205   -766.2480595
9.3134049   668.160438   -766.3749497
11.7653592   670.2729525   -767.919586
6.5780438   669.2977777   -765.1156516
8.0349421   669.9609806   -765.8050342
13.1113467   669.7888701   -768.6711762
-31.9153169   667.5762522   -749.5205643
-29.6749613   669.4040892   -750.3655358
3.5252548   664.8607721   -763.8055066
5.2058866   666.0357276   -764.456434
5.3646177   663.8772845   -764.3750992
14.9925871   661.05886   -767.8103961
1.7762621   663.7773384   -763.1978712
1.9973335   661.4546358   -763.154668
-41.9222582   666.3787947   -744.45143
0.5376215   670.7575624   -762.5519286
2.9153341   670.3689811   -763.4852908
2.018333   668.4976252   -763.2655857
-0.0631313   668.4760454   -762.5330426
1.3729085   666.3132486   -763.0992739
-7.1981957   669.778529   -760.0230361
-5.1696395   670.673258   -760.6021758
-14.2530496   664.1135808   -758.091761
-16.7928608   663.6916301   -757.1469176
-15.9208806   665.6654428   -757.3459126
-58.5946804   665.5314726   -766.7298938
-59.8215477   660.9489281   -761.503591
-52.9339102   661.8868381   -740.4094845
-10.7945806   667.1355337   -759.1107095
-9.1710867   668.5593478   -759.5066214
-9.0316139   666.7080272   -759.7502863
-3.6889582   667.4736329   -761.4198667
-42.8489948   662.2691659   -744.7485311
-43.12905   664.3111389   -744.2684012
-40.4795954   664.1781817   -745.6361593
-46.6435069   667.991336   -741.4514304
-45.1281309   670.2802828   -741.4330613
-43.7845281   668.711249   -742.7602447
-46.539431   661.0295355   -743.1946609
-45.1356474   662.4110576   -743.6221188
-19.8189982   670.476249   -755.0029562
-20.1252192   668.3515226   -755.2326285
-22.1527605   668.8895664   -754.2092912
-63.6129769   666.1816427   -738.4972229
4.9527911   669.8564891   -764.3656116
6.6708883   661.8888031   -764.6167114
4.0568129   668.2460657   -764.0474449
8.4464559   665.6583311   -765.7278139
3.2474279   666.793748   -763.7551742
4.0946268   662.353633   -763.8386991
-1.9688495   668.1131481   -761.9287323
-1.7525855   670.3207013   -761.8035746
13.2310722   665.984063   -768.1355674
-37.7705505   668.570562   -746.1615004
-40.0966513   667.806078   -745.0839423
-58.7501793   664.1659483   -765.5593686
-24.625651   665.0334119   -753.5727112
-21.8264003   666.5281337   -754.7099605
-23.8617318   667.2773911   -753.6593065
-26.0031998   666.8092208   -752.6923329
-10.1340814   665.2508839   -759.4833904
-9.1117192   663.4112859   -759.8992049
-11.6344122   663.3609951   -759.0608796
-27.773679   670.6997245   -751.0881848
-31.628664   670.0688   -749.1434002
-57.0743528   669.6050672   -736.106968
-55.8436448   668.2307938   -737.2199593
15.0456928   662.6114327   -768.29182
-12.2829953   665.5992297   -758.7160213
-0.624111   666.8062479   -762.4375704
-3.5638334   669.3959603   -761.2965223
-22.2792373   660.9032999   -754.9759098
-21.3836751   662.9119033   -755.2705688
-20.0347813   661.4855929   -755.9368578
7.2442521   664.2457096   -765.0857559
9.0882357   663.9589599   -765.7778038
-37.3796609   670.5046853   -745.8312457
-47.2736575   662.1650093   -742.6671491
-48.4295397   665.7299938   -741.2841629
-49.0397444   661.576841   -741.9965454
-33.4031557   669.9723336   -748.2084554
-33.8583069   668.575874   -748.2874733
-17.855502   661.7465523   -756.8163052
-35.148556   669.6579605   -747.3261776
-36.178499   667.6764498   -747.2362793
-7.9781085   665.2146716   -760.187657
-41.3038953   665.3127684   -745.0134433
-15.5515101   661.9994007   -757.696581
-31.922272   661.8120893   -750.2922093
-33.4547564   664.8109766   -749.1625023
-34.3957654   660.9130016   -749.1142993
-35.9210922   662.5411319   -748.1791459
-2.1583634   666.144839   -761.9715419
-3.9777762   665.625917   -761.4258767
-6.6203933   663.1501803   -760.6746415
-4.0202568   661.7429518   -761.443671
-1.6741569   661.725883   -762.1240203
-12.8227686   667.5098908   -758.3471848
-11.349484   669.1136667   -758.6793709
-36.0157611   664.5835251   -747.871217
-38.1906857   663.3960231   -746.9194631
-40.530574   661.9047647   -745.937442
-31.3728274   663.8252994   -750.3715909
-19.2006776   666.8237746   -755.8555223
-17.619564   668.9762351   -756.2234209
-17.1910372   666.9149681   -756.7026558
-10.0944069   661.6432651   -759.6197773
-15.1230231   667.8249654   -757.4216729
-14.0786255   666.1537435   -758.0162824
-30.63061   665.8632771   -750.4879851
-33.4229192   662.7828585   -749.4350709
-24.7576709   670.6678422   -752.6401215
-24.6842879   669.0715967   -752.9752629
-37.7957895   667.0860246   -746.5018199
-37.5995224   665.6867621   -746.8707072
-39.5849564   666.4244124   -745.6839597
-34.8456449   666.4861991   -748.1732214
-26.3026388   669.9938762   -752.0076775
-29.4192007   664.761367   -751.2630648
-49.5060433   669.8122019   -739.2662228
-4.5752024   663.9588683   -761.2855848
-50.0421339   668.2740502   -739.6380092
-36.4306191   669.9919586   -746.5316074
-18.0900581   665.2281785   -756.5074414
-19.0853117   663.3333223   -756.2384041
-20.3429477   664.8759748   -755.5708681
-38.4835164   661.5039287   -747.0019105
-28.2905092   661.4254593   -752.1358418
-29.3510822   662.8949357   -751.4894636
-39.4683124   669.4461924   -744.9664102
13.0766727   670.2021468   -776.3216791
16.2046169   668.3731013   -774.2587991
15.2172898   668.6574979   -775.3792794
14.0837155   669.0422996   -776.2636775
16.1722137   667.1925118   -775.3352143
-12.0703896   661.1761163   -758.9649519
-13.5238488   662.2454002   -758.4415491
17.5682163   665.2183799   -774.7410051
11.9999368   670.1124412   -777.2097576
15.0900852   667.5048587   -776.3547845
9.7852268   669.9487496   -778.7513491
12.9365023   669.0357755   -777.2641505
11.1484727   669.6616788   -778.1160656
-13.3249316   669.1654461   -757.9488357
16.1678349   666.0581222   -776.1649138
16.9095595   664.7645871   -776.2153866
-14.9130488   670.3091431   -757.1381186
17.6482646   663.2131189   -776.2687707
18.8977899   661.7753112   -775.0047515
13.7463859   667.7780771   -777.4540344
11.989586   669.0265347   -777.9975257
8.5215099   669.6617389   -779.7452985
14.6499588   666.259966   -777.6625677
12.587506   668.1436655   -778.1719654
11.3687004   668.2686137   -778.9986466
7.3558676   670.1896936   -779.9472563
15.9685418   665.2166626   -777.0263236
16.524429   663.9095136   -777.2875698
12.8689683   666.9985559   -778.7775749
9.7416868   667.8505387   -780.495252
18.1417029   661.4144805   -776.7546439
17.0044388   662.0567995   -777.9172508
7.8827247   668.7904376   -780.8546136
6.1351807   669.7976361   -780.881719
15.1466569   664.7566548   -778.236164
13.3605705   665.4087882   -779.5576464
11.6312703   666.5983432   -780.1319627
6.7521997   667.9540172   -782.2172783
5.298537   668.9746482   -782.0194578
4.3129445   670.100126   -781.3984754
15.7816008   663.2601046   -778.5891501
14.5071857   663.9183111   -779.5342819
8.3880936   667.3855666   -781.7830897
10.7318403   666.1090763   -781.2568842
9.4948182   666.1738936   -782.088973
11.984562   665.0543534   -781.0843257
5.1184975   667.8641307   -783.1033874
3.9261227   668.9915985   -782.5687757
15.2065616   662.9495677   -779.4678617
15.8578809   661.9853253   -779.3462522
13.3158045   663.9079121   -780.7477098
14.5937657   662.5805272   -780.367046
7.8699039   666.1180714   -783.1766593
6.1842893   666.5954681   -783.7156713
10.7759766   664.7818299   -782.260894
-43.3400212   661.9738145   -781.4090643
-43.9318973   663.8890146   -781.5607085
12.2400405   663.3127613   -782.1198981
4.8422705   666.7878002   -784.1886629
3.5066214   667.7305754   -783.8774439
9.2921228   664.6905891   -783.4047667
13.5397316   662.6528447   -781.4059488
6.868845   665.2864715   -784.4485431
7.9435481   664.585374   -784.3729475
-42.0990405   661.5083261   -782.0121536
10.6137771   663.235571   -783.4767553
14.2510388   661.3277944   -781.5078498
5.3998196   665.4039867   -785.0769436
-40.7040946   661.8312371   -782.8408718
-42.1307587   663.1456689   -782.3915419
13.1623464   661.7930277   -782.2875353
3.799702   666.3234591   -785.0173769
11.9915628   661.4962879   -783.4682986
8.8060428   663.1295996   -784.8270505
-38.9425488   661.0420445   -783.570082
3.8369776   665.0675841   -786.0117821
2.4892052   665.9466705   -785.7948211
2.5157039   667.0072338   -784.8816082
6.8239031   663.6590542   -785.6404479
5.1298241   663.9940613   -786.2569568
10.211443   661.7201861   -784.7260534
2.4408947   664.7156896   -786.7670537
1.1627212   665.5051141   -786.5305322
0.9854531   666.8960318   -785.4153983
-37.8730868   662.312162   -784.2942878
3.6769632   663.7729788   -786.9987907
-36.6865085   662.2239581   -784.7641315
1.2127783   664.3209087   -787.4018014
-0.3587451   664.7713451   -787.4207495
-0.1122193   666.0845178   -786.377062
8.8737652   661.5381141   -785.7577527
7.8089016   662.0425863   -786.1113583
5.9143226   663.0381505   -786.5396951
-35.6751405   661.8385113   -785.0713092
5.0062024   662.7116536   -787.1402377
-32.7244439   661.0429294   -785.8975845
-34.2002915   662.6621255   -785.5615986
2.201154   663.3818415   -787.7577915
6.4966617   661.6664667   -787.0238502
0.3900534   663.0093743   -788.4675517
3.5747066   662.3927689   -787.9102095
-1.5415903   663.4853252   -788.5394698
-2.3436611   664.7486944   -787.7747897
-30.0222159   662.5289121   -786.3321795
-31.4754133   661.765101   -786.1421302
4.9940786   661.1811169   -788.012323
-28.331245   661.8635433   -786.6627324
1.9912156   661.7651468   -788.8174104
-26.7949699   661.6739524   -787.0146594
-1.2342877   661.9734788   -789.4616998
-2.8569306   662.5847453   -789.3243106
-3.0257504   663.7469544   -788.577038
3.5514265   661.1965849   -788.6163077
0.2747603   661.1916925   -789.6171241
-25.3049382   661.610984   -787.3952624
-23.7938369   661.7290026   -787.7633043
-2.6833749   661.1357207   -790.1910353
-4.2612527   661.8986327   -789.9106731
-4.309289   663.3146253   -788.9881254
-5.8730167   662.8656796   -789.4029042
-5.4582731   661.4145732   -790.3372272
-6.8208328   661.8260568   -790.1822745
-7.8849353   660.9291039   -790.829788
-8.4400264   662.3638413   -789.8981247
-7.3246397   663.0137305   -789.3970606
-21.2453374   661.0088297   -788.7872793
-9.2843307   661.3267888   -790.6157183
-20.2278596   661.003021   -789.0784799
-18.2855378   661.1166127   -789.5466866
-10.8329238   660.9334037   -790.811835
-10.1262307   662.3166692   -789.9349102
-12.7419773   661.3832576   -790.3616838
-11.5612503   662.2572241   -789.9007859
-15.8164221   661.1164063   -790.097621
-0.6206243   670.6241114   -782.3156291
-5.8322314   670.7998451   -782.8406845
2.6516615   670.0715138   -782.0013808
0.9044754   669.6119959   -782.9231542
-47.525687   670.0901467   -781.4471226
-46.2226978   668.5911103   -781.7059871
-48.024822   668.7506669   -780.7022059
-48.6156833   670.157603   -780.8097655
-44.7920445   669.7547691   -782.8029482
-2.4737184   670.3599188   -782.8902666
-4.3275789   670.2323996   -783.2306804
-43.5675766   670.524997   -783.6188626
-7.3659297   670.1479953   -783.5567286
-46.1751149   666.7762737   -781.1725144
-47.3274717   667.1294428   -780.5899997
-15.5951163   670.6567867   -784.1673887
-9.1837332   670.1437907   -783.6740365
-44.4139982   668.0035733   -782.5001722
-45.2065004   666.9846732   -781.7802482
-0.9740318   669.5560848   -783.4180852
2.549153   668.9502271   -783.0838315
-43.3395238   668.9432648   -783.2945811
-10.9532396   670.0940998   -783.8470229
-5.7924248   669.3784085   -784.1484693
-14.0568673   669.9523381   -784.3476479
-46.7242714   665.816047   -780.5152418
-45.4421094   665.3559236   -781.1163964
-42.0742075   669.7259631   -784.0707514
-46.7934199   664.2262118   -779.8839707
-47.9173073   665.636946   -779.6584808
-2.1725447   669.3495062   -783.8508807
-41.1377445   670.7210732   -784.6951244
-12.2351671   669.0974686   -784.7946787
-3.6037915   669.1886589   -784.1718232
-43.1664815   667.5471187   -783.0103214
-43.8273461   666.1703548   -782.2793075
-8.0450681   668.868244   -784.7254407
-17.7077558   670.0122379   -784.9504425
-16.6243098   669.9081143   -784.823098
-21.7848046   670.6509745   -785.3507233
-42.0955881   668.0907094   -783.6616805
-40.9998618   669.7123871   -784.5143072
-40.9251115   668.7016503   -784.3127856
-0.1839918   668.3312783   -784.4155278
-1.4765082   668.8171196   -784.2627695
-10.1615993   668.9809657   -784.7484603
-39.8911865   669.7082102   -784.9085184
-38.2982102   670.7305669   -785.5708867
-15.4868261   669.1305037   -785.1273748
-20.2721477   669.9463356   -785.3375443
-18.8415972   669.2632158   -785.4423005
1.7229971   668.1157946   -784.1085401
-42.2340697   666.5174411   -783.1998419
-42.4526229   664.8800912   -782.6617382
-27.0724833   670.5063885   -786.0033401
-2.4343923   668.6908024   -784.5442855
-24.919262   670.2620061   -785.8274829
-29.1679941   670.5360893   -786.1620914
-13.9850231   668.4210494   -785.4612582
-4.8911073   668.1543596   -785.2148296
-3.2366864   668.0155011   -785.2457083
-31.9787902   670.7549547   -786.2671543
-40.9142111   667.1065452   -783.9577155
-39.6290362   667.864465   -784.6356677
-38.2695186   668.7335046   -785.2283619
-36.4822624   669.5088331   -785.7595683
-23.2759326   669.5860463   -785.790745
-30.6289632   670.3529501   -786.2178914
-17.1762088   668.5317483   -785.6492159
-21.6334391   668.8029648   -785.8505103
-41.0191723   665.2997632   -783.48601
-34.6296217   670.2643369   -786.0957619
-41.5858889   664.2474292   -782.9556807
-10.948339   667.6735851   -785.8712427
-12.7515816   667.5895588   -786.0021687
-25.8916331   669.0557895   -786.0629166
-24.6035993   668.7610875   -786.0426279
-28.4943464   669.2679992   -786.1436627
-30.0456679   668.9667348   -786.1742238
-39.6390001   666.1413141   -784.2854401
-37.1287289   667.8127467   -785.4123377
-38.1445701   666.7632468   -784.9529755
-6.5250303   668.1629745   -785.2792299
-33.1195428   669.3920301   -786.1227437
-31.5645696   669.2834363   -786.1785053
-9.3425165   667.9672568   -785.5673402
-20.1336068   668.4584305   -785.8652953
-34.6240573   668.5058021   -785.9045621
-39.5928427   664.5187587   -783.9656492
-7.9058022   667.2717527   -786.0927132
-1.7733348   668.0009065   -785.0724817
-27.3406355   668.2936766   -786.1714158
-15.277988   667.3881165   -786.2308376
-23.4083351   667.4578601   -786.2681319
-35.8704072   667.4785354   -785.6358137
-38.5262607   665.2468515   -784.5524932
-36.7968131   666.5874021   -785.3319715
-40.7323384   663.6533989   -783.2296328
-18.9402311   667.5375321   -786.2034178
-28.922856   668.0672458   -786.1841272
-25.6718232   667.4878659   -786.2534926
-0.8669831   667.0701957   -785.7091325
-4.2574544   667.034828   -786.1717928
-5.9854433   667.1165771   -786.1672459
-32.3080699   668.2642772   -786.1015083
-36.9661403   664.9337895   -785.0321711
-31.2893303   668.0845388   -786.1384038
-30.285274   667.2382021   -786.1617498
-33.3126957   667.8946811   -785.991666
