-302.0412685   861.198645   -1063.3214846
-303.3820788   861.3375992   -1062.7630967
-300.9459435   861.0601106   -1063.9709875
-301.9569214   862.2092847   -1065.0660597
-303.1342196   862.1650103   -1064.1600735
-303.8184591   863.1828705   -1065.5010488
-300.502673   861.5887556   -1065.3634836
-302.5400356   863.2674924   -1066.4830272
-299.220154   860.9071835   -1065.7323669
-301.2982421   862.6591468   -1066.5430952
-302.0465563   863.5953409   -1067.7338538
-300.015   861.9389308   -1066.7187997
-303.7152253   864.1869313   -1067.4038473
-300.555931   862.7530783   -1067.8712207
-302.8103733   864.429612   -1068.843796
-298.979607   861.2960092   -1066.9796167
-301.079124   863.5742001   -1069.3729521
-302.4696343   864.818069   -1070.6299819
-299.4011641   861.9457559   -1067.8235841
-304.371932   865.2068981   -1069.1242212
-298.328971   861.1575458   -1067.9916816
-299.2410975   862.2266088   -1069.1156596
-303.2015453   865.7997952   -1071.8496982
-304.2469287   865.9122186   -1070.8011596
-300.871797   863.8311493   -1070.7997298
-299.5385838   862.8921478   -1070.8086361
-297.5249457   860.9855006   -1069.3350867
-301.9623161   865.228054   -1072.7010332
-298.4758099   861.9426078   -1070.1303048
-302.9582823   866.4099006   -1073.3767817
-300.5813071   864.0347057   -1072.2851663
-297.7704709   861.7052593   -1071.1249951
-300.7293406   864.7015034   -1073.8116436
-298.7991986   862.8415334   -1072.523093
-296.4305706   861.2238969   -1072.2028131
-297.7021991   862.0424211   -1072.40662
-301.4895829   865.8246338   -1074.5205915
-299.126771   863.8519611   -1074.4174068
-297.3768398   862.3776792   -1073.6565044
-297.238227   863.1580427   -1075.4227478
-295.458026   861.2940332   -1073.625921
-298.2949968   864.0749098   -1075.8868214
-296.1535881   862.1918445   -1074.7168413
-294.9732872   861.6434529   -1075.0250324
-297.4867176   863.943583   -1076.5390614
-298.356073   864.7887119   -1076.8750007
-295.7209132   862.4883757   -1075.8640227
-296.3678437   863.4221117   -1076.8009402
-297.1977819   864.5516827   -1077.7551724
-294.3835985   861.9241306   -1076.2564144
-293.8346945   861.1697652   -1075.3604169
-292.7988539   861.1695497   -1076.4856529
-295.1388172   862.7638947   -1076.9938531
-293.7692035   862.4389905   -1077.8403115
-295.4267341   863.6861908   -1078.2615184
-292.0676836   861.6356017   -1078.1827809
-292.7008541   862.514843   -1079.1390408
-293.8565794   863.4680931   -1079.6251106
-290.6435386   861.0156275   -1078.5926358
-291.3042613   862.0839298   -1079.8801179
-292.5073402   862.9667902   -1080.1922948
-289.7753225   861.122304   -1079.8178953
-290.0221099   861.9272441   -1081.0762738
-290.9395896   862.5800764   -1081.2184397
-291.7889079   862.9585423   -1080.9739023
-288.8170463   861.1346398   -1081.0319717
-287.9914156   861.07403   -1082.0082724
-289.026295   862.0549636   -1082.6279417
-287.475968   861.3116658   -1083.2372307
-304.2567661   866.67011   -1072.225361
-304.5149498   867.8834904   -1073.9361459
-302.7206671   867.2226586   -1074.8189653
-303.4423082   868.0560203   -1075.0832187
-303.9826124   868.7522145   -1075.6271654
-302.713424   868.1668475   -1076.0308013
-302.9753997   869.1020453   -1077.1974024
-304.497489   869.5022178   -1076.4323752
-301.6129308   867.1007957   -1075.9594057
-300.434609   865.9417799   -1076.0199087
-301.8010827   868.1760017   -1077.0910182
-304.0938422   869.971251   -1077.662657
-303.785224   870.4458154   -1078.9334686
-305.3197023   870.70407   -1078.1299151
-305.525664   870.0529688   -1076.6816738
-300.2076702   864.9565598   -1075.0288042
-300.645709   867.2098752   -1077.2698048
-302.7659245   869.6830155   -1078.4703531
-301.2118298   868.6470711   -1078.6229043
-299.2942591   864.8760435   -1075.9934581
-302.2315977   869.9821035   -1079.7734895
-299.4377769   865.9201927   -1077.1447864
-302.5781856   870.8055468   -1080.973543
-299.3948742   867.0040509   -1078.606536
-301.5323005   870.2092416   -1081.1353598
-298.456958   865.6147621   -1077.8605668
-300.6942235   869.2126814   -1080.4168208
-299.7732783   868.1805384   -1079.9181504
-298.4610461   867.1412186   -1080.2106649
-297.8553125   865.8482769   -1078.9421302
-301.3305863   870.6827585   -1082.3127144
-300.5227448   869.7416917   -1081.8068841
-299.3993298   868.5699635   -1081.355528
-297.1663881   866.0077423   -1080.1545634
-296.4485108   864.8853719   -1079.1769008
-298.032915   867.4761945   -1081.5195476
-300.3230674   870.3554129   -1083.2715662
-299.603741   869.3369344   -1082.5896886
-295.8877642   865.2587594   -1080.5277621
-297.6104422   866.7345539   -1080.809637
-295.2096994   864.304297   -1079.65719
-298.456705   868.4078528   -1082.6294949
-296.7804794   866.4623965   -1081.4875591
-298.6562901   869.3182736   -1084.0001369
-299.2816546   870.5114518   -1084.9951427
-297.3464518   867.4503656   -1082.496304
-294.4931824   864.5518282   -1080.9193184
-295.3112145   865.6907733   -1081.996148
-296.1799886   866.8790952   -1083.014178
-297.2511071   868.0564398   -1083.6962142
-292.888427   863.8333434   -1081.3901457
-293.8714786   865.0616064   -1082.539624
-297.9597569   869.9240256   -1085.9925631
-294.7475715   866.209708   -1083.596297
-295.7034343   867.5134617   -1084.7438531
-297.0439192   868.7926292   -1085.2451138
-291.3108103   863.3479953   -1082.2850501
-293.3982996   865.5958502   -1084.1009764
-292.3925116   864.5086651   -1083.2588532
-290.2892533   862.5893768   -1082.0281684
-295.8428978   868.4973356   -1086.3133596
-294.0483864   866.5849356   -1085.1482737
-290.1561453   862.9966827   -1083.0290105
-292.1601639   865.2746378   -1085.0453042
-297.1798418   870.5182959   -1087.9689056
-296.8043793   869.4319787   -1086.680277
-294.78577   867.5920589   -1086.0711699
-293.1529409   865.9137573   -1085.0075415
-290.7191679   863.9236893   -1084.2064798
-292.9917147   866.1755258   -1085.7234715
-295.9203106   869.3552271   -1087.7319153
-289.4229265   862.9804709   -1083.9973046
-294.7680319   868.2719727   -1087.3458348
-293.5377408   867.0815974   -1086.7570175
-296.0591074   870.1703107   -1088.9610343
-294.7917276   869.142242   -1088.948942
-292.0579289   866.0181038   -1086.6606879
-288.0207692   862.3175244   -1084.6020808
-290.4065226   864.7529903   -1086.3483574
-289.176841   863.492631   -1085.430494
-293.703533   867.9468243   -1088.2172558
-292.4022082   866.9829905   -1088.1399176
-295.5215183   870.2823889   -1089.9876339
-286.7531757   861.3996606   -1084.482415
-293.0047845   868.257982   -1089.9032102
-290.8659843   865.8410483   -1087.9651763
-294.4941564   869.6472496   -1090.411818
-288.7948705   863.9152974   -1086.8829939
-286.5597307   861.8893917   -1085.8479299
-287.7335044   862.956828   -1086.3988746
-289.1494636   864.7721959   -1088.2095535
-291.2560734   866.7728947   -1089.3852738
-290.0133804   865.7935755   -1089.1241359
-293.7014125   869.5630376   -1091.6301259
-292.380776   868.5408399   -1091.6004261
-287.6281498   863.5898579   -1087.9391035
-291.2848402   867.4755905   -1090.9497309
-294.2548773   870.6617534   -1093.3031985
-290.0153426   866.3361726   -1090.3616017
-284.999723   861.2584352   -1086.8456965
-286.3370257   862.4836692   -1087.5019605
-292.641829   869.2963488   -1092.997652
-287.6653693   864.2803615   -1089.4288303
-288.8954544   865.3204808   -1089.8193459
-291.2463721   868.1009111   -1092.5659835
-286.3189583   863.1851343   -1089.1113972
-289.7884748   866.8481319   -1092.0158548
-288.9231649   865.8602179   -1091.0541987
-287.7890855   864.9848185   -1090.8805891
-284.9480322   862.0297883   -1088.6936221
-291.3907302   868.8108647   -1094.1878906
-289.9463051   867.600648   -1093.7234682
-288.1905474   865.8471414   -1092.3454788
-288.8661458   866.6841039   -1093.3062224
-292.8604606   870.080524   -1094.7233745
-286.4677222   863.9379836   -1090.6329912
-285.1129759   862.8538152   -1090.3635584
-286.7503117   864.7300812   -1092.1159633
-288.1073577   866.2393882   -1093.5606621
-292.9128786   870.7508668   -1096.7095622
-287.0952368   865.5531375   -1093.6760748
-291.5142072   869.466733   -1095.8398931
-283.6795418   861.7220857   -1090.0929913
-285.3694198   863.6476698   -1091.8864335
-284.042647   862.603682   -1091.6598435
-290.1022335   868.2824842   -1095.3391707
-288.220156   866.8262567   -1095.0278205
-290.3334436   868.9573266   -1096.8801309
-291.4829631   869.8981774   -1097.2678866
-282.7126223   861.6247443   -1091.5748415
-285.6637943   864.4052827   -1093.3492127
-286.746794   865.7484608   -1094.9643544
-284.266639   863.3287162   -1093.1677123
-292.0666686   870.7094713   -1098.6185729
-289.1692053   867.9913126   -1096.4673199
-285.9453972   865.0148497   -1094.5109177
-284.5659024   864.109421   -1094.7799067
-288.0408432   867.3829589   -1097.0768498
-287.2264092   866.6135186   -1096.5074797
-283.1526815   862.3916972   -1092.7935465
-286.8122274   866.0899828   -1095.8324878
-289.1247533   868.4803234   -1098.0999954
-290.5963686   869.602135   -1098.3651526
-281.9211394   861.6016348   -1093.0164719
-285.6442788   865.2397104   -1095.8126772
-282.812007   862.7549189   -1094.5118779
-290.9325685   870.2044469   -1099.6216649
-286.207153   866.0053585   -1096.8906526
-283.4054199   863.5908511   -1095.7191918
-281.0531992   861.5147471   -1094.5087112
-284.2124896   864.4012493   -1096.4038034
-286.8303081   866.7419255   -1097.7723237
-289.6395171   869.3569986   -1099.8095364
-287.6489833   867.6173083   -1098.6871696
-288.4343319   868.4344932   -1099.5368446
-290.5437343   870.3205235   -1100.9910492
-282.6284589   863.0835443   -1095.8727615
-282.8005389   863.5866872   -1097.033588
-285.0029773   865.2840208   -1097.3499649
-281.4896221   862.386774   -1096.2274541
-285.7127056   866.0456656   -1098.1140747
-289.409905   869.6239176   -1101.2903178
-288.430103   868.825358   -1100.8657522
-287.3227254   867.8794505   -1100.2890289
-283.844861   864.5746013   -1097.7500636
-284.3844398   865.4179433   -1099.1647061
-286.1286724   866.76427   -1099.4281309
-289.867584   870.2912398   -1102.567743
-280.0080124   861.2149384   -1095.8008445
-288.5589304   869.3169812   -1102.2803652
-282.8155045   864.16552   -1098.8213265
-279.9197757   861.6546148   -1097.4065896
-287.2050172   868.3225646   -1102.060899
-286.0742011   867.2859635   -1101.225879
-281.1969359   862.8783449   -1098.4556053
-284.9038412   866.3247441   -1100.8239309
-283.0117446   864.7135437   -1100.1141794
-283.6403489   865.4442657   -1100.9652222
-289.6729164   870.5151745   -1103.8970103
-287.7053583   869.0170773   -1103.3050493
-288.7204719   869.8021854   -1103.6545733
-278.5610384   860.9419781   -1098.1759109
-281.6483383   863.8022301   -1100.4331691
-279.4756741   861.8472021   -1099.1026371
-284.0800954   866.1451063   -1102.1958428
-286.5580303   868.3502529   -1103.7457453
-285.0866114   866.835565   -1102.0442362
-285.7706164   867.5342787   -1102.7827358
-289.0221255   870.3876747   -1105.1082751
-282.5659003   864.7228768   -1101.2133381
-280.2271357   862.6900287   -1100.1728428
-282.8852268   865.2974317   -1102.3502762
-287.478316   869.2659969   -1104.8225439
-284.5932629   866.830019   -1103.2472688
-285.1277879   867.5243479   -1104.3951923
-278.2102653   861.0912355   -1099.5581224
-289.0601618   870.7890017   -1106.5942912
-281.648376   864.3330914   -1102.2458086
-283.387892   866.0849112   -1103.7967214
-278.7419648   861.819568   -1100.8476758
-287.8811079   869.9421554   -1106.4119147
-280.0769413   863.0966309   -1102.029791
-282.0257375   865.0271471   -1103.719555
-286.1044181   868.3986705   -1105.1034687
-284.1898275   866.8139179   -1104.2512847
-286.3757083   868.9234502   -1106.4573842
-277.8117626   861.3817107   -1101.6986234
-288.2755995   870.5964781   -1108.0227564
-287.0537366   869.646284   -1107.5387866
-283.7772808   866.8134872   -1105.4848549
-278.4091079   862.0237249   -1102.5707617
-280.7209268   864.0368351   -1103.7480452
-285.0830619   867.9088155   -1106.0203944
-282.3277525   865.6541325   -1105.2551321
-277.0954223   861.0877206   -1102.5740553
-285.9026132   868.9474193   -1107.9992239
-287.7986255   870.6116023   -1109.5842952
-285.2182503   868.2989396   -1107.2294215
-284.0985164   867.4733295   -1107.2423512
-286.8224643   869.7679027   -1108.8502681
-281.2761522   864.7544475   -1104.8931639
-279.1563484   862.9658299   -1104.192117
-281.1863429   865.0180609   -1106.307099
-277.5847609   861.7886489   -1104.0781071
-280.199262   864.0421717   -1105.3895822
-282.4998893   866.2347947   -1107.1947038
-284.7626917   868.184615   -1108.2494649
-285.2268258   868.7683118   -1109.6149282
-279.1005544   863.3220425   -1105.9154574
-278.0207068   862.4496921   -1105.6047564
-286.6421564   869.9528073   -1110.4374681
-283.4668626   867.3454371   -1109.0057585
-279.8224219   864.1590117   -1107.2373214
-281.7732826   866.0429616   -1109.047778
-285.3639758   869.2069228   -1111.586512
-286.6850732   870.2835007   -1112.0619998
-276.7554425   861.5051553   -1105.5220871
-281.0972733   865.2676192   -1107.7877415
-278.3158226   862.9932885   -1107.1445385
-286.6377208   870.4793622   -1113.3621869
-283.6433349   867.8383622   -1111.1823124
-277.2657537   862.1270102   -1106.7329567
-280.2800179   864.8737133   -1109.0795989
-276.1718288   861.3801505   -1107.0193105
-282.3998231   866.756975   -1110.3304611
-285.6998719   869.7052637   -1113.0706236
-278.6521646   863.5954173   -1108.9725717
-284.2542152   868.607835   -1113.2529488
-285.1954871   869.4821416   -1114.161268
-280.9988457   865.7235803   -1110.7749718
-286.0294945   870.1269731   -1114.0754944
-282.1605192   866.7574819   -1111.5900353
-277.1106598   862.3147036   -1108.3350236
-275.767525   861.3459872   -1108.4421529
-282.6441083   867.3075019   -1112.9053999
-279.3924372   864.436889   -1110.6026152
-285.6579069   869.995944   -1115.13417
-277.4966305   862.8581692   -1109.8027092
-276.1409962   861.9123603   -1110.2011693
-281.1272397   866.1016455   -1112.7495041
-278.2376231   863.5344179   -1110.5245257
-279.9028391   865.0406502   -1111.9793913
-286.2208891   870.5868999   -1116.010911
-284.3127524   868.9422506   -1115.3222836
-278.3066282   863.8442506   -1112.262192
-282.8990852   867.7246211   -1114.5972998
-277.3568071   862.9379392   -1110.9684106
-281.7744587   866.7769945   -1114.0763111
-279.6998641   865.0837065   -1113.4968299
-285.238487   869.8641292   -1116.5682248
-286.195238   870.7782248   -1117.3734364
-276.6344476   862.5506763   -1112.0297677
-275.5050181   861.6860909   -1111.7945973
-282.9140883   867.9446245   -1116.3331562
-280.714344   865.9908094   -1114.4188868
-281.482793   866.7405842   -1115.7169082
-284.010033   868.9398688   -1117.2468975
-276.7991779   862.9284753   -1113.9710002
-278.4455534   864.2384093   -1114.5119235
-275.7260116   862.0095187   -1112.9705627
-285.0303615   869.9212979   -1118.3281703
-274.4612583   861.0734506   -1112.807488
-279.7077933   865.2772254   -1115.0532389
-282.8123286   868.0393925   -1117.9475408
-281.9657092   867.2772018   -1117.1718714
-280.490153   865.9297668   -1115.4173962
-283.7458707   868.9094454   -1118.9926841
-281.0306537   866.5400957   -1117.261448
-280.052573   865.6949792   -1116.4783572
-284.7291126   869.8886187   -1120.4379339
-278.8509948   864.713167   -1115.9844441
-281.5665092   867.0906071   -1118.6193138
-282.6390305   868.0272962   -1119.3503681
-277.3285944   863.5843762   -1116.2904916
-275.2509162   861.8245678   -1114.2505089
-275.9348921   862.4645042   -1115.4729728
-274.0425304   860.9736135   -1114.3893514
-278.7350787   864.7750647   -1117.5809225
-283.2546262   868.6382065   -1120.6461697
-280.0741348   865.8784788   -1118.3316296
-281.7771561   867.4040789   -1120.5752607
-284.0018058   869.3675847   -1122.522679
-284.9784841   870.2121046   -1121.8601473
-277.5483476   863.9082459   -1118.0117732
-279.1035104   865.1550713   -1118.7567683
-274.5659338   861.517593   -1115.8977003
-275.7559717   862.4856417   -1116.9557455
-285.3527537   870.5844462   -1123.109724
-280.63571   866.4275091   -1119.7243486
-276.6022494   863.1865123   -1117.8256282
-282.5934009   868.1524744   -1122.0282777
-279.4056256   865.4692603   -1119.9046453
-278.2165334   864.5075579   -1119.2077171
-276.8927022   863.5085288   -1119.1482908
-280.3567919   866.2920827   -1121.1955154
-274.6270954   861.723118   -1117.5309821
-282.5453162   868.1579351   -1123.9138581
-284.5889522   869.9074664   -1123.7240273
-278.4252219   864.7528633   -1120.5479435
-275.5224021   862.4692095   -1118.717593
-281.3603118   867.1512749   -1122.4822902
-283.9556385   869.3564011   -1124.4581161
-279.0570873   865.2905024   -1121.565632
-277.447017   864.011036   -1120.4974307
-285.0364781   870.3002329   -1124.7865006
-274.0302064   861.4095245   -1118.8277957
-279.9196894   866.0158661   -1122.9135866
-278.0330433   864.5084135   -1121.5582206
-285.516098   870.663207   -1126.7960155
-276.0677441   862.9995773   -1120.6237957
-277.0619955   863.7993836   -1121.896572
-274.7610049   862.0232599   -1120.1091522
-284.3718686   869.7015064   -1125.7938406
-280.9648703   866.8716648   -1124.2470679
-283.1681846   868.673106   -1125.9692024
-273.4213942   861.1042451   -1120.5347198
-274.8263629   862.172415   -1121.8408599
-278.2144065   864.7133756   -1123.2696213
-276.0227121   863.0503537   -1122.1488192
-281.7595212   867.5137793   -1125.6637922
-284.1572205   869.486469   -1126.9151227
-279.5942707   865.7965778   -1124.6889231
-280.6128245   866.5962226   -1125.8005638
-276.6343887   863.5417452   -1123.2667514
-275.5789658   862.7693328   -1123.1009512
-285.863059   870.846194   -1129.0287387
-284.3525415   869.5853675   -1128.4750614
-273.4193796   861.2152591   -1122.5040342
-278.3688045   864.8675813   -1125.4462005
-281.2488089   867.0935038   -1126.537933
-283.3519394   868.7866107   -1127.5103898
-282.012248   867.6854514   -1127.4871264
-274.5778637   862.0796343   -1123.8529173
-275.8859219   863.0275904   -1124.3739562
-279.5118153   865.7349652   -1126.4090151
-277.1004239   863.9195167   -1124.7798145
-284.9471235   869.9916988   -1130.1388425
-278.5070426   864.9710038   -1126.9451781
-273.3111536   861.201171   -1124.0192948
-280.6105885   866.5788945   -1127.1988141
-283.0527316   868.4894298   -1128.6891149
-277.2842723   864.0688305   -1126.5808832
-275.1830608   862.5468829   -1125.533823
-283.5537835   868.816153   -1130.2516166
-276.2408814   863.3065004   -1125.7043771
-281.983398   867.5679971   -1129.727361
-284.7312747   869.6853376   -1131.8919276
-273.8939128   861.6437863   -1125.562119
-280.9042014   866.7696524   -1128.547361
-279.379757   865.6002589   -1128.3651985
-275.7521287   862.9650859   -1127.2392078
-277.9949189   864.580079   -1127.8865753
-285.9958892   870.6826856   -1132.9928313
-277.0254948   863.8689363   -1128.0567759
-282.6520647   868.0379919   -1130.8381426
-280.5365503   866.4170483   -1129.9564096
-274.7473413   862.2535646   -1126.4574533
-283.1538597   868.3573977   -1132.0553348
-272.8087924   860.9177048   -1126.635391
-285.1164991   869.8849925   -1133.4295278
-284.1582904   869.0656927   -1133.4848609
-274.1578216   861.8520362   -1127.4829651
-281.9177773   867.4122326   -1131.3442244
-277.7816784   864.3822441   -1129.4486334
-279.1961004   865.3683542   -1130.5188385
-285.8389403   870.4098108   -1134.4686003
-281.2379023   866.9174743   -1130.7159667
-276.314316   863.3429615   -1129.1196099
-275.0597273   862.4691254   -1128.9610052
-280.5237032   866.2814135   -1131.8672004
-281.967572   867.3235084   -1132.9302285
-284.9035562   869.6024905   -1134.5039029
-272.9304385   861.0136539   -1128.2317172
-273.8798946   861.6552432   -1129.2242586
-283.1038364   868.1691979   -1133.7322393
-275.6164781   862.8246774   -1130.230919
-276.6460492   863.5169986   -1130.7686294
-277.9253509   864.3841242   -1131.4069632
-282.2837805   867.3998528   -1134.7501084
-274.6074714   862.1228085   -1130.4452969
-285.4692152   869.9465572   -1135.7788035
-279.0346551   865.1458464   -1132.0683446
-283.9655681   868.7051707   -1135.5034437
-272.8166107   860.9221922   -1129.670182
-273.6286289   861.4554279   -1130.4704059
-280.8590252   866.3483797   -1133.9584537
-286.2325068   870.3674541   -1137.3896708
-279.4550427   865.3263148   -1133.4635552
-275.441193   862.622498   -1131.8462221
-276.8079427   863.5059055   -1132.538906
-278.1123336   864.3751455   -1133.0877772
-273.950843   861.5976634   -1131.8858759
-285.0621658   869.4598908   -1136.8727667
-282.6566754   867.471955   -1136.7312537
-283.7087052   868.3476262   -1136.7539509
-281.1709547   866.3929281   -1135.7001953
-284.3716184   868.8542228   -1137.0865624
-278.4594932   864.4319456   -1134.7110521
-277.033301   863.4530581   -1134.3229415
-275.7258374   862.6295123   -1133.7198272
-279.8139264   865.4028244   -1135.1146447
-287.1765735   870.8025624   -1139.2663691
-274.6929771   861.9975715   -1133.1632072
-283.8479153   868.3293868   -1137.7539167
-285.2607417   869.3637477   -1138.572642
-280.161189   865.4557276   -1136.6406785
-281.2992896   866.3084804   -1137.061254
-273.5443392   861.1109027   -1133.6854134
-278.8846941   864.5190932   -1136.2728765
-283.062414   867.5991889   -1138.2518504
-284.0034738   868.2355012   -1139.1790201
-286.2960073   869.8031205   -1140.6410033
-277.5018454   863.5252738   -1135.9977283
-274.7419878   861.8622698   -1134.3794756
-275.6552462   862.2288119   -1135.7748548
-281.9617249   866.6783205   -1138.2070624
-280.5951513   865.5688725   -1138.0860193
-287.7532267   870.8448513   -1141.166317
-285.0089281   868.8572455   -1140.2494423
-282.8264026   867.1947327   -1139.4661468
-279.3197729   864.6136487   -1137.6900682
-278.1426088   863.7294305   -1137.5044245
-274.0888808   861.2404921   -1135.189978
-281.3563734   865.8953086   -1139.7452064
-283.9051978   867.8271086   -1140.8326883
-285.4555907   868.8256445   -1141.9871224
-287.0372126   869.9821531   -1142.3886996
-276.8802901   862.8005958   -1137.3674814
-282.6021009   866.7642712   -1140.6854171
-275.4529423   861.5343831   -1138.2804367
-278.6511118   863.9484165   -1138.4221524
-277.659826   862.9913639   -1139.2752161
-279.5244271   864.4847671   -1139.234988
-286.4020526   869.1420638   -1143.6952765
-284.1665342   867.6328676   -1142.5728925
-283.0829692   866.9230432   -1141.7896262
-287.8305894   870.1920062   -1143.9694382
-280.2189782   864.6831524   -1140.9573319
-281.7581183   865.8131779   -1141.6918338
-285.2186495   868.2629567   -1143.4576967
-288.6450329   870.4218944   -1145.4409126
-278.9258993   863.7159789   -1140.5284907
-282.8768789   866.3664464   -1143.2712519
-287.1520688   869.2583202   -1145.4150722
-280.6097917   864.6735629   -1142.376632
-284.336137   867.3425068   -1144.1760747
-281.513086   865.2450865   -1143.1385707
-276.115793   861.5494474   -1140.2929868
-285.67353   868.2406618   -1144.8576233
-279.1549734   863.4912341   -1142.2367725
-288.1051273   869.6525192   -1146.6562559
-278.1234299   862.958436   -1140.9839746
-277.2234498   862.2682231   -1140.8730631
-289.2485887   870.5317523   -1146.7040656
-284.733918   867.2012671   -1145.8155544
-280.4126347   864.1106012   -1143.9042243
-283.3257075   866.224548   -1145.1478047
-277.7097194   862.3671797   -1142.0306846
-286.2011941   868.1627664   -1146.5819563
-281.9144612   865.217355   -1144.5064151
-276.5371967   861.4974361   -1141.7858046
-288.9122185   869.9210262   -1147.8810184
-287.2276523   868.9720279   -1146.6227932
-279.0580911   862.9670284   -1143.9352506
-287.4823319   868.8131079   -1147.8183066
-278.1905917   862.4543072   -1143.1884373
-283.8105463   866.0848932   -1147.001418
-285.1050988   867.0952585   -1147.1939889
-289.7452624   870.2270509   -1149.0292658
-288.5710859   869.2201613   -1149.2985764
-282.3182174   865.0724147   -1146.2027152
-281.0748707   864.2442613   -1145.4492307
-277.0947633   861.5836854   -1143.1346376
-286.0886926   867.5329438   -1148.3579548
-284.7346337   866.4666622   -1148.254963
-279.6020741   862.9169469   -1145.7459952
-277.9414122   861.8632345   -1144.6098849
-289.9338018   869.8650955   -1150.7048173
-287.3246651   868.2252747   -1149.3121469
-281.1707811   863.8878447   -1146.9413805
-282.6685283   864.7435198   -1148.2472024
-283.8507091   865.7429   -1148.2352492
-288.060352   868.2659049   -1151.0287606
-285.3738515   866.6535226   -1149.3137287
-278.2190936   861.6551004   -1146.1214379
-278.8494442   861.8193721   -1147.3131092
-284.2171742   865.6425261   -1149.4808308
-290.9249178   870.2242539   -1152.1330169
-286.4408344   867.2766774   -1150.0549635
-280.1375816   862.7717898   -1147.737572
-281.2762942   863.5517366   -1148.3246235
-285.3983877   866.3006864   -1150.4408775
-289.7471182   869.0564682   -1152.8325071
-292.305275   870.8977652   -1153.5789048
-286.4011028   866.637541   -1151.8800811
-280.637426   862.694247   -1149.2985973
-291.3610938   870.175939   -1153.443999
-288.0072643   867.5480832   -1153.1098965
-282.9612198   864.2742592   -1150.433982
-279.3249826   861.7352817   -1148.8323033
-281.8026355   863.6353921   -1149.4346849
-292.3541597   870.5976286   -1154.7313174
-278.1575765   860.9156141   -1148.3311423
-284.551535   865.2453396   -1151.4813805
-290.7635331   869.2686064   -1154.8117428
-289.1780858   868.0260299   -1154.5971634
-286.8589853   866.4483245   -1153.574914
-283.4246354   864.1961099   -1151.8076926
-281.4971926   862.8815005   -1150.8927264
-291.8151579   869.7989648   -1155.9271862
-285.459245   865.3129165   -1153.4591667
-293.1126679   870.6872288   -1156.5707631
-279.8163947   861.5586   -1150.585333
-282.5829888   863.5197892   -1151.7103152
-290.9276777   868.9255962   -1156.3579866
-283.9819716   864.2871299   -1152.8646626
-289.9511674   868.2740175   -1155.8167839
-288.7875578   867.1375924   -1156.2850358
-283.0405649   863.6123968   -1152.5402709
-287.7638397   866.8019031   -1154.7389831
-291.9121675   869.4968563   -1157.1963824
-286.5789841   865.838418   -1154.6581607
-292.9944174   870.0590037   -1158.3967017
-281.9961467   862.6001167   -1152.8679424
-280.7068825   861.8489593   -1151.9133917
-290.0907376   867.9986526   -1157.041018
-291.0157636   868.6579555   -1157.4526186
-284.1872414   863.8868091   -1154.4458073
-283.2128919   863.4314584   -1153.4372318
-279.7282732   860.975279   -1152.0165895
-291.6087485   868.8202774   -1158.5493369
-287.1099513   865.7432466   -1156.1967302
-285.6207612   864.7982188   -1155.2906662
-294.2284674   870.6767249   -1159.9645344
-292.5523248   869.1769514   -1160.061974
-289.3052046   866.9396402   -1158.1901209
-282.8498014   862.7461667   -1154.448426
-280.5102615   861.2125436   -1153.1800553
-290.536776   867.9938596   -1158.2380183
-281.5728012   861.5179274   -1154.7908641
-288.095973   866.1574188   -1157.419839
-293.6639568   869.685815   -1161.6569871
-283.5076235   862.8469011   -1155.6837023
-285.7062271   864.2279784   -1157.0569195
-284.6533623   863.7484123   -1155.9088965
-282.6135041   862.1714607   -1155.436717
-290.6654184   867.4959849   -1160.0769168
-288.1522049   865.8150454   -1158.5341598
-287.1159331   865.1415317   -1157.894393
-282.5204377   861.5668379   -1156.808312
-288.7893694   865.9205711   -1159.8111476
-292.203594   868.3113662   -1161.8222342
-284.2103127   862.9463131   -1157.0336532
-294.5961172   870.148343   -1162.9455911
-286.1656569   863.9902994   -1158.777828
-285.012807   863.1797838   -1158.2592683
-293.44083   868.8868402   -1163.5414282
-287.4295249   864.8802177   -1159.3707268
-283.8325976   862.0809267   -1158.4471655
-290.9118719   866.9373457   -1162.3784751
-295.1073788   870.1000338   -1164.6222723
-289.4305743   865.8575263   -1161.6010241
-287.7564227   864.5331709   -1161.1008493
-285.1142955   862.6257294   -1159.9454818
-286.5631469   863.843612   -1160.1072401
-292.0513919   867.6718626   -1163.3159737
-289.9189648   865.6612162   -1163.3894169
-286.3205346   863.1629229   -1161.3287338
-288.5467766   864.5913758   -1162.8632411
-295.9520398   870.5117185   -1165.8201209
-292.5304502   867.5914865   -1164.8125923
-283.5123178   861.2592305   -1159.839593
-291.2209678   866.614334   -1164.1030222
-294.0323944   868.6847143   -1165.7469202
-295.2263589   869.7287956   -1166.0574771
-296.0026224   870.1621849   -1166.9351016
-297.0594768   870.8009195   -1167.972327
-285.2866665   862.159046   -1161.5392993
-287.1994276   863.4467907   -1162.6423509
-284.172524   861.3002482   -1161.2124895
-287.8826095   863.5207393   -1164.0608666
-290.3349603   865.4298543   -1165.0360816
-291.612907   866.3669748   -1165.7536148
-285.9788664   862.3522087   -1162.6259808
-295.0983731   869.1513889   -1167.2700852
-289.0932495   864.500887   -1164.4259883
-292.8796598   867.2972962   -1166.5037309
-296.0319158   869.7333696   -1168.122187
-296.6770938   869.9302574   -1169.2088803
-284.8253377   861.3460548   -1162.5593044
-294.0273339   868.0000356   -1167.553465
-290.7133099   865.1732494   -1166.6221216
-292.0103451   866.0799411   -1167.4764851
-295.3032116   868.5347319   -1169.31552
-289.4575973   864.248194   -1165.9479839
-288.4199704   863.5329219   -1165.2957647
-286.6954833   862.502297   -1163.8881168
-285.5419044   861.4958196   -1163.7950632
-293.0981876   867.0212474   -1167.765267
-293.7798248   867.253879   -1168.8255472
-287.3282129   862.5320434   -1165.2742312
-296.8306362   869.4975461   -1170.6068129
-288.3241524   862.8409065   -1166.8094333
-294.2365658   867.1810284   -1170.0800046
-292.8095851   866.4085628   -1168.5874272
-291.0140771   864.8988586   -1168.0258109
-289.8522457   863.9762617   -1167.5619716
-291.9556094   865.327271   -1169.1966802
-286.2225418   861.6571179   -1164.9343645
-297.9163346   870.0583255   -1171.8103183
-293.2034038   866.2907222   -1169.7979729
-296.0026676   868.4565236   -1171.1494092
-296.9236587   868.9455502   -1172.1295102
-298.8596759   870.4007031   -1173.2211379
-286.4045543   861.1253035   -1166.6775749
-290.5334208   863.9023748   -1169.3370481
-295.0212974   867.4977278   -1171.1630226
-297.7931862   869.425489   -1173.0206556
-293.8587618   866.2638425   -1171.4041661
-287.7207864   861.6729654   -1168.2943773
-289.0639244   862.779548   -1168.6604953
-295.8923391   867.7443183   -1172.6234785
-292.5661533   865.2547882   -1170.7986161
-297.0480297   868.4520776   -1173.6755701
-291.5452933   864.430209   -1170.4067434
-294.8350073   866.8080803   -1172.4017782
-299.3269923   870.2225896   -1174.8030548
-298.1849344   869.2835644   -1174.3489722
-292.9500352   864.9872702   -1172.3535149
-294.1691372   865.7857958   -1173.3189156
-291.8700376   864.2155069   -1171.6686853
-288.42302   861.8149801   -1169.547021
-289.5026844   862.4546208   -1170.4702105
-290.7980989   863.4488542   -1171.0405323
-296.1325702   867.2731329   -1174.4124844
-299.8821923   870.2212905   -1176.2868999
-295.2320952   866.7479419   -1173.4998728
-298.6935055   869.1864521   -1175.9251638
-297.3545317   868.0432503   -1175.5260372
-288.4123373   861.3582755   -1170.6538312
-290.1701178   862.5245171   -1171.8318371
-292.1765144   864.0064092   -1172.897938
-291.1560761   863.1647655   -1172.5457401
-300.6291854   870.4233426   -1177.9667932
-295.1041074   866.1271299   -1174.751205
-289.1051677   861.3505559   -1172.2436377
-293.0483172   864.3967664   -1174.0413684
-299.2964738   869.2246927   -1177.5166098
-298.0704574   868.1593886   -1177.1312156
-290.2844966   862.2037545   -1172.8644123
-294.1394992   865.1704196   -1174.7847968
-296.1421785   866.5275099   -1176.4035445
-297.1973604   867.4264436   -1176.7901713
-291.8418859   863.2727848   -1173.8877099
-294.7591789   865.2725087   -1176.0745808
-299.7912899   869.2979154   -1178.9132535
-300.704002   869.9619992   -1179.8742568
-290.9246922   862.4882642   -1173.6481361
-298.6185589   868.1267958   -1178.9383349
-290.0639525   861.4916538   -1174.0560467
-297.2103753   866.981228   -1178.0973098
-301.6113216   870.5242854   -1181.2283255
-291.2745065   862.3091037   -1174.8871308
-293.6107859   864.2719606   -1175.7358033
-292.440987   863.2856327   -1175.3090726
-299.660166   868.7791328   -1180.2857031
-295.2764493   865.2770033   -1177.4301766
-296.0815714   865.8297361   -1178.1386099
-294.2394792   864.2823755   -1177.3154027
-302.3112211   870.8542425   -1182.8055395
-290.5029316   861.0983971   -1176.0088991
-300.5595344   869.388304   -1181.4267347
-291.8358507   862.2371417   -1176.4141517
-293.0270677   863.2302518   -1176.8852487
-301.320193   869.882461   -1182.5150804
-298.5938329   867.5160689   -1180.9108119
-297.6870329   866.941041   -1179.7049834
-295.1338155   864.487985   -1179.1991911
-296.6151041   865.892685   -1179.5403282
-299.6543441   868.4051125   -1181.6501327
-292.3918978   862.1594925   -1177.9625623
-291.3576343   861.3529187   -1177.4257789
-300.372336   868.7850072   -1183.0218456
-293.6218473   863.15943   -1178.5612881
-301.6868619   869.8621889   -1184.0924736
-297.3625955   866.217728   -1181.0078009
-296.1533165   864.945596   -1181.0397847
-299.0774076   867.5677167   -1182.6039143
-298.062939   866.6330323   -1182.1492766
-292.8470406   861.9226896   -1179.6553846
-294.9933631   863.6361448   -1181.2137008
-291.6580604   861.0554305   -1178.8314414
-300.7380478   868.7987482   -1184.4993619
-294.0357693   862.9248377   -1180.3085257
-302.4888769   870.2449242   -1185.7656127
-297.038698   865.4209317   -1182.6696878
-299.5495265   867.6411377   -1184.339979
-298.2439247   866.4776007   -1183.5424829
-295.7482854   864.0572128   -1182.5825205
-301.4638411   869.3215193   -1185.3391502
-294.2411216   862.7355576   -1181.470979
-300.6055273   868.4078967   -1185.6301533
-294.5835449   862.7511344   -1182.6316261
-293.3197722   861.6754415   -1181.7054017
-302.9745599   870.2793661   -1187.3602879
-297.3608414   865.3565707   -1184.3932149
-296.341725   864.3545972   -1183.9619633
-301.7210993   869.2732639   -1186.5512217
-299.5176305   867.2586527   -1186.0108478
-298.4152696   866.3168799   -1185.1098814
-300.6929025   868.1802878   -1187.0215269
-295.3627509   863.2725883   -1183.969722
-303.1231568   870.1140266   -1188.4188013
-302.0185239   869.1664006   -1188.0784778
-298.4999906   866.104232   -1186.6311498
-295.8952186   863.6492901   -1184.9240338
-296.6459899   864.4065594   -1185.242889
-299.6122692   867.0329121   -1187.5152296
-293.8285703   861.7125413   -1183.3439486
-304.2983726   870.5511599   -1190.5260705
-297.5174945   865.2237702   -1185.8570259
-294.5144095   862.304283   -1184.0796825
-295.0723992   862.5876094   -1185.6265855
-300.7806652   867.9222574   -1188.4540041
-302.9968448   869.6767286   -1189.5004113
-296.7224671   864.2411615   -1186.5120884
-296.0542488   863.6419761   -1185.819258
-301.7442991   868.5869744   -1189.2905484
-305.1268177   870.6776246   -1192.0272702
-297.6057894   865.0250361   -1187.3328537
-293.7145069   861.2321162   -1184.812974
-298.6606935   865.9353397   -1188.1588946
-299.7806734   866.8294619   -1189.0037749
-300.8551944   867.5756512   -1189.8698573
-303.2793563   869.3725572   -1191.0397729
-304.1453686   870.0497507   -1191.4170239
-302.0140151   868.3826097   -1190.5593729
-295.9397521   863.3297492   -1186.7733019
-296.6077637   863.7993822   -1188.0340793
-297.7989599   864.8587699   -1188.9033837
-295.2410979   862.3238092   -1187.7914446
-293.8604122   860.9731247   -1186.8055881
-298.9331237   865.7839913   -1189.6971916
-303.9039617   869.3126481   -1192.3047859
-299.9577962   866.5817013   -1190.2939698
-304.9790785   869.536564   -1193.6274311
-302.4482208   867.9023293   -1192.2519312
-300.8878963   866.9059915   -1191.4604505
-296.958422   863.7412375   -1189.744303
-298.1477009   864.7182859   -1190.5037532
-295.955947   862.8170616   -1189.1398532
-299.4455112   865.6679995   -1191.2268308
-306.0725258   869.566792   -1195.1863835
-307.358894   870.8475685   -1195.5500487
-303.6891139   868.0503636   -1193.7864136
-301.450419   866.6683978   -1192.7359978
-302.3175662   866.4030698   -1194.1480468
-294.9896743   861.6368609   -1189.4299454
-294.2409851   861.0312201   -1188.4509672
-295.8945228   862.3205452   -1190.5978041
-304.8546489   868.37805   -1194.9434793
-298.6233248   864.450487   -1192.1055446
-300.3886814   865.4198977   -1193.1016522
-297.2743444   863.5466126   -1191.2809563
-303.9076929   866.7224181   -1195.6902457
-307.1478292   869.5261475   -1196.7656714
-308.3011578   870.8062227   -1197.0606283
-305.7945016   868.0273616   -1196.5979591
-294.6461779   860.92462   -1190.5828971
-296.3456135   862.2805638   -1192.0752453
-297.5982213   863.1771037   -1192.7391788
-299.0104578   863.6906266   -1193.8723092
-295.02223   860.9663866   -1191.7980352
-300.35392   864.3283355   -1194.550206
-302.932935   866.1192494   -1195.2156814
-301.3539933   865.1029402   -1194.6719484
-307.2348981   868.4337987   -1198.127861
-306.2345553   867.1146623   -1198.20535
-296.6784305   862.0453417   -1193.2664428
-295.6755126   861.1892767   -1192.9864068
-297.635166   862.334552   -1194.1773591
-302.5694163   865.3171056   -1195.7837284
-308.1131235   869.6853797   -1198.0227317
-305.1036393   866.5836928   -1197.3361985
-301.1911998   864.1190693   -1195.7392225
-299.9262724   863.2897635   -1195.4428439
-308.6472154   869.0934792   -1199.6466958
-309.097334   870.7869375   -1198.4730578
-298.7153604   862.3904327   -1195.3540294
-304.0372604   865.0805752   -1197.7891592
-305.456575   866.0580351   -1198.4166762
-302.2009162   863.8545002   -1197.1833039
-300.7669394   862.9253038   -1196.8262532
-297.6241363   861.4495953   -1195.4699136
-307.3319817   867.3649997   -1199.4787276
-299.6038347   862.2703827   -1196.4695585
-298.5115867   861.1913947   -1196.8319431
-306.3532528   866.3180542   -1199.2556754
-305.5410492   865.1952074   -1199.4939489
-302.972598   863.2908511   -1198.7429832
-304.3658114   863.7715382   -1199.7340564
-301.5855146   862.5183596   -1198.2439171
-307.0311435   865.9490674   -1200.6925869
-308.2889394   867.4484913   -1200.9019485
-300.0692804   861.5875139   -1197.926069
-305.8110838   864.0829308   -1201.2078153
-308.2256842   866.3833811   -1201.9938384
-309.144869   867.4882111   -1202.302575
-309.2125206   868.5300177   -1201.2861972
-302.2494394   862.180989   -1199.4213332
-301.1569238   861.3799621   -1199.3961122
-303.2555076   862.4565675   -1200.1682461
-304.3662892   862.6681646   -1201.2060414
-307.4923203   864.9495651   -1202.6195181
-308.9990678   866.2129041   -1203.5407155
-302.1930152   861.3700307   -1200.5786308
-306.3920307   863.4308345   -1202.9010536
-305.2588978   862.7466306   -1202.2493582
-303.2494847   861.6397768   -1201.3879524
-307.4192507   863.8811256   -1203.8862915
-308.4352104   864.7653951   -1204.4182607
-304.0858069   861.5375441   -1202.6773497
-305.5031428   862.1622694   -1203.5858462
-306.7205506   862.8097448   -1204.4000772
-307.9524221   863.4487971   -1205.4615529
-309.2436693   864.5391595   -1206.0490402
-309.4384653   865.6240172   -1205.0460206
-304.5396182   860.9513851   -1204.3960393
-305.9101231   861.6266063   -1205.2165657
-307.0340936   862.339911   -1205.7494394
-307.8082848   862.510604   -1206.6860808
-308.9243721   863.3328913   -1207.1390254
-306.7411794   861.3205725   -1207.0578014
-308.3401968   862.1366633   -1208.0487087
-309.6753123   863.0603278   -1208.6045707
-310.3900317   864.4120713   -1207.917546
-309.3407193   862.0303019   -1209.5783823
-309.0932328   860.9545023   -1210.7102019
-310.7559428   861.4130982   -1212.0671985
-310.124792   861.9700541   -1210.6421066
-309.7892691   869.8083694   -1201.070684
-310.3886845   870.2545682   -1202.1197263
-310.0214702   868.9001971   -1202.5371446
-310.7872295   870.099811   -1203.3606358
-310.5951875   868.6623191   -1204.1399579
-309.876209   867.5831866   -1203.5208459
-311.350854   870.0107855   -1204.8941627
-310.2168811   866.9539767   -1204.9283983
-311.1320036   868.5443421   -1205.6364739
-311.0366293   867.204378   -1206.5063304
-310.2791543   865.6989943   -1206.2928161
-311.2545945   863.5044665   -1210.3563626
-307.7322352   861.486662   -1062.2646839
-305.8757439   861.5984761   -1062.3598028
-304.5563951   861.3073667   -1062.24361
-309.6637658   861.4473501   -1062.783767
-306.7517525   862.5148254   -1063.6772162
-304.7656791   862.3551233   -1063.7604659
-308.8059379   862.5224704   -1063.9955178
-311.0239501   861.8156825   -1063.8782242
-307.5426398   863.3190331   -1064.9048196
-310.5216152   862.8892024   -1065.0402084
-312.9537286   861.0464952   -1063.9411711
-305.8837671   863.3355049   -1065.0207339
-308.9424385   863.8654393   -1065.9173236
-312.4220725   862.1339452   -1064.9523448
-307.2108021   864.2126101   -1066.2742403
-305.3426052   864.0637246   -1066.3493318
-310.5549384   863.9629848   -1066.4287722
-311.7526677   863.1200413   -1065.7835118
-314.1696519   861.5127748   -1065.2696365
-308.4976253   865.0240194   -1067.5634756
-306.3345134   864.7036731   -1067.1466213
-311.8425644   863.9172247   -1066.8118252
-313.1802301   862.9810624   -1066.3422121
-309.6621704   864.8317058   -1067.4281877
-305.1838089   864.7435261   -1067.6066784
-307.3585585   865.0951753   -1067.6661133
-310.8874473   864.8938965   -1067.8158481
-314.7746234   862.4176539   -1066.7521283
-312.7141485   864.4902587   -1068.0098637
-306.2956863   865.502594   -1068.647993
-315.4055166   861.4293003   -1066.1040162
-309.4200853   865.8963899   -1069.051145
-307.8683473   865.7444692   -1068.7555881
-314.1005155   863.42791   -1067.46158
-311.2324429   865.6915431   -1069.0669377
-316.4972184   861.6191397   -1067.3425744
-314.5375639   864.1927949   -1068.7844686
-307.256856   866.506748   -1070.2512018
-315.445102   863.0051513   -1068.0587143
-312.5101657   865.5672276   -1069.3594723
-313.5903943   865.1208148   -1069.313867
-305.5259279   866.0350287   -1070.0466715
-310.4594303   866.4865189   -1070.0583786
-311.787615   866.3898356   -1070.2680327
-314.6025864   865.3988342   -1070.370475
-313.3218023   866.0842405   -1070.4845043
-315.8527939   863.600175   -1069.2061843
-315.7303222   864.4759284   -1070.1751302
-317.0032608   862.6055793   -1069.1967913
-305.485608   866.6474538   -1071.2166043
-317.8765643   861.2865435   -1068.4803782
-316.7308417   863.6470024   -1070.1855096
-317.1345139   864.3757619   -1071.5698768
-315.7489395   865.5454248   -1071.5275284
-318.4246435   861.7675771   -1069.9647735
-317.8794091   862.9476082   -1070.7459314
-319.4537309   860.9551156   -1070.4767208
-318.4249585   863.2966248   -1071.9764311
-319.2459331   861.9799177   -1071.5792259
-320.3363599   861.5591822   -1072.8648034
-319.5418353   862.9976952   -1073.4073768
-321.0336297   861.8295199   -1074.432212
-321.9973114   861.3091281   -1075.408831
-322.7069335   861.2314244   -1076.5187881
-309.2183172   866.9091408   -1070.6407794
-310.901353   867.2103123   -1071.25016
-307.9955954   867.2823831   -1071.2923249
-312.6141619   866.9339231   -1071.3457255
-309.2873059   867.6568794   -1071.7449548
-307.8696038   867.8202815   -1072.1060553
-314.2294318   866.69497   -1071.8614699
-312.4632002   867.6507256   -1072.2785852
-306.6458745   867.3152583   -1071.6881965
-310.6638497   868.1007204   -1072.4658109
-308.90858   868.4065757   -1072.8527445
-305.4133562   867.3395225   -1072.3455112
-306.8007513   868.2807261   -1073.137109
-312.1317699   868.4800651   -1073.2768445
-310.2365999   868.9858046   -1073.6561606
-314.0139449   867.742266   -1073.1495191
-308.53687   869.2791584   -1074.1796112
-315.8626846   866.5282412   -1073.0162604
-311.6274195   869.5158883   -1074.5804738
-316.6259848   865.4675638   -1072.3161468
-313.5533904   868.6819348   -1074.1379357
-307.1104333   869.3327005   -1074.6092298
-306.0263408   868.7129091   -1074.091975
-309.6144517   869.9308868   -1075.0474208
-315.3312236   867.9020513   -1074.4641724
-313.3643255   869.6803052   -1075.4321399
-314.4869402   868.8828212   -1075.0319095
-305.6040766   869.2356936   -1075.2061269
-310.5601436   870.4517948   -1075.8167362
-317.5340955   865.3571266   -1073.4068394
-307.9760729   870.2148737   -1075.8206895
-316.9087344   866.7300669   -1074.6127876
-312.0767242   870.7111936   -1076.440466
-306.7001347   869.941488   -1075.8093639
-309.1356362   870.8977091   -1076.6941654
-318.361145   864.1353974   -1072.9482012
-314.561681   869.6851372   -1076.2677131
-315.3979929   868.7303473   -1075.6930156
-313.660282   870.738802   -1077.1873456
-316.6013497   867.9569163   -1076.0605934
-306.6517574   870.5817204   -1077.035825
-318.0989796   865.8669827   -1075.0223748
-315.719083   869.2892387   -1076.8647581
-317.6820322   866.809633   -1075.8666171
-319.0181289   864.6442254   -1074.7195081
-314.8336215   870.361716   -1077.5145969
-316.8927631   868.6835676   -1077.4492101
-315.8707203   869.8970804   -1077.918093
-317.7911031   867.4664124   -1076.9948739
-318.9017113   866.0284039   -1076.5548762
-320.3810749   863.5166505   -1075.5301118
-317.0787084   869.5997365   -1078.9904796
-319.7639304   864.7888567   -1076.1872337
-317.8396134   868.1971602   -1078.0445442
-318.8073918   867.170247   -1078.0199802
-317.6656792   870.1546319   -1080.4448035
-319.9609985   865.2736567   -1077.1937725
-320.4237062   864.4269798   -1076.8177675
-318.6708812   868.1855246   -1079.167746
-321.6050012   862.3571953   -1076.1128809
-318.7899746   869.218485   -1080.63813
-319.8733049   866.0660907   -1078.1399044
-319.8155126   867.0412389   -1079.339642
-321.2248066   863.6589299   -1077.1708769
-320.725665   864.9105911   -1077.9837083
-318.1418777   870.7990755   -1081.820155
-319.6806966   867.9682621   -1080.314429
-322.3181221   862.6311939   -1077.678559
-320.8660013   865.8074613   -1079.3856299
-319.973876   869.550354   -1082.4695552
-321.8791257   864.1974014   -1078.9674751
-320.1013827   868.3986474   -1081.3956805
-320.8416787   867.0690899   -1080.8911784
-323.4198227   861.5347566   -1078.1092772
-321.9760403   865.4776359   -1080.7001119
-320.7146759   870.3371763   -1084.0500227
-323.1039828   862.8093357   -1079.2032955
-323.0032165   863.9981306   -1080.5111573
-321.0179597   868.069633   -1082.2335314
-321.694817   868.4917047   -1083.469842
-322.3328135   866.6392518   -1082.485192
-323.076773   864.9921457   -1081.7744797
-324.1502433   861.672359   -1079.4854036
-321.7528603   870.3926667   -1085.2763
-321.9745972   869.3395652   -1084.5544157
-322.6369035   867.3645687   -1083.5887779
-323.9246485   862.7483286   -1080.438232
-324.2624802   863.5645932   -1081.9089324
-323.9732007   865.1702283   -1083.2307415
-322.6021898   869.3777409   -1085.3792754
-322.6850795   870.3212417   -1086.4517259
-322.8925409   868.0861309   -1084.5780853
-323.39608   866.6225479   -1083.8808307
-325.1657595   861.6272652   -1081.0643212
-323.4908808   868.6982337   -1085.9659854
-323.9970701   867.1671018   -1085.2055386
-323.2465371   870.7197342   -1087.6725289
-325.0685598   863.8438161   -1083.4011163
-324.3577591   865.9403325   -1084.5277558
-323.9227565   869.4305871   -1087.3262466
-325.3639058   864.7151257   -1084.7325595
-324.7515067   867.7366492   -1086.825498
-325.7502115   862.4562106   -1082.9164609
-324.314972   870.2049081   -1088.6781834
-325.086924   866.1920234   -1085.7900872
-326.0060663   863.2878403   -1084.1970601
-327.0750636   861.899848   -1084.3473267
-325.1832555   868.6968189   -1088.4130499
-326.3262188   865.0178282   -1086.4331974
-325.9407734   866.4278999   -1087.2468556
-325.8376468   867.4594582   -1088.1159581
-326.7679655   863.4921019   -1085.5530613
-325.6215965   869.6501559   -1090.0074195
-325.6897732   870.8523044   -1091.3310264
-327.8859391   863.7204055   -1087.4882476
-327.9590128   862.2369482   -1086.0847818
-326.4585581   868.0176251   -1089.5923242
-326.861967   866.5596137   -1088.7298497
-327.0028588   865.4063034   -1087.8134946
-327.0509739   869.1810677   -1091.67305
-328.5311341   862.3714248   -1087.1282793
-328.0840155   865.2263613   -1089.2644127
-327.8716333   866.9055809   -1090.5837721
-326.3906356   870.7847386   -1092.3526774
-327.1936599   870.7258817   -1093.5543553
-329.2910161   863.6290555   -1089.5786049
-329.2082738   862.2863615   -1088.1254519
-329.0990792   861.2109288   -1086.8415405
-328.8011445   865.5531056   -1090.6622901
-328.9779834   864.7656908   -1090.1778589
-328.4145034   867.6678826   -1092.1583274
-328.3819016   868.7511275   -1093.2474058
-329.991056   861.0314421   -1088.1196983
-329.3123332   866.2356961   -1092.0942403
-328.5714936   869.5751488   -1094.427502
-328.0473944   870.5811187   -1094.7167889
-329.808273   864.6120941   -1091.3077685
-330.5079188   861.704099   -1089.6477537
-329.2647644   867.389391   -1093.1638903
-329.6388757   868.0859428   -1094.476466
-329.0071055   870.1516659   -1095.7005054
-329.2584367   869.155422   -1095.023834
-330.661148   863.0217558   -1091.1565089
-330.5506901   865.2008668   -1092.9893894
-331.0731445   863.8783874   -1092.5906204
-330.317167   866.4639784   -1093.8524501
-329.9020476   870.8392514   -1097.7403701
-331.6571779   861.6197135   -1091.4504135
-331.6384003   862.679355   -1092.4018796
-329.822883   868.8105881   -1095.523797
-330.6526189   867.6907111   -1095.6388245
-331.0295551   865.5394765   -1094.042808
-330.4646874   868.9320998   -1096.6438603
-331.5457905   864.6187046   -1094.0108084
-330.5788613   867.0377766   -1094.840318
-331.4582803   866.0129765   -1095.2175627
-332.127627   863.2197814   -1093.6840449
-332.621606   861.7030529   -1093.1294587
-331.6426121   868.7664381   -1098.3143898
-331.2999374   870.5292541   -1099.5247428
-332.7367789   864.0533646   -1095.4598314
-331.6581398   867.2942449   -1096.8380498
-332.9961438   862.5232444   -1094.5053997
-332.6380529   865.6163896   -1096.7658297
-332.2728386   869.170247   -1099.6783464
-333.790694   861.1599948   -1094.6394138
-332.840134   866.7683653   -1098.2633354
-333.0069996   867.8939046   -1099.62752
-332.4152364   869.9871582   -1100.6679851
-333.259782   864.5592761   -1096.7982558
-333.6117819   862.5786731   -1095.6215408
-333.921511   863.5334474   -1097.0406747
-333.5990356   865.1075432   -1097.9328174
-333.003042   868.8401033   -1100.4851542
-332.774043   870.7133277   -1101.8719614
-334.5421774   861.7029346   -1096.485761
-334.3508655   865.9568906   -1100.0953183
-333.3963482   869.4215336   -1101.6108117
-335.1402544   862.5623804   -1098.3896638
-334.4528587   864.2266313   -1098.6550068
-333.8738755   867.9791096   -1101.0824151
-333.6313198   870.5726434   -1102.9970075
-334.5286965   868.7799508   -1102.8284418
-335.2580529   863.9117986   -1099.869277
-334.8428719   867.1684595   -1101.9979181
-335.9206153   862.5890938   -1099.8837828
-334.5423806   870.2410016   -1104.0989282
-335.6848516   865.8070331   -1102.3562574
-336.2704279   861.2452931   -1099.2726065
-335.5632972   864.6876471   -1101.15041
-335.221945   870.6928819   -1105.6892875
-336.208203   863.33155   -1101.1172351
-335.6728887   867.2995188   -1103.5738134
-335.5022525   868.8756826   -1104.5601601
-336.3870928   864.3360197   -1102.3707946
-336.564241   865.8624222   -1104.0429938
-336.7992259   861.8159044   -1100.8145924
-336.2096355   869.0254404   -1105.9974549
-336.0964377   870.2510732   -1106.9378397
-336.4249793   865.1328664   -1103.1556556
-337.4145024   862.5581034   -1102.6763012
-336.6681608   867.2250555   -1105.3784019
-337.1116582   864.3821498   -1103.7852388
-336.7257721   869.1314868   -1107.1777429
-336.7399129   870.2402472   -1108.466055
-336.9999395   867.9709364   -1106.687918
-337.7201138   865.0895999   -1105.6031401
-338.5087079   861.7639517   -1104.0126122
-337.6812617   866.6110031   -1106.9326345
-337.5435067   868.1186718   -1108.1021961
-338.1581824   863.1751654   -1104.6711219
-337.0720116   870.8827031   -1110.2354632
-337.696014   869.2370939   -1109.7812561
-339.1609381   861.8636729   -1105.3477714
-338.2957107   866.5091444   -1108.2275659
-338.6755438   865.0424418   -1107.5566689
-338.9786   863.3821104   -1106.4726806
-337.7721328   870.0587042   -1111.1378326
-338.5618571   867.256581   -1109.6877042
-338.6305606   868.5235208   -1111.4909404
-339.3015304   863.9048016   -1107.6924762
-338.945314   865.7656406   -1108.946122
-339.9012413   861.8440052   -1106.7615842
-339.6753469   864.4226163   -1109.1177882
-338.2843479   870.0614928   -1112.9417978
-339.8230989   863.0155709   -1107.8339575
-339.4037786   866.7695966   -1111.2466618
-339.5612862   867.3827561   -1112.5628535
-339.3695676   865.8696995   -1110.059268
-339.3385891   868.3721136   -1113.5534561
-340.5253776   862.8783053   -1109.2820219
-340.4879909   861.8906458   -1108.0329299
-340.03732   865.247941   -1110.9912038
-340.4970898   863.9486914   -1110.5439769
-339.0875132   869.4980335   -1115.0332629
-340.2302814   865.977266   -1112.5545889
-341.3490094   861.2025006   -1109.2677437
-341.3047352   862.7135181   -1111.1078616
-338.7131384   870.7146926   -1116.6686201
-340.2438964   866.8258766   -1114.0718053
-340.8251733   864.3940314   -1112.0826715
-342.2032853   860.9443424   -1111.1377295
-341.2270091   864.8555811   -1114.3115959
-340.0178954   867.9080942   -1115.5004387
-339.6754548   869.0550277   -1116.9884882
-341.5586946   863.3772905   -1112.8906641
-342.2292142   861.9126506   -1112.7123841
-340.902826   866.34533   -1116.0973905
-339.2372515   870.2271085   -1118.3963505
-340.4918854   867.639236   -1117.4594329
-342.2239158   862.84301   -1114.3712403
-342.2809607   863.7734664   -1116.6284386
-341.4992475   865.1251012   -1116.0790704
-340.1900666   868.6515704   -1119.1113877
-342.933796   861.3144698   -1114.1189452
-339.5730417   869.9662895   -1119.9218951
-341.5818629   865.4972225   -1117.4715673
-341.0876589   866.6243829   -1117.9056943
-343.1098008   861.7526563   -1115.7189845
-339.3700062   870.6566946   -1121.3608202
-340.8912696   867.3179698   -1118.9712378
-340.2361783   869.0403718   -1121.1355335
-343.4237344   861.9458196   -1117.5467346
-341.5000408   866.2182713   -1119.1711594
-341.1449351   867.2960032   -1120.689615
-342.2023081   864.7745935   -1118.8490128
-339.5079817   870.693007   -1122.6315132
-340.0804839   869.6770742   -1122.6816798
-343.0173949   863.2293253   -1118.8389929
-341.0982185   867.9473788   -1122.944468
-339.73945   870.6024537   -1123.9521717
-342.0958894   865.5314438   -1120.5832957
-342.7772014   864.1541557   -1120.1843202
-343.816554   861.8394743   -1119.1353629
-342.053304   866.1061693   -1122.3511993
-340.5854381   869.1464402   -1124.1231945
-342.977112   864.3237784   -1121.8769793
-343.6469783   862.7199754   -1120.6773843
-340.5443405   869.6626253   -1125.7765909
-340.2036402   870.5316485   -1126.8596499
-341.4883755   867.8969592   -1125.2765436
-342.170218   866.4200467   -1124.2074657
-343.8489689   862.9166793   -1122.3425987
-344.5755682   861.5250549   -1122.0739044
-342.9218299   864.9440382   -1123.622547
-343.5989081   863.666911   -1123.3086036
-344.4848568   862.2834475   -1123.8150974
-340.3456924   870.5784729   -1127.9324729
-341.4277148   868.5057912   -1127.0542312
-340.8042071   869.6913957   -1127.5008016
-342.9841451   865.2684763   -1125.0747255
-342.5222017   866.3265095   -1125.9591888
-343.8065041   863.8106816   -1124.9190507
-342.0962602   867.3066344   -1126.877629
-340.8725574   870.0171075   -1128.9945478
-341.4281506   868.912787   -1128.4285783
-342.2131824   867.6113052   -1128.489304
-344.7050992   862.4369205   -1125.416355
-340.7311673   870.8615145   -1131.0362092
-343.5384457   864.8213824   -1126.6835217
-342.8617583   866.2435662   -1127.6379529
-341.8303827   868.8443835   -1130.1753187
-344.4630402   863.2211672   -1126.562463
-345.1730376   862.0016835   -1126.4895846
-343.7959612   865.0535515   -1128.7682093
-344.3452751   863.82376   -1127.8686732
-343.0564264   866.3849075   -1129.0803011
-342.8361345   867.188076   -1130.2350861
-341.9395695   869.5141181   -1132.3395383
-341.2964682   870.630579   -1132.8110269
-345.2187795   862.4316032   -1128.0101568
-345.8782292   861.0511265   -1127.1591744
-342.7878056   867.946029   -1131.8158722
-343.6210456   865.8715163   -1130.2850974
-344.76229   863.5993791   -1129.3324942
-344.3817889   864.6236852   -1130.4931301
-343.5471675   866.5565262   -1131.6156255
-344.1357537   865.4396885   -1131.4998016
-341.9391957   870.379711   -1134.5261397
-346.2429081   861.0387757   -1128.8039896
-345.6921536   862.2922329   -1129.8696193
-343.0177327   868.4868096   -1133.7254122
-345.2262655   863.4037941   -1130.9277854
-343.5531685   867.150625   -1132.8672627
-344.3776819   865.7859365   -1133.0144165
-344.859837   864.4367151   -1132.0259275
-343.0443285   869.2524449   -1135.2907947
-342.7553405   870.1659517   -1136.5603179
-344.0610327   867.1065979   -1134.3335607
-343.689467   868.2465942   -1135.200514
-346.755612   860.9595206   -1130.7818814
-345.9963751   862.3295337   -1131.331203
-345.7343764   863.1753579   -1132.4406283
-345.4457105   864.2815815   -1133.6924438
-345.1731241   865.6587326   -1135.1685152
-343.6617462   868.9731104   -1136.6020402
-342.5691603   870.7693838   -1137.6383614
-344.573316   867.4104537   -1136.3317697
-346.6364288   861.8262044   -1132.5826109
-343.3701098   870.0160151   -1138.4067033
-346.3964053   862.8355587   -1133.984478
-344.430367   868.4828753   -1138.0886056
-346.2844064   863.8949755   -1135.5393416
-345.5185176   866.1202751   -1136.8759133
-347.356556   861.4196812   -1134.2417026
-345.4603638   866.972484   -1138.3286563
-346.0059487   865.0385779   -1136.5449791
-344.4287146   869.0740982   -1139.776591
-343.73501   870.0803867   -1140.2368954
-347.0536049   862.4590943   -1135.3667295
-345.0873944   868.0195634   -1139.4050456
-346.6639068   864.1926798   -1137.1639992
-347.2655194   862.8951711   -1136.8641573
-343.3050173   870.7949752   -1141.5254002
-346.2838789   865.3458818   -1137.9493827
-347.9676128   861.2635657   -1136.1221782
-344.3361493   869.6365853   -1141.5978304
-345.7394693   867.1700475   -1139.9153137
-345.3179428   868.1634026   -1141.1211434
-347.3139415   863.7948802   -1138.8284034
-346.4879105   865.7972219   -1139.7611945
-343.6742414   870.6913278   -1143.2089401
-348.137506   861.7608203   -1137.9809435
-346.16744   866.8030847   -1141.0438888
-344.9314212   869.211886   -1143.4291404
-346.1387552   867.2504193   -1142.8007514
-347.2437905   864.6248207   -1140.4365367
-346.9412099   865.569329   -1141.7471823
-348.3584731   861.982878   -1139.9349604
-347.7578342   863.5148927   -1140.3705843
-343.846817   870.8449127   -1144.9901093
-347.6678136   864.0431078   -1141.5521137
-345.8044737   868.1625992   -1144.6120807
-344.9374706   869.6184712   -1145.549514
-348.146869   862.867702   -1141.2334025
-347.0649777   865.7351193   -1143.73593
-347.6895466   864.3049762   -1143.1036213
-346.5267664   866.8977625   -1144.4086162
-348.2178445   862.9755539   -1142.5573387
-345.7650238   868.4999798   -1146.4708796
-345.0611969   869.7086512   -1147.2092285
-348.6754877   861.6847282   -1141.7577531
-346.3746363   867.3547976   -1145.6484889
-344.6757243   870.4250394   -1148.3842153
-347.1073038   865.9242231   -1145.7619691
-347.8094402   864.2951429   -1144.9398322
-348.3264616   862.9724517   -1144.1723139
-348.7735138   861.7358449   -1143.4029012
-346.5195028   867.2358636   -1147.2576165
-345.7209137   868.7661824   -1148.725872
-344.7574902   870.4374534   -1150.0129826
-347.2854864   865.6837888   -1147.8497518
-348.5586672   862.6034799   -1146.1354613
-347.9121479   864.2167714   -1146.8763992
-348.8440421   861.7606899   -1144.8405373
-344.549821   870.8099787   -1151.7551023
-346.6808845   866.9893565   -1148.8740747
-345.6458955   868.9891474   -1150.4101621
-345.2920715   869.6135713   -1151.2195198
-346.4355672   867.4827093   -1150.4819825
-349.2281203   860.9301097   -1146.0877933
-348.0453627   863.9657993   -1148.9434415
-347.3429107   865.5689037   -1149.8684859
-348.5179535   862.817336   -1147.9289072
-345.9042976   868.5192909   -1151.4326569
-345.4724123   869.2247662   -1152.7322845
-349.1567487   861.2467402   -1147.9500602
-347.0795525   866.1350995   -1151.428192
-346.4325499   867.4610018   -1152.2084369
-348.8366789   862.0913736   -1149.4810159
-347.9301824   864.2430343   -1150.2365704
-347.8975013   864.322343   -1151.7571056
-348.4814628   862.9611847   -1150.6885111
-345.081384   869.7395117   -1154.9856018
-346.282729   867.6600891   -1154.0656448
-347.1312764   865.9999122   -1152.8543251
-344.3167085   870.826418   -1156.3015069
-347.7897837   864.598754   -1153.6249645
-345.8077757   868.4261398   -1155.8418878
-344.9514276   869.6882362   -1157.25171
-347.1319087   865.9904357   -1154.1634611
-348.8089299   862.2346437   -1152.4599707
-348.4152432   863.1915467   -1153.3639925
-346.7651919   866.681089   -1155.6575238
-347.5665224   865.0977177   -1154.9321855
-348.336664   863.4491698   -1155.0726976
-345.9936581   867.9767871   -1157.2171641
-347.6271027   864.979104   -1156.5041773
-346.8397234   866.466519   -1157.3176147
-348.900479   862.0998278   -1154.0407702
-344.5154037   869.972229   -1159.3757853
-345.3949404   868.7877178   -1158.5870923
-346.2680207   867.3053374   -1158.7665873
-345.3974189   868.4494633   -1160.1586805
-349.1099457   861.7239488   -1155.5325608
-347.4230313   865.2710858   -1158.7530161
-344.3310577   869.7187848   -1161.5017804
-348.6210106   862.9673193   -1157.5974142
-349.3993345   861.2011459   -1156.9670904
-346.4978963   866.576053   -1160.7268335
-345.4596192   867.9332032   -1161.857397
-343.7314645   870.0209616   -1163.6076071
-348.273643   863.6958188   -1159.714098
-347.5629677   864.8053962   -1160.9789012
-344.7398525   868.7162765   -1162.9433197
-349.5220142   861.0886964   -1158.5426443
-342.9257187   870.8098122   -1164.9918764
-349.0613585   862.1580939   -1159.9120471
-348.4757361   863.1511272   -1161.6475063
-346.2287495   866.6378027   -1162.3752821
-345.5724183   867.3576049   -1163.3510546
-346.9143081   865.6362153   -1162.1705807
-344.7105607   868.3272345   -1164.4410494
-343.7087409   869.4223437   -1165.777957
-347.5131575   864.4938491   -1162.9399492
-349.3259905   861.5345893   -1161.7967517
-346.5328907   865.8584316   -1163.5579006
-345.7585668   866.6390067   -1164.8752411
-344.8073278   867.6320964   -1166.3350868
-348.3191621   862.9972495   -1163.7238647
-348.8931718   862.2898343   -1162.6930923
-344.0247447   868.5950689   -1167.0152323
-343.3134968   869.4399818   -1167.6632547
-342.3117144   870.4936924   -1168.9042956
-347.0324884   864.5719178   -1165.3197252
-345.8546251   866.0709834   -1166.3234397
-349.2144631   861.4147948   -1163.6477285
-343.1974402   869.1407402   -1169.2309432
-344.2191542   867.8874165   -1168.4566536
-348.543438   861.9457772   -1166.0107127
-345.3299779   866.439513   -1167.7644247
-346.3094994   865.0554865   -1167.4452101
-342.5436209   869.5834693   -1170.9096194
-347.305973   863.4914679   -1167.5413417
-343.5993801   868.2854517   -1170.24715
-341.467368   870.612213   -1172.4205252
-345.0120231   866.5357156   -1169.1183822
-344.455123   867.0276563   -1170.3346872
-345.7710979   865.4518339   -1168.9466036
-346.560995   864.2990439   -1168.7918434
-343.5796609   867.7780765   -1172.3322955
-345.2807898   865.865717   -1170.1238889
-342.3733336   869.3088647   -1172.8380129
-348.1039283   862.0776239   -1168.1322538
-347.2864071   862.981332   -1169.5468935
-345.037489   865.8024588   -1171.7639716
-346.1385869   864.475553   -1170.5121066
-341.6067995   869.9413591   -1174.448844
-342.6726691   868.6215292   -1174.0894788
-348.3006917   861.4227972   -1169.5088748
-344.4545687   866.2443161   -1173.548906
-346.851084   863.2186779   -1171.1827204
-347.7485443   861.853453   -1171.1664341
-345.9370364   864.3755351   -1172.0824703
-345.4337349   864.8128492   -1173.4472328
-346.402036   863.7695737   -1171.6940249
-343.5246138   867.2777553   -1175.0016785
-341.4564047   869.8338895   -1175.8768495
-342.2862759   868.7849036   -1175.8396028
-346.6938733   863.0006202   -1173.0081979
-341.4808423   869.6134108   -1176.9794864
-344.7180715   865.5230012   -1175.2031614
-343.0123666   867.6698257   -1176.8078945
-342.2466954   868.5554847   -1177.6324887
-340.8808001   870.2047873   -1177.93497
-345.8059349   863.9049411   -1175.075289
-347.2998857   861.7829973   -1174.1869414
-346.7444048   862.4251574   -1175.1510227
-343.9796426   866.2933356   -1177.1663763
-345.1749354   864.5717812   -1176.941435
-341.5498981   869.3381318   -1178.2979135
-341.0142325   869.8517875   -1179.4132737
-340.2074988   870.6227291   -1181.0083939
-343.0361815   867.4425034   -1178.3526692
-342.1050323   868.525668   -1179.434166
-346.1649158   863.0682183   -1176.6884686
-341.4206776   869.2340283   -1181.0142932
-346.9002861   861.9231014   -1176.4693347
-344.673195   865.1503429   -1178.8133307
-343.7727277   866.3976926   -1178.9842945
-345.8142472   863.4575149   -1178.6474417
-343.1024359   867.2113516   -1180.0908489
-342.3577683   868.0974323   -1181.1340143
-340.9496575   869.7081659   -1182.0972264
-347.3359697   861.1592482   -1177.1739091
-346.6751066   862.1063327   -1177.8239543
-340.2766764   870.3854018   -1183.3707046
-341.880154   868.6234418   -1182.9666412
-344.090122   865.8872368   -1180.4760005
-343.2850204   866.929773   -1182.0831286
-345.244925   864.2849705   -1180.6363743
-347.3705741   860.9927521   -1178.5543265
-346.6599547   862.061699   -1179.3606579
-344.5271119   865.3381474   -1182.1790458
-346.1123303   862.9530501   -1180.2606404
-340.3257197   870.3413975   -1185.5652201
-341.2787694   869.334119   -1184.7630138
-343.0384862   867.2916906   -1183.8857334
-344.0378014   866.080527   -1183.7581459
-345.4082555   864.1412633   -1182.3442998
-347.3449539   861.0190795   -1179.9325053
-342.4245649   868.1049218   -1185.2537918
-346.8288353   861.8948466   -1180.9001163
-346.1101028   863.0609174   -1181.72237
-345.1365148   864.6981872   -1183.7468916
-340.2626278   870.5394033   -1187.2817951
-343.5937466   866.7741334   -1185.2603895
-341.4797347   869.2708666   -1186.6173981
-346.0985529   863.3056774   -1183.4052214
-347.069674   861.7876136   -1182.7525814
-344.7055249   865.4783203   -1185.3048447
-342.5372782   868.1789518   -1186.7793342
-343.2008786   867.3900869   -1186.3697028
-341.2103456   869.8894224   -1188.6131196
-346.0519703   863.8416978   -1185.488725
-344.2030603   866.3774512   -1186.8907331
-342.3361295   868.6296443   -1188.0074406
-346.9108815   862.3131516   -1184.3692415
-347.4993188   861.3322368   -1183.9277419
-343.2698777   867.5706972   -1187.6338516
-340.4636613   870.7506443   -1189.8374634
-345.2568337   865.1333924   -1186.6513837
-342.3115644   869.0259129   -1189.334932
-341.6835073   869.9174751   -1190.5550355
-343.1967311   868.0429563   -1189.0691792
-347.7205116   861.2989952   -1184.9167477
-347.142075   862.3879433   -1185.7152046
-346.0516255   864.3985753   -1187.317287
-344.1569818   866.8975407   -1188.666937
-345.2719788   865.5750783   -1188.255973
-343.0104302   868.743622   -1190.4879454
-347.249763   863.0360971   -1187.4082848
-348.0582575   861.4765126   -1186.309775
-344.0247791   867.597082   -1190.1957119
-344.9617422   866.4200734   -1189.8073003
-346.4458438   864.4698662   -1188.762815
-345.8072865   865.4446475   -1189.6382894
-343.9409615   868.3370149   -1191.7300804
-342.7841811   869.4155057   -1192.0960356
-348.7446706   861.5806077   -1187.779769
-344.9175082   867.1324617   -1191.2291606
-345.6770213   866.042385   -1190.6996521
-347.5694809   863.5151131   -1189.3407012
-348.0488383   862.6359348   -1188.5067649
-346.735811   864.9373414   -1190.5848841
-346.2395812   866.3929316   -1192.277736
-345.0121646   867.7904699   -1192.7271892
-350.0415384   860.9629359   -1188.9822693
-348.4758716   863.6475768   -1191.2443566
-348.7488944   862.4035887   -1189.4407166
-347.4590117   865.1594522   -1192.1927265
-346.015695   867.3513669   -1193.6349937
-349.9237553   861.9967186   -1190.6539317
-347.2897735   865.9078917   -1193.1114261
-347.3634608   866.545208   -1194.430157
-348.3767462   864.5162587   -1192.5199925
-350.9387795   860.905088   -1190.2170769
-348.3626504   865.2239242   -1193.5669002
-350.08397   862.6811835   -1192.0370286
-351.4938715   861.3894808   -1191.8303465
-349.5161827   863.8566454   -1193.0492762
-350.9540989   862.7258254   -1193.2614395
-349.0532822   865.5293635   -1195.1640112
-349.6376252   864.5906127   -1194.3190453
-350.5230319   863.7205922   -1194.1806091
-352.6927309   861.0360155   -1192.8199011
-352.1053664   862.0034402   -1193.6728822
-350.5388817   864.4214151   -1195.4217486
-351.5051968   863.1458544   -1194.6517061
-353.2059492   861.3988705   -1194.1091616
-352.6737043   862.5350837   -1195.3758476
-351.7392733   863.6231137   -1195.8595209
-351.2326914   864.4639375   -1196.9522445
-353.7913887   861.6514575   -1195.4254539
-352.5596158   863.3914568   -1197.0024178
-353.7813203   862.2730263   -1196.8116495
-354.9214907   861.1061023   -1196.2894378
-355.1449999   861.5364528   -1198.1926456
-353.6709824   862.9058697   -1198.3939297
-356.182999   860.9703041   -1200.024351
-354.750046   862.3739611   -1200.0618263
-341.4146588   870.358755   -1192.6157869
-340.613061   870.7495596   -1193.906737
-342.6384182   869.7385939   -1193.7209192
-341.750302   870.16988   -1194.6805669
-343.9931686   868.8694062   -1193.6206671
-340.60615   870.6005388   -1195.6471987
-345.2110043   868.1479986   -1194.0527206
-343.3331572   869.3868274   -1195.2888128
-344.8065317   868.6019444   -1195.2657586
-342.2324016   869.7734858   -1196.8442075
-346.0793934   867.7392463   -1194.991554
-340.6951203   870.3270488   -1197.5301062
-344.0272683   868.9868689   -1196.8678483
-339.5860525   870.6905642   -1198.2498867
-345.5166091   868.2424612   -1196.506329
-346.9435851   867.3635276   -1196.2129877
-341.7528556   869.7440985   -1198.5308248
-340.5760817   870.0970992   -1199.2649635
-343.0823956   869.2109344   -1198.5501956
-348.3941303   866.4141813   -1196.3369119
-346.1949032   867.8700017   -1197.7169145
-344.6763617   868.5709739   -1198.2099036
-339.0443085   870.6563048   -1199.7928788
-347.6348733   867.0775625   -1197.6460763
-349.8281634   865.4633345   -1196.6929882
-349.0519546   866.224721   -1198.0045541
-346.9140828   867.4465588   -1198.9016523
-345.538405   868.0249712   -1199.4609271
-341.9476113   869.360669   -1200.2546593
-340.0145972   869.9194011   -1201.373229
-343.8066577   868.6795387   -1199.9743783
-348.0892946   866.8087888   -1199.3396138
-350.531874   865.2918849   -1198.3644774
-337.9998943   870.7269217   -1201.6819082
-352.2001566   864.1608407   -1198.6763197
-349.5503651   865.9903258   -1199.9927083
-346.8246944   867.2516524   -1200.686637
-344.783396   867.9835465   -1201.3566811
-342.8738331   868.6693429   -1201.7238186
-341.3363418   869.1885172   -1202.1609206
-351.2717356   865.0132476   -1200.1450661
-338.9758685   870.0671098   -1202.6813293
-348.2613443   866.5752826   -1200.9113501
-339.9630169   869.4336867   -1203.4698146
-343.5281952   868.1248338   -1202.7756928
-353.4403078   863.4356671   -1199.7041052
-352.5996523   864.1772409   -1200.3657288
-337.9342613   870.216408   -1203.8274197
-349.1838394   865.9841896   -1201.8801392
-350.4930959   865.445491   -1201.4102113
-346.174105   867.1187249   -1202.4613924
-347.7597479   866.5034294   -1202.3138034
-344.6845929   867.6117142   -1202.891064
-341.8469627   868.5582731   -1203.7213579
-352.1723735   864.5196194   -1202.1373169
-353.7112196   863.4728216   -1201.1293517
-345.2347588   867.0266678   -1204.0721995
-340.5019502   868.8961712   -1204.5612853
-339.3004882   869.184956   -1205.3294776
-337.3280832   869.9353089   -1205.7202726
-350.3303767   865.299098   -1202.8881343
-347.2113617   866.1463231   -1204.3617142
-343.4573771   867.7092087   -1204.2826297
-348.9722839   865.7092036   -1203.4624388
-354.7916665   862.7076226   -1201.6505568
-312.338188   870.73741   -1206.3569782
-335.8341647   870.4477128   -1206.2133523
-341.043401   868.4121396   -1205.3849709
-342.1892831   868.0457239   -1204.9591624
-355.7444657   861.7498233   -1201.4851677
-354.1338398   863.4101123   -1202.6960762
-351.2874889   864.7292771   -1204.2638909
-353.3739623   863.9472912   -1204.0448455
-335.056426   870.4002453   -1207.3797299
-338.3252442   869.1492902   -1206.8333719
-336.770966   869.6935924   -1207.2580209
-311.7309402   869.6588539   -1206.142108
-344.1141273   867.1085747   -1205.3408504
-350.0139495   865.1960182   -1203.9591904
-342.4232621   867.564529   -1206.2340953
-355.4217225   862.3867113   -1202.8074929
-345.301039   866.5217876   -1205.6622158
-349.4319757   865.1842439   -1205.0222751
-356.4370995   861.3320532   -1202.7786498
-355.0745348   862.9366467   -1204.1864626
-313.2028712   870.140931   -1208.2495161
-311.9712277   868.9155144   -1207.2076954
-334.4582405   870.2081554   -1208.6139593
-340.1037886   868.2983875   -1207.0870272
-347.9448248   865.3855824   -1206.2353435
-343.9340868   866.83669   -1206.5458396
-356.2482774   861.9309077   -1204.2198606
-335.9939576   869.5222857   -1208.7333569
-338.1074563   868.685117   -1208.5709271
-352.571064   864.2325945   -1205.464021
-346.3270639   865.8716689   -1206.5373042
-333.138136   870.3689223   -1209.5520216
-350.7924087   864.6347336   -1206.3820288
-344.736622   866.2795218   -1207.4060672
-314.5119569   870.6289918   -1209.4040186
-354.3527859   863.4735698   -1205.7982859
-331.5481033   870.8078198   -1209.9772804
-343.0031395   866.8021199   -1208.0866726
-349.2273454   864.9414605   -1206.6504509
-341.4399631   867.4682989   -1207.9776541
-334.8970063   869.4982829   -1210.0024958
-340.0628128   867.7469778   -1208.9722846
-356.072296   862.3894148   -1205.7434371
-312.5872206   868.3135338   -1208.8226474
-346.9662782   865.4022981   -1207.6494309
-348.1743379   865.0270942   -1208.0828784
-311.0485597   865.9602862   -1207.5526319
-330.1163763   870.8219301   -1210.9998055
-352.5111474   864.1686953   -1207.1990893
-311.7373806   867.1387007   -1208.1170298
-345.6722824   865.6883097   -1208.4274168
-313.6694848   869.0656582   -1209.7581835
-336.6881859   868.6056702   -1210.5137435
-332.0495018   870.1030196   -1211.0925023
-333.7140989   869.458934   -1211.1836412
-341.5313823   867.0379007   -1209.414978
-354.1418341   863.5935393   -1207.4770526
-355.8222851   862.6966036   -1207.4675456
-357.1874043   861.3447719   -1205.680299
-349.5619507   864.75439   -1207.7869882
-350.6408173   864.5487824   -1208.3401759
-315.0627916   869.5573732   -1210.8241563
-344.1336059   866.0906598   -1209.1907669
-338.7616548   867.8648268   -1210.3258226
-340.3052972   867.2680915   -1210.3297081
-357.0687346   861.7488978   -1206.9792757
-316.7093051   869.7130032   -1211.9754904
-346.7237223   865.2454095   -1209.3241802
-329.0214261   870.1957566   -1212.6922047
-327.2538013   870.6291275   -1212.6078757
-312.3930034   866.7589579   -1209.6506897
-313.1181847   867.6797075   -1210.1388813
-342.7379047   866.4840553   -1209.7827357
-311.5899153   865.4761205   -1209.0693899
-322.0123594   870.7263887   -1212.857034
-335.1329287   868.8601952   -1211.3907409
-330.9162062   869.8578397   -1212.3558259
-318.1759926   870.4167928   -1212.2125045
-349.1074434   864.7658779   -1209.294045
-353.2187196   863.9069139   -1208.7625906
-354.772367   863.2463164   -1208.9733742
-351.7882562   864.313488   -1208.8777515
-314.2048172   867.894378   -1211.297041
-347.7923005   864.9687936   -1209.869476
-345.1725645   865.5452304   -1210.4789502
-324.0149116   870.7899501   -1212.8243847
-332.5512895   869.2997144   -1212.4061797
-341.5314101   866.5877674   -1211.319719
-325.9009438   870.3276584   -1213.2917495
-337.7816748   867.7544953   -1211.8455954
-336.0296155   868.1154885   -1212.4827165
-339.5111292   867.2106495   -1211.6203325
-343.4464011   866.0147941   -1210.8779767
-334.1676431   868.6904507   -1212.5682475
-350.3646436   864.5298172   -1210.3103697
-357.3803752   861.6105122   -1208.4342247
-315.6566166   868.3249692   -1212.3349875
-356.3275966   862.3544422   -1209.3853458
-319.3681251   870.0202904   -1213.0707582
-352.1998999   864.1219714   -1210.2413501
-346.6239852   865.1451595   -1211.3523293
-353.7959343   863.578074   -1210.3800607
-348.4420294   864.8296195   -1211.1186767
-313.2570091   866.4855319   -1211.1527075
-312.4312956   865.4567782   -1210.5531153
-323.3859565   870.1003748   -1213.6716964
-324.6900166   869.983555   -1213.8323446
-318.1314039   869.1634586   -1213.2883152
-327.6160428   869.716204   -1213.8314475
-330.2458833   869.4325901   -1213.4444887
-331.4793006   869.1408504   -1213.3403977
-316.9541906   868.3521494   -1213.2678326
-320.7068531   869.7784213   -1213.6589533
-322.309327   869.4672319   -1214.245876
-355.2868538   862.8682753   -1210.6784454
-332.8184799   868.5251626   -1213.7441878
-344.2654002   865.6272321   -1212.0932703
-345.3591966   865.3728322   -1211.8522184
-314.2013523   866.3890213   -1212.3838108
-315.0639411   867.0873436   -1212.7805719
-338.4218043   867.1345689   -1213.1525217
-337.196856   867.6041156   -1212.8828335
-351.2532809   864.2242582   -1212.0245316
-352.8852791   863.7669574   -1211.8188648
-340.1724877   866.7134487   -1212.744798
-342.8522415   865.9963832   -1212.2872143
-341.6197298   866.1736542   -1213.4330328
-329.1524973   869.2976367   -1214.0375943
-326.0042688   869.1927888   -1214.7100624
-334.6213401   867.9350326   -1213.909637
-357.6089564   861.3924713   -1210.0911966
-356.6455395   861.9958594   -1211.177506
-319.3727873   868.8358595   -1214.1356212
-349.4494696   864.5940792   -1212.5165245
-336.5091923   867.3831962   -1214.0047753
-330.7822558   868.4756961   -1214.6970703
-316.453583   867.0578531   -1213.921022
-313.5865377   864.9133303   -1212.4912229
-324.0323277   869.217046   -1214.6860871
-354.3175632   863.1976081   -1211.9574097
-347.4872472   864.9330963   -1213.186416
-320.974679   868.598976   -1214.8302815
-328.234436   868.5930354   -1215.1805329
-318.0601264   867.9238666   -1214.2793234
-345.376499   865.3162119   -1213.2146713
-343.4597485   865.706701   -1213.5368377
-355.6288951   862.4731806   -1212.3583492
-339.770912   866.4976565   -1214.1421333
-333.1123581   867.5953306   -1215.3171558
-338.0097238   866.7244586   -1214.8053564
-322.8801886   868.1738536   -1215.6184519
-357.9076244   860.9542632   -1211.6445871
-315.2272755   865.8393605   -1213.7724428
-319.5391665   867.7009931   -1215.1510272
-312.7715261   863.0000099   -1212.846834
-352.2408985   863.7472396   -1213.4788522
-350.535923   864.1687594   -1213.9745522
-353.5123224   863.3755237   -1213.0381986
-334.9981871   867.3025899   -1215.0733439
-324.9416554   868.1955637   -1215.8336888
-326.6089291   868.145245   -1215.910622
-331.2067473   867.352161   -1216.2951077
-336.2772502   866.7693999   -1215.6523203
-348.7178392   864.566926   -1214.4055508
-356.8968755   861.5540771   -1212.8990352
-354.5898398   862.8238188   -1213.4643771
-341.0453692   866.0073818   -1215.0657615
-329.5857094   867.7608416   -1216.0429451
-346.2545182   865.0305279   -1214.8387831
-347.5097615   864.8175546   -1214.6613743
-342.5259535   865.7727315   -1214.7078619
-344.173811   865.3850617   -1215.1424723
-321.1764294   867.3671126   -1215.9775731
-318.1156871   866.5924152   -1215.3249823
-339.4068713   866.1977787   -1215.5766964
-327.9405617   867.4948548   -1216.5857148
-355.7913003   862.0848953   -1213.954186
-316.5804541   865.6849091   -1215.0065287
-353.3997583   863.1306087   -1214.4538454
-337.7828033   866.2342452   -1216.3161661
-315.244689   864.6802778   -1214.5355683
-314.181976   863.7973508   -1213.9907442
-319.7790007   866.4549741   -1216.2306658
-334.454427   866.7550398   -1216.3968867
-332.6268381   866.7471759   -1216.926208
-351.7517949   863.4883254   -1215.5059434
-340.5859328   865.8084268   -1216.2547524
-324.1195462   867.1057361   -1216.8276506
-322.5866395   866.9534438   -1216.6962309
-349.7042861   864.0451227   -1215.827285
-326.0467701   867.0754292   -1217.040206
-342.279147   865.5386982   -1216.2066461
-335.9884896   866.0502775   -1217.3364399
-347.5136199   864.5158813   -1216.2324904
-354.6917913   862.4321179   -1214.9940761
-345.3965317   864.9185815   -1216.5275751
-356.9120433   861.1806881   -1214.6466734
-312.3435851   861.4226801   -1213.7301469
-343.8358209   865.1603181   -1216.7858002
-329.6191055   866.7672274   -1217.3526181
-339.2669636   865.8139789   -1216.8868385
-317.5222964   865.3011973   -1215.9198233
-318.6670705   865.4004637   -1216.4982613
-316.305053   864.1051078   -1215.8428484
-321.3471849   865.9444417   -1217.1781732
-331.2118049   866.6034978   -1217.418725
-353.456481   862.6704398   -1216.1691816
-315.0291711   863.4673964   -1215.1446946
-313.9485794   862.2933589   -1214.7587096
-327.7079122   866.3631703   -1217.8707916
-355.8046245   861.7546725   -1215.3367859
-333.7618438   865.9335159   -1218.0174019
-340.8159541   865.3524056   -1217.6428748
-337.7975153   865.6854609   -1217.6843607
-350.6323307   863.4732547   -1217.0535712
-342.7680326   865.0109314   -1217.9271343
-323.2265381   865.9389038   -1217.6865076
-324.8470954   865.9651833   -1217.9742032
-319.8568409   865.3574041   -1217.0879285
-332.0576509   866.1190045   -1218.0055901
-326.2651074   865.892821   -1218.2474936
-352.1017938   862.8441161   -1217.4525581
-354.9413439   861.8683852   -1216.5349203
-346.1361953   864.3891134   -1217.9782575
-348.8902798   863.7574144   -1217.8021844
-347.4287755   864.1493268   -1217.8231185
-344.4271685   864.6967351   -1218.0981658
-317.6775515   864.109271   -1216.8003443
-339.135914   865.4119403   -1218.0170317
-356.4773034   860.941259   -1216.5288577
-330.7271636   865.8906465   -1218.4374878
-319.0524849   864.2442613   -1217.4835756
-335.2351319   865.4007497   -1218.7312506
-315.3927412   862.3673962   -1216.1527378
-336.58909   865.3721428   -1218.5886689
-320.5263697   864.5492815   -1217.9320481
-322.160164   864.7095351   -1218.3842171
-329.1023215   865.6135454   -1218.775109
-314.614681   860.9532294   -1216.3102553
-353.7200457   862.022902   -1217.8947358
-327.365017   865.0628358   -1219.2244058
-341.747649   864.5762729   -1219.4951595
-339.8280759   864.9149745   -1219.0831676
-337.9496163   864.998043   -1219.1521217
-316.6677851   862.7929927   -1216.9390474
-332.1754111   865.3499901   -1219.0847338
-323.8575377   864.7491566   -1218.8327713
-333.900969   864.9748152   -1219.563765
-343.4203695   864.4627794   -1219.2788498
-350.602686   863.0060127   -1218.6152453
-318.0579442   862.557785   -1218.0023529
-325.5173955   864.8542514   -1219.1213293
-355.3071233   861.1409799   -1218.0645301
-347.1805618   863.7253242   -1219.2654774
-345.0130623   864.0162284   -1219.7238266
-330.4174584   864.80715   -1219.8052768
-349.035426   863.053154   -1219.8066698
-335.9286521   864.5495398   -1220.1706262
-352.2112832   862.1547015   -1219.3900034
-319.7987322   863.1454385   -1218.5921249
-316.283386   860.970509   -1217.7158308
-321.2087292   863.5697291   -1218.9151904
-328.7921365   864.6956889   -1219.8097963
-339.0175559   864.3845467   -1220.3623699
-337.6419106   864.2516231   -1220.6799952
-340.4563886   864.3367731   -1220.3360203
-332.2984664   864.2981098   -1220.575661
-322.7124172   863.4251566   -1219.5803155
-354.0972174   861.2644168   -1219.4491243
-324.5495844   863.58676   -1220.0443658
-326.3717857   863.8620666   -1220.2678369
-327.8517939   864.1001981   -1220.3314034
-350.5156722   862.4732304   -1220.2065008
-334.0949232   864.1857786   -1220.8045017
-343.2514243   863.886798   -1220.7507483
-346.1461125   863.409214   -1220.7224503
-347.6007053   862.9549168   -1221.026756
-319.1690181   861.5496318   -1219.305459
-321.0641116   861.9249101   -1220.0473717
-329.1620006   863.8910847   -1220.7739095
-330.6383447   863.8487053   -1221.0352616
-317.8341687   860.9095396   -1218.8763215
-341.5570581   863.7867974   -1221.3508664
-344.7365233   863.3126619   -1221.5586608
-340.0254038   863.8427102   -1221.4199056
-338.7042644   863.6687355   -1221.7975933
-349.2882589   862.2042754   -1221.7490558
-352.8669073   861.3001235   -1220.8886126
-337.0502629   863.4688091   -1222.1081747
-335.0903816   863.5046885   -1221.9209925
-351.2076994   861.7933155   -1221.3154751
-323.3682961   862.0095896   -1221.0168299
-333.2935534   863.4679186   -1221.8481914
-331.6126676   863.2754202   -1221.9142261
-327.5425738   862.9733451   -1221.4632907
-342.8958368   863.0367186   -1222.6597392
-325.4570033   862.5551312   -1221.2854891
-346.2414838   862.799746   -1222.0942816
-329.6849724   862.8460596   -1222.1131412
-347.6333464   862.3264568   -1222.4658423
-340.3212979   863.0253297   -1222.988298
-335.9313261   862.5194873   -1223.6027161
-338.4804342   863.0232081   -1223.0032812
-334.0551765   862.6603234   -1223.1244459
-351.9789247   861.0308552   -1222.4056211
-350.3819822   861.2985685   -1223.0171373
-344.8040802   862.5007186   -1223.2535421
-332.5843163   862.7149718   -1222.8390722
-331.2300028   862.3067032   -1223.1433126
-346.5214478   862.0071895   -1223.6192591
-326.296877   861.6080744   -1222.5216325
-324.5603872   861.0385254   -1222.3850052
-328.0143934   861.7685261   -1222.9392037
-337.5328228   862.6660359   -1223.569224
-329.7168159   861.6321823   -1223.6188405
-348.4559641   861.5022334   -1223.7262959
-343.2245321   862.1130717   -1224.4089058
-341.6800235   862.4224013   -1224.0744741
-340.1619137   862.0554467   -1224.8272513
-338.7403472   862.3654189   -1224.2129587
-332.7454615   861.7896886   -1224.1698683
-334.4624661   861.8462244   -1224.4214164
-344.9732548   861.4791362   -1225.113068
-337.2751315   861.9090321   -1224.8353434
-335.5930816   861.3728553   -1225.3871513
-331.1562893   861.4481217   -1224.2650976
-347.0257525   861.1099694   -1225.1106651
-341.6607782   861.6715299   -1225.4310225
-338.615195   861.4862562   -1225.7379981
-343.1271614   861.3290135   -1225.8132287
-340.0973548   861.1521684   -1226.37807
