216.2017497   -2175.5876541   -975.3668904
215.5572744   -2177.4554253   -967.0797586
214.9676653   -2179.5859337   -972.084105
215.2985903   -2175.9169102   -979.3482423
214.1678604   -2175.9393215   -957.1202993
214.5448896   -2179.4154644   -976.8933654
214.1274782   -2178.9572239   -961.982131
213.5884734   -2175.6174564   -984.0538502
213.86489   -2181.4916134   -966.5360451
212.2314247   -2177.8421402   -953.4298778
213.7308391   -2179.142952   -980.740726
213.2040533   -2183.8328838   -974.8880863
213.3431407   -2183.5126877   -970.1629281
213.1431075   -2182.1408272   -978.7230492
212.2397097   -2180.2210808   -956.6190243
212.589887   -2178.6100864   -983.9844704
212.274638   -2183.0897331   -961.2847567
211.8801447   -2182.803154   -982.3020697
211.3292488   -2177.503109   -986.8019223
210.970846   -2180.7878017   -985.6588244
209.9196585   -2184.851408   -955.285728
210.1495834   -2180.3081036   -950.4958391
208.4931704   -2178.3998013   -944.5138574
210.146037   -2175.9932041   -989.0420437
209.4033631   -2184.8654747   -986.0514998
209.1068896   -2179.9716949   -988.8346195
207.5165483   -2184.3247414   -948.0868578
207.9076441   -2181.396246   -946.0960627
208.0673548   -2175.924778   -991.3048744
206.6168758   -2184.659481   -990.1602268
206.2512311   -2179.7201633   -992.0507073
205.9257301   -2177.1006584   -938.2988214
205.2190276   -2182.3549271   -941.2625432
205.5105837   -2175.9169102   -993.4962988
204.2708071   -2182.7836037   -993.0782318
203.1329247   -2178.8623333   -994.6767688
201.5753361   -2184.0867996   -936.0046387
202.0843598   -2179.4157028   -933.5667491
201.3138207   -2183.5563183   -995.2023625
200.2480002   -2175.7214069   -928.509891
200.8010121   -2176.5727997   -996.2418079
199.4809779   -2180.8795929   -996.552825
199.3036243   -2182.4524403   -931.3579202
198.1683644   -2178.3812046   -997.2628355
197.9100677   -2179.0554523   -927.3881912
195.7824799   -2183.8700771   -927.3158908
196.5286704   -2182.4948788   -997.7308512
196.2822052   -2176.5551567   -997.864604
193.3710548   -2178.9152622   -921.7732549
194.8103281   -2179.6364784   -998.2729554
193.6105164   -2182.779789   -998.6063838
192.4181553   -2176.3894558   -998.5103011
190.7904717   -2183.7332249   -921.1775661
192.0003863   -2180.0875664   -998.7924099
190.0550099   -2182.9674244   -999.1582036
188.3407804   -2178.9054871   -916.4964557
188.9608475   -2178.7552834   -998.7488389
185.8219179   -2183.3491325   -915.9513116
186.5415546   -2181.3883781   -998.9804626
184.4674619   -2177.4187088   -998.2413054
183.3429309   -2178.6842346   -912.104845
182.5734647   -2182.3370457   -998.7565875
180.5137666   -2183.7260723   -911.6867185
179.5199486   -2178.0371666   -997.2106814
178.6390813   -2178.4975529   -908.8343382
179.927555   -2185.2707863   -998.7128973
177.7348193   -2182.1725368   -997.5585341
176.8984171   -2182.4691296   -908.9292884
174.5318147   -2178.4234047   -995.7455397
174.4210394   -2178.1167984   -906.5101147
173.047361   -2184.6530437   -907.4138999
173.5012802   -2182.8591824   -996.4039922
172.8994819   -2180.7765961   -906.4384103
170.1413663   -2180.2110672   -994.5605993
170.8469363   -2176.94664   -994.0368533
170.4305383   -2177.605629   -904.8274755
169.6903082   -2184.1495037   -995.3753352
169.4864901   -2180.8679104   -905.1199555
168.4418591   -2184.1306686   -905.3843021
166.097668   -2176.9478321   -992.1707511
166.4418551   -2177.2274971   -903.6661386
165.9268411   -2182.0642948   -993.4159517
165.640858   -2180.6240082   -903.986454
164.5732792   -2183.609724   -904.1913748
162.4591621   -2177.3416996   -902.9964805
161.8677052   -2184.6196651   -992.4396873
161.4330085   -2180.4344654   -991.1397696
160.1510616   -2176.6607761   -989.5610809
161.5434559   -2181.6613674   -903.3651948
158.9267822   -2178.5452366   -902.805984
156.7499312   -2183.0222607   -989.7983074
157.610205   -2179.3854237   -989.1704917
155.5849286   -2181.2503338   -902.9501081
155.3916904   -2176.9092083   -987.485528
154.7173234   -2176.0466099   -902.6700258
154.1319164   -2179.9385548   -987.7576232
151.1403593   -2182.5699806   -987.1317148
150.9838673   -2177.7837276   -903.144598
150.7422598   -2182.3322773   -903.3375382
149.6257158   -2177.8447628   -985.0431681
146.0052999   -2182.0499897   -984.5315218
146.4795145   -2178.6954403   -904.060483
146.6935249   -2183.6926937   -904.0715098
142.5203951   -2184.8804951   -983.6912155
142.7610787   -2181.1466217   -905.125916
141.8740722   -2176.7990589   -905.5569768
142.7627476   -2178.981781   -982.0741415
142.4241634   -2182.1017265   -982.8304648
139.2974826   -2183.1989288   -906.3534141
138.3638056   -2182.5077534   -980.9670448
137.1388706   -2178.21908   -979.0862799
139.2635378   -2179.1505814   -906.5345526
135.4466053   -2180.0978184   -908.2560539
133.5602077   -2184.8978996   -979.3109298
132.4755224   -2181.0762882   -977.6086807
132.5406405   -2176.877737   -976.3585329
133.4349784   -2176.7101288   -909.6178412
131.8703564   -2182.7397346   -909.9538326
131.831971   -2179.1136265   -910.3031158
130.273697   -2185.0788593   -977.725029
130.1807734   -2176.1064529   -911.6315246
127.9559108   -2178.7557602   -974.5809436
127.6330622   -2182.3441982   -975.5313993
128.3512982   -2180.1400185   -912.3216271
128.4441324   -2184.6139431   -911.7915034
125.8401545   -2175.9250164   -914.6139026
122.3681244   -2176.4681339   -970.9357023
125.7702979   -2182.765007   -913.7166142
124.8188885   -2180.0353527   -914.7509933
124.2160174   -2180.7527542   -973.2646346
123.7411769   -2184.0994358   -974.07794
122.0292421   -2178.4493923   -917.1110988
122.2599419   -2183.1095219   -916.195333
119.5082637   -2182.1036339   -971.2613225
117.1309324   -2179.148674   -969.0719843
116.0101565   -2176.0175228   -967.5179124
118.2691725   -2180.90415   -919.7275043
119.2325624   -2176.7501831   -919.6786284
114.8108812   -2181.8830967   -968.817234
115.5860396   -2177.2694588   -922.6613045
115.763125   -2183.9942932   -921.3008881
114.9122389   -2181.3056469   -922.5003719
113.0484613   -2179.2378426   -967.0118093
111.7734285   -2176.3179302   -965.3321505
113.0493554   -2184.0715408   -923.5898852
112.0019826   -2180.4802418   -925.1936674
112.2039529   -2176.4228344   -925.7760048
110.055116   -2183.0699444   -966.6813016
110.3947731   -2184.0908527   -925.9278774
108.8725599   -2179.0647507   -964.5831585
109.6647056   -2178.3406734   -927.7096987
108.3848151   -2182.1434498   -928.0833006
106.5743538   -2181.7810535   -964.0475512
106.1728867   -2178.8234711   -930.8066368
105.6385907   -2178.9073944   -962.0939493
104.8894497   -2184.1309071   -930.8516383
103.9102348   -2175.7946014   -959.1623545
103.6754223   -2182.3756695   -961.946249
103.3955189   -2177.4821281   -934.2722893
102.7938398   -2181.9229126   -933.7077737
102.8322848   -2179.6898842   -959.9075317
101.0805341   -2178.7114143   -957.2227001
100.5689474   -2182.7571392   -958.9437842
101.6224893   -2176.8593788   -937.0159507
100.9334   -2180.4981232   -936.5702868
100.3664406   -2184.0462685   -936.0240102
99.673179   -2178.8752079   -939.4980669
99.4059714   -2178.4057617   -953.9042115
99.1519364   -2181.363821   -955.9215307
99.3809076   -2176.5460968   -942.3659444
98.4162959   -2183.8204861   -939.1857982
97.65583   -2185.1303577   -956.0807347
99.1629335   -2175.296545   -948.1596351
98.0629595   -2179.1620255   -950.602591
97.7817746   -2181.1859608   -943.1005716
98.4494063   -2177.9766083   -945.1012015
97.6503166   -2182.0449829   -953.1744719
97.2604724   -2180.9058189   -947.3218918
96.9221862   -2182.5954914   -950.4027963
96.3605913   -2184.3316555   -945.7266927
95.9447893   -2185.033083   -948.7150311
