-872.8961674   -2623.0025291   -547.1040606
-874.0611998   -2623.1720448   -551.5787005
-877.8143851   -2624.396801   -543.0195928
-879.5325486   -2624.0866184   -549.6618748
-872.0522849   -2681.353569   -588.9232159
-872.528526   -2727.0047665   -586.7071152
-872.8508679   -2629.8203468   -569.7510839
-873.2793061   -2735.448122   -579.4121623
-872.1886603   -2688.0640984   -591.0919905
-873.0301587   -2693.552494   -592.9380059
-874.8811213   -2742.7487373   -569.0119863
-873.8863198   -2731.5723896   -583.8705301
-874.4157282   -2714.4896984   -593.519032
-875.5415408   -2674.2725372   -588.2521868
-874.1898266   -2639.3489838   -576.941669
-874.0310398   -2635.2570057   -574.6124983
-874.0083901   -2644.0038681   -578.4283876
-873.2404438   -2722.5353718   -589.8064375
-874.5524613   -2698.3232498   -594.4558382
-874.7952906   -2632.2827339   -572.3692179
-874.5112149   -2745.0537682   -562.3912215
-876.5034405   -2667.1175957   -586.1663818
-875.7842509   -2719.3841934   -592.5924778
-874.8095957   -2651.9446373   -580.7197094
-877.4038283   -2648.1845379   -580.2239776
-876.2254445   -2739.9053574   -575.5885243
-875.4296032   -2628.3562183   -567.258954
-874.7310368   -2626.5349388   -563.8921261
-876.7622439   -2704.2787075   -595.8832502
-877.418491   -2710.7851505   -595.7200527
-877.1537272   -2656.0459137   -582.6077461
-879.2814938   -2662.1005535   -585.3771567
-875.9948937   -2685.5866909   -592.3675299
-878.4734932   -2675.7817268   -590.2194381
-879.0882555   -2681.1356544   -592.5106406
-877.0785061   -2690.1323795   -594.2210555
-878.809425   -2724.5969772   -591.7256474
-877.6932684   -2730.1135063   -587.4626637
-879.2463271   -2631.0975552   -570.1525807
-877.5096861   -2694.7278976   -595.3794718
-877.8933016   -2734.2150211   -583.9727521
-879.7287671   -2738.5010719   -580.3876519
-880.2085844   -2642.2376633   -578.7256956
-878.6364523   -2637.3486519   -576.2791038
-878.037068   -2634.121418   -573.7324357
-878.6490885   -2716.1016464   -595.1325893
-879.9123494   -2698.9998817   -597.0470309
-879.2870966   -2628.190279   -565.558672
-878.6421744   -2626.3275146   -562.1309876
-874.438974   -2624.6085167   -559.4670773
-877.7776686   -2652.0318985   -581.4684629
-880.4630963   -2743.1604862   -573.7447739
-878.6309687   -2746.0539341   -564.895153
-881.6027371   -2745.9506989   -568.8501
-880.174133   -2670.3004837   -588.9359713
-880.0166575   -2673.9416122   -590.2497768
-879.7046868   -2719.925642   -594.3572521
-880.9257475   -2686.2521172   -595.1256752
-880.146834   -2741.0650253   -577.066958
-881.0243336   -2666.1367416   -587.7523422
-881.3774315   -2707.8819275   -597.8614092
-881.1027733   -2732.9580784   -587.1934295
-879.7708479   -2747.8950024   -559.6539378
-880.3484169   -2625.3759861   -558.7744713
-871.7188565   -2657.4738026   -495.5017865
-872.2368208   -2682.5697422   -475.9470224
-873.1949059   -2629.982233   -526.5202522
-872.5579707   -2650.3574848   -503.3325553
-871.8741862   -2698.91572   -475.4609168
-872.2094027   -2738.740921   -510.933578
-872.1611229   -2719.0930843   -485.7223928
-872.8537289   -2661.9791985   -491.3008213
-872.4597422   -2746.4311123   -548.2631326
-872.6719347   -2638.6804581   -515.6580806
-871.8280522   -2736.7129326   -506.850481
-873.7184731   -2670.7174778   -483.8784039
-872.6107804   -2742.3434258   -520.9012032
-872.1718518   -2743.4508801   -525.2192616
-872.364494   -2745.7785606   -537.470758
-871.7707125   -2744.9355125   -532.6039791
-872.6495234   -2727.9939651   -493.9140975
-873.1767861   -2731.1849594   -497.5688457
-873.1415001   -2733.5920334   -501.0142326
-873.0089394   -2695.1432228   -474.920392
-874.4157282   -2741.1687374   -516.1730051
-876.1083809   -2643.3291435   -511.6163492
-874.6013371   -2688.0476475   -475.5878747
-874.5746342   -2666.3506031   -487.9207611
-873.9341227   -2654.0851593   -499.8316467
-872.7404801   -2746.3800907   -542.5605178
-872.5115982   -2706.8138123   -478.1277478
-874.7774092   -2714.9167061   -482.3605418
-874.4353978   -2627.4814606   -531.7838192
-875.693175   -2625.4990101   -537.0605588
-874.6413914   -2744.7755337   -528.9008021
-874.3185727   -2676.5470505   -480.0644815
-875.8513657   -2680.0394058   -478.9371192
-876.7243353   -2647.3443508   -507.625401
-874.6489016   -2746.3002205   -557.1750998
-876.1430708   -2704.2765617   -477.3211181
-874.9932972   -2736.0501289   -504.4074655
-876.4434782   -2710.3850842   -479.7720015
-874.7036187   -2746.8819618   -553.0211329
-876.3193814   -2693.3608055   -475.7563472
-875.9212223   -2636.1932755   -519.0950036
-878.3613173   -2632.8988075   -523.6961246
-875.4476038   -2674.2799282   -482.0741415
-877.0745722   -2624.1633892   -554.9014807
-877.074453   -2722.7876186   -487.8698587
-876.9957749   -2726.9341946   -491.7212725
-877.2674529   -2659.9547863   -495.0009286
-876.8509356   -2656.3830376   -498.4203577
-875.3741709   -2745.9614277   -534.0707302
-874.1055457   -2737.5807762   -507.5401068
-877.0402399   -2698.5957623   -476.1269391
-877.2796122   -2719.0186977   -484.8745465
-876.1213747   -2743.7989712   -523.9073634
-877.4057356   -2738.5034561   -508.1360936
-877.0709959   -2740.2656078   -512.509644
-878.886315   -2685.2586269   -478.2718718
-877.9982058   -2747.407198   -539.2046571
-875.8907048   -2747.4410534   -544.3042517
-877.6485649   -2748.1076717   -550.7852435
-877.1444289   -2747.9393482   -547.2332239
-879.5586554   -2652.2519588   -503.3975244
-876.7064539   -2742.7163124   -519.7349191
-876.6998974   -2730.1762104   -495.2655435
-876.8852679   -2639.2989159   -515.9359574
-877.6330677   -2663.5019779   -491.7562902
-878.6548106   -2733.8089943   -499.5215535
-879.3555228   -2629.655838   -529.066205
-878.3150641   -2669.532299   -486.8718386
-878.8852421   -2672.9400158   -484.5519662
-879.0335385   -2677.097559   -482.0341468
-879.3346611   -2741.9581413   -516.300261
-879.4986931   -2627.4747849   -533.7190628
-880.6174723   -2666.5019989   -490.2608693
-880.0735203   -2691.024065   -477.2196412
-878.573033   -2746.1819649   -532.2436094
-879.6430556   -2745.1348305   -527.1257758
-878.0681816   -2747.9236126   -554.7685623
-878.0879704   -2713.8607502   -481.5170765
-879.8603741   -2716.6895866   -482.9969704
-879.5559136   -2736.8907928   -504.2153597
-880.71582   -2681.2207699   -480.6358516
-879.6449629   -2748.4638691   -544.4625616
-880.6022135   -2640.1228905   -515.9416795
-880.0768582   -2644.5922852   -511.2863183
-881.042215   -2743.8011169   -521.7145085
-881.2695471   -2713.3421898   -481.14416
-881.5908162   -2647.5570202   -508.6582303
-880.3446022   -2748.8985062   -548.3864546
