978.0703457   -2064.7156239   -626.6216636
978.0215593   -2065.0737286   -622.1923232
978.2631966   -2115.1413918   -582.916677
977.8743955   -2124.4771481   -606.0174704
977.6194664   -2113.4517193   -658.8097811
977.9241952   -2071.1755753   -585.9856606
977.0589145   -2119.6665764   -595.5408216
976.559517   -2117.3405647   -590.4071927
978.1598719   -2065.571785   -650.5265236
978.106496   -2099.3213654   -667.9416895
977.1787199   -2110.8558178   -660.5194211
976.8480035   -2104.6802998   -664.2145514
976.3362678   -2125.2245903   -646.4871168
976.5131446   -2126.9462109   -618.5325384
977.1631332   -2126.6937256   -615.3731346
978.2403978   -2122.5693226   -600.4081964
977.6361557   -2065.4771328   -643.502593
977.9219898   -2076.1780739   -572.5044012
977.8235229   -2074.3644238   -577.3950815
977.7835282   -2095.5748558   -669.5281863
976.7858657   -2104.55513   -570.8379149
977.742699   -2116.9135571   -587.5251293
977.144179   -2128.3512115   -633.8356137
977.3936542   -2111.594677   -577.9287219
977.8989228   -2068.7553883   -596.1701274
977.701691   -2068.2537556   -600.1887321
977.2168072   -2127.8476715   -623.2813597
978.2728227   -2077.4111748   -670.4769731
976.4711531   -2126.7337799   -641.5355802
977.837977   -2068.3236122   -658.8028073
977.7949723   -2067.0444965   -654.9879313
978.0347916   -2069.562912   -662.0773673
977.9783758   -2087.6209736   -671.271503
975.6014021   -2117.3262596   -655.2295685
976.3359102   -2122.272253   -650.6592631
975.7455262   -2127.6664734   -626.306355
976.9867929   -2115.5180931   -656.9219828
976.6705009   -2067.5504208   -614.2793298
975.9059819   -2069.6675777   -606.7774296
977.8075787   -2123.8057613   -648.9244699
974.6812256   -2124.4823933   -612.3457551
975.8650335   -2072.6728439   -592.5178528
977.1945151   -2091.2661552   -670.0949073
976.4935645   -2074.8753548   -582.5255513
976.9563051   -2084.5544338   -670.0572968
976.8318804   -2073.3869076   -663.5538936
976.938841   -2127.8631687   -637.6131177
976.40228   -2101.2604237   -665.7203436
976.3396057   -2077.8183937   -666.3535237
976.0227474   -2107.1481705   -662.0717049
977.5010618   -2100.7618904   -565.8960342
976.3543578   -2066.8048859   -632.0275664
974.7244688   -2069.2918301   -636.7104053
975.9801301   -2127.9873848   -630.7600737
976.2930544   -2107.7494621   -575.676322
975.7519933   -2068.354845   -618.0176735
976.5815111   -2081.1097622   -668.6713696
978.3132943   -2081.6068649   -562.6805425
976.867822   -2082.7617645   -566.8747425
976.156381   -2081.4437866   -571.662426
977.1337184   -2085.7117176   -564.0383959
975.5272838   -2114.4933701   -588.0210996
975.1380058   -2111.5372181   -583.7551355
974.8696359   -2121.0987568   -602.7910113
973.1833311   -2117.577076   -599.2842913
976.4114889   -2068.8934326   -652.3242593
974.5770069   -2071.2502003   -648.5742927
976.484892   -2097.4154472   -667.5798297
974.7451516   -2069.3771839   -622.7586269
974.5752784   -2069.3883896   -627.9802918
976.4337512   -2071.6409683   -659.8272324
975.2593609   -2089.2186165   -667.4842834
975.7677587   -2125.7050037   -644.6655393
975.5202206   -2074.9263763   -587.5673294
974.975315   -2079.8399448   -578.7448287
974.5137962   -2072.9370117   -600.5783081
974.4785997   -2123.5260963   -609.6595526
974.8914214   -2122.5776672   -606.6001058
975.3906997   -2071.8302727   -655.0870538
973.6101004   -2071.7685223   -642.1260834
974.5767983   -2126.4622211   -621.2952733
975.7261547   -2099.9093056   -570.2583194
976.0758253   -2095.8938599   -566.7597651
975.871441   -2123.888731   -648.7071514
974.6578308   -2108.3552837   -580.1755786
975.5536588   -2093.272686   -667.7438021
973.956761   -2124.7830391   -616.3905263
974.4645628   -2127.4337769   -637.3205185
973.7728211   -2127.1855831   -635.4910135
975.3087731   -2086.6539478   -569.8789954
976.1768552   -2090.3434753   -565.4649138
977.7661534   -2088.4711742   -560.7870221
973.6487838   -2115.3438091   -593.7840939
974.5361181   -2119.0092564   -653.2717943
974.400607   -2114.2241955   -656.9830179
975.0338765   -2084.638834   -666.6477323
974.7710796   -2075.2956867   -659.1174006
974.6624204   -2078.0889988   -662.2654796
974.3130478   -2122.345686   -649.9829888
974.3000539   -2104.5672894   -577.3137808
974.4203063   -2101.2063026   -574.4473338
974.4462343   -2098.5994339   -664.7833586
974.2493006   -2071.2718964   -612.7607822
975.1909348   -2081.537962   -665.9686565
973.4988185   -2126.6388893   -629.2853951
974.0008684   -2078.6473751   -585.7377648
974.5648476   -2125.3197193   -644.7569728
973.0117889   -2125.721693   -640.7788396
973.7957092   -2101.4978886   -662.7365351
974.5775434   -2109.0180874   -659.9795222
974.0347537   -2070.1618195   -631.8701506
974.4640263   -2080.5585384   -664.1196609
974.5254191   -2092.1254158   -571.2378025
977.909741   -2092.7360058   -560.7669353
974.1501483   -2085.1061344   -575.6773949
974.0530523   -2097.0811844   -573.4251142
974.2190512   -2094.3369865   -665.6816006
973.4392735   -2106.1618328   -660.566628
974.7065874   -2124.2105961   -647.7649808
973.4808477   -2073.3537674   -607.5184941
973.615286   -2077.3496628   -591.1328197
973.338929   -2076.2979984   -595.9296227
973.1326076   -2072.453022   -617.8520918
972.3761948   -2110.5220318   -589.3737078
973.0097624   -2077.2602558   -655.0899148
973.0606648   -2075.2243996   -651.6737938
973.7470122   -2089.2243385   -574.6405125
973.0978283   -2087.8171921   -663.3392572
973.2398661   -2091.4821625   -664.1780138
973.9348563   -2114.6748066   -656.4318538
973.8133224   -2083.5831165   -663.8667583
972.5486907   -2107.85532   -585.3535533
973.0904671   -2084.9437714   -580.3582072
972.5999507   -2083.2738876   -584.6857429
973.5991629   -2126.9061565   -637.9595995
972.5667807   -2120.9366322   -607.9941988
972.9029509   -2125.7462502   -625.0183582
971.6088446   -2118.2415485   -604.1644812
973.4936925   -2117.2637939   -654.2782187
973.407683   -2115.803957   -655.238986
972.9799303   -2079.7629356   -658.562243
972.2169312   -2073.3549595   -625.1279116
972.6551148   -2072.8785992   -621.4293242
972.3211797   -2073.1928349   -633.102417
971.9199809   -2074.3079185   -637.6008391
973.294315   -2123.4023571   -647.5727558
973.2482406   -2081.8274021   -661.4776254
972.6752015   -2105.4260731   -582.4652314
972.3571511   -2108.777523   -657.9964161
972.1886786   -2074.8925209   -644.7812319
971.8354913   -2076.7378807   -647.9457021
970.9900292   -2123.4028339   -621.8780875
972.7107557   -2072.3471642   -629.4730902
973.3919474   -2119.800806   -651.8850923
972.3032685   -2117.269516   -652.8669
972.5484522   -2093.4679508   -577.5014162
972.0389517   -2076.4491558   -605.3436399
971.7607173   -2078.3722401   -600.4194021
972.3065766   -2122.4918365   -612.9699349
973.2925268   -2122.0991611   -649.4097114
972.1938344   -2099.5891094   -580.7514787
970.3889164   -2124.3333817   -630.4584146
972.0640751   -2125.9047985   -633.9915395
972.7506014   -2095.0696468   -662.9952788
971.5713831   -2123.8920689   -642.782867
971.8788239   -2120.5370426   -649.3010521
971.2836417   -2076.6546726   -612.1732593
972.7523895   -2115.1762009   -654.9455523
972.2540351   -2111.0136509   -656.5538645
972.6074906   -2088.7186527   -579.0274143
972.0340642   -2081.6996098   -590.030849
970.7883867   -2122.4350929   -616.8807149
972.4997552   -2085.1142406   -661.1970067
971.8616875   -2098.9820957   -660.9861851
971.5592834   -2103.1243801   -658.9326859
971.5435477   -2114.85219   -598.1165767
970.840809   -2111.9604111   -595.7478285
971.752164   -2080.1796913   -595.1606035
971.4355143   -2075.7246017   -641.3630247
972.2382697   -2126.0023117   -637.511909
971.0378619   -2124.474287   -627.3169518
972.3078879   -2121.9065189   -648.4854817
971.963075   -2122.4873066   -646.7587948
971.7724296   -2083.9130878   -658.4246755
971.6350707   -2092.2105312   -660.8741283
970.9379049   -2115.7782078   -601.5130877
970.8342525   -2076.4653683   -619.9756861
971.0573526   -2088.4284973   -658.5734487
971.6166528   -2087.7714157   -583.7805271
971.3640781   -2079.308033   -651.2128711
971.3372561   -2125.1363754   -638.6460066
971.3216694   -2124.5861053   -640.5926943
971.1374613   -2082.3047161   -654.5951962
971.020964   -2096.0624218   -659.6193314
970.8944532   -2075.7918358   -629.2066574
970.91603   -2103.8250923   -586.2490535
970.2994796   -2121.8583584   -643.7164545
970.3897508   -2117.9246902   -649.0769386
971.397725   -2091.8953419   -582.4439526
970.6473919   -2086.8563652   -589.622438
970.2599915   -2119.6873188   -611.8327975
970.3182551   -2118.1199551   -608.112514
971.4193615   -2095.1244831   -581.6341043
970.6334742   -2111.6921902   -653.6422968
970.7404348   -2106.6060066   -589.4033909
969.6051749   -2107.6309681   -594.152391
970.1916846   -2077.4724483   -633.6723566
969.5149335   -2108.1163883   -653.5271406
970.0872573   -2077.6417255   -625.0112653
970.2202352   -2095.4067707   -586.0450864
969.8472591   -2100.104332   -587.8929496
970.1432558   -2079.1847706   -643.6289549
969.0768989   -2122.8327751   -632.8423619
969.843355   -2081.12216   -606.0888767
970.44867   -2084.000349   -594.0203667
969.9394973   -2078.6402225   -638.486445
969.9216159   -2099.6341705   -656.8804979
970.0792404   -2080.7020664   -647.6665735
970.4736146   -2086.0750675   -655.7090878
969.783661   -2083.5118294   -599.5034575
969.4963964   -2094.2811966   -655.9910178
970.358965   -2090.9192562   -586.7740512
969.0748724   -2114.7632599   -605.6708694
969.6546169   -2104.4597626   -655.157268
969.7728726   -2113.1017208   -600.469172
969.6141454   -2114.6776676   -649.7080326
969.6612927   -2083.7347507   -650.0433683
969.4097611   -2122.1649647   -639.8949623
969.0364274   -2080.8541775   -616.2750125
968.9431461   -2081.7630291   -611.6380692
969.1740843   -2120.8734512   -620.0170517
969.5895585   -2086.1847401   -652.7016163
969.6238311   -2119.464159   -645.2015638
969.3584713   -2089.5519257   -653.9622545
969.1214832   -2122.112751   -626.4153123
968.6026844   -2121.1643219   -623.3752966
969.4965752   -2103.7020683   -591.0937786
968.6095687   -2080.9845924   -628.7538409
968.8929292   -2109.8542213   -598.8637805
968.8618752   -2122.0574379   -636.8360519
969.137338   -2087.802887   -595.9775448
969.0028699   -2092.622757   -592.2179818
968.6321887   -2110.2821827   -650.2346396
968.5955914   -2116.5730953   -611.01228
968.3805379   -2118.3357239   -615.781188
968.9202579   -2097.2907543   -591.0246968
968.398449   -2084.7153664   -645.0020075
968.6215194   -2100.4674435   -592.5767422
968.4893461   -2085.5059624   -604.1659713
968.5693058   -2116.2145138   -645.814836
