285.151151   -1997.0756769   -951.7548084
285.2999242   -1995.5829382   -947.449863
284.6849533   -1997.772336   -956.7420483
284.1657671   -1996.4450598   -943.7314272
283.4858271   -1999.7507334   -946.4680552
283.9243682   -2000.3333092   -953.9118409
283.6210402   -2000.9646416   -950.889349
283.6674722   -1999.0067482   -960.044682
282.9635414   -1997.7437258   -963.9366865
283.0294939   -2002.1579266   -957.1990371
281.7516299   -1999.3317127   -940.0792122
282.725093   -2003.5443306   -952.9621601
282.2508486   -2002.0349026   -961.5156054
282.1585508   -2003.9796829   -948.548615
280.8298739   -1996.2203503   -934.9538088
280.6773456   -2004.306078   -942.923367
280.8504673   -2002.2413731   -965.4620886
281.2983962   -1998.5178709   -967.1294689
280.872223   -2005.0942898   -962.6321793
280.2132341   -1997.0923662   -969.8055387
278.777835   -2000.0872612   -934.3303442
279.2044254   -2002.8729439   -937.6618266
279.8414799   -2000.5431175   -968.629837
278.3873054   -2004.5790672   -968.9181447
277.9270681   -1997.3992109   -930.6616783
278.4016999   -1995.5461025   -972.7759957
278.2032462   -2000.0538826   -971.3884592
276.9633206   -2003.3569336   -933.637917
275.0286432   -1995.801568   -925.1710773
275.2689096   -2000.8254051   -928.8963079
275.6071957   -1998.5673428   -974.8019576
275.9999307   -2003.7624836   -972.7934599
273.2359441   -2002.9542446   -975.8545756
271.9972702   -1998.4534979   -977.6540399
272.5040587   -2002.9113293   -926.1348248
271.0879716   -1999.8706579   -922.3635197
270.3641029   -1995.511055   -978.9196849
270.7218798   -2002.1555424   -977.9112935
269.5389362   -2004.9116611   -923.2540727
269.0534564   -1999.7144938   -979.1616797
267.6922949   -1997.471571   -916.9903398
266.0542997   -2001.4240742   -917.1093702
268.1436809   -2003.636837   -979.2185426
267.2900828   -1996.846199   -980.0980091
265.6766745   -2005.2781105   -918.600738
266.2658068   -2000.0321865   -980.332613
265.0149437   -2003.1635761   -980.6444645
263.176498   -1996.4687824   -911.8410349
264.5043107   -1996.9201088   -980.9162617
263.2476958   -1999.9622107   -981.2217355
263.7337717   -2003.7593842   -915.6508446
262.1651264   -1995.4286814   -981.2745452
261.8941637   -2003.1106472   -981.5428257
260.617462   -2001.5013218   -911.4729762
258.7323757   -1997.0673323   -908.0103636
260.1021501   -1999.8395443   -981.7216396
257.7040168   -2005.231142   -910.2613926
258.1624063   -2003.2145977   -982.1196198
258.6475285   -1996.6983795   -981.5716743
256.1431202   -2001.8694401   -907.5833559
256.6924366   -1999.5741844   -981.8382263
255.5325004   -1995.5886602   -904.8748612
256.1758729   -1998.8508224   -906.5147638
254.2344304   -2001.8093586   -981.9989204
252.3724707   -1998.1672764   -981.2226892
253.2483908   -1999.9357462   -904.5984745
252.6500794   -2003.4253597   -905.3301215
252.3906203   -1996.620059   -902.8877616
250.9701522   -2002.7971268   -981.7875624
246.9662996   -2002.7074814   -901.0774493
248.6284646   -1998.5076189   -900.9144306
248.5649856   -1999.4016886   -980.6960821
246.9042512   -2001.6653538   -980.7289839
245.45863   -1997.8643656   -979.4816971
241.8667348   -1997.5641966   -896.7443705
243.9765903   -2003.9179325   -980.3704619
242.0097264   -2002.5980473   -898.0922103
242.8691956   -2001.1146069   -979.4059992
242.0463236   -1997.0822334   -978.120923
239.7412034   -2004.6584606   -979.0902138
238.6449548   -1999.729991   -977.4372578
239.1062053   -1995.5064058   -976.5754342
238.3805188   -1999.5144606   -895.5187798
237.703112   -2002.5024414   -895.8886266
235.8877035   -1995.9075451   -893.697381
235.1480695   -2003.2157898   -976.8871069
235.7811602   -1996.7344999   -975.4881263
234.1309758   -2000.3671646   -975.7115841
234.4252738   -1998.7714291   -893.7106133
233.4215017   -2001.8532276   -893.9438462
232.5166734   -2005.1615238   -894.2649961
232.0383462   -1997.178793   -973.9740491
230.0918075   -1997.9038239   -892.0509219
231.019822   -2002.7365685   -974.973619
230.634776   -1999.8831749   -974.0684032
229.1435274   -2001.0225773   -892.310977
227.9960784   -2004.2476654   -892.5297856
228.0875417   -1997.8576899   -972.3669887
227.8206619   -2004.9440861   -974.1352797
226.4149757   -1997.4160194   -890.9445405
227.5391492   -2001.3628006   -973.0663896
224.5941135   -1999.6874332   -890.8580542
223.3650955   -1999.3343353   -970.6080556
223.0226668   -2003.0121803   -890.9968734
223.859814   -2003.5130978   -971.9565511
220.1381298   -1996.1279631   -968.2639837
218.7510403   -1997.4991083   -889.5256519
219.5477458   -2002.2649765   -969.650507
218.9188572   -1999.1849661   -968.5320258
217.2171148   -2002.7997494   -889.9382949
215.831575   -1997.4216223   -966.628015
215.2142497   -2004.805088   -968.3659673
215.3393897   -2000.8201599   -967.3271775
213.0727442   -1998.5238314   -889.2335892
211.2637731   -2003.3426285   -889.6120191
212.8603133   -1995.664835   -964.7760391
211.0079201   -1998.7217188   -964.7435546
211.0972675   -2002.5663376   -965.8406377
207.7417346   -1998.5020161   -889.475584
206.4706656   -2001.6162395   -889.7435665
207.4420425   -2001.1177063   -963.7312293
206.8428668   -2004.0917397   -964.271903
205.4253789   -1998.2581139   -961.9873166
203.139511   -1998.2820749   -890.160799
202.6165696   -2001.9767284   -961.6822004
203.01151   -2002.5119781   -890.2623653
200.0607821   -1998.3781576   -959.4655633
199.0611526   -2004.00877   -891.1083341
198.8058361   -1999.3802309   -891.1722898
198.7775239   -2004.491806   -960.5495334
197.6221176   -1995.9790707   -957.6103091
196.8764635   -2001.5599728   -958.8037133
194.7965892   -1997.1704483   -956.5681219
194.5203217   -2001.0790825   -892.4673796
194.4501372   -1996.1209297   -892.6646113
193.5159238   -2005.2056313   -958.2073092
191.0335394   -2000.9195805   -955.7666779
191.7654844   -1997.5180626   -955.1751018
190.5485364   -2003.4365654   -893.8866854
189.5301016   -1997.9526997   -894.6321607
188.2387074   -2004.4276714   -955.3722739
187.2058781   -1997.4808693   -952.883482
184.6193346   -2001.8258095   -952.8018236
186.0174509   -2001.5330315   -896.1076736
184.4414743   -1997.1395731   -897.3405957
182.3327216   -1998.5388517   -950.7410526
182.7720972   -2004.4913292   -897.6107836
182.1385296   -2000.4236698   -898.3821273
180.6359562   -2003.9968491   -951.4342546
179.5466813   -2001.0287762   -950.0492811
179.4687482   -1996.6973066   -900.518477
177.8238388   -1997.0779419   -948.063314
178.2803806   -2002.5696754   -900.606513
176.4909001   -2003.9916039   -949.3306875
175.8487793   -2000.6833076   -948.0531216
174.990681   -1999.1075993   -903.4358263
174.1743954   -2003.1163692   -903.4516215
173.8014194   -1995.6080914   -945.5010295
173.0655106   -1998.8270998   -946.0411072
172.7357181   -2002.4333   -946.9258189
171.5834709   -1996.4724779   -906.6393971
171.3755997   -2001.3830662   -905.9240818
169.8880466   -1996.219039   -943.371892
168.987331   -2000.9610653   -944.2803264
169.7449657   -2004.7791004   -945.9305406
168.1486341   -2000.1573563   -908.9640379
167.8447696   -1995.6060648   -910.3432894
168.5691746   -2003.7989616   -907.8828692
166.9749888   -1998.4741211   -941.9965744
165.9381064   -2004.8382282   -943.500936
165.1796671   -2002.0091534   -941.8895245
165.1902171   -2004.2724609   -910.9023809
164.9889322   -1999.8517036   -912.2814536
164.9593683   -1996.3907003   -913.3162498
163.214353   -1998.4532595   -938.5032058
163.9876338   -1995.5669641   -937.7761483
162.350175   -2003.5007   -914.3184423
163.0861732   -2004.8239231   -941.1841035
162.30118   -2001.9304752   -939.0699863
162.324098   -1999.4117022   -915.7864451
162.1688577   -1996.8577623   -935.790956
161.4246639   -1996.5513945   -918.8548923
161.0139581   -1999.0576506   -935.5850816
160.1593765   -2004.1291714   -917.1472788
159.7914072   -2001.1827946   -919.444263
159.8581346   -2003.7500858   -936.7342591
160.3783342   -1996.7501163   -931.3344955
159.5881554   -1999.0179539   -922.3350883
159.3455943   -2001.1839867   -933.4321022
159.5544788   -1997.1015453   -926.3113141
158.6562368   -2000.3459454   -929.238975
158.123252   -2003.2432079   -922.6751328
158.0890092   -2001.6596317   -925.6294966
157.7966484   -2004.0152073   -931.5733314
