387.1541443   -1703.8679123   -945.8470941
386.387405   -1699.8487711   -946.9868541
385.3635909   -1696.9946623   -947.8972554
384.2229667   -1703.4496069   -947.8535652
382.0019188   -1700.7389069   -901.3961554
383.30206   -1699.5997429   -948.7024546
380.5449279   -1695.7587004   -898.1298804
382.2946819   -1696.2866783   -949.4083524
381.473762   -1702.9377222   -949.3368268
379.8409524   -1699.4905472   -950.2024055
377.9281052   -1704.3529749   -899.3390799
378.4961077   -1703.9494514   -950.5058527
377.0731064   -1699.7227669   -896.8157768
377.8745206   -1696.2252855   -950.928092
375.6953003   -1696.3740587   -894.5320845
376.6628476   -1699.2660761   -951.2607455
375.4492524   -1702.3677826   -951.5292645
374.7780146   -1695.9520578   -951.7472386
372.2205134   -1698.4770298   -892.6796317
373.0977895   -1702.5071383   -894.7250843
373.3635368   -1698.8807917   -952.1172047
372.1307489   -1702.1758556   -952.4334073
369.5375445   -1698.2883215   -952.9780149
367.7029731   -1700.9366751   -890.3208375
366.6448715   -1696.1684227   -888.1667852
368.8755604   -1702.4743557   -953.1888962
365.9537854   -1703.8223743   -953.8497925
366.0051795   -1699.6660233   -953.7390471
366.1461743   -1695.5543756   -953.6213279
362.6729818   -1703.4870386   -887.8238201
361.5584197   -1699.234128   -885.8951926
360.2957847   -1695.7176924   -884.1573
363.0038472   -1696.8772411   -954.2484283
362.7378615   -1701.2162209   -954.4155598
359.6968027   -1698.1636286   -954.8594952
359.1817143   -1702.5519609   -955.0918341
357.7809902   -1705.2103281   -885.3188157
356.371102   -1701.6669512   -883.5088611
354.5204075   -1697.3798275   -881.3272119
356.5853956   -1695.6033707   -955.224216
356.7782315   -1699.4608641   -955.357492
354.9598279   -1703.0268908   -955.7846785
351.8110635   -1704.3024302   -881.6421628
353.6369177   -1698.1347799   -955.7088017
351.8840643   -1705.0055265   -956.2885165
349.4332107   -1701.546669   -956.3246369
348.7767997   -1700.3644705   -879.0428638
347.9175093   -1696.9337463   -877.7821064
349.9924066   -1696.5322495   -955.9399486
348.9123704   -1704.4188976   -956.5583467
345.8601954   -1703.3346891   -878.2877326
347.4384817   -1699.4103193   -956.3015699
346.3319661   -1695.4755783   -956.0263753
345.6509533   -1702.7899027   -956.6492438
342.5472798   -1697.8384256   -875.4323125
343.8151004   -1698.7500191   -956.3399553
340.2431878   -1704.1919231   -875.8108616
341.4209308   -1700.9890079   -875.6278157
341.1467346   -1702.4401426   -956.6619396
339.7000404   -1697.915554   -956.1456442
337.3305174   -1695.3765154   -872.5790977
336.0111984   -1698.4503269   -872.6727962
334.8108502   -1701.6510963   -872.8408217
336.7725285   -1704.5652866   -956.6990137
336.5682932   -1701.2726068   -956.307888
333.4902795   -1704.9059868   -872.9650974
335.4736837   -1696.9516277   -955.688417
332.7019485   -1699.8809576   -955.722928
333.2549604   -1702.7962208   -956.1522007
330.1326903   -1699.1552114   -870.3892231
329.8864039   -1695.5382824   -869.5724607
331.558195   -1696.6285706   -955.1233053
327.6519152   -1702.0943165   -870.0154424
329.4262858   -1702.6206255   -955.5782676
329.1189345   -1698.1655359   -954.9226165
322.3734172   -1697.8982687   -867.3548102
326.8004032   -1699.6984482   -954.6857476
325.4130455   -1704.7261   -955.0898075
324.7650834   -1696.2212324   -953.7097812
322.8761228   -1700.3494501   -953.8722038
321.5347799   -1703.9484978   -954.0622234
320.5933245   -1695.2795982   -952.4716735
320.7365843   -1698.1630325   -952.9713988
317.9556104   -1701.385498   -952.6653886
317.9970654   -1702.3633718   -866.8605089
314.0841397   -1697.365284   -865.1729822
316.4216848   -1704.6705484   -952.701807
317.4204501   -1697.6681948   -951.8921971
311.4369782   -1704.2496204   -865.6830788
311.3433095   -1700.5057335   -865.1242256
315.2827593   -1699.6068954   -951.5108466
312.7818676   -1697.2745657   -950.2189159
312.9416081   -1702.1524906   -951.1159658
307.3395463   -1697.1006393   -864.164114
308.7079199   -1705.0213814   -949.9797821
307.6837631   -1701.1470795   -948.8802552
307.3932799   -1696.9457865   -947.9765296
306.4119788   -1701.1114359   -864.561975
306.2485131   -1705.2097321   -865.0781512
305.2761825   -1704.4631243   -948.4421611
303.7898811   -1699.5332241   -946.8497038
303.0734929   -1702.7505636   -947.126627
303.6380681   -1696.4466572   -946.1790919
301.7481538   -1697.5032091   -863.8840318
300.6175729   -1701.9633055   -864.3333912
300.5930754   -1697.2421408   -944.8364973
300.6595048   -1701.3138533   -945.682168
299.2694946   -1704.0640116   -945.5310106
297.2758683   -1705.2106857   -864.7122383
297.0465394   -1697.7192163   -864.0002012
296.8500527   -1697.2271204   -942.8340793
296.8589636   -1701.6010284   -943.7637925
294.1154214   -1700.4175186   -864.448905
294.5658239   -1704.4198513   -943.0997372
291.5640148   -1703.8799524   -865.0023937
291.8794128   -1701.1630535   -940.8099055
292.7844795   -1696.7587471   -940.3684735
288.1637784   -1698.7798214   -865.2325869
288.4298237   -1698.1557608   -937.9328489
287.8776165   -1702.8001547   -938.7019873
287.1691259   -1703.0433416   -865.6400442
284.0616675   -1705.1389217   -866.4065003
284.4668599   -1702.1017075   -936.2292886
283.5865887   -1697.4833012   -934.3864322
283.5248979   -1700.1937628   -866.3927317
283.3042117   -1695.3651905   -866.3942814
280.1618847   -1701.0570765   -932.7911139
279.6140584   -1701.9116879   -867.6463366
279.8313173   -1697.9050636   -931.6077828
279.6295258   -1696.9856024   -867.6872849
277.3442837   -1696.1146593   -928.9594889
277.0413133   -1699.9126673   -929.9171567
276.4559957   -1703.6153078   -930.6135774
275.6347033   -1698.2065439   -869.3852425
276.0759863   -1703.0514479   -868.9795732
274.7066589   -1698.8577843   -927.4932742
273.7194868   -1696.3160038   -925.6653786
273.9442857   -1701.8846273   -927.8507233
273.0970057   -1695.5816746   -870.9004521
272.1940251   -1701.0362148   -870.9958792
271.6543051   -1699.9944448   -924.9802828
270.0774642   -1705.2152157   -871.8809485
271.2272378   -1703.3948898   -925.8548021
270.5873223   -1696.7862844   -922.5878119
269.3279656   -1696.9106197   -873.257637
268.7616619   -1701.2588978   -873.1333613
268.8616487   -1702.8628588   -923.2593775
268.9105245   -1699.7720003   -922.0030308
267.1695324   -1697.3729134   -918.8672304
266.3839134   -1704.1736841   -874.4778633
266.3505944   -1699.2658377   -875.279665
266.602722   -1701.7692327   -920.2472568
264.2530771   -1701.0812759   -916.9722795
264.8714157   -1697.9670525   -916.1302447
263.5522457   -1705.1243782   -918.1905389
263.6355432   -1697.5328922   -878.3169985
264.310983   -1701.5477419   -876.7384887
263.6567923   -1704.7525644   -876.7281771
263.0207809   -1698.117733   -913.5007858
261.8630203   -1702.1570206   -879.1522384
261.2899514   -1702.9215097   -913.8062
261.7394599   -1695.9580183   -909.8482728
260.9115513   -1696.8668699   -882.2117448
261.3812061   -1698.9165545   -880.7814717
260.5767521   -1699.9481916   -910.6506705
259.8311576   -1701.2199163   -882.1983337
259.6382471   -1697.6321936   -906.8838954
259.0504857   -1704.8838139   -911.3675952
258.7152096   -1701.1754513   -907.8384042
258.8371905   -1696.942687   -886.4840865
258.4082159   -1700.6319761   -885.0823045
257.8183087   -1698.071003   -901.9530416
257.9182657   -1704.2038441   -884.1881156
257.4631544   -1700.7877827   -904.239893
257.3332461   -1696.8511343   -894.5730329
257.6966556   -1697.4375248   -889.9105191
256.9226595   -1699.9360323   -889.7675872
256.3951286   -1704.2765617   -904.9093723
256.2762471   -1700.1758814   -897.4335194
256.6329809   -1703.7782669   -887.2845173
255.5654915   -1703.2643557   -900.2717137
255.7269605   -1701.9360065   -893.7748671
255.9054764   -1702.9169798   -890.5751109
399.1299393   -1695.6545115   -925.8340001
398.5311212   -1696.2068081   -922.4653244
397.8781226   -1698.9666224   -928.5606146
397.7180245   -1698.133111   -931.8255186
397.1509161   -1700.7066011   -924.5413542
396.7471393   -1698.1453896   -935.1058602
397.0704647   -1698.5695362   -920.2293754
396.273938   -1697.270751   -916.7031646
396.690649   -1701.1162043   -932.0896864
396.4709165   -1702.9334307   -928.557992
394.821805   -1698.3749866   -938.9009476
395.6743153   -1702.3146152   -920.5083251
395.73693   -1704.8430443   -926.1889458
395.1012614   -1700.2801895   -916.8220758
394.401935   -1697.0734596   -913.0867124
395.4177173   -1704.6996355   -932.1665764
394.8597582   -1702.7394772   -936.18083
393.7816145   -1702.8599977   -916.3143635
392.820743   -1696.6146231   -942.2632456
393.3360549   -1702.5648355   -939.2952323
392.1873989   -1701.0176182   -941.6052699
392.4889835   -1700.9106874   -912.7023816
390.7363834   -1697.9963779   -908.6797237
391.7451771   -1704.4841051   -940.8926368
391.2422778   -1704.4619322   -913.2423401
389.7849592   -1699.5278597   -944.5289969
389.856902   -1702.5398016   -910.1560116
389.9110826   -1704.249382   -943.2294965
388.100666   -1695.5481768   -946.4837909
386.6788717   -1701.8736601   -906.3934684
385.892761   -1697.1318722   -903.3729434
