529.1454541   -1846.3573456   -272.9758322
529.3685468   -1846.4165926   -269.4227099
529.0095406   -1845.3749418   -275.6351531
529.1031199   -1849.4791985   -271.7416883
529.2629796   -1850.7533073   -267.7311003
529.4779623   -1847.5459814   -263.846159
529.1000912   -1854.4286489   -270.1595128
528.8317399   -1853.6278009   -274.3436098
528.7586274   -1849.1311073   -276.4303982
529.2625102   -1853.9084196   -266.1109865
528.6130207   -1846.5960026   -278.4033716
528.326598   -1852.9524803   -279.3856561
528.1676324   -1849.1292   -280.9324563
527.7455869   -1845.8471298   -283.4602296
527.4600285   -1854.375124   -284.3386829
526.8664332   -1850.2371311   -286.5730524
524.8199897   -1852.9801369   -292.0398414
523.9955159   -1848.9282131   -293.6905622
523.3622538   -1854.2741537   -295.0560451
522.6084711   -1848.0252028   -296.2622046
521.7211293   -1851.4010906   -297.968775
521.2218063   -1846.8716145   -298.6465991
520.0977968   -1854.3826342   -300.9698689
519.3768712   -1850.834012   -301.882267
518.9726549   -1846.0623026   -302.1805286
518.0186229   -1854.932785   -304.3777943
517.2868567   -1847.8292227   -304.7189713
517.3898014   -1851.4190912   -304.9665093
515.5418935   -1853.6550999   -307.9231679
515.3478282   -1849.0816355   -307.5055182
513.1853121   -1852.0852327   -310.665071
512.4987187   -1847.2361565   -310.6200397
510.8047771   -1854.6284437   -313.8029873
510.4824799   -1849.940896   -313.2148385
508.2254308   -1853.2757759   -316.0313964
507.9081254   -1847.926259   -315.1592612
505.0936239   -1850.4217863   -317.9103136
503.0529919   -1847.551465   -318.5652494
501.899642   -1851.4074087   -320.2399313
500.4932331   -1854.2122841   -321.8017817
499.9246346   -1848.393321   -320.4556108
498.7028214   -1851.2650728   -321.8874633
497.541924   -1854.5898199   -323.3796954
496.5299862   -1847.8842974   -321.7256963
495.2886226   -1851.4020443   -323.3079314
494.289686   -1854.796648   -324.7633278
492.2009381   -1848.122716   -323.0768442
491.8730976   -1852.1221876   -324.5849311
488.3946749   -1850.1343727   -324.6386349
488.0586462   -1847.494483   -323.6348033
488.5101514   -1853.0460596   -325.6981969
484.6704575   -1845.3671932   -322.9685426
485.1801219   -1852.0674706   -325.8012831
484.2852774   -1848.0696678   -324.1528273
482.9168739   -1854.6801805   -327.180475
481.5747934   -1851.8997431   -326.0436058
480.2394854   -1845.6612825   -323.1213987
478.6956655   -1848.4576941   -324.4071901
478.3813404   -1852.7835608   -326.6603947
476.1655899   -1845.9229469   -323.0753839
476.409969   -1854.6110392   -327.7560771
474.7308912   -1851.2772322   -325.9526789
473.019016   -1849.5306969   -324.9204755
472.9262116   -1854.5199633   -327.8843164
471.7955264   -1846.4512825   -323.235482
469.6427109   -1852.6879549   -326.7489076
468.3486941   -1848.9122391   -324.3760169
466.4241495   -1854.7075987   -327.8575838
466.5103825   -1851.3470888   -325.7603049
463.778493   -1847.8856087   -323.2567012
464.4895317   -1850.7368565   -325.1794279
462.1867361   -1854.9736738   -327.460587
460.6707814   -1850.3272533   -324.2264688
458.9376571   -1847.3343849   -322.0316768
459.7483399   -1853.3700705   -325.9628415
457.4155631   -1851.5688181   -324.1456747
454.3656977   -1848.849535   -321.1291432
452.2794756   -1852.8805971   -322.7316141
451.1470022   -1847.5365639   -318.7422156
448.4901401   -1852.7698517   -319.8800385
447.3301294   -1849.9855995   -316.9725835
446.110663   -1855.0577164   -319.226712
444.0974715   -1847.9633331   -312.3225272
444.630635   -1852.6904583   -315.6413436
442.9268213   -1851.854682   -312.4872446
441.1610486   -1851.2936831   -309.0778887
440.951434   -1848.0625153   -306.9631755
440.9937086   -1854.9252748   -311.073184
439.8891004   -1854.1408777   -307.9006672
438.9311346   -1851.3717651   -303.2668531
439.7705021   -1847.6825953   -303.509146
438.2598522   -1849.7225046   -299.1237938
438.0480769   -1846.5393782   -292.5590873
437.6327815   -1853.0538082   -299.5301485
437.7163919   -1847.0100164   -290.0707722
437.3825463   -1850.0841856   -293.8883007
437.148464   -1848.1267691   -287.0193422
436.7277148   -1853.6200523   -294.9020565
436.8315312   -1847.6743698   -282.4295461
436.759186   -1846.6672897   -278.9660096
436.606315   -1851.2762785   -289.1449928
436.1797544   -1853.9084196   -290.6923294
436.1994537   -1851.297617   -284.4789922
435.6575581   -1851.9040346   -279.3504894
436.1191364   -1848.5610485   -276.3075829
436.0351237   -1847.0926285   -272.585392
435.5478259   -1854.9352884   -286.266923
435.3360357   -1854.4938564   -282.6587558
435.366747   -1852.0054817   -274.517417
435.3879067   -1847.7267027   -268.2989836
435.1880821   -1851.146698   -270.2752948
434.7966584   -1851.7276049   -267.1042979
434.8761859   -1847.8014469   -265.1922405
434.7389164   -1854.1103601   -270.8761394
434.7478273   -1855.2573919   -274.0954459
542.8957614   -1846.1745977   -198.8004595
542.6828051   -1845.790863   -185.2324158
542.7446226   -1847.2614288   -195.1301396
541.4867187   -1850.0252962   -190.4335171
541.1763685   -1848.5156298   -203.7454247
540.8505509   -1847.0846415   -207.297042
541.7902703   -1849.0773439   -198.8007277
540.922531   -1847.12708   -180.7857901
539.8384044   -1846.0150957   -176.2826592
541.6533584   -1850.0101566   -193.6596036
540.9560474   -1849.6066332   -185.5763197
540.2432243   -1852.037549   -187.6989752
540.8156822   -1851.9053459   -197.4275261
540.1558215   -1852.6083231   -200.8611113
540.2613664   -1853.2972336   -192.710489
538.7261669   -1852.1190882   -208.0934942
539.2323109   -1853.8908958   -203.3624649
539.1513752   -1854.8642397   -188.7939721
538.6184724   -1849.6046066   -178.5413921
539.2922396   -1848.597765   -210.7361108
539.3355275   -1851.4693975   -182.9898804
538.3290323   -1853.8261652   -183.5110784
538.5101   -1845.6792831   -216.5013999
536.726051   -1846.929431   -172.4444628
538.0632179   -1848.7511873   -214.4189924
537.96962   -1851.2866497   -211.6357386
535.9658199   -1850.5413532   -175.1374751
536.8568795   -1854.7415733   -211.152941
536.9533198   -1848.6698866   -217.8280652
535.4837003   -1854.2523384   -177.9865772
536.4218252   -1852.8552055   -214.7882879
535.9737436   -1848.304987   -221.1361378
535.3236059   -1852.0132303   -219.1087306
531.7209484   -1847.1553326   -168.3928668
533.4071713   -1852.6264429   -173.8577783
534.9293622   -1847.268343   -225.2226919
534.4338203   -1850.2633572   -223.6823291
533.9549976   -1846.9977379   -228.4396589
533.5425781   -1853.4048796   -223.288089
534.0168747   -1854.6583652   -220.4003632
533.1330458   -1851.5797853   -226.5672833
532.6710055   -1846.2139368   -233.4202081
532.8568938   -1849.4286537   -229.6870947
531.5499204   -1852.409482   -231.6553146
530.1166857   -1854.2201519   -172.071293
529.6888585   -1851.4316082   -169.8857695
531.4231338   -1849.8414755   -234.8548174
528.6760526   -1847.4816084   -166.7650789
530.5250073   -1850.1833677   -239.1249835
530.3640413   -1853.7681103   -236.049369
530.1077338   -1849.0364552   -243.2308793
530.0702462   -1846.3214636   -246.8372434
529.7551835   -1852.1211147   -242.6933497
529.8406864   -1845.3413248   -250.9548962
529.5909765   -1846.3242054   -255.5785477
527.3717018   -1853.6100388   -169.6287841
529.5304479   -1851.0397673   -247.1054196
529.5464779   -1849.0470648   -250.1727641
529.508275   -1847.9166031   -260.1028383
529.4545005   -1849.2394686   -254.0609241
526.7151716   -1850.6419659   -167.439118
529.3614353   -1850.9265184   -257.7246428
529.1819396   -1854.1557789   -249.1062731
529.2404341   -1852.7959585   -252.6450753
529.3484377   -1851.7620564   -263.0421519
529.2844372   -1854.409337   -260.6447041
524.6730866   -1847.90802   -164.3559635
523.6928063   -1852.8176546   -166.6933596
519.5839527   -1850.8819342   -162.3724997
517.6271322   -1846.9948769   -158.0398679
515.5085298   -1850.8805037   -158.5625559
514.0250894   -1847.7627039   -154.7758281
511.805554   -1852.7405262   -155.9034139
511.2078386   -1846.763134   -150.3835171
511.5558776   -1849.5414257   -153.2080472
508.8190483   -1845.8478451   -145.9848583
509.5224204   -1851.0811329   -151.5725106
508.5369097   -1849.0914106   -148.3592391
506.5183761   -1852.8522253   -148.1514871
506.3080313   -1846.4586735   -141.6760534
506.9062384   -1849.0657806   -145.5429643
504.8073652   -1851.3153791   -143.3207542
503.4636455   -1849.7349024   -138.492316
502.3699673   -1854.2586565   -140.7462806
502.0175027   -1848.6878872   -133.2310289
501.0139393   -1853.3517122   -135.7791871
500.873697   -1848.01507   -128.2417774
499.6131556   -1852.4670601   -130.0051361
499.6780353   -1848.2458591   -123.2327744
499.295515   -1846.996069   -117.6984981
499.4659098   -1850.4600525   -126.5095621
498.0911659   -1853.28722   -124.4541556
497.811717   -1851.4764309   -119.0151274
434.3484315   -1846.0808992   -262.3488903
434.3494447   -1849.9449492   -262.891233
434.3381795   -1853.1923294   -264.6643519
433.4152164   -1849.006176   -258.3307624
433.8715049   -1852.2295952   -260.5857849
433.0430599   -1847.1820354   -256.8982542
432.847959   -1852.468729   -254.9559176
432.4661019   -1849.1499424   -254.1891336
431.421307   -1846.1444378   -252.0297468
432.1639957   -1855.0263643   -251.0466874
431.5414699   -1850.4779339   -250.2376437
431.263608   -1854.8121452   -247.7163821
430.3686144   -1847.0295668   -248.4230995
430.5136474   -1852.3560762   -246.3219464
429.9886497   -1849.3900299   -246.1592853
428.6745461   -1846.2252617   -121.4043126
432.9958083   -1845.4180956   -118.8913509
429.3802204   -1851.8073559   -243.5071021
429.1419955   -1846.1936712   -245.6073165
428.8055422   -1853.9936543   -241.3427383
428.5328212   -1848.4922647   -242.9237366
427.8061064   -1851.1271477   -240.2077168
427.5057884   -1854.654789   -238.3113205
426.9855442   -1850.8669138   -121.1308613
424.377379   -1847.7040529   -123.7258166
430.8577748   -1849.0964174   -119.3927824
426.6189607   -1846.96877   -239.4988537
425.5570742   -1850.9283066   -235.8709127
422.3871502   -1852.4866104   -123.2159585
430.7813766   -1853.7240028   -118.1104854
424.2377105   -1845.9546566   -235.371381
423.1313886   -1852.6160717   -231.1297208
423.2026758   -1849.0573168   -232.4087024
420.2169301   -1849.3508101   -126.0121167
420.8849939   -1848.8379717   -228.2026112
420.5587181   -1853.5971642   -225.8448601
419.5015552   -1845.6524611   -226.4873385
418.3085682   -1854.1787863   -125.2034903
418.6589094   -1846.1908102   -128.8623214
418.7926473   -1849.3653536   -223.0641991
416.3106056   -1851.2346745   -128.5677105
418.7235656   -1853.7255526   -220.9125161
418.0591377   -1845.6046581   -222.1796513
417.8834828   -1851.0234356   -218.8211679
417.7173498   -1847.897768   -219.5873559
415.9806194   -1848.0600119   -130.8687329
417.2926816   -1851.8110514   -215.1812613
417.2671708   -1848.7585783   -216.8171108
415.5085506   -1846.0181952   -133.4248334
416.9200929   -1852.2011042   -210.8339965
416.8758961   -1848.3070135   -213.2792622
416.8596687   -1854.1276455   -207.6000422
416.6167798   -1845.8975554   -201.436922
416.3800599   -1848.2043743   -196.9013661
416.8071272   -1854.1671038   -203.4788579
416.7201044   -1853.9999723   -198.8191158
416.1435189   -1854.6051979   -192.5781816
416.6278961   -1847.8372097   -209.4610929
416.6475805   -1850.7037163   -206.4184248
416.5769639   -1846.3842869   -205.4790854
416.5105792   -1849.7471809   -201.6768306
415.7562377   -1850.0496149   -192.3923641
414.7355827   -1848.2747078   -188.1490648
413.9193716   -1846.1601734   -136.8106753
414.2987254   -1851.4431715   -130.8930665
413.6877479   -1854.9034595   -129.2992681
413.7411388   -1849.5013714   -133.6655915
412.1181192   -1846.3028669   -142.9973394
413.4183349   -1853.5139561   -183.3123118
413.2593694   -1848.4441042   -182.9162985
412.0462658   -1853.9423943   -132.7300072
411.1845913   -1851.6616821   -137.5578195
412.0934131   -1848.3510017   -178.1955361
411.8407639   -1852.3693085   -179.3643981
410.6049808   -1847.2838402   -149.8241276
411.2326624   -1845.7826376   -168.9413786
410.5060967   -1849.5341539   -172.0948517
409.4462665   -1852.658987   -143.016234
410.0360098   -1849.9104977   -146.0978538
410.4537787   -1846.5884924   -154.98586
410.2965417   -1853.7778854   -175.5281836
410.7293608   -1846.331954   -165.9407616
409.6766832   -1848.3110666   -159.0029299
409.8254117   -1848.2117653   -163.1711721
409.5540019   -1850.0299454   -166.8017656
408.925158   -1850.7189751   -154.2940736
408.2375886   -1853.67167   -148.7414688
408.9790406   -1853.5848856   -169.8880643
408.6678299   -1851.3759375   -162.0950103
408.2331034   -1852.3534536   -158.1603438
407.9939844   -1854.3691635   -165.0855839
407.3397639   -1855.2451134   -160.423547
499.3320899   -1845.566988   -112.6563549
498.6890974   -1846.9023705   -96.3710696
496.4426132   -1846.4100361   -89.7233412
498.5044348   -1846.7921019   -104.6555713
497.4596026   -1849.5082855   -107.9048365
497.4187287   -1849.3340015   -101.5394852
496.3712963   -1849.3878841   -93.6050117
497.6811679   -1850.0144482   -113.950789
496.8066337   -1850.4338264   -97.600773
496.384752   -1854.0462255   -115.0220335
496.4348721   -1852.7485132   -111.3391593
495.7733127   -1853.6399603   -103.65545
495.5769303   -1854.6363115   -108.1291288
495.3663918   -1853.3985615   -98.9828929
495.241155   -1852.6673317   -95.9546492
492.5648542   -1850.5529165   -90.142101
492.5140785   -1845.6772566   -87.211132
493.771662   -1852.9691696   -93.4607834
491.1298128   -1855.2781343   -92.3602656
488.08447   -1848.3511209   -87.9926533
489.1642156   -1852.6687622   -90.3697014
486.3081472   -1852.8715372   -89.9016783
484.4192537   -1849.2501974   -89.0050977
482.453865   -1853.7213802   -90.6823725
480.4683002   -1849.5856524   -90.4297978
478.4303056   -1854.7856808   -92.0440331
475.1381772   -1848.4207392   -92.3658833
473.3458134   -1853.746891   -93.8137248
470.4431938   -1849.1965532   -94.7139636
469.1318022   -1853.6015749   -95.8040431
467.8128781   -1845.6403017   -95.7441106
465.9450772   -1849.4421244   -97.1323103
465.236527   -1854.6316624   -97.8472158
462.5744345   -1851.5837193   -99.1043076
461.5459564   -1847.4521637   -99.4443446
458.775756   -1851.0957956   -101.2454703
457.24265   -1846.3453054   -102.0509824
456.5646323   -1855.2627563   -102.4820805
453.3973458   -1850.7057428   -104.6125591
453.5052898   -1845.2870846   -104.5083404
449.7427317   -1846.7720747   -107.2106138
449.6792378   -1853.9651632   -106.6623405
448.7036588   -1850.8696556   -107.6169983
444.8077651   -1848.9732742   -110.5098501
445.7653733   -1854.0939093   -109.0626121
440.9476193   -1853.7822962   -112.1424809
439.4036355   -1849.2286205   -114.0878052
436.0497268   -1853.5622358   -115.1502952
434.663591   -1849.3354321   -117.073901
