-84.9119154   -1854.9497128   178.7795126
-85.4268996   -1845.5673456   216.3994312
-85.4929415   -1850.1503468   210.4545832
-85.9929649   -1853.4170389   206.9766372
-86.43392   -1848.3865261   214.7287577
-88.3360235   -1854.0058136   211.0759467
-87.4397484   -1851.0820866   213.0231708
-88.3935419   -1847.7168083   218.5686529
-89.6253911   -1851.6938686   215.7595754
-89.705321   -1845.719099   222.5456089
-91.4531676   -1849.5163918   219.9969143
-93.7666026   -1853.5536528   218.22308
-93.2196704   -1847.4829197   223.5091478
-95.6270424   -1851.7270088   221.0820019
-96.0924951   -1846.8990326   225.5332023
-96.363577   -1850.0298262   222.9943275
-98.2411829   -1845.4051018   226.8384546
-66.6363565   -1845.8932638   96.4621529
-67.887458   -1848.1289148   88.6174813
-67.2468869   -1847.5769758   93.4547409
-67.4556819   -1847.022891   103.4911722
-67.22531   -1847.6223946   99.0091488
-68.336877   -1847.1022844   83.7360173
-67.6896898   -1849.2693901   96.2943882
-68.113598   -1846.0562229   108.6929217
-68.4005944   -1851.1890173   100.3824472
-68.8014952   -1851.8716097   90.9156054
-69.7113601   -1848.6661911   79.3412924
-69.2985383   -1849.5103121   109.0585217
-69.3773357   -1852.2578478   105.5735499
-69.3673817   -1846.5737104   112.7839088
-68.9780442   -1853.3916473   96.1993784
-69.6900216   -1852.7003527   85.6383741
-69.32995   -1853.4668684   102.7354524
-70.186886   -1852.435708   82.2229311
-69.6580736   -1853.9497852   88.8166055
-70.5293743   -1847.0162153   74.711971
-70.0711934   -1851.4612913   109.7918525
-70.8792535   -1849.1727114   114.9077341
-71.0339276   -1851.7644405   77.4487779
-71.3451234   -1854.4758558   110.9751537
-71.9023672   -1852.4945974   114.7306561
-71.8242256   -1848.2015133   118.8447699
-71.9721643   -1847.6109505   70.9259287
-72.8507368   -1853.5139561   72.7612525
-73.2405511   -1851.7676592   70.2627674
-72.5721446   -1845.4704285   124.8083264
-73.0961887   -1852.8082371   118.0320457
-73.4965531   -1845.6560373   127.8098822
-73.1298653   -1848.0839729   123.4594136
-73.5425679   -1848.241806   67.2688559
-73.4419552   -1850.8169651   121.2960556
-74.8861758   -1848.143816   63.8777167
-74.70915   -1845.5010653   132.2859675
-74.7078387   -1853.74403   122.013703
-74.4845001   -1851.0253429   124.2416725
-75.030419   -1849.1294384   128.49769
-74.9836294   -1852.7855873   66.1777109
-75.7995573   -1846.1155891   135.4325116
-75.8436052   -1853.4486294   126.0237843
-75.8038489   -1849.6083021   130.6074709
-76.6542879   -1853.7759781   62.5805557
-76.6086904   -1852.5846004   129.7462732
-77.3873655   -1849.1624594   58.2952313
-77.3541657   -1845.8981514   56.4778559
-77.0204393   -1851.6571522   132.6252073
-77.6860443   -1850.0624895   137.2459084
-78.1868426   -1847.0754623   143.0628598
-78.0762164   -1855.1405668   132.3475391
-78.3281056   -1853.8110256   58.5406274
-78.8434473   -1846.1596966   146.9548494
-78.4468976   -1853.3881903   136.0374093
-79.1200725   -1851.3462543   55.2737974
-80.1585642   -1849.5461941   51.71635
-79.337391   -1851.7392874   142.2378272
-79.6072213   -1854.4185162   139.8051828
-80.1669685   -1852.2619009   145.616442
-80.0785152   -1845.761776   49.6945232
-79.9943534   -1847.3352194   150.8204639
-81.0641376   -1853.7336588   51.8883765
-80.7015029   -1845.595479   157.5949937
-81.336054   -1845.5042839   172.7342457
-81.0476867   -1848.3854532   155.1398337
-80.9408156   -1851.1606455   151.0263979
-81.7339746   -1848.0321169   46.9100922
-81.926438   -1851.6229391   48.5463701
-81.8598596   -1847.4788666   161.1537933
-82.2170702   -1847.4117517   164.729774
-82.0708004   -1849.6985435   158.6897075
-82.0181695   -1852.1704674   155.3369462
-82.0598928   -1854.9402952   152.4677873
-82.450184   -1847.62609   169.1881418
-83.2711188   -1847.7522135   42.8526103
-82.9245774   -1849.1201401   173.5450178
-81.4090101   -1846.927166   177.1527678
-83.7726919   -1853.0066013   44.7073914
-83.1578103   -1850.9083986   162.5105143
-83.2727877   -1854.1593552   158.8941067
-83.4951726   -1850.5654335   166.4749235
-84.3443004   -1852.3744345   170.2627093
-84.4285218   -1852.8740406   175.0544757
-83.0567805   -1850.3721952   176.9877225
-83.9926926   -1854.2742729   161.9284749
-84.808263   -1854.6841145   165.7196283
-84.8610727   -1847.3105431   38.3762158
-84.7342936   -1850.2227068   40.5405089
-85.4862062   -1855.2726507   172.6624966
-86.6585699   -1852.9058695   37.0171294
-86.1497251   -1846.9054699   34.6368216
-87.724897   -1852.7321815   33.8996015
-177.9349772   -1854.1049957   172.7775782
-178.7202088   -1851.0475159   172.9289293
-175.763282   -1851.5552282   174.9044955
-172.5311009   -1854.7184467   176.3975769
-179.2961685   -1845.9593058   173.7106591
-181.8128554   -1848.1014967   171.4381427
-176.0230986   -1848.1571674   175.5110025
-181.4098088   -1852.8654575   170.4986095
-184.666845   -1849.1051197   169.0535247
-184.3347875   -1854.4937372   167.7852124
-187.2431365   -1845.5349207   168.1798995
-187.7771942   -1848.7474918   166.8144464
-188.1110398   -1853.6453247   164.9213135
-191.0330383   -1850.2745628   163.5981202
-192.6637021   -1848.7160206   162.8567576
-193.4045879   -1852.4826765   160.8181149
-195.8667962   -1848.8122225   160.0320488
-196.1721507   -1853.6444902   158.0833346
-198.7063018   -1851.5348434   156.6469371
-199.9200312   -1847.9371071   156.6443145
-202.8614608   -1852.4236679   153.0716717
-202.6496855   -1847.5863934   154.210031
-207.3614327   -1854.9520969   149.8433352
-205.9142915   -1846.1555243   151.4478922
-207.2359053   -1850.8677483   149.9689519
-209.6071569   -1848.7514257   148.177281
-210.6998888   -1853.0240059   147.5847065
-213.578972   -1850.1608372   145.301491
-216.6110603   -1847.0585346   142.5709575
-218.4568373   -1852.5122404   142.3114985
-220.6153599   -1850.2600193   140.2262598
-220.7033364   -1847.3238945   139.4699514
-223.7528888   -1854.526639   139.4660026
-223.79944   -1850.5660295   138.0135864
-223.7053243   -1847.4969864   137.2275054
-225.7383195   -1845.2808857   135.1136118
-227.0510522   -1850.039959   135.4412735
-227.2699205   -1853.6686897   136.7325634
-230.0622789   -1853.1751633   134.5412284
-232.111427   -1849.8830795   131.6079348
-234.3125073   -1846.4057446   128.679961
-236.3748876   -1851.4755964   128.775835
-237.2395126   -1848.277092   126.8513501
-239.0758721   -1850.11971   125.9343922
-238.7274233   -1845.6825018   124.7554049
-241.4165465   -1851.2331247   124.3487075
-241.9972745   -1848.0191231   122.550495
-243.507239   -1853.0663252   123.28168
-244.4196073   -1848.6076593   120.5165237
-246.1248962   -1851.7332077   120.2486083
-248.0689017   -1847.5766182   116.5983379
-248.648378   -1852.1976471   118.0598736
-250.2277819   -1851.8850803   116.46308
-252.4692742   -1850.4943848   113.5543436
-251.0142652   -1854.5629978   117.1056032
-252.5894371   -1846.3054895   111.2137139
-255.9848753   -1854.5151949   112.6373559
-254.5873252   -1848.4655619   110.1943254
-255.7880012   -1851.2603045   110.6834114
-257.5779287   -1848.7651348   106.8935543
-258.3249537   -1854.9774885   110.7723638
-260.1367561   -1853.3167839   107.6933891
-260.1977316   -1846.5640545   101.3259888
-260.8616082   -1850.2219915   104.1274965
-263.0596486   -1847.825408   97.5474343
-263.3096901   -1853.348732   104.0201709
-263.063821   -1850.0199318   100.4272774
-264.3535463   -1846.5328217   91.6874409
-266.1870448   -1852.4025679   97.9112014
-265.4903261   -1849.4112492   94.0694511
-265.5302016   -1853.4154892   100.6715
-265.1680437   -1846.6278315   88.5122567
-266.6769353   -1849.4399786   89.7336155
-266.8910948   -1848.6331701   85.7084766
-267.2136156   -1848.3355045   81.9874704
-266.6358677   -1845.6091881   75.7163763
-267.2098009   -1852.4625301   95.4900831
-267.3994032   -1848.13416   79.0558681
-267.4694983   -1851.5219688   92.3759192
-267.8824393   -1847.7830887   72.6938546
-267.7072016   -1846.2464809   69.4869235
-268.1296793   -1849.0561247   75.8197904
-269.4538561   -1852.7032137   85.5383128
-268.7552897   -1852.4632454   89.8227692
-268.3941451   -1846.6176987   65.951705
-268.5981122   -1850.8546352   82.3901966
-268.6188547   -1855.1533222   96.9626009
-269.036862   -1854.2351723   93.7562659
-269.4863407   -1851.8301249   77.9795274
-269.3000165   -1850.0117064   69.2185014
-269.1397396   -1846.5954065   61.4937916
-269.6888176   -1851.7063856   73.6938789
-270.1618401   -1850.2955437   64.357765
-270.4541413   -1854.5986414   88.4404853
-270.2357499   -1845.8391428   55.048082
-270.0968114   -1847.2901583   58.0386519
-270.9306208   -1850.2178192   59.8664582
-271.0491744   -1854.0729284   72.0418915
-271.463844   -1853.9530039   67.2570392
-271.3530985   -1854.8886776   76.0589167
-271.48554   -1849.4113684   55.8194481
-272.2439495   -1854.1327715   62.4166541
-271.8253461   -1848.0342627   52.3141846
-272.1517412   -1846.7410803   49.5679341
-273.0114786   -1853.5376787   57.2444014
-273.555669   -1851.2029648   51.131364
-273.666474   -1848.2749462   47.0959954
-274.6721236   -1855.0790548   53.6705852
-275.6370036   -1854.3764353   49.4861491
-275.7203308   -1847.4290371   40.6755842
-275.4324404   -1849.2268324   43.591436
-275.1548616   -1850.8644104   46.1997613
-276.8666474   -1852.7028561   43.9450964
-277.1793929   -1855.1052809   46.1954959
-277.4442164   -1847.6904631   36.4459455
-278.1570283   -1852.7555466   40.8180878
-278.2304613   -1850.8478403   38.2776931
-280.1577774   -1853.2209396   36.4752226
-282.141718   -1853.8390398   32.4264355
-129.5439927   -1849.6097326   -267.8988874
-133.1633655   -1846.3104963   -271.0874379
-125.7950989   -1846.6520309   -265.9159899
-131.9808689   -1853.924036   -267.9020464
-133.5602132   -1851.1350155   -269.7197199
-128.3951131   -1854.7081947   -265.0844753
-126.1562435   -1850.5936861   -264.9123669
-137.2608272   -1850.4856825   -271.5298533
-137.0560852   -1846.0928202   -272.8388011
-140.1936737   -1854.8923731   -271.3723779
-140.0840608   -1848.0854034   -272.9552984
-142.3820583   -1850.6412506   -272.8097141
-142.6938502   -1846.4155197   -273.31388
-144.9790923   -1851.8811464   -272.9592621
-145.7233755   -1849.1095304   -272.8819847
-148.3798353   -1852.243185   -272.4589705
-148.984286   -1846.9110727   -272.4652588
-151.2472359   -1855.1896811   -271.9790339
-151.6330568   -1851.7457247   -271.7298567
-150.8744089   -1848.0587006   -271.9025016
-153.2815424   -1849.2661715   -270.5782056
-154.6944109   -1847.0782042   -268.8834667
-154.9769966   -1853.1374931   -270.1856494
-155.8800069   -1850.5343199   -269.1910863
-158.1560699   -1849.6723175   -266.9628859
-157.9147307   -1853.6518812   -268.4012055
-160.3002278   -1853.4778357   -266.4036155
-118.7982885   -1846.3724852   -250.1705885
-119.4999544   -1846.7848301   -254.4448972
-119.0626947   -1847.6111889   -247.3288476
-119.2328063   -1851.5090942   -249.5701611
-119.7612611   -1846.3516235   -244.5871085
-119.6627942   -1850.3706455   -244.932875
-120.3400818   -1852.2895575   -254.6500266
-119.7694866   -1854.8430204   -245.0057566
-121.1768714   -1849.1765261   -258.0542862
-120.7414595   -1848.9397764   -241.7382449
-120.5925671   -1853.0697823   -241.6775078
-122.5135056   -1853.8715839   -258.7502897
-121.8270389   -1851.3686657   -239.1252369
-122.2246615   -1847.5898504   -238.6261076
-123.3035652   -1848.8612175   -262.1156275
-123.6358611   -1851.5644073   -235.5988771
-124.7813431   -1846.3852406   -235.3785932
-124.8050062   -1853.1861305   -262.6252472
-125.7291166   -1853.8355827   -232.3397249
-126.5058247   -1849.9051332   -232.4421406
-128.0127493   -1853.1931639   -229.7088355
-127.2211996   -1847.3285437   -123.046726
-125.6593195   -1847.9342461   -118.6707392
-129.0313331   -1849.3714333   -229.886502
-127.1163551   -1850.2153158   -121.8864769
-128.6228029   -1850.3470421   -125.1879781
-127.838823   -1853.0802727   -122.5363985
-125.9848205   -1851.3742685   -118.4337214
-128.4779636   -1846.6633558   -126.0173619
-129.4642416   -1853.9950848   -125.5615801
-131.0913888   -1851.9084454   -227.2188812
-131.6362349   -1846.7321396   -228.2629162
-130.287501   -1848.3730555   -128.8637668
-130.3930608   -1851.9222736   -127.8836578
-131.4722625   -1854.9948931   -128.5337508
-132.4187247   -1851.8418074   -131.0922056
-132.4662296   -1848.2201099   -132.3687583
-134.3493787   -1850.1229286   -225.0502557
-134.0136258   -1846.5126753   -135.1044178
-133.4215132   -1854.9666405   -131.4029396
-135.1830093   -1845.5528021   -225.9424478
-134.4121424   -1850.5256176   -134.3595386
-134.9134771   -1853.8419008   -133.7880492
-137.7324788   -1853.074193   -221.7648774
-136.0393492   -1848.5164642   -137.2401416
-137.1397702   -1848.1703997   -223.646149
-137.3496381   -1854.7290564   -136.7555857
-137.2583238   -1846.3157415   -139.8404241
-139.25198   -1849.6421576   -141.5019482
-139.0772787   -1853.3296585   -139.6591812
-142.465922   -1853.7676334   -218.2314992
-139.8213235   -1848.2865095   -221.8491137
-139.632496   -1846.288085   -143.8542008
-141.2198869   -1853.4802198   -143.118754
-143.199834   -1845.487237   -220.8008915
-141.6702596   -1849.9933481   -145.7073241
-141.2712065   -1846.4523554   -147.063598
-144.2402927   -1849.8187065   -218.3873951
-143.2022182   -1854.1853428   -146.580562
-142.920169   -1848.3110666   -149.44686
-143.5841051   -1851.6186476   -148.7526447
-143.9351765   -1846.6355801   -153.4678191
-147.0263926   -1854.3970585   -214.520514
-144.7740523   -1850.9472609   -151.951775
-148.591849   -1847.5999832   -216.2902802
-145.0310675   -1854.6880484   -150.2590925
-145.6081597   -1847.7227688   -157.1910828
-145.7298128   -1850.1796722   -154.9838781
-146.3300911   -1845.9706306   -162.9771888
-146.9502179   -1854.3958664   -155.0023407
-147.4230615   -1849.2088318   -161.0308588
-146.9858614   -1851.0946035   -157.60988
-148.0098096   -1848.1527567   -164.8602039
-149.1092173   -1848.4375477   -168.565765
-148.7181512   -1853.821516   -160.1441801
-149.3204562   -1846.5402126   -172.8332192
-151.3503519   -1849.9302864   -213.3466452
-149.9429671   -1853.7169695   -212.5300318
-149.5945183   -1851.7866135   -164.8439914
-153.4029571   -1847.3622799   -213.8469666
-150.848004   -1846.9676971   -176.5005887
-151.1610476   -1850.2082825   -172.4641919
-151.0703889   -1852.2849083   -168.9532399
-153.7316171   -1851.3256311   -211.1010402
-151.8899528   -1846.1592197   -179.6268225
-152.8125731   -1851.7529964   -175.2946675
-153.9466707   -1850.4617214   -179.8383892
-153.7100998   -1845.7789421   -183.077842
-154.285225   -1854.4949293   -176.3754636
-156.7315189   -1851.9906998   -208.6944431
-158.3510367   -1855.2670479   -204.7388703
-157.0393173   -1848.0373621   -211.6401494
-155.6867687   -1848.2503891   -184.498176
-156.1476914   -1851.7155647   -183.0789894
-157.8193633   -1846.5354443   -188.2407367
-158.4133831   -1849.6121168   -188.0092919
-159.4088999   -1846.0665941   -212.4937177
-159.6516696   -1846.8819857   -263.6033893
-159.9012343   -1849.1808176   -208.8998407
-160.5716077   -1851.0144949   -206.33246
-160.8972875   -1849.1601944   -191.5800869
-161.2447826   -1845.5041647   -192.4471259
-160.0707499   -1853.0473709   -189.8272038
-161.7622701   -1851.4443636   -263.9740407
-161.6450278   -1852.1779776   -203.5594434
-162.8148881   -1846.6978073   -210.4936838
-162.120792   -1848.5000134   -261.6619766
-164.3770663   -1849.0124941   -205.9022635
-163.1306735   -1854.4323444   -197.6073682
-162.8394452   -1848.6976624   -194.0937638
-163.1535021   -1852.8856039   -200.5030662
-164.7050706   -1850.5080938   -202.2860646
-164.5509926   -1845.6164598   -252.8382838
-164.1118852   -1846.8573093   -256.2739551
-164.0109745   -1850.9180546   -260.7563138
-164.8524133   -1854.5238972   -261.9772851
-164.9055807   -1846.575737   -210.8605802
-165.5100314   -1850.4151106   -257.7914298
-164.563152   -1850.8960009   -198.211357
-165.3967825   -1847.664237   -197.3843873
-167.4464671   -1848.2877016   -201.8968165
-169.4890586   -1847.445488   -205.0683349
-167.7930085   -1853.7906408   -256.9577098
-167.3865048   -1850.6962061   -253.8740635
-169.9770419   -1847.1821547   -213.429749
-167.2085253   -1848.5440016   -250.4121065
-167.8192345   -1845.7102776   -239.207387
-169.7869626   -1847.3360538   -209.1102749
-168.203446   -1848.2401371   -246.0953295
-168.8448516   -1845.7620144   -232.7101827
-168.9300863   -1845.4201221   -225.7628739
-168.8900916   -1848.035574   -242.4951345
-169.7182981   -1847.2003937   -234.8974943
-170.3808633   -1852.8989553   -249.8661876
-170.2205864   -1851.0099649   -246.1484969
-171.0344879   -1847.315073   -218.0476189
-170.0496403   -1854.6926975   -253.5191476
-171.5292064   -1850.0087261   -237.5057936
-173.2230512   -1849.1358757   -223.6840576
-172.1786586   -1849.20156   -230.3442806
-171.5709297   -1848.2409716   -227.495715
-171.3095633   -1851.3939381   -243.2356179
-173.1508104   -1854.7846079   -245.8379269
-173.6100046   -1846.0062742   -206.8775594
-174.5145646   -1852.7952433   -234.7271442
-173.5220281   -1847.8062153   -213.0788714
-175.5526987   -1847.176671   -210.7156217
-174.3734208   -1848.7417698   -216.8236077
-174.1990177   -1849.3405581   -220.6711024
-173.1324521   -1852.6655436   -240.0580049
-174.6551124   -1854.8438549   -241.2590683
-175.4491059   -1852.2388935   -229.2897999
-175.5615798   -1851.4221907   -225.6848812
-175.8494703   -1855.198741   -238.2090837
-177.973005   -1852.1254063   -222.8581905
-176.3173667   -1848.3314514   -213.7656361
-178.3234207   -1845.500946   -209.3847543
-178.2198874   -1850.1592875   -217.2268331
-178.1335799   -1854.2081118   -228.3406258
-180.4512469   -1848.220706   -213.6512101
-181.4676849   -1852.575779   -220.3200758
-181.5446941   -1855.0338745   -224.9237299
-182.0106236   -1850.4952192   -216.6822851
-182.9578606   -1846.8949795   -212.3547345
-185.5993   -1848.6168385   -214.2010778
-188.1757108   -1845.3885317   -211.0884786
-185.192856   -1852.8083563   -218.6783403
-187.0251027   -1851.0376215   -216.2131071
-188.4556738   -1854.624033   -219.6637243
-188.5364977   -1849.0916491   -214.1047269
-191.7416183   -1850.6928682   -214.706406
-192.502412   -1845.8013535   -211.1159265
-194.9066845   -1852.0401716   -214.8120552
-196.2942807   -1849.8140574   -212.7875686
-199.3778674   -1846.5250731   -210.1739645
-198.249611   -1854.2200327   -214.9073929
-200.9712187   -1849.7835398   -211.010173
-204.6176521   -1854.8711538   -211.478889
-209.0370385   -1850.3681421   -207.6630741
-207.8522769   -1853.9977074   -209.1292292
-210.8080117   -1855.1285267   -207.6451033
-212.2397748   -1845.7074165   -206.6730559
-214.1676871   -1853.8076878   -205.8580667
-213.2991282   -1849.5172262   -206.1893046
-215.8907977   -1847.9373455   -205.8365345
-216.1395279   -1851.2182236   -205.4198384
-219.4031207   -1853.2626629   -204.3585628
-220.9707228   -1848.7020731   -204.9174756
-224.7317163   -1850.6976366   -204.2414248
-224.7069804   -1846.4441299   -206.4568847
-228.0320255   -1853.9141417   -203.1953186
-228.7025777   -1847.3874331   -206.7608833
-228.6306349   -1851.3321877   -204.4686973
-231.6074101   -1853.8979292   -203.6529779
-232.8031389   -1848.7571478   -207.1657032
-233.5976092   -1852.0390987   -205.1949054
-236.6791097   -1853.9025784   -204.7667652
-236.5999547   -1849.4646549   -208.1036866
-237.1682254   -1845.9998369   -211.4155591
-240.8834425   -1853.664875   -206.2428743
-240.2546135   -1850.5157232   -208.7130249
-243.2585684   -1849.1156101   -211.268574
-242.6654426   -1845.9379673   -214.0720189
-243.1201068   -1851.618886   -208.9164257
-244.8961464   -1854.0177345   -207.49484
-245.7244722   -1847.2390175   -214.2104357
-246.579024   -1852.3346186   -209.6387893
-248.8599149   -1851.169467   -211.6969973
-248.402032   -1846.1022377   -216.4987326
-249.9406663   -1854.6801805   -208.8291794
-250.0381795   -1849.3533134   -213.9500529
-253.1845299   -1846.3464975   -218.1028575
-253.9487211   -1850.675106   -214.0942961
-256.3566295   -1854.0313244   -211.5552872
-256.612095   -1847.2037315   -218.2893157
-258.3133308   -1849.170208   -216.7378813
-258.7968437   -1851.2405157   -214.7554755
-259.4124404   -1854.96521   -211.3084793
-260.0112883   -1847.3719358   -218.727544
-260.9370676   -1852.9525995   -213.4622484
-261.6423098   -1849.9947786   -216.3414359
-262.07647   -1845.4004526   -220.7698375
-263.7735931   -1848.311305   -217.9880589
-264.9011938   -1851.6823053   -214.6495432
-266.1806671   -1845.7816839   -220.1167941
-267.6343647   -1853.9202213   -212.101534
-267.6414577   -1848.8293886   -216.9660628
-269.3437067   -1851.2376547   -214.2053246
-270.6298558   -1846.0040092   -218.9007252
-271.508309   -1853.7130356   -210.8255029
-270.811948   -1848.6111164   -216.2163109
-272.9013888   -1849.7092724   -214.1411602
-273.4533278   -1847.0424414   -216.6345567
-275.1014558   -1850.3103256   -212.0524794
-276.1844126   -1852.3621559   -209.0191096
-276.8454281   -1846.5638161   -214.8488909
-277.8058378   -1854.1685343   -205.2399665
-278.0750719   -1849.3103981   -210.4607373
-278.7039606   -1851.6029119   -207.0125788
-280.8993188   -1845.8579779   -211.2603039
-280.6792585   -1854.1088104   -200.4397213
-280.9745995   -1850.4980803   -204.5117021
-280.3303925   -1848.757267   -208.2150728
-282.6944319   -1846.4611769   -206.7538053
-281.8413106   -1853.6365032   -197.4479705
-282.8262178   -1849.6515751   -200.378105
-282.9254595   -1848.1888771   -202.9450238
-281.7457048   -1846.6540575   -177.9644489
-281.5072862   -1846.34161   -182.8552336
-281.5065709   -1853.7871838   -183.4085435
-281.9635598   -1854.0619612   -187.5686795
-281.5556852   -1850.6740332   -181.4835966
-281.6981403   -1851.072073   -185.5445504
-281.9672552   -1854.1251421   -179.6178818
-281.7802755   -1849.2393494   -178.9750457
-282.8590003   -1846.3144302   -189.8769736
-282.3965279   -1852.5693417   -191.6017234
-282.6581923   -1848.4529257   -174.898535
-283.3590833   -1849.296689   -195.042178
-282.6707093   -1852.4905443   -176.3706356
-283.7248174   -1845.5184698   -171.154812
-284.0857831   -1853.3269167   -173.0239242
-284.4916908   -1849.4237661   -170.8514392
-284.1587988   -1846.2684155   -200.6020099
-284.1124264   -1846.4852571   -197.1057504
-285.4055492   -1846.6501236   -168.7208116
-286.0930292   -1852.758646   -169.6702689
-287.556502   -1849.8769999   -167.3454195
-287.2262327   -1846.3442326   -166.4252579
-288.2966725   -1852.4241447   -167.1843529
-288.5420648   -1845.6829786   -164.0902162
-289.4134251   -1848.7943411   -164.1934216
-290.1646224   -1854.5972109   -165.5013859
-289.9358002   -1851.6330719   -164.7838205
-290.5508009   -1847.248435   -161.2014472
-291.6841833   -1851.6213894   -161.5410894
-290.9599272   -1846.0636139   -123.7855479
-291.966292   -1845.4817533   -145.5300748
-292.0177308   -1847.4094868   -138.0088329
-291.6372744   -1854.9010754   -163.3012742
-291.2230221   -1847.1690416   -130.9627891
-291.5509669   -1848.1471539   -126.7879307
-291.5291516   -1846.2939262   -157.1950614
-291.3663117   -1846.4001417   -119.9551746
-292.1302048   -1850.225091   -159.471184
-292.0828787   -1848.8830328   -132.9963803
-292.6217643   -1847.1103907   -150.4562944
-292.4090949   -1847.1759558   -154.6570063
-293.1626765   -1849.3425846   -141.5234953
-292.1038596   -1849.8564959   -129.6073198
-292.3176614   -1849.8312235   -123.737365
-292.2596661   -1849.1678238   -120.4387769
-293.2721106   -1852.5259495   -127.0383596
-293.2244865   -1850.4601717   -156.1190933
-293.701264   -1849.9435186   -146.4673728
-293.2373611   -1850.8747816   -138.2001787
-293.2440964   -1853.0266285   -132.4164867
-292.9270593   -1851.3829708   -134.850353
-293.3135358   -1853.0426025   -158.4222466
-293.3733789   -1851.9890308   -121.344693
-293.3366028   -1851.4170647   -117.4305379
-292.2876207   -1847.9964733   -117.2637194
-293.4251753   -1849.6830463   -153.0501097
-294.3581668   -1851.7067432   -150.3988206
-293.9180461   -1854.9411297   -130.8570802
-294.4960324   -1852.512598   -143.9323127
-294.9151126   -1854.8662663   -140.6791657
-294.2808   -1852.902174   -154.5717716
-294.2666737   -1854.4248343   -118.4902713
-294.9571339   -1853.6286354   -146.9178051
-294.4617597   -1854.8357487   -138.4716183
-295.0705019   -1854.6510935   -152.5133401
-99.315199   -1848.7510681   224.2779881
-99.2968408   -1852.5834084   221.5717584
-102.8334824   -1853.639245   221.049279
-101.7853943   -1846.5992212   225.5713195
-102.2984115   -1849.8657942   223.4464586
-104.2592851   -1851.1300087   222.3295122
-105.9880582   -1849.6775627   222.5955725
-106.5832106   -1853.5758257   220.528841
-108.3740322   -1846.6101885   222.7477878
-108.2938639   -1850.1383066   221.2931365
-110.6452671   -1852.8053761   219.0023065
-112.1905772   -1848.2156992   219.9028134
-114.7602526   -1851.4887094   217.2516137
-115.5852405   -1846.7276096   217.6221013
-115.5727235   -1855.222106   215.5584544
-118.3804003   -1852.7042866   214.4041359
-118.6642376   -1848.9730358   214.8363143
-120.3013388   -1854.6717167   212.4650776
-121.5982763   -1851.0001898   212.0430619
-121.5148894   -1846.9516039   212.5193775
-123.8931743   -1846.4329243   210.2116197
-123.8688556   -1851.4442444   209.9268585
-125.7894365   -1852.7289629   207.9378366
-125.4840819   -1848.7682343   208.4377706
-126.9005863   -1845.954895   207.0504874
-128.0472008   -1849.5920897   205.790475
-129.2192665   -1851.9847393   204.3355107
-130.300912   -1847.5145102   203.527987
-132.5889555   -1850.5120277   201.0847032
-132.5664846   -1853.6732197   200.8045763
-133.5721342   -1846.603632   200.3414184
-135.2996556   -1850.5063057   198.5194385
-136.4779798   -1851.5906334   197.4126548
-136.1863343   -1846.3257551   198.0560124
-139.3633214   -1851.2732983   195.1760203
-142.5794093   -1849.2136002   193.1198239
-143.47181   -1852.5708914   192.1905875
-146.3988153   -1847.9508162   190.9838319
-147.9467479   -1853.7217379   189.433679
-150.9994594   -1849.38097   188.4058863
-151.3250796   -1854.1330099   187.5620484
-153.6518661   -1847.2801447   187.4890327
-155.6845037   -1851.3444662   185.9315634
-159.5192281   -1847.0914364   185.0066483
-157.087001   -1854.7041416   184.7114712
-159.1826407   -1851.5280485   184.3142211
-160.9583823   -1854.3465137   182.975173
-162.6489488   -1850.1514196   182.9728037
-165.2471749   -1850.6217003   181.6013455
-167.422506   -1846.8232155   181.2411547
-165.4728977   -1854.9509048   180.6065291
-171.6702906   -1851.3970375   177.70423
-173.6030308   -1846.7479944   177.4521768
-169.8615281   -1849.1326571   179.3260127
-170.1175896   -1845.9966183   179.8171252
-89.2461864   -1846.9411135   25.9623826
-91.2335245   -1846.8247652   20.1814007
-90.6022517   -1853.0015945   25.583595
-91.3060037   -1850.2616882   21.909371
-88.0972473   -1849.7051001   30.9472866
-88.9386264   -1853.0143499   30.6238867
-91.6791884   -1854.1343212   22.774091
-92.3676816   -1847.2549915   17.2190554
-92.613074   -1853.6342382   19.7574608
-93.8757388   -1846.9728231   12.984246
-94.0319029   -1850.4912853   14.422643
-95.7143036   -1854.4901609   12.5977844
-95.3270522   -1849.1258621   10.5782384
-97.1962539   -1848.89853   6.3124765
-97.1093503   -1852.208972   8.3718579
-98.5827176   -1851.7507315   5.1875492
-99.1030065   -1855.2497625   6.1366628
-99.4553296   -1848.9607573   1.8087423
-100.9101001   -1854.2503119   2.182303
-100.2637473   -1846.660018   -1.0120694
-101.4113156   -1850.7674932   -0.7998228
-102.6984779   -1848.7893343   -4.4517973
-103.0791727   -1855.2774191   -1.3423107
-103.5713879   -1846.9389677   -7.4051511
-103.9628712   -1852.5248766   -4.6575246
-105.4839817   -1849.3887186   -9.6067572
-105.7387916   -1852.8785706   -8.0014048
-106.6774455   -1847.1837044   -13.5371294
-107.096645   -1853.3422947   -10.5528599
-107.6977579   -1851.1120081   -13.1983357
-108.0161063   -1846.4291096   -17.1695966
-108.7217657   -1851.1699438   -15.5606046
-109.3615023   -1850.0614166   -17.9883614
-109.9070636   -1847.5718498   -21.4220118
-110.3551117   -1853.4690142   -18.2085522
-110.7776491   -1850.8793116   -21.3397779
-110.9699336   -1846.752882   -26.0250084
-111.6656391   -1854.6792269   -21.2204773
-111.641678   -1850.179553   -25.1249094
-112.0167104   -1852.8513908   -23.9491742
-111.7008058   -1846.4490175   -30.1147122
-112.5642387   -1849.9984741   -30.3197969
-112.1678678   -1846.2717533   -33.4738009
-112.5267474   -1845.8580971   -38.0750969
-112.8205983   -1852.9083729   -27.6713893
-113.1281582   -1850.4862785   -34.7547531
-112.9509536   -1846.3863134   -43.4386395
-113.158199   -1849.1494656   -40.5310169
-113.8033596   -1854.7948599   -31.7754969
-113.0763618   -1846.3141918   -47.2205579
-113.4222475   -1850.6077528   -45.0720824
-113.3420197   -1849.0544558   -50.4141264
-113.6536328   -1852.3846865   -37.5288948
-113.9996973   -1854.7381163   -35.4460329
-113.6074392   -1851.8215418   -41.6205153
-113.3848754   -1847.6582766   -53.6816977
-113.5194627   -1845.6575871   -57.8025095
-113.6986939   -1851.017952   -55.1012419
-113.8424007   -1853.6194563   -49.2093787
-113.9113633   -1853.5625935   -52.9229194
-113.974723   -1851.6335487   -59.5498644
-113.8825146   -1847.7884531   -62.1559322
-114.1987769   -1846.7140198   -66.1435723
-114.4569246   -1852.1416187   -64.9924353
-114.6746007   -1849.0287066   -70.0144321
-115.0422422   -1853.1858921   -69.9794888
-115.0604812   -1846.455574   -74.1097033
-115.3586236   -1851.7773151   -73.8907605
-115.5702201   -1848.9016294   -77.1656558
-115.9072248   -1851.8130779   -77.8040737
-116.1393849   -1850.7530689   -79.8581541
-116.5696708   -1849.7035503   -82.9153284
-116.8636409   -1853.9290428   -81.8367898
-116.6785685   -1845.8162546   -84.6388936
-117.5541011   -1846.0357189   -89.2038643
-118.1369153   -1850.7837057   -90.1483148
-117.6457731   -1852.4308205   -86.8764743
-118.4320179   -1854.8431396   -88.8430625
-118.6603633   -1849.0885496   -93.2644531
-118.997368   -1846.7167616   -95.5467224
-119.0681783   -1853.1411886   -92.7899331
-119.3731753   -1851.2482643   -95.0920805
-120.3406779   -1847.9371071   -100.2545804
-119.9969379   -1855.0697565   -95.3836069
-120.4033224   -1852.1887064   -98.4049141
-121.6450659   -1852.6774645   -102.542676
-121.6726629   -1848.5405445   -104.6517491
-122.6559607   -1847.9524851   -108.459264
-122.5860444   -1851.8484831   -106.3083336
-124.1633622   -1847.0401764   -114.1886786
-123.5195724   -1850.3541946   -110.3402302
-123.7327186   -1854.9493551   -108.7334827
-124.7856943   -1851.0916233   -114.5997867
-125.5413619   -1854.470253   -115.6797037
-281.7609636   -1846.5858698   20.3393903
-280.8153955   -1848.0482101   26.6779345
-283.7498514   -1850.3186703   22.1491586
-284.3439309   -1853.3353806   26.1261556
-282.3598114   -1852.0947695   29.2828679
-277.0077912   -1845.3040123   34.2066027
-279.5520154   -1849.5948315   33.2341343
-284.155461   -1848.8812447   17.9361235
-284.8075358   -1847.5190401   13.4434542
-285.852584   -1852.2626162   20.2775132
-285.8889429   -1854.4317484   24.0131915
-286.483082   -1850.8188725   15.7642178
-284.0071646   -1855.0597429   29.5954272
-287.5298587   -1848.8953114   8.9463359
-288.0911557   -1851.3976336   12.3522207
-287.6169411   -1847.3336697   5.5055786
-287.7053944   -1846.2227583   2.5573184
-287.9584161   -1854.0850878   18.1605425
-288.6205045   -1845.531702   -3.557048
-289.7684304   -1854.724288   14.4874947
-289.4972888   -1847.7628231   -0.3515553
-289.0641419   -1846.6519117   -36.1640751
-289.4674865   -1847.5196362   -30.8673289
-288.8616649   -1845.5996513   -39.9664678
-289.8152796   -1845.7136154   -44.4932841
-289.4620625   -1847.2728729   -27.3048766
-289.4356576   -1845.7717896   -14.1984317
-289.743754   -1851.093173   7.1964026
-289.9028984   -1847.5881815   -21.827329
-289.6027295   -1849.1162062   3.0670518
-291.7903391   -1853.9911509   6.8510654
-290.4967991   -1847.9235172   -6.9059096
-290.3046934   -1848.9215374   -33.5156284
-290.9608213   -1845.80791   -48.4233834
-290.4944149   -1848.5039473   -3.5025538
-290.9555165   -1849.1418362   -38.479574
-291.4219824   -1848.7421274   -42.2332697
-290.566477   -1847.8139639   -10.8159846
-290.862712   -1848.9792347   -18.5696203
-291.4957134   -1849.7099876   -14.2274965
-293.2576863   -1845.7355499   -56.3165843
-291.7037932   -1851.3813019   -29.2242412
-291.0635201   -1850.1055241   -26.2486394
-291.4674608   -1850.7419825   -0.7012782
-291.8252078   -1852.815032   3.8433245
-291.5559141   -1850.8228064   -21.5242635
-292.4449769   -1852.2709608   -35.1529494
-292.5630537   -1848.8749266   -46.5784669
-292.2590104   -1846.3386297   -51.6291969
-292.4522487   -1851.5423536   -5.145547
-292.6491228   -1851.6395092   -8.9411121
-292.3881141   -1845.9569216   -113.122493
-293.2145921   -1853.3841372   -16.2587818
-293.5642926   -1852.5360823   -40.2994752
-293.5185162   -1849.0660191   -49.6170856
-292.8223339   -1852.7691364   -2.0240874
-293.5577361   -1851.4505625   -43.6566025
-293.359193   -1853.3306122   -13.3128306
-293.7305895   -1854.6907902   -20.2476718
-293.7675444   -1854.9147844   -31.5433033
-293.644878   -1851.134181   -114.1683161
-294.2620245   -1854.7638655   -7.4675153
-293.5313312   -1847.3774195   -108.9045927
-294.6859328   -1855.1408052   -37.6734324
-294.9074832   -1852.2386551   -47.0008701
-294.1602198   -1848.8788605   -52.4315387
-294.6221558   -1848.5907316   -55.3135499
-294.7510806   -1847.2309113   -103.278324
-295.248839   -1847.5251198   -62.2721128
-294.7662798   -1847.7723598   -58.1218898
-294.5584384   -1855.1151752   -114.5416424
-294.5513455   -1854.5992374   -111.1602634
-294.2470042   -1851.2272835   -108.4917933
-294.5674983   -1849.434495   -105.0864384
-295.8411304   -1854.814887   -43.9296924
-296.1462466   -1852.8283834   -50.9416908
-295.843455   -1851.218462   -54.3931797
-295.0098244   -1853.558898   -103.9858758
-294.8687402   -1846.9040394   -74.9546513
-294.9255434   -1845.4412222   -78.2895163
-295.173916   -1848.2054472   -72.1544847
-296.0408656   -1850.0005007   -66.9403821
-296.5668169   -1851.5490294   -58.3354868
-295.1078144   -1847.9403257   -79.8971802
-295.1019732   -1850.5858183   -78.4510002
-295.3117219   -1851.5090942   -75.2372667
-295.4076854   -1849.7277498   -99.6791795
-295.2860323   -1853.6398411   -100.4000455
-296.9856588   -1852.3826599   -62.5962913
-295.1878039   -1851.4045477   -82.103245
-295.2387659   -1853.9450169   -78.7979662
-295.325133   -1848.4710455   -83.2495838
-296.2530581   -1853.976965   -70.6505254
-295.3814594   -1852.9171944   -85.9818906
-295.6427065   -1849.6211767   -86.4666104
-295.8414284   -1849.0447998   -95.7365632
-295.6489054   -1855.0211191   -75.3013715
-295.5496041   -1852.0750999   -96.7399031
-295.8597866   -1845.8330631   -85.4859874
-295.4919068   -1855.2734852   -91.4613008
-295.522782   -1852.3937464   -89.1839117
-296.7105833   -1851.6736031   -60.5904497
-295.7613198   -1851.6331911   -93.0518657
-295.836064   -1849.452734   -90.1603699
-296.1066095   -1846.5713263   -89.0059322
-296.1292592   -1846.8881845   -92.9665789
-297.4823443   -1854.369998   -54.9819507
-297.125074   -1853.8225889   -65.3350204
-297.9133455   -1855.0391197   -59.2563339
-168.6742035   -1853.0910015   179.1748106
-78.9456097   -1845.6230164   186.1379594
-78.7807433   -1845.9781408   190.5854791
-78.9021579   -1846.0768461   194.659844
-79.6929923   -1846.8000889   198.0710775
-80.3171722   -1846.4694023   181.3640594
-80.6522099   -1847.2211361   201.2593001
-80.0426928   -1848.1836319   192.0976937
-80.8822242   -1849.4715691   188.4901375
-81.2239376   -1849.8309851   195.6085563
-81.1039535   -1848.9925861   184.6043766
-81.8343488   -1849.9352932   199.3267536
-82.0422498   -1851.5433073   192.1973675
-82.7004639   -1850.9390354   181.2821329
-82.5138418   -1849.848032   202.5643289
-83.7598769   -1846.1729288   211.8486911
-82.6667277   -1852.0560265   185.5870485
-82.7796785   -1852.6779413   188.9362484
-83.0191699   -1852.3488045   197.8623569
-83.4489194   -1853.6868095   194.9012727
-83.7298361   -1849.930644   206.3684911
-83.3180872   -1847.8127718   208.5979432
-84.1310946   -1852.8183699   202.323854
-84.1166107   -1855.0821543   191.6656792
-84.2898814   -1855.1508188   186.7693961
-83.800408   -1852.2133827   177.98087
