-43.5042111   -1763.9375925   316.9169128
-44.0823165   -1763.2558346   321.1615682
-43.8132016   -1764.3790245   313.4252429
-45.3446833   -1763.87012   310.5179667
-46.1228815   -1762.1002197   318.3637559
-42.5896374   -1764.220953   323.3323693
-46.0242955   -1762.3919249   314.6705031
-46.0423557   -1764.7426128   307.6010644
-47.9068486   -1762.2796297   309.0213835
-48.3238427   -1764.8478746   304.1955829
-48.6232368   -1760.5961561   316.632688
-49.5542017   -1760.2456808   313.1252229
-47.6057259   -1763.5463476   306.7024946
-47.9938713   -1761.2702847   321.1638331
-49.0507213   -1762.2191906   306.9886565
-49.8511521   -1762.8525496   304.7119975
-50.2001969   -1764.0010118   302.8773069
-51.2273637   -1759.6646547   318.9656734
-50.1106111   -1760.8987093   323.7250149
-45.5778567   -1762.8574371   324.77808
-51.7785875   -1759.1772079   315.6134486
-51.4293639   -1759.562254   311.0547662
-51.7857996   -1759.9519491   307.9692721
-50.7799713   -1760.2517605   309.0815842
-53.6787836   -1764.482975   298.6592054
-53.5170761   -1759.8247528   305.8805764
-54.0027348   -1758.754015   318.7501729
-53.3399311   -1759.6166134   322.3377764
-53.7081686   -1761.6266012   301.6306162
-55.4040996   -1758.3061457   308.1412315
-55.8687774   -1757.7147484   312.9731119
-57.6522676   -1757.3884726   316.5688813
-56.6448299   -1760.9221935   299.4257212
-57.0210544   -1758.472681   304.8883677
-55.7746021   -1764.7459507   295.8107889
-57.308468   -1762.4146938   295.8270609
-56.5458266   -1758.3186626   319.9033737
-56.9188324   -1759.4649792   302.0367026
-57.1108786   -1764.0178204   294.5464253
-57.6362339   -1757.1190596   313.6976659
-60.3898493   -1756.7200661   307.4012399
-59.7600666   -1757.8727007   320.9497929
-56.4013449   -1759.4114542   324.3735135
-58.1866232   -1757.1020126   315.4666424
-58.6628643   -1762.7620697   294.0347791
-59.4235984   -1758.3171129   300.9421229
-60.101184   -1759.2779398   297.5240946
-59.4324795   -1765.1662827   291.3863957
-58.1982461   -1764.4473314   293.0863798
-60.724887   -1757.1583986   303.7827611
-60.7921807   -1756.5404177   313.9128387
-59.0110151   -1764.7846937   291.9032574
-59.6477715   -1763.7135983   292.200923
-61.2947074   -1760.9177828   293.5090065
-60.4383675   -1762.3178959   292.7200794
-62.5075427   -1759.5338821   294.4099009
-62.9152981   -1756.5000057   316.5616393
-62.5325767   -1756.0275793   310.2935553
-63.7677637   -1757.1401596   298.58917
-62.9681674   -1756.8124533   301.2427688
-61.4791242   -1762.9383802   291.0528183
-64.3433658   -1757.3212385   320.7117915
-62.9637567   -1758.2812309   323.934406
-59.8965017   -1759.0487003   325.2055347
-62.5424711   -1758.6023808   296.0717678
-64.0302626   -1755.9922934   304.5623899
-64.5332662   -1760.5772018   290.6251252
-64.7591678   -1755.664587   312.5849366
-64.6532504   -1763.8553381   287.2323692
-65.247151   -1757.2989464   295.8138883
-66.5630428   -1756.6020489   318.3506429
-67.8506223   -1755.8277845   315.0503039
-66.2746159   -1755.6117773   301.110059
-66.2544695   -1758.1443787   292.9151654
-66.6894642   -1760.6168985   288.5326445
-66.6031567   -1765.1787996   284.8990858
-67.8994385   -1757.2541237   321.0528791
-66.0658804   -1757.9542398   323.3573139
-68.2486025   -1755.7064295   297.5907624
-68.3488575   -1758.259058   290.1719809
-68.8900081   -1756.6310167   293.602705
-68.732175   -1760.6197596   286.3360047
-69.8646633   -1756.4315796   318.3440268
-69.9865548   -1763.2932663   283.0625176
-71.9677535   -1755.6815147   315.4845834
-71.0071651   -1757.2282553   321.1432993
-69.6030585   -1758.3764791   324.3415952
-72.0951287   -1759.8338127   284.1438651
-71.6944066   -1756.2258244   291.8151617
-71.7048375   -1757.9454184   287.8403962
-71.6567961   -1764.939785   280.6692123
-74.0289418   -1756.664753   318.9353943
-72.7195469   -1762.0136738   281.5694213
-73.7415878   -1758.0528259   322.9576349
-74.1147725   -1756.1103106   289.5826995
-74.9729601   -1764.475584   277.7425051
-75.0742284   -1758.0258846   284.1175199
-75.9578673   -1755.7713985   315.0241077
-75.1179782   -1759.8876953   281.1932564
-78.3997504   -1756.8137646   318.004936
-77.3595897   -1757.7774525   321.4248717
-78.580114   -1755.3658485   288.3020639
-75.6798712   -1758.9081526   282.0539474
-76.5478937   -1758.2495213   282.5510502
-77.0397512   -1759.9039078   279.4374824
-80.0198642   -1762.1572018   274.4418681
-76.1862127   -1758.9178085   281.6151977
-79.7285763   -1756.7571402   282.538265
-80.8053342   -1756.0847998   314.3340349
-81.1136094   -1757.4743032   319.1126883
-80.4552165   -1758.900404   323.0482638
-77.8948394   -1759.8452568   326.2714744
-79.9047676   -1759.0212822   278.4780264
-81.7418424   -1763.0689144   272.0817924
-84.0272633   -1756.960988   278.5620391
-85.0401846   -1755.4579973   281.54248
-82.6758472   -1759.5244646   275.0920057
-83.6974708   -1758.6007118   320.7565844
-84.4360916   -1755.9667826   312.356323
-86.0247342   -1757.5025558   316.2708282
-85.8866302   -1759.9022388   271.3978887
-86.0138265   -1762.5690699   267.8745687
-85.9338371   -1755.3471327   308.9677989
-85.4415027   -1757.6761246   275.3764391
-87.2898427   -1759.1844797   320.271492
-86.2487284   -1760.0353956   322.8982985
-83.5547177   -1760.1082325   324.4094253
-88.6712996   -1764.4404173   262.5117302
-87.5208107   -1756.4022541   312.135011
-87.3779384   -1755.8094263   278.090626
-88.6212913   -1757.7315569   272.3077238
-89.2366496   -1756.2783957   275.1310468
-91.0383788   -1758.8795424   267.5197721
-88.9271227   -1755.6738853   308.3081543
-90.9875957   -1762.0292902   263.12235
-90.8949701   -1759.4301701   318.6157346
-91.5605155   -1757.7749491   313.526988
-90.8717839   -1755.42593   305.5327833
-89.516255   -1760.7941628   322.6769269
-91.7778937   -1756.4896345   272.4220455
-93.2058422   -1755.4432154   274.7813165
-93.3805434   -1756.7937374   308.8716269
-96.1699215   -1756.4440966   304.6105802
-93.8455192   -1759.7620487   317.4101412
-94.0238563   -1762.1190548   322.4152327
-97.5379673   -1757.222414   265.5923963
-95.678362   -1760.392189   259.7640753
-95.6855146   -1756.3490868   270.4569101
-96.3054029   -1759.5582008   314.9057925
-95.2871767   -1758.0257654   311.373502
-96.4264599   -1763.5227442   253.9713085
-95.8518711   -1755.4885149   300.5765378
-96.7012969   -1757.5699091   308.6223602
-97.2809521   -1761.8734837   319.5533156
-99.3865458   -1759.4091892   311.6892874
-99.3674127   -1760.9753609   254.8763156
-101.3219682   -1757.4805021   261.638701
-100.657436   -1759.2487335   257.7038109
-100.5453793   -1755.6080818   269.2361474
-99.3680087   -1756.0713291   299.331665
-100.2077786   -1758.2753897   307.233572
-100.3427235   -1757.3759556   303.7202954
-99.8191563   -1761.3201141   316.1361814
-99.3695585   -1762.763381   251.699239
-100.3727046   -1755.6921244   295.599401
-102.1322934   -1755.5837631   291.118741
-103.70675   -1763.2499933   317.1913922
-103.0298201   -1765.0009394   321.6920793
-96.6861574   -1763.8852596   324.0818381
-99.2254344   -1764.8547888   324.2585659
-101.4274088   -1756.4448118   265.5240595
-101.4931528   -1763.0648613   249.0388304
-101.3503996   -1764.73248   246.3871092
-101.7201868   -1759.660244   309.9480867
-102.6609866   -1757.5548887   301.3973534
-101.7899243   -1756.6184998   298.4235585
-103.1862227   -1760.6357336   252.0055771
-102.7483074   -1759.6650124   254.7037005
-103.4632055   -1758.6836815   304.6433032
-104.4177143   -1760.0915432   308.0782294
-105.4297415   -1761.3809109   310.6213808
-104.3730108   -1756.9504976   295.7029641
-105.1849452   -1755.5173635   267.5496638
-104.3514935   -1758.1698895   257.6774657
-105.2106348   -1756.0663223   264.6510899
-106.3174335   -1756.7793131   261.3781393
-105.1109759   -1762.6599073   246.3490665
-104.6868292   -1761.4043951   249.2088526
-104.5095054   -1757.7035427   299.094528
-105.5556265   -1756.0216188   287.966013
-106.3372818   -1756.9396496   291.616708
-106.4192978   -1755.7009459   283.911854
-106.5497128   -1759.0984106   301.5155792
-106.0177413   -1758.8481903   254.1291714
-106.9023339   -1755.4557323   280.4358006
-107.5376002   -1760.4184151   305.0601482
-106.3446728   -1763.3384466   243.8877821
-107.3720185   -1764.8669481   240.3523624
-107.4623195   -1763.3521557   313.9042556
-105.6431857   -1764.7480965   319.0083206
-109.208676   -1757.6805353   256.714493
-107.6285569   -1758.4342957   296.9643474
-108.8077752   -1761.7766857   307.9202473
-107.8630415   -1759.2732906   251.9267797
-108.008   -1760.8739138   247.998789
-109.3489257   -1763.1561756   311.4359677
-107.8811017   -1756.7589283   287.4660194
-110.352966   -1756.1157942   278.5516977
-109.0331999   -1756.108284   263.5346055
-110.0147692   -1756.6585541   260.8102858
-110.4622213   -1758.281827   290.5295789
-108.8539091   -1762.0725632   244.9852675
-109.3136994   -1763.4521723   241.6413873
-112.0134322   -1757.2335005   282.084167
-109.6886126   -1755.6849718   266.9653893
-109.9183885   -1760.3298426   301.227361
-110.0924937   -1759.6799135   250.0393987
-111.1091701   -1759.7773075   296.9004214
-110.7843844   -1764.608264   313.9964938
-111.7614833   -1755.5814981   270.4938054
-111.3456813   -1760.8143091   246.6780692
-111.336979   -1759.2076063   293.717742
-111.6174785   -1764.6672726   238.2241338
-111.9208661   -1762.3964548   306.0384393
-111.1849872   -1757.8374147   286.8337929
-111.7606489   -1758.6220503   252.692461
-112.8322212   -1764.1066313   310.5768859
-111.9877426   -1762.6283169   242.1701103
-112.602028   -1756.2437057   263.3631527
-115.219566   -1756.9710016   276.2414813
-114.1340462   -1756.1980486   273.2171416
-112.9240123   -1756.9743395   259.0584457
-113.6420099   -1757.7717304   255.3869784
-113.4194461   -1755.8808327   267.1552002
-113.322529   -1761.1234188   299.2052138
-114.8977605   -1759.3491077   249.6331334
-115.0333611   -1762.4608278   302.3813367
-113.7674776   -1757.2336197   279.6568871
-114.9590341   -1759.7199678   290.1188135
-114.8457853   -1760.6633902   294.855088
-114.6191684   -1758.5002184   284.7458422
-115.6062213   -1761.1116171   244.731456
-113.9384238   -1763.39221   239.6758795
-115.7267419   -1764.3821239   237.2385263
-115.0890318   -1758.6221695   252.1032989
-116.0549251   -1756.0983896   269.4393098
-115.1897041   -1762.5967264   241.1832511
-115.6009761   -1764.8502588   310.1794422
-116.7375771   -1763.8337612   305.6914806
-116.2438122   -1756.7881346   260.7521117
-116.8751446   -1756.2822104   265.332669
-115.8497659   -1757.2821379   257.4279308
-116.3262454   -1761.9156837   298.3428538
-117.0707671   -1757.9177618   254.4736564
-117.6295606   -1759.7455978   287.1078253
-118.9053384   -1758.1287622   278.4155309
-117.6237193   -1758.5963011   281.7441821
-116.825792   -1759.8062754   248.3349591
-118.4094278   -1756.9668293   273.0246186
-117.9951755   -1761.3688707   294.1576838
-119.5293394   -1760.8937025   290.4145122
-119.5711223   -1763.436079   301.6485572
-118.293914   -1758.9675188   250.8961856
-120.2610461   -1757.630229   275.1170099
-120.4285947   -1762.3636723   241.8683916
-120.4537479   -1760.4396343   246.871978
-118.8754169   -1763.7562752   238.5038137
-119.3791953   -1757.4156523   257.5312853
-119.3422405   -1756.5945387   269.3309784
-119.8173491   -1756.8618059   261.845082
-120.7834808   -1762.6354694   297.3770201
-120.1591221   -1764.2999887   304.8396111
-120.4820601   -1756.7281723   265.2760148
-120.2074615   -1758.2727671   253.7857294
-120.9951369   -1760.3564262   286.9348824
-122.0451323   -1759.300828   281.4166248
-122.1435396   -1761.8916035   293.4719026
-122.4574772   -1759.2097521   250.9293854
-121.9958989   -1757.2178841   270.9272206
-122.3512021   -1764.2425299   238.0202115
-122.6750342   -1758.4953308   277.3871124
-123.0933396   -1757.0106983   267.0170069
-122.6123897   -1757.4694157   259.3883276
-123.8287417   -1758.3311796   255.3310394
-123.5514609   -1761.1142397   289.406538
-123.9227382   -1764.7916079   305.6755364
-123.98127   -1763.5095119   300.1561463
-123.2629744   -1757.137537   262.8730834
-123.8243905   -1761.6115808   244.0841049
-125.5099503   -1763.168931   240.6631112
-125.7317392   -1760.6096268   247.5087643
-124.9840585   -1762.6985312   296.5145409
-125.8908836   -1760.3315115   285.0023806
-125.5826084   -1758.4136724   275.0289142
-126.6078679   -1757.7441931   269.3215907
-125.6442396   -1759.3734264   280.3963423
-126.0490147   -1761.9469166   292.9792702
-125.8957116   -1764.9002075   237.1951342
-126.2190071   -1759.4465017   251.6361475
-126.7409054   -1757.9469681   259.4462633
-126.7883507   -1757.5143576   264.3721402
-129.1490523   -1761.2901926   290.281117
-127.3055402   -1764.7553682   306.2558174
-127.0214645   -1761.9751692   243.863225
-129.1259853   -1759.0681314   254.7041476
-128.1999675   -1763.8590336   302.6324511
-127.9073683   -1763.097167   299.1653383
-131.8889586   -1762.0223761   295.0558066
-129.0956465   -1758.8214874   275.0959694
-129.2447773   -1764.7907734   238.4226024
-129.8624603   -1763.2524967   241.9183105
-128.2798973   -1759.3719959   279.0237069
-128.7099449   -1759.8495483   281.8992138
-129.9123494   -1760.3882551   249.8341054
-130.1964251   -1761.8150711   245.6411868
-131.1118928   -1760.7535124   287.2060835
-130.3838817   -1764.9171352   307.9756498
-129.6431748   -1758.0133677   266.2457526
-130.4360358   -1758.353591   269.4658935
-131.3914982   -1758.4135532   261.6446018
-130.0697056   -1758.6009502   258.0988705
-133.3703724   -1762.5091076   298.276186
-131.6525666   -1760.0983381   283.0418646
-132.7295629   -1759.4274282   277.213484
-132.541391   -1758.8795424   271.9874978
-134.0285865   -1760.4061365   252.2655129
-132.9856244   -1759.2273951   256.6744685
-135.2632967   -1761.2456083   291.2846506
-132.6911179   -1764.6987438   239.8725301
-134.3639223   -1764.0365362   305.7414889
-134.4145862   -1763.1336451   301.7195463
-133.1153838   -1758.6243153   266.7120993
-134.4788996   -1763.5358572   243.3050573
-134.016904   -1761.7100477   247.8940934
-133.2993237   -1764.888525   309.0852499
-135.1781813   -1760.653019   286.9732976
-136.5154115   -1759.4871521   259.4350278
-135.0789396   -1758.9944601   262.4058723
-134.9616972   -1759.84478   279.5328796
-136.9473068   -1760.2226734   282.7409506
-137.1163455   -1761.5940571   293.8197255
-136.3849965   -1764.9896145   310.2298975
-135.1319281   -1759.4056129   274.2914259
-137.0108453   -1760.2632046   255.0186813
-137.1897785   -1759.4431639   270.6184387
-135.9637109   -1759.1187954   266.4040029
-137.4885765   -1761.3343   251.0004342
-138.3170215   -1763.0281448   246.707052
-135.2433888   -1763.484478   303.6517799
-136.9725791   -1763.3452415   303.3180237
-138.9313666   -1764.0236616   306.4202368
-138.1197301   -1762.5492811   299.4276881
-138.5979978   -1764.698863   242.867738
-141.2143437   -1760.2925301   278.0434191
-139.1534535   -1759.6654892   264.4096017
-141.6709153   -1760.134697   273.0328143
-139.011058   -1761.1595392   290.504694
-141.0448877   -1760.9447241   287.3728871
-139.8707358   -1759.747386   268.2631612
-141.2453381   -1764.9885416   310.2908731
-139.7359697   -1760.4966164   256.6962242
-140.409383   -1760.2263689   259.5511675
-140.7769648   -1761.9107962   295.2108085
-142.0051185   -1760.684967   283.0363214
-140.781614   -1763.2460594   302.8081656
-140.9749714   -1761.4355087   253.3655465
-140.1640502   -1762.2095346   250.120312
-142.7423684   -1762.6616955   299.204886
-141.3583485   -1764.5965815   244.8774427
-143.056306   -1763.0362511   249.6473491
-143.8405243   -1764.0711069   306.0071468
-143.0012909   -1760.338068   266.2428021
-143.3233944   -1760.5221272   263.2447183
-143.6958639   -1761.4331245   256.1721504
-143.3158246   -1760.3656054   269.1209614
-143.7416998   -1761.6767883   291.7207479
-144.9587671   -1761.0902786   260.1862252
-146.074566   -1762.4225616   295.4704463
-145.2806918   -1763.4602785   302.7286232
-145.2570883   -1762.3338699   253.6629736
-145.0363723   -1761.2196207   285.2795124
-146.251711   -1761.7139816   288.9557481
-146.1829869   -1761.0629797   280.357033
-146.0988847   -1760.9000206   275.9650648
-147.0569698   -1763.7325525   250.5222261
-146.4200345   -1763.0873919   299.7900546
-145.6733076   -1760.8046532   271.5688348
-145.9744898   -1760.8532906   266.9236958
-147.7129189   -1761.4338398   262.4884546
-147.2966997   -1762.1428967   256.5768361
-149.2281286   -1762.3958588   290.7399833
-148.8474933   -1764.537096   306.0361445
-149.6503083   -1762.1752024   259.7286403
-148.1479136   -1761.6311312   283.7201953
-148.6187903   -1763.0352974   253.9060116
-149.0168301   -1761.4715099   266.5609121
-148.6466257   -1761.3469362   272.6658583
-149.6789185   -1762.9377842   294.9972451
-150.4951445   -1761.7864609   276.9741714
-150.6294934   -1762.2777224   285.8486176
-149.3416158   -1763.7995481   301.5915453
-150.7459012   -1761.9940042   280.8805108
-151.9435374   -1764.6125555   251.3021231
-151.260647   -1763.1599903   256.101191
-151.9698826   -1762.3348236   263.4303868
-152.2537199   -1762.1378899   271.6895938
-151.9005028   -1764.6026611   303.7283123
-153.2050697   -1762.4229193   267.150104
-152.6480047   -1764.1381025   299.9947667
-153.1536905   -1763.1242275   289.2306447
-153.3654062   -1763.8728619   296.6927588
-154.5874206   -1763.3824348   259.655714
-154.4234482   -1762.7234459   276.2092948
-154.2666284   -1762.9168034   282.2899818
-155.5607644   -1763.4860277   286.1459851
-155.0634829   -1764.2834187   255.0979853
-155.7920305   -1765.1984692   252.2103488
-156.8920938   -1763.5308504   264.7095323
-155.9041468   -1763.0871534   269.3244815
-156.8168727   -1763.3224726   273.4181881
-155.9851495   -1764.7821903   299.6812463
-156.7021934   -1764.4201517   294.5586443
-155.9874145   -1763.8444901   289.5514965
-157.7781764   -1763.736248   278.9615095
-159.1192213   -1764.329195   283.157438
-158.4444968   -1764.7645473   257.3985159
-158.7621299   -1764.3500566   261.0963285
-158.4441391   -1763.7993097   271.2103426
-161.5547863   -1764.76264   269.7741389
-160.0436298   -1765.0960684   292.4026251
-159.1609446   -1764.5223141   286.518991
-161.8926851   -1765.0603056   264.0046775
-161.2181989   -1764.7116184   276.7131329
-161.2883536   -1764.8676634   280.9160352
-42.0376984   -1764.9540901   326.7327845
-43.9133374   -1765.2562857   331.8183124
-45.7414714   -1763.679862   329.1124105
-45.7198945   -1764.8268938   332.7651322
-47.6724235   -1764.2869949   333.2037926
-49.0536419   -1762.3579502   328.1404376
-50.8159725   -1763.8857365   334.4161808
-50.9440628   -1762.8577948   331.6011429
-52.735242   -1760.6450319   325.9316087
-52.5155393   -1761.6585493   329.0680051
-53.1474677   -1765.1159763   338.139385
-54.6480147   -1762.0427608   331.635952
-56.2649695   -1763.4394169   335.5917335
-55.2918641   -1760.6855631   327.9878199
-56.1799733   -1765.0711536   338.963449
-57.7714173   -1760.3194714   328.4479082
-57.9426018   -1761.913538   332.5615823
-60.0694147   -1764.8749352   339.1577303
-60.7765047   -1762.639761   334.6185684
-60.4439703   -1761.071682   331.0916722
-60.1808158   -1759.974122   328.1872869
-62.7516238   -1764.2396688   337.8683925
-62.6425473   -1759.6689463   327.9597461
-63.2185666   -1761.4073753   332.0791125
-65.7691089   -1762.7105713   334.7302079
-65.6642047   -1759.1809034   326.6782165
-66.466066   -1765.0419474   338.8878703
-66.1694137   -1760.7798576   330.6006491
-69.6021644   -1760.0032091   328.4585774
-69.840881   -1761.7521286   332.2496712
-71.3481037   -1764.1654015   336.4021778
-73.2642738   -1759.4453096   326.6047835
-73.075029   -1760.9958649   330.0897479
-74.2062656   -1763.0343437   333.6973488
-76.2044517   -1762.2132301   331.6008449
-76.420757   -1760.6338263   328.4323215
-79.1606037   -1764.2090321   333.8882029
-80.1728097   -1761.9155645   329.5713365
-80.5301396   -1760.2562904   326.1503577
-82.7215043   -1764.0535831   332.1306407
-83.1871954   -1761.3452673   327.1956444
-84.5233528   -1762.9518509   329.4772208
-86.202952   -1765.0778294   332.1041167
-87.1376721   -1761.9128227   326.2459934
-87.6511065   -1763.863802   329.4161856
-90.8660618   -1764.1532421   328.1904757
-91.4029209   -1762.7565861   325.3938556
-94.0700499   -1763.9019489   325.8217275
