899.3679556   -2106.3289642   -256.6104829
898.3084532   -2110.7168198   -259.1137886
897.6838561   -2110.7378006   -253.2649636
897.569296   -2108.5073948   -248.7869412
896.6804715   -2115.0622368   -256.2170029
896.2051841   -2109.6644402   -244.236052
895.8660635   -2113.7943268   -248.1585741
896.8948992   -2114.8638725   -171.812132
896.6052207   -2113.350153   -168.824628
896.3209363   -2113.9144897   -175.4913628
896.5865644   -2111.2756729   -172.8037298
894.8709937   -2105.748415   -235.6729805
894.240913   -2111.3336086   -238.8045192
895.6535729   -2113.38377   -165.2922481
896.2544771   -2109.5545292   -170.4786867
895.5164226   -2110.0566387   -167.1441942
896.1185189   -2108.9851856   -176.8912375
896.2917598   -2107.288599   -173.6948788
895.0934681   -2111.5748882   -179.891482
895.5618712   -2105.8862209   -169.9843556
895.2203961   -2106.982708   -180.8754653
893.8711556   -2111.4227772   -163.5795981
893.684295   -2107.2678566   -165.6581908
893.4353264   -2106.0919762   -231.0298085
894.3951996   -2115.2479649   -181.3701391
894.2313167   -2108.5510254   -183.9224845
893.4087428   -2112.5171185   -185.0530803
892.5679298   -2111.6402149   -233.2025021
891.8706747   -2113.768816   -159.9667817
893.0470022   -2107.7756882   -188.4156466
892.508206   -2114.7942543   -236.1248583
891.2077519   -2108.6757183   -161.7478132
891.1550912   -2105.312109   -163.3781791
891.7777511   -2107.2452068   -225.778833
891.707358   -2110.3923321   -228.6786288
892.1034905   -2112.0321751   -190.0929511
891.5450843   -2108.1733704   -194.8840916
890.90952   -2105.5035591   -217.6365554
891.3443657   -2112.7362251   -193.2488233
890.7230469   -2106.6846848   -201.290682
890.5694755   -2108.7732315   -220.681265
887.2441324   -2111.3657951   -156.7616761
890.2488025   -2112.5407219   -223.8346636
890.5143114   -2115.0679588   -196.6875792
890.4572102   -2109.9863052   -200.1217306
888.9518055   -2106.7290306   -160.4759991
890.2207585   -2107.5391769   -214.0194625
890.0549384   -2108.0441475   -209.7082436
890.3011056   -2107.1791649   -205.5342197
890.0407823   -2109.5175743   -216.5979594
889.3717202   -2114.222765   -217.6997215
889.7543224   -2113.6424541   -203.1824291
889.9471732   -2110.0001335   -204.7461718
889.5527693   -2111.6161346   -212.9397094
889.4219967   -2113.0254269   -208.2429379
881.785539   -2106.4689159   -155.6384563
881.6500577   -2112.6701832   -152.3929983
877.5798055   -2110.0387573   -151.5357047
877.5587948   -2106.0702801   -153.6064148
872.4960359   -2112.0860577   -148.1858045
874.1807016   -2107.2757244   -151.5128911
869.742659   -2107.6211929   -149.7418433
868.8684972   -2114.8347855   -145.3353465
867.5729903   -2111.6423607   -146.7262805
866.8441447   -2105.700016   -150.3812224
865.2259084   -2108.6051464   -148.1384933
865.6688007   -2114.7422791   -144.3395913
863.2359775   -2112.395525   -145.3282088
863.2878932   -2105.489254   -150.06271
860.6279763   -2109.2569828   -147.1498013
858.7809774   -2106.105566   -149.6900469
858.4877821   -2113.4858131   -143.9738572
857.1901294   -2108.2010269   -148.104921
857.0769402   -2110.8291149   -146.0369676
855.0071391   -2112.8344536   -144.551754
853.7383052   -2106.9185734   -150.0905007
854.0829989   -2110.5408669   -146.6076374
851.4058562   -2113.6627197   -144.375667
849.9588045   -2111.020565   -147.4101692
850.2071174   -2106.0414314   -152.5627822
848.8299223   -2108.5124016   -150.6882608
846.265194   -2115.1280403   -144.9087858
845.2908369   -2105.6566238   -156.5665603
845.5539616   -2112.11586   -148.7080604
844.2229899   -2109.431982   -152.8335214
841.9914516   -2113.3389473   -149.9290168
842.1065184   -2108.0927849   -156.5316468
839.1431095   -2110.3727818   -156.5464288
839.3561812   -2107.3298454   -159.9931419
836.3736691   -2110.8424664   -158.797279
835.3068056   -2108.8345051   -161.9520187
832.8078064   -2105.4058075   -167.2318131
829.0598663   -2113.4245396   -162.2951776
829.6057405   -2108.5567474   -166.5717363
826.8986466   -2105.7734489   -170.7050204
823.9965262   -2109.9846363   -168.8648611
821.8181255   -2113.6915684   -166.8153405
821.4805397   -2106.5888405   -173.6271977
820.4942467   -2110.5074883   -170.7449108
817.2762962   -2113.2376194   -170.4549193
817.6278146   -2109.4989777   -173.8676578
816.8477836   -2106.2400341   -177.6302755
814.6795305   -2111.7305756   -174.2284
814.6143081   -2109.5120907   -176.5523851
813.0418035   -2114.6092415   -172.7551967
814.5715865   -2105.5958271   -180.4133505
813.0414756   -2108.1316471   -179.5907021
812.2314336   -2105.489254   -183.0854416
811.2309399   -2112.0975018   -177.3944646
809.1067644   -2109.8446846   -182.4533492
808.5624846   -2107.9699993   -184.9779934
808.784199   -2114.1061783   -178.1516969
807.8635903   -2112.5767231   -181.0748577
806.2126162   -2106.3063145   -189.4609928
806.7180338   -2110.5940342   -184.6856177
806.0166063   -2108.9646816   -187.2175634
805.2693429   -2113.517046   -183.5355908
802.8444322   -2112.9407883   -187.4843538
801.7690601   -2108.3025932   -193.1183636
799.7509214   -2112.8098965   -191.8179542
798.7910929   -2108.8819504   -196.339801
796.9688448   -2113.417387   -195.0428933
796.178055   -2110.0707054   -198.7856925
795.3236225   -2106.7476273   -202.3493648
794.3124595   -2114.6562099   -197.6159066
793.5519191   -2111.5806103   -201.1192292
792.7477332   -2108.5057259   -204.6219558
791.0319539   -2113.1501198   -203.5347223
790.2841987   -2109.9524498   -207.1607709
789.4949736   -2106.8418026   -210.7231468
788.5325672   -2114.7272587   -205.9594989
787.8060909   -2111.7064953   -209.5339149
787.0748314   -2108.697176   -213.1201178
785.3746238   -2113.1176949   -212.1234685
784.5991077   -2110.519886   -215.4794782
783.9017185   -2107.1131229   -219.3248421
782.8376564   -2114.8974895   -214.4329697
782.0856991   -2112.3199463   -217.8150862
781.3768061   -2109.1332436   -221.5758562
780.6080105   -2106.2142849   -225.2378464
779.5313122   -2113.8412952   -220.363915
778.9794328   -2110.817194   -223.8785625
777.8394791   -2108.5290909   -227.7003974
777.3433002   -2106.3148975   -230.5485457
777.0896973   -2115.0925159   -222.9410112
776.44479   -2112.5404835   -226.3349593
775.7273736   -2110.2285385   -229.681164
774.4998755   -2107.6004505   -234.5408797
773.9912095   -2112.752676   -230.2904427
772.3320993   -2111.9303703   -234.2989892
774.1334411   -2105.6265831   -237.3538464
772.1101614   -2106.7745686   -240.6798005
771.7730971   -2114.9702072   -232.0611328
771.9308855   -2110.3751659   -236.8278652
770.3014734   -2111.7229462   -238.9691472
770.0940641   -2109.8029613   -242.0678288
770.3880491   -2114.1273975   -235.8637601
769.9392112   -2108.4227562   -244.5462495
769.1140296   -2107.2540283   -249.5278567
768.094671   -2113.3666039   -242.6195443
767.679316   -2107.8586578   -255.320102
767.5496461   -2106.6346169   -259.4579756
767.045823   -2112.4017239   -248.0296791
767.2554227   -2110.3243828   -251.5838146
766.6681679   -2107.4876785   -263.3856833
766.150591   -2110.0537777   -259.1881454
766.0563561   -2111.6280556   -255.0296783
765.1743563   -2114.6564484   -251.7683506
765.5101391   -2115.172863   -248.817265
764.58658   -2112.7567291   -262.6551688
764.6138044   -2114.310503   -256.4666867
906.380889   -2107.7308655   -324.1835237
906.1827334   -2106.2033176   -328.014493
906.2826904   -2107.8579426   -317.0905709
906.2984856   -2108.9396477   -320.7195997
905.7106944   -2112.0898724   -322.8140175
905.5049988   -2110.4724407   -327.5339007
905.8220359   -2111.2024784   -317.1568811
905.332652   -2109.9114418   -312.4274611
905.1229032   -2108.1671715   -331.3132226
904.9162539   -2107.0384979   -309.3695641
905.2132341   -2113.7449741   -315.2417541
905.0995382   -2113.781929   -326.7322481
904.2547318   -2112.603426   -331.836611
904.2250188   -2107.0334911   -334.7123563
904.2086276   -2111.2034321   -308.2391322
903.8129719   -2110.6331348   -334.1904879
903.6828252   -2107.763052   -305.0226569
902.6866826   -2108.1273556   -337.6946449
903.4717651   -2114.376545   -306.7031801
903.4406515   -2110.8689308   -305.2582145
902.6816758   -2114.2895222   -335.5105221
901.7697545   -2112.7319336   -337.9403353
902.8854045   -2108.6354256   -302.3234308
902.1138521   -2107.862711   -299.3335426
901.5965732   -2106.5409184   -339.9923146
902.3793014   -2113.6343479   -302.2326231
900.4240008   -2110.9719276   -340.5977786
901.2850793   -2105.8852673   -294.5581675
901.2587639   -2108.6251736   -296.2596714
901.3213786   -2110.6200218   -297.3885536
900.7373127   -2114.156723   -296.4769304
899.433312   -2106.9478989   -342.7698314
900.0227424   -2105.6191921   -274.435699
899.5814594   -2107.3248386   -269.7295547
900.5446108   -2110.1808548   -293.7737405
900.1868042   -2108.8399887   -290.6428277
899.873701   -2106.3613892   -280.3177536
900.1690122   -2106.2424183   -286.2582505
899.4375738   -2114.4633293   -290.633291
897.4319669   -2109.6014977   -344.4113135
897.8476795   -2113.650322   -343.212992
899.4460972   -2108.9174747   -283.6254537
899.2697271   -2111.0651493   -286.2864435
899.1263183   -2109.2889309   -277.8324485
898.8003703   -2110.3789806   -271.8858421
898.0106088   -2113.1575108   -268.7848508
898.7391862   -2110.131979   -264.7871077
898.6322852   -2112.8189564   -282.8930318
896.9866606   -2106.2350273   -345.3848958
897.7787467   -2114.6426201   -274.1274536
898.0816277   -2114.5262718   -279.5943022
895.2957066   -2112.2357845   -345.8159864
897.413102   -2115.0045395   -265.3549612
895.1844545   -2106.7631245   -346.7132151
893.2724866   -2108.8540554   -347.7187753
891.9420811   -2112.203598   -348.0927944
890.5335935   -2106.8458557   -349.5345712
889.5842107   -2110.0251675   -349.5541811
888.8184997   -2113.6832237   -349.537015
886.8212672   -2106.8603992   -350.9941101
886.2500461   -2111.3467216   -350.7645726
884.6301111   -2114.8245335   -351.0083854
883.591828   -2109.6925735   -351.7418802
882.8174146   -2105.7109833   -352.438122
881.0014697   -2115.0975227   -352.0269394
879.9966546   -2107.5520515   -352.9463112
878.670183   -2109.8415852   -353.0249596
876.203564   -2106.6710949   -354.0801108
874.3604692   -2111.9809151   -353.8217545
872.6972612   -2107.1462631   -354.8899591
870.3611168   -2111.7739677   -354.7792137
869.3099292   -2105.4668427   -355.989188
867.7270683   -2109.2865467   -355.7669222
865.3891357   -2114.6445274   -355.5651009
863.842127   -2107.3234081   -357.0036888
863.4357127   -2111.951828   -356.3834727
859.8461422   -2110.9969616   -357.4831188
857.4809702   -2107.626915   -358.5134149
855.0381335   -2112.0233536   -358.517915
853.6495837   -2108.7965965   -359.2448235
852.1059128   -2112.1735573   -359.1602147
849.8654338   -2108.6091995   -360.0851297
847.3156365   -2106.0540676   -361.0019088
848.5734733   -2113.6536598   -359.7364426
846.1689325   -2110.3143692   -360.7006669
843.1563946   -2114.2039299   -360.8424664
842.7615734   -2108.9684963   -361.6898656
841.6703912   -2105.4592133   -362.5027537
838.3911671   -2109.228611   -362.6647592
837.2620764   -2113.8160229   -362.2611165
834.8807516   -2106.6963673   -363.8132215
833.5849764   -2111.645937   -363.4016216
829.6004953   -2108.5236073   -364.4044101
829.4930729   -2114.0668392   -363.7880683
825.4979076   -2113.8515472   -364.2268777
825.9574892   -2105.6773663   -364.8297787
825.2880695   -2108.5357666   -364.6923006
821.4198919   -2105.4573059   -364.6576107
822.8344294   -2110.6591225   -364.5918667
821.9336244   -2113.884449   -364.4053638
818.6071488   -2111.0608578   -364.3775582
817.6564249   -2107.0449352   -364.2372191
813.9679851   -2108.7839603   -363.6642694
814.2616721   -2105.4668427   -363.5188341
812.9964145   -2112.8575802   -363.6445403
811.3737824   -2105.7927608   -362.8182113
810.2349164   -2109.8108292   -362.8174365
809.0514215   -2113.6562824   -362.7312183
807.9942437   -2106.9562435   -361.8322015
806.9076809   -2110.6827259   -361.826539
805.4862144   -2114.2129898   -361.5558445
805.1835867   -2108.2453728   -360.8797789
803.7938895   -2111.1149788   -360.612154
802.6556047   -2114.1207218   -360.3318334
802.117494   -2107.6660156   -359.2831194
800.7509234   -2111.6917133   -359.0273559
798.2138964   -2109.0369225   -357.1259379
797.8067669   -2112.7889156   -357.2939634
796.0970523   -2105.6325436   -354.8441529
795.8136024   -2110.5191708   -355.4755449
795.713109   -2108.76894   -355.1017046
794.96291   -2113.512516   -355.2787006
792.6247539   -2108.2623005   -352.0601988
789.5137789   -2112.5802994   -349.2984176
788.6392745   -2110.2321148   -347.7297425
787.3821976   -2106.887579   -345.5866873
787.0891216   -2113.6934757   -346.1726606
785.1667526   -2111.9647026   -343.3092833
783.7483259   -2107.2440147   -340.9485817
781.6207977   -2112.0781898   -338.7473226
781.0698124   -2107.5499058   -337.3278975
779.1847112   -2111.1268997   -335.6342316
778.4937593   -2114.6109104   -335.3438377
777.6022079   -2108.5205078   -333.0034912
776.8403711   -2112.4377251   -332.9513967
776.1161449   -2105.4375172   -329.5740783
774.572027   -2108.9766026   -328.8952708
773.698208   -2113.3217812   -329.5245469
773.0155411   -2106.761694   -324.5148957
772.3754021   -2105.5977345   -320.8790421
771.8105438   -2110.6829643   -325.1736164
771.2901952   -2114.9892807   -326.8909454
770.9860327   -2108.959198   -321.3165402
771.0306915   -2105.8709621   -307.212919
770.6904384   -2106.7333221   -302.3060858
770.5650451   -2107.5384617   -317.1376288
770.4176428   -2112.2040749   -323.3321607
770.4515579   -2106.5204144   -296.6516018
770.2261927   -2107.527256   -298.9206314
769.8746445   -2108.0095768   -311.4820123
768.7362107   -2107.0320606   -288.4687483
769.060907   -2115.1633263   -322.7874339
769.4693776   -2109.041214   -307.1909249
769.2153873   -2111.5224361   -319.1918731
769.3137052   -2109.5407009   -304.1296899
768.7411281   -2109.4918251   -293.0965424
769.0241607   -2110.1930141   -300.738126
768.5092958   -2111.105442   -314.9632812
768.6356875   -2110.7194424   -296.9255447
768.374336   -2110.9032631   -311.6662204
767.8929987   -2111.8798256   -307.3298633
767.6278772   -2112.8339767   -302.7587235
767.2788473   -2110.8145714   -288.0461514
767.3742893   -2113.3728027   -299.2565036
767.8014161   -2107.2936058   -284.7931087
767.1643766   -2113.5687828   -295.5755293
766.9499936   -2113.3823395   -292.3691571
766.9732692   -2113.4734154   -311.8280768
766.7228403   -2109.9200249   -284.1190398
766.3953724   -2114.5758629   -307.6802492
766.5221068   -2106.7755222   -277.0203352
766.9665935   -2107.3110104   -280.985862
766.3422199   -2106.6718102   -273.7591267
766.1523493   -2115.2017117   -304.7705293
765.9801366   -2107.8119278   -269.6472108
765.9956934   -2114.777565   -289.9513543
765.5714425   -2110.6424332   -279.3323696
765.2024748   -2110.1241112   -274.5546699
764.802021   -2111.020565   -270.7549632
764.6470042   -2111.774683   -267.3355043
765.6951817   -2109.3659401   -265.525192
764.0713873   -2114.3100262   -278.00861
763.6851492   -2114.0670776   -272.11532
763.3078965   -2115.2069569   -266.6096389
