206.9085769   468.2138874   -363.0877019
206.4701456   467.414362   -364.6983063
203.4324167   465.7715336   -365.6907495
203.1854336   464.6792653   -366.9205383
205.693874   447.8913324   -383.3895428
204.0643373   446.010968   -382.871147
202.1928073   463.377757   -367.4161894
201.7683391   464.578303   -365.6961374
207.5622016   451.5059347   -382.8367964
205.7769442   470.5408119   -357.1099386
204.3459792   420.1697189   -403.3209758
206.2617207   422.8486616   -402.8903497
203.3728968   421.4921869   -401.1605581
203.4104957   375.9285   -452.914641
201.8887896   376.1044645   -451.3854451
201.8456171   374.4975645   -452.6740599
203.5510387   470.8505191   -356.5738417
201.7180982   372.8419514   -453.6891906
208.5689263   369.6087516   -463.3035309
205.0604202   367.5590589   -460.6740133
204.0040755   368.2645616   -458.9811783
205.7254258   373.3223182   -457.3077059
204.363797   373.7366957   -455.7073137
202.5644466   380.4473569   -447.623844
204.7318268   375.480104   -454.5098734
205.4702371   377.3661043   -453.2623497
209.6593262   379.1263926   -454.5826374
203.0907346   374.1598854   -454.1518536
207.5682397   435.4115623   -394.4623717
205.4928595   432.7144647   -394.1428122
207.799224   433.5740569   -396.0494136
210.4957275   463.3726468   -373.8616887
202.5378114   441.5893845   -384.3435678
201.3723874   442.2407169   -382.5436129
200.8962513   439.9644396   -383.6886339
202.4988884   398.6701956   -424.5743563
203.1564098   399.7273061   -423.6663715
201.2663002   398.9384006   -423.4318912
204.1654511   410.6009244   -412.191787
201.2461441   408.7256604   -411.9384707
203.7653227   408.7585289   -413.7944561
209.6625383   376.4425117   -457.4719963
209.6654036   374.5825642   -459.3889314
202.3044474   382.9382611   -444.5928547
210.6317415   398.1445826   -431.0199671
202.4528598   451.8586657   -376.7921217
202.9062091   454.6101146   -375.3052275
204.8207132   451.2688219   -379.9577204
203.3308962   450.5690085   -378.7520789
203.9783757   449.7428232   -380.1047259
206.1615492   410.5943068   -413.7866793
200.9690369   395.2066736   -428.1452209
201.4321713   396.5414239   -426.6750913
207.7182716   369.853001   -462.2311103
206.4476343   368.9459012   -461.5161997
202.5476648   468.438327   -360.9025031
205.3472858   459.6642449   -374.255664
210.2679498   467.0027776   -365.9837014
210.119635   464.5154669   -371.6718839
209.9170582   460.4644201   -377.785343
209.9648743   414.5834942   -413.2995083
207.8569331   414.3725745   -411.6350948
208.4952648   412.5911445   -413.8151687
201.637399   381.3383516   -445.9260418
204.0806072   389.6011213   -437.578649
205.6730855   389.2104128   -439.105304
205.8694304   390.3463806   -437.7469764
203.7477046   377.8418075   -451.3434028
205.5967406   454.4120393   -378.4286079
207.4932284   455.1632718   -379.9087917
209.2248188   455.1300815   -381.7733
207.6134304   453.2831693   -381.504769
209.6563711   447.1158141   -388.3746298
208.2901609   457.4990503   -378.9298902
204.0592327   415.9133967   -406.9382433
205.3823739   415.3393997   -408.580833
206.7205281   417.6384274   -407.7706887
208.4451276   399.7492008   -427.4548809
206.4317714   397.9099237   -428.2988848
208.553291   398.0707814   -429.6196347
207.6323305   394.3453236   -433.6673608
205.8583433   393.3827083   -433.7586244
209.185386   403.3842309   -423.6939784
210.1846895   385.2852021   -447.4655537
209.8173907   389.5670755   -441.4409589
208.9259641   419.9571778   -407.8885862
210.3883699   421.8084434   -407.8155043
202.4162785   429.0767355   -393.5223834
201.2025319   428.9068944   -392.3863135
205.075425   390.9578583   -436.4377951
204.5654344   391.5540237   -435.3315104
209.8862266   391.7113218   -438.5495436
202.6560548   390.3990385   -435.6288053
202.1207824   392.9611757   -431.8946902
202.9616346   394.8296069   -429.9664635
201.277956   391.2789889   -433.5904809
203.4415565   388.0981852   -439.0909662
205.0038483   450.1056054   -381.0206249
206.1695612   451.5247118   -381.2866048
201.3502798   424.4479376   -396.3278327
207.0320773   400.5497404   -425.3809798
205.5165346   398.6972406   -426.6347322
204.0743099   453.8386968   -377.1803369
201.3866191   459.927622   -369.6736328
204.3499053   457.502634   -374.7787942
206.099003   459.1913576   -375.4329685
206.0148321   453.0468892   -379.9530694
203.9750148   459.4272465   -372.9502345
208.459871   459.3890372   -377.5907032
207.358246   459.7439123   -376.2444167
208.5757411   463.5228863   -372.6341827
209.927188   459.2374702   -379.0525393
209.1210115   456.5924807   -380.5538243
209.8729045   457.9330798   -380.2337493
201.2666765   454.8931438   -373.2679173
202.6799134   456.0970048   -373.9947632
202.0582292   423.4354316   -397.9953782
201.0642166   433.5182957   -388.7531341
210.0120007   435.0342821   -397.4424066
200.816725   373.2878598   -452.4224312
207.9405499   365.6057701   -465.5767805
204.2815054   413.6790106   -409.1807362
203.681747   414.4195415   -407.9792649
208.6639525   431.9782777   -398.180209
206.3404051   438.4664907   -390.9016902
208.2412346   439.668889   -392.1606358
206.9892768   440.4292592   -390.2146141
209.6573316   436.7743869   -395.8013926
208.7716959   435.2017759   -395.9406444
204.3165326   442.0182818   -386.0496005
205.7171173   441.1604377   -388.2567008
202.8475705   430.9432457   -392.5857561
204.0766489   430.1053444   -394.5355435
208.6866184   383.9919642   -448.0045006
207.7212431   384.7921414   -446.2623089
203.2424361   406.677684   -415.6436041
206.5148618   403.9336168   -421.0375869
208.950651   401.0600491   -426.2011303
208.9871066   388.3357591   -442.5215082
205.8327879   383.6786384   -446.2725425
209.7907718   394.0626003   -435.4357451
209.780122   390.5857287   -440.0209466
204.1642908   433.224549   -392.320594
207.4482894   416.082424   -409.7426406
206.1995921   431.0899674   -396.1252444
210.7130479   417.7480537   -411.3105792
209.432028   418.3157042   -409.6789043
209.1861076   416.5285237   -410.9164908
205.1749326   423.6792425   -401.0439298
200.9899198   447.3141864   -378.3820691
203.1172369   412.3382953   -409.5537878
202.5074647   413.0694028   -408.3348833
201.3193189   411.5040609   -409.0103058
206.8591979   464.5905837   -370.032776
207.0044533   463.6037154   -371.5386916
204.3867149   452.5159202   -378.526775
201.5431653   421.7472633   -399.0478027
203.6086108   423.5305704   -399.533911
202.2666598   432.8136392   -390.5862556
209.1076668   443.5583343   -390.3446375
208.1811798   445.8718155   -387.6435059
202.3581525   439.9202174   -385.3670368
202.0014242   438.2753562   -386.1834768
204.6005365   428.8045754   -396.1223312
202.5533592   402.2308852   -420.207728
202.4269657   400.63235   -422.072732
201.5361254   407.2438028   -413.7701634
201.2166925   404.2215261   -416.9757981
202.6282233   403.5440716   -418.7131761
208.2287736   407.3451938   -418.6862904
209.7662169   409.0043361   -418.3198684
207.5584093   408.1488085   -417.3235253
209.1230641   402.0318174   -425.176829
207.5272132   401.9725834   -424.0220237
204.5312791   418.2645764   -405.228115
203.2499088   418.6619735   -403.6263161
201.922185   418.8264   -402.240073
207.7661106   390.6361973   -438.5960642
209.9107573   395.5603338   -433.6385461
203.7434586   396.7642208   -427.9308934
203.0365312   397.9062781   -425.9392917
204.02983   392.3464153   -433.9473808
200.9713599   444.1323305   -380.6924405
202.5789196   444.4089766   -382.3289117
208.3556521   464.5835592   -370.8804836
203.7645988   463.9508836   -368.3151762
208.0500156   465.3664829   -369.3513053
207.3609081   449.6413521   -384.0047372
201.6341429   449.3388675   -377.6678204
203.1279467   426.718975   -396.2246985
200.7324574   436.5586107   -386.0641311
204.7623428   438.4646648   -389.1455319
205.1995452   467.7189364   -363.6805446
204.8439028   427.5475835   -397.4024562
209.875884   428.8621054   -401.8223716
206.6160249   436.8801812   -392.352193
204.4788745   435.0016252   -391.3623971
205.6760185   434.6480723   -392.9286906
206.3333353   412.1325347   -412.4204907
202.5011157   410.9124766   -410.5555938
205.6181264   407.1217294   -416.8812799
204.9084825   412.6132473   -410.7683478
209.0575799   442.1243094   -391.3178736
205.977528   449.81238   -382.3306244
206.9924724   425.1541963   -401.6904692
207.598089   427.1479464   -400.7144046
203.827908   425.4867279   -398.0446907
208.682124   426.7145495   -402.2045583
205.0541677   436.876418   -390.6253629
202.0970711   414.1713588   -406.9379146
203.6240261   439.5144427   -387.0950227
206.6016225   406.696172   -418.0665941
205.9935451   414.3988386   -409.965003
204.4059965   399.4166707   -424.916786
209.6261545   441.2472695   -392.5812213
210.3803273   416.2047974   -412.2891744
202.6547548   448.6064071   -379.3824745
205.5668161   425.3937341   -399.9845594
206.8528231   360.9081602   -434.6993551
208.491617   361.4823111   -433.4285007
209.2801563   360.6055837   -435.0956916
204.5653468   358.5747279   -441.6199646
204.7256622   357.9114198   -443.5479045
202.8704986   358.9896532   -442.5672737
208.9477891   351.8101047   -463.0517061
208.1874206   461.1522909   -323.2299013
208.2324109   462.9501075   -322.3201008
209.7088362   462.6784167   -324.2814465
201.4287353   475.60618   -318.57184
204.215192   474.203475   -324.4699264
202.9412024   473.8171951   -318.4654999
203.8222285   471.7783621   -317.3893234
202.3090507   473.2325351   -315.7215286
203.943731   473.2531346   -320.1698495
202.5089672   475.1188464   -320.9305298
203.4719799   474.5958657   -322.80482
205.9866492   469.2373184   -319.6024147
204.8164095   469.7359649   -317.6451571
205.1192061   471.2624739   -319.7683194
209.9432041   469.9003763   -331.5344883
206.4325788   472.4943584   -327.2930911
206.3896756   470.7062914   -322.2009224
204.931352   472.8323347   -322.3077988
207.7876596   471.3186515   -328.312369
208.6886768   449.386928   -333.5417581
207.7492136   449.9253132   -332.4317004
209.2384228   450.8861002   -332.3744624
204.6559669   426.8518045   -359.6207898
204.0589454   427.5399221   -358.4994138
206.1283538   428.2838966   -358.477118
205.4498463   465.1638188   -318.3497491
204.198842   463.3244484   -317.9723472
204.1028074   465.0519168   -316.8382253
209.1189045   351.9222749   -459.3810246
210.4272351   351.3284119   -457.9389851
208.6871385   362.4671506   -431.6494967
206.9522705   354.0610596   -454.2185965
205.5513877   355.2866545   -452.9479225
207.5168418   354.0638679   -452.767422
210.5102677   350.5112561   -461.4201508
201.7266989   358.8088029   -449.1583511
203.5185239   357.0930448   -452.1119373
209.1631689   354.3959477   -449.2460696
208.3023601   354.1243483   -451.0709669
207.4780544   354.8138765   -449.8151877
202.2780527   358.2787534   -450.7845533
206.9674691   353.7993654   -458.1114537
205.6231855   355.002787   -456.6026053
207.5460717   353.251116   -459.9008185
208.6680417   352.1280605   -461.4771705
204.3028336   356.3110388   -454.0307204
209.8419784   350.8938011   -464.2559484
203.0303745   358.4473553   -444.5617282
200.9729818   359.9298013   -443.35009
206.8090618   353.8850125   -456.4748628
202.5867294   463.9421552   -315.9957602
201.9361446   461.8302092   -317.0576416
200.7458837   462.6704875   -315.304813
207.4544365   356.2284514   -445.6747733
206.4748414   357.0715839   -444.2095961
208.7444277   356.7402402   -443.5337351
209.5224092   355.6050338   -445.7566502
210.5011478   354.7035922   -447.4507776
208.4306771   355.2766754   -447.3667531
201.2313653   363.960767   -429.9550216
201.367398   359.9856295   -441.5206304
202.7566099   359.5305242   -440.6717821
201.1266858   464.5816804   -314.1253802
201.6689692   358.9148494   -447.3168813
203.1952367   357.9248546   -446.5936471
203.2168609   357.5851939   -448.5069669
205.8521754   354.7760369   -455.0686012
204.7056705   355.8985511   -455.4554333
210.0317348   350.6741219   -462.9126407
209.4669354   353.2092483   -452.5907337
208.7076425   353.0062147   -454.6198249
201.4492867   359.2794343   -445.467275
206.3222976   358.4452201   -440.6091736
207.9963391   357.7355674   -441.4938852
206.4438443   357.6886236   -442.5147717
201.3569427   455.7722401   -322.771835
203.4207382   456.539661   -323.2306384
201.8379395   454.6006647   -324.4437822
208.513382   352.6774381   -456.9066154
207.3251479   353.5949235   -455.4975557
206.5734242   355.9402085   -447.3982555
204.820262   356.6772256   -447.8518
205.1525374   357.101664   -445.7102614
203.3209942   357.29471   -450.2774691
204.7313937   356.3354905   -449.6797903
206.3204942   355.1278967   -450.9689998
204.6556681   356.1479159   -451.2301046
209.4965967   460.5520305   -324.9650142
208.5848257   471.0432985   -330.4899109
204.2355188   371.8115349   -417.1818024
203.1065924   370.8165978   -418.1629084
202.9944349   372.4043877   -416.1047405
209.512081   413.4391355   -378.0352388
209.0560949   411.881023   -379.5869177
207.5754146   412.4548743   -378.2429677
210.0651662   353.5443725   -450.8845032
206.3218376   359.2671191   -438.5951819
206.3394661   360.0903507   -436.6170369
208.5065835   359.5603826   -437.298211
210.5429063   351.7448917   -456.0773074
203.6691789   362.1172991   -432.8669137
204.7133694   362.5927773   -431.6649633
204.8895354   361.6181975   -433.597078
200.8581621   402.3363072   -385.5554075
207.4189104   470.6676125   -325.0065845
208.7318225   469.5364152   -326.1468032
210.6855471   469.65272   -333.6768853
202.6889588   360.9811837   -436.0903244
204.134245   360.0997752   -437.6131731
201.9396155   360.7043772   -437.6479287
203.6342088   365.3454866   -426.5290308
203.4067216   366.2312263   -424.9874989
205.2761097   365.7573948   -425.8295323
200.9514478   475.2007033   -315.2740485
203.046899   468.2850525   -314.3658144
203.0394371   466.2369406   -315.099611
202.2066992   467.2165764   -313.4737652
207.2130662   468.5327841   -321.4458047
208.5594713   468.1697973   -323.7645495
207.7976034   466.5470428   -321.4592295
210.6539876   467.3122688   -327.0464808
209.9921495   466.6135338   -325.0206044
207.5251288   469.5169337   -322.9855161
202.7678956   360.007472   -439.0384496
204.4499243   359.2582061   -439.7086809
201.7667163   378.7516305   -408.2846587
209.8921621   420.5531404   -369.7738296
202.0342281   471.5425969   -313.2793444
201.0614492   473.3815485   -312.6484902
205.5626671   472.8673948   -325.1413116
209.6161334   469.3228245   -328.2898087
210.2412433   364.3361154   -428.7053186
210.619967   358.756639   -438.6583544
210.2758271   357.5777195   -441.1225887
208.3183294   358.5003784   -439.6401653
201.4930457   466.1158489   -313.3140934
207.7863646   443.7555102   -339.6982397
210.5602765   443.8509267   -340.8328272
207.5187393   401.2713029   -390.1826018
209.997725   403.0641086   -389.6809479
209.6896767   401.2402875   -391.4589379
207.0002987   370.6317463   -419.5395427
207.9059579   372.0318268   -418.3034171
208.9468044   371.0048097   -419.8256066
206.7715531   362.8465718   -430.9422881
205.4193023   363.8038407   -429.3023471
202.8508168   361.726136   -434.1519981
204.6064585   360.8381077   -435.4751619
202.8745476   364.5432491   -428.2245066
201.7549593   365.6620486   -426.2426927
209.6514969   468.185174   -325.9180575
208.796007   440.7211212   -343.6963946
205.2065155   372.7611592   -416.4323497
204.6219334   374.2588594   -414.5724026
202.2618412   369.3695845   -419.9594081
204.8444809   369.6646149   -420.1248796
203.2951653   363.4766197   -430.2332141
202.2782971   362.8042209   -432.0247516
202.2759814   429.5231475   -355.2619798
202.107861   427.6855481   -357.4635331
206.3008077   385.1818006   -404.9059496
208.2750998   386.7869566   -404.6659843
207.7659979   384.6450186   -406.280706
201.1553951   467.0739813   -312.3688961
202.2001655   457.3679081   -321.5308733
204.3928212   458.4853935   -321.9850972
201.7952582   384.8334585   -402.5303509
207.6771008   390.6563782   -400.7430625
208.1614435   389.4769017   -402.1399474
206.1800947   388.5914453   -401.7254922
208.2531067   436.6265023   -348.6504422
208.9343373   435.3078125   -350.6972076
206.31843   434.5557247   -350.5353736
203.0895121   368.3616399   -421.5464415
201.171569   368.4086239   -421.2818237
202.9503857   459.2133893   -320.2188019
203.5532819   461.155574   -318.9889829
204.990209   460.4296629   -320.7652208
207.9301418   379.5804388   -411.003788
209.096451   378.6688873   -412.5060332
206.7944732   377.5879785   -412.2458086
206.2157938   355.6059797   -449.0759216
208.3236996   363.745497   -429.4279328
207.5420764   355.1430943   -448.5992165
209.3021722   454.1869109   -329.5801032
210.3915539   456.867876   -328.3772451
210.2069483   437.9709273   -347.7117276
208.4081459   457.6826276   -325.9466357
207.8469181   455.379632   -327.466252
206.4857008   456.0699623   -325.7920565
206.9618147   463.4200809   -320.6786484
206.7825776   461.6674829   -321.4775289
205.456446   462.3052454   -319.7875546
206.0019931   457.608436   -324.0410628
210.4880697   459.3548752   -326.8126277
204.8483402   466.6262953   -317.1856095
204.2405229   468.1426096   -316.20045
205.3545451   468.1532215   -317.8843158
206.3877507   449.801402   -331.8973237
206.5279854   448.5372393   -333.335137
202.0779378   446.7127629   -333.7143594
207.6606449   451.0222326   -331.3202884
204.4474586   445.0655301   -336.6232759
206.6042124   446.2856191   -335.9744741
206.81778   445.1979856   -337.4565082
204.8742426   385.3446816   -403.894664
203.8745623   386.4747484   -402.2542483
206.1838482   386.7307926   -403.4272539
203.0308247   471.2574026   -315.0355246
201.0384813   471.5410278   -311.3717522
206.3218575   467.0469261   -319.3180732
209.0677056   465.8052355   -323.1599923
210.1384486   464.7291284   -324.583392
209.06847   438.140604   -346.9844117
201.113301   370.0948616   -418.7367511
207.1023447   365.0034097   -427.2454504
209.246032   365.8880914   -426.2078278
209.1479429   364.8094452   -427.7690015
202.1286467   373.72603   -414.1572837
208.3612692   367.8835084   -423.277205
206.7686725   367.687367   -423.1489175
207.6528553   369.213085   -421.4561453
210.1073412   383.2151504   -408.9812972
209.1284556   383.8666813   -407.804876
202.4038043   430.9518348   -353.5340319
204.3436794   432.6382863   -352.1840884
204.4988363   431.1647218   -354.1210359
208.758547   373.7691171   -416.8878349
210.064859   375.0203607   -416.2984097
210.5112598   374.2242049   -417.2674927
202.3974327   425.7842142   -359.9189425
206.7268844   361.9242148   -432.6689204
209.3244218   428.9327972   -359.0880764
208.0689226   427.5531218   -360.263871
207.6093197   428.2565521   -359.169757
206.6563962   430.9659886   -355.298504
207.1665762   433.1405543   -352.7305285
209.5931022   432.8794404   -354.157787
209.1356531   431.0833477   -356.256862
206.8439041   465.1099906   -320.0347029
203.7139331   469.8459303   -315.6186617
201.3911346   469.9822091   -311.812153
202.6268213   469.8847177   -313.69698
201.8710238   468.4223334   -312.6753491
208.1033107   464.6588716   -321.6955958
205.4572116   454.2886704   -326.8608923
202.8590729   453.382624   -326.3850669
204.1119714   452.2831301   -328.2428877
201.4242435   451.363073   -328.0341062
208.9541592   415.9754652   -374.8220066
210.6809382   416.1835457   -375.3823303
208.6747045   414.4129844   -376.5153598
204.2780841   412.5194616   -376.5574278
202.3558985   410.1129309   -378.3152461
201.4162851   411.7264521   -376.0291862
209.9699296   391.1107517   -401.7559681
209.3629083   388.9383182   -403.3864159
201.9386899   376.2722727   -411.0590068
206.018886   383.6870012   -406.0944901
204.4395376   382.2044405   -406.5395056
204.6989283   383.9768446   -405.0529378
201.7825746   367.6565224   -422.5321114
208.6943828   382.2120891   -409.0260477
209.145601   464.1577432   -323.1081841
209.174022   459.2210377   -325.4154437
205.9130105   379.0190957   -410.3763576
204.2561353   378.6743881   -409.7285996
205.0052326   380.3663368   -408.5707461
208.3944352   377.032758   -413.6227277
210.4308003   377.6258781   -414.1816036
208.8555374   375.6148273   -415.1710793
206.2175023   396.0072713   -394.7286948
204.3455141   394.1230409   -395.3940761
204.5753893   395.9499214   -393.778426
209.5846529   447.6189027   -335.9874058
208.0382284   446.5781635   -336.317013
207.8679869   447.7264049   -334.9004244
205.8161951   416.2793083   -372.95708
208.3229398   416.9784456   -373.3311395
206.5925776   414.7692714   -375.0987016
203.9549255   409.0491805   -380.2933215
205.1961915   411.3036812   -378.3905369
200.9514188   372.5403126   -415.2995004
202.4241074   394.9101682   -393.4652685
201.9814349   396.1743083   -391.9926199
203.8961605   397.2694108   -392.0805526
207.7293269   360.2313253   -435.939382
207.3964362   366.5741306   -424.8612076
205.2260495   366.890312   -424.0306538
210.158094   427.8337217   -360.8640411
208.782611   421.3798773   -368.2606085
206.8496127   421.2671053   -367.4908766
207.7212448   422.9351321   -365.8628662
209.2085257   422.8046968   -366.7174107
201.4702742   361.6367308   -435.1968165
201.2735057   361.2837941   -436.3629345
201.476009   459.8547373   -318.5058916
208.0209092   459.3253697   -324.27702
206.4582668   459.7735574   -322.5528858
206.6696304   453.2147153   -328.7044153
207.6985967   452.323645   -330.1435276
204.522045   447.3802818   -333.7967314
204.4963462   448.6781796   -332.3432005
201.3749215   444.4767858   -336.1826813
202.2059091   443.1037777   -338.1953532
205.1557728   368.1321505   -422.2369927
203.316277   367.286741   -423.2310742
201.0614996   379.917305   -406.7638217
203.2351669   383.0288688   -405.0682158
203.3244216   384.4357962   -403.8143399
202.9790678   380.3150051   -407.4578978
206.8929753   382.5145548   -407.6843804
202.802291   387.171612   -400.9504815
203.900409   388.5969856   -400.3131972
209.7214948   367.2790821   -424.4399298
206.7831168   375.7379935   -414.0316881
206.8568374   374.1227901   -415.6801814
206.8753854   372.7867682   -417.0618311
205.6045151   371.4554184   -418.0965277
207.6263556   388.0944429   -403.0773404
210.7234895   388.0696825   -405.0352455
205.8422449   390.1093664   -400.1166682
206.8265128   391.9140746   -399.0330473
201.9352199   448.778411   -331.2906721
203.6083613   422.1647262   -364.8789013
205.5386957   423.5968718   -364.0278323
205.6086026   422.1851523   -365.7916068
201.6385199   397.546017   -390.4799538
204.4629242   399.7962479   -389.9338293
204.1144408   429.6837992   -355.8282986
206.6760907   440.5678036   -343.0503059
206.3623942   438.9162107   -344.9697553
210.7024479   437.0936935   -349.1636471
204.8627258   364.8333683   -427.4154764
200.7935151   458.0070623   -319.9140196
209.3299162   452.3688801   -331.0871442
209.1147346   446.0619456   -337.5747485
209.6793517   448.8304465   -334.7088404
205.2540749   450.8391324   -330.3710963
204.0893676   436.727538   -346.8550977
205.4416546   435.7205535   -348.6617127
203.1474452   434.9164072   -348.7991437
207.0322448   437.5696051   -346.9234656
202.4118688   441.6040325   -340.1635372
204.8171103   441.8513531   -340.782855
202.5832153   440.1177969   -342.072811
208.9244312   439.2654849   -345.522803
202.2440435   381.581147   -405.8488279
200.9973451   374.7330326   -412.4728673
201.2339869   366.8038686   -424.1388245
209.8564297   370.1469345   -421.0818718
201.4679304   382.9794412   -404.0849245
202.7005403   377.823673   -409.7305014
204.2836629   377.2042159   -411.2520029
203.1932715   375.3249313   -412.7321289
205.8373722   408.8306209   -381.4448062
206.434842   407.3956959   -383.2651429
204.0898238   407.3079247   -382.2400881
204.6643364   390.8190728   -398.7198354
202.4997597   389.6291155   -398.4873712
210.6223896   404.9240023   -388.0137502
201.814296   392.6212408   -395.2600351
203.3323459   391.763384   -397.004235
203.1605148   403.7008273   -385.4376937
202.4977882   401.7694448   -386.956726
202.1175195   399.8530563   -388.5685329
201.0719178   390.4729648   -396.8176595
202.0770636   407.0190058   -381.5531222
202.4568983   405.9058416   -382.9043309
208.5464084   442.1787329   -341.8544072
206.5319321   441.758525   -341.5568581
204.7568479   443.4313143   -338.8044318
210.5311868   394.9294013   -398.4725187
200.7825258   429.6457176   -354.5072091
205.1418153   375.9883754   -412.9566396
209.8244189   380.4825646   -411.2705966
209.0968683   392.7436194   -399.6690692
208.0794135   394.2371041   -397.6045841
205.9703764   402.2232191   -388.3598652
206.9291409   404.3038612   -386.752501
208.365523   403.5525178   -388.281567
209.9922068   385.9230792   -406.5103559
210.2013769   368.9054144   -422.611385
204.4099338   425.5199527   -361.1486914
202.1078883   423.8873458   -362.0908996
204.7607502   420.5697545   -367.356996
203.3351696   420.6379665   -366.5971209
209.2047643   405.5174249   -386.6448262
204.6530205   403.0702071   -386.8238474
205.4896057   405.0789085   -385.2235723
203.7131319   414.0791647   -374.4903137
204.6896568   419.2017053   -368.9595881
210.6295676   432.3284726   -355.3394406
209.47791   424.3092399   -364.9926934
203.2644892   415.6789993   -372.422238
200.9703826   413.472008   -373.8286638
201.0042168   415.2850718   -371.7672615
206.9478024   425.6681261   -362.112867
204.0689487   423.8531897   -363.0358739
209.5765451   425.8231184   -363.1348159
209.7632047   434.414192   -352.2485205
203.7337674   433.8704673   -350.3666981
205.0172609   428.9923979   -357.0891214
206.302658   427.0290392   -360.127071
210.0159412   407.1736819   -385.2657974
209.7331749   408.7183441   -383.4223429
204.4040001   455.4133382   -325.0467373
205.8614459   463.8594508   -319.2810176
201.3743022   436.8302178   -345.7335982
201.1996996   434.9208514   -348.0746775
202.6972966   450.6036345   -329.495833
201.2285089   433.2855594   -350.1476323
210.0919502   382.0170258   -410.052284
204.7798737   440.4277438   -342.4984193
204.9761456   439.3887424   -343.8469798
207.1981901   380.7740284   -409.4698993
208.7482766   381.0060044   -410.1637242
210.1939329   372.7738411   -418.5341102
210.1332225   398.1844004   -394.9414562
201.8313261   422.2407272   -363.9549904
206.6180224   410.5607492   -379.9114105
207.9565194   406.3682734   -385.107946
210.0491954   430.2998203   -357.6809433
210.2887867   418.9268031   -371.9186186
207.0316281   429.7550079   -357.0092924
203.3482575   419.5315532   -367.933794
205.6439903   446.8519011   -334.8802725
201.9662203   386.2139574   -401.3335422
208.1467458   409.8173517   -381.4549083
203.347687   379.1477093   -408.7480667
201.4895683   387.4696087   -399.8711103
203.8705002   405.6219231   -383.8765464
205.6157461   392.9239605   -397.3241189
206.4676602   394.6932606   -396.1619769
208.1060059   396.1773335   -395.7262954
209.9598966   396.280254   -396.7865608
203.9337705   401.3419206   -388.1366605
201.4242466   418.9015601   -367.7477427
202.5644924   418.3212918   -368.9892824
201.2963221   420.4446192   -365.8568856
206.4536777   413.0976684   -376.9690413
207.7915261   418.3814658   -371.4063851
207.4756484   424.0910243   -364.3198482
210.5422409   417.498179   -373.7548399
203.6338264   446.1000445   -335.0115022
201.900849   432.0726604   -351.9299023
201.6192964   408.1722049   -380.0852603
210.6637498   376.1732485   -415.5719898
209.111896   399.4223644   -393.0380784
207.8269139   397.6581317   -394.0760096
206.2104164   399.0724785   -391.6736867
206.0182192   397.4441892   -393.1929294
202.87544   417.1744339   -370.4881998
205.2656588   417.7522183   -370.9570062
208.2147213   429.4387176   -357.941874
207.2067488   419.7607742   -369.4771283
201.6826419   404.3267308   -384.0807148
207.4214832   398.7090606   -392.7730482
207.9816638   399.9443609   -391.8354202
203.9813313   438.1525541   -345.011369
203.0424237   438.8646308   -343.7816934
210.0009393   351.7120895   -468.0023093
210.4160331   350.6882277   -467.00246
209.183602   352.4811939   -466.5403924
209.5271101   351.5415069   -465.4562549
208.6111945   352.4480822   -464.0053068
208.3294157   353.3205262   -465.0756466
207.8419262   353.2174825   -462.54283
207.4800939   354.1840001   -463.6095702
206.6196772   355.0528259   -462.0686771
207.0567327   353.9759266   -460.9976582
205.8132768   355.7498216   -460.5004238
206.2225308   354.7613132   -459.4225545
205.3288041   355.6114665   -457.8833156
205.0041392   356.5063599   -459.0361414
204.1137497   357.4405308   -457.5632758
204.38761   356.5190525   -456.4422776
203.2576817   358.2691193   -456.0356102
203.6074549   357.2787012   -455.0008907
202.8535646   358.0119503   -453.4321901
202.4346254   359.0583935   -454.5031679
201.5901373   359.8492035   -452.960233
201.9585941   358.869827   -451.8693506
201.077807   359.7045665   -450.357713
210.1029464   470.6294736   -340.9410763
209.0939722   471.3606158   -339.3277616
210.1166238   470.4363762   -336.2428569
208.1013402   472.0800522   -337.7226414
209.0857088   471.1632243   -334.6932069
207.0729962   472.8098169   -336.1762689
208.0281313   471.8955413   -333.1472873
205.9778843   473.5708491   -334.6962022
204.9369762   474.3066382   -333.1283219
206.9621749   472.6293363   -331.5855609
203.9564778   475.0124053   -331.5122864
205.9150891   473.3575796   -330.0000573
202.8989405   475.763213   -330.0097432
204.8520985   474.1068272   -328.43756
203.7688005   474.8955658   -326.9754182
201.8083263   476.5366338   -328.5562307
202.7136284   475.6762262   -325.5688265
201.7502995   476.3014563   -323.9029527
200.7421585   476.9373587   -322.1104965
205.7455072   469.3331314   -360.5693858
206.7549819   469.7502296   -359.245423
205.1802874   469.7752924   -359.3573228
207.9566558   361.6775096   -467.510544
208.6822694   360.7146412   -468.7814423
208.9577876   362.9823921   -468.2379637
204.7214009   381.0170055   -448.6141243
203.1790436   379.2559878   -449.4119644
205.1651356   379.7242439   -450.4472923
202.7395209   445.8525953   -381.4627235
204.0242141   448.0887312   -381.3382988
201.9309743   446.5566695   -380.0220423
201.0783411   471.7047398   -354.6138324
210.4907929   469.2179845   -357.101211
204.7840516   471.4927325   -354.9310722
204.0395319   472.1709186   -353.3301556
202.7835268   471.6211301   -354.9053071
203.3829111   474.9219724   -342.0404489
200.9344509   475.6572194   -344.200958
203.0806924   474.6692721   -344.9507869
207.5743138   472.3418286   -342.8698411
205.739072   473.7089045   -339.4682599
207.1851755   472.727468   -340.4656963
209.143598   471.2812104   -343.881832
203.3717337   475.3159523   -336.7782866
201.0098807   477.1186354   -331.2832866
203.1492674   475.6106542   -334.1660991
206.0567718   357.8534843   -464.0367686
206.9005121   356.3721606   -465.0365189
206.6016559   358.1597307   -465.4131321
202.5202625   361.7150435   -457.6328785
201.7112353   363.7709909   -456.4515917
201.7991387   361.6811055   -455.8382063
206.2508046   365.3009905   -463.5013121
207.1031765   364.4479788   -465.1118588
207.4787052   366.5573081   -464.3657519
201.2703102   361.2564078   -454.0274224
202.978097   359.6287334   -457.1444522
204.0228488   358.3466831   -458.7830779
203.3266305   360.0989529   -458.6709588
205.459938   357.0546923   -461.4300447
206.377273   356.3134711   -463.315779
210.1127285   354.4460681   -471.3532129
209.0355244   353.2695008   -467.4945646
208.0618376   354.5048698   -466.1860581
210.5339487   352.4079761   -470.7188759
201.6781816   476.6037981   -333.3294013
202.6409634   386.5510296   -440.4930907
200.7806963   385.8280562   -440.1245297
201.496384   384.9957791   -441.5923994
210.322518   356.0153532   -472.1787034
208.7509329   449.4214052   -385.6953044
208.4647805   447.5392539   -386.7583378
210.101206   449.1116979   -387.4031141
205.5831285   462.5064687   -371.6918608
204.2810773   462.8530407   -370.050078
204.0689352   461.1698652   -371.5378634
205.3237066   473.7836145   -342.6971879
209.9523941   411.9256189   -415.6807757
207.3791742   354.9269014   -464.6424917
208.5451508   354.742082   -467.8628467
207.5231881   356.463794   -466.652653
201.5485956   368.4520479   -455.5240094
202.4450595   365.9902718   -457.561237
202.9333309   368.414514   -457.4775663
206.6313415   362.3942013   -465.2819153
205.7397054   361.5921533   -464.0124968
206.6302236   360.2645492   -465.6763973
209.6445128   352.961232   -468.8704488
202.7759808   428.0256975   -394.752539
201.0569208   427.4457591   -393.4066227
201.2420554   426.0571864   -394.7757146
208.6687762   392.2286249   -437.0663338
206.5406445   392.5201478   -435.3258895
206.7785638   391.3347345   -437.0304073
205.0257173   466.7003945   -365.3580305
204.8678715   465.4312793   -367.2213367
206.7189107   466.5542183   -366.3660167
209.6573532   470.7332818   -349.4820682
203.2159093   367.2703189   -458.4024401
203.7807008   366.3675602   -459.5112778
204.4462127   405.3631763   -417.9360226
204.6692048   403.8283029   -419.8121994
207.0847315   405.621753   -419.6281909
202.2971148   359.9542185   -455.5098028
200.9729672   365.9893617   -455.191097
205.2066981   358.7984966   -462.4134242
204.627743   473.3290464   -348.4578264
204.6054353   472.7165958   -350.9681128
205.8502037   472.7413939   -349.0723749
203.0232202   435.5582306   -389.357738
202.5246452   437.2296878   -387.5545143
200.9231079   434.9936892   -387.4732733
206.7422634   465.5131286   -368.3378152
208.7381788   466.3158278   -367.5200046
209.6743483   465.4662884   -369.6479064
205.2167541   474.1321397   -337.3390469
207.0182631   472.4152292   -346.6620177
205.055582   473.5941826   -345.6670386
203.8358207   474.9178868   -339.3687975
206.1786447   408.8464475   -415.5576421
208.8635021   410.0183645   -416.5693784
207.9457021   410.772994   -415.0613181
206.3233272   376.5060111   -454.85691
207.8133877   376.4764426   -456.0321954
207.7837911   378.0516962   -454.3556109
202.7808932   370.3669196   -456.2928049
204.124793   371.9168883   -456.8523789
202.8723024   372.3421973   -455.2347426
208.7752077   368.3650374   -464.5051
207.4628828   368.4055593   -463.0932625
204.8535964   357.34311   -460.0079339
204.2636613   359.1359738   -460.2888772
205.7616977   359.6095198   -464.0293331
204.9604019   360.9786298   -462.6051224
209.3147305   356.7528173   -470.3084109
210.603095   359.4178796   -471.9688113
209.3042925   354.6488923   -469.5870516
201.1020069   475.02733   -346.6760723
202.1914352   457.32223   -372.5716117
202.4962005   459.5709174   -371.2143191
202.5139527   473.5098779   -350.092416
202.191893   472.5748244   -352.7320406
205.872251   471.9312372   -352.6932224
210.4398873   467.9999591   -362.7349744
209.7735971   470.0582923   -354.6695169
208.1892134   470.020682   -357.2987367
209.7122599   470.8150639   -346.2386485
201.5061858   476.0087155   -340.742153
201.7128538   476.4740324   -335.8718274
204.3069041   360.6237624   -461.2195568
203.419812   361.6732078   -459.5513488
202.8033661   474.1972848   -347.5795396
203.3568082   469.7750115   -358.7576199
204.3416152   469.0687425   -360.7366896
209.82829   470.457784   -352.0450153
207.2177811   471.9440123   -349.7213226
203.4832952   364.1557001   -459.6363766
202.6067426   363.4600339   -458.1725976
208.300981   356.6048239   -468.3684343
209.0931496   366.6777448   -466.1113896
209.4490123   359.1544622   -470.3104801
210.0291068   357.770434   -471.5631637
209.0133414   451.3347348   -384.5229406
209.2208398   453.275234   -383.2221325
205.4923637   468.6386238   -362.0076782
207.0411079   469.0318857   -361.1341168
207.7566624   470.6626378   -355.5880709
209.8665487   365.2404786   -467.984059
208.3646094   364.6680286   -466.6213953
206.6221927   382.8722986   -447.8429776
204.0781434   382.4205326   -446.4851603
206.8067166   381.3447572   -449.8275662
210.4429118   368.7292045   -465.8114082
207.6502223   374.7857191   -457.5673618
206.0497715   375.0690434   -456.0182553
205.7933549   463.6554627   -370.5511163
205.3609701   464.3977184   -369.1445884
209.5922823   377.9354272   -455.8489213
205.5094692   445.9453801   -384.5685346
203.6934085   443.7879352   -384.0566301
205.4495679   444.2955809   -385.6860832
207.6404924   362.954523   -466.56228
204.0404499   370.0710397   -457.98156
210.0517925   407.3649475   -420.2080447
210.4179979   451.041515   -386.2507144
208.7568516   468.4972068   -361.922686
208.6823331   469.2596528   -359.5275596
206.5967136   456.1529688   -378.1942121
206.5930954   457.9011701   -376.8638163
205.0187227   455.7430267   -376.7980416
201.8431548   415.722969   -405.2158391
202.1315186   417.429919   -403.7699585
204.9240093   364.9030245   -461.7014243
208.9815014   404.9789921   -421.8165042
207.7953734   442.6835318   -389.4995297
209.0029908   444.8999286   -389.2600773
206.7870352   443.8427461   -387.5281844
202.5318864   384.2924592   -443.1692794
206.6306861   420.9789029   -404.854195
207.133721   419.6814622   -406.4271164
208.7914579   421.5996126   -406.4336357
210.5452222   444.4966789   -391.2754326
203.5901357   466.9146881   -364.1224419
201.8929564   466.9461555   -362.7447339
202.2769125   465.9636472   -364.4900773
208.5761563   425.1550077   -403.3438456
210.5035392   425.625919   -404.9641106
210.2813604   427.2533277   -403.4761133
205.7449263   386.4110186   -442.772647
204.9606368   384.612162   -444.4802284
207.83698   386.5930194   -444.010775
205.1948867   401.0707865   -423.4217125
207.0365791   402.9371451   -422.5572241
204.7392999   402.4159873   -421.4947187
208.6342553   423.3413275   -404.8721311
208.874824   438.0681368   -394.0101459
210.1608579   440.4579446   -393.739989
210.68428   461.5744713   -376.9147182
205.466474   461.0554216   -373.0965182
206.9370954   460.8306733   -374.740563
207.0087349   462.3612694   -373.0711388
203.8264281   468.0191045   -362.4262854
200.7908244   465.319787   -363.9267248
207.6362045   360.1993727   -467.3838902
207.413821   358.3876306   -467.0421626
208.3787725   358.6367449   -468.7119623
205.0717053   362.7168217   -462.6736219
205.8805369   363.5679403   -463.7317448
210.1657321   361.5923489   -470.4259894
210.5150596   363.9330463   -469.6226848
201.0862755   468.8307975   -359.3536467
200.8730673   467.6091617   -361.0420752
208.5990452   467.5195759   -364.6649377
210.6362874   467.5113444   -364.4405249
206.1093485   427.3849212   -398.9233307
208.2622853   429.3818173   -399.6914626
206.462977   429.3637622   -397.7367857
204.265743   362.5125311   -461.2417086
206.2364065   371.2890589   -459.5283616
207.2280252   370.952749   -460.7568975
207.182788   372.7505402   -459.1147391
208.3818953   470.8865982   -353.9050747
206.7369961   471.2503593   -354.4883197
207.9261301   471.3362264   -352.1694475
201.1076796   470.3959469   -356.7971938
201.5669502   370.9161109   -454.5523225
205.4198063   369.8218189   -459.7172386
205.3854521   371.5483532   -458.4397837
208.822368   372.6253455   -460.6741801
209.2151783   371.2279947   -462.3748161
208.8272072   461.011092   -376.2364651
208.6178745   462.2892433   -374.3986761
210.0049656   462.2459797   -375.4878264
210.4188563   387.9206471   -444.1158583
210.0065306   386.4897602   -445.733867
205.9000066   396.3517385   -429.9436579
205.2720438   394.3466425   -432.1300612
208.4648466   396.2678929   -431.8015071
201.7595837   377.6120657   -449.9317529
201.3157237   378.8012784   -448.3963563
207.2260332   361.502248   -466.4984792
208.9068873   380.0053584   -452.9885164
208.7996393   381.5399483   -451.0983835
207.0233985   380.0506983   -451.5224205
207.7443706   389.0612376   -440.684389
205.1447986   387.5226482   -440.9391891
207.084231   387.5845368   -442.1849349
206.2026056   366.9622064   -462.4963937
201.8863605   388.5853703   -437.4737547
201.3197069   387.0963668   -438.9524332
210.3653077   384.1630867   -449.0336778
208.6031054   382.8268422   -449.3924131
210.4224684   383.0177828   -450.5075951
203.7399383   385.7355235   -442.2441346
206.9353269   378.8628175   -452.8196049
205.6388556   378.7813735   -451.8948581
207.1276692   447.7356966   -385.1210091
206.9324433   445.8835548   -386.2278927
202.7016235   461.3077724   -369.9600868
202.8177827   462.6339814   -368.8364502
201.2307464   461.4234273   -368.210063
209.9936085   370.0585511   -464.1981236
