190.7549175   -1969.5150852   -946.8253255
190.8495995   -2045.0344086   -893.4392929
191.0429271   -2048.7542152   -893.592298
191.0864087   -1991.4337397   -953.1299472
191.1869618   -1994.8170185   -954.131484
191.4439472   -2008.3482265   -893.3535814
191.5702196   -1962.2476101   -896.1852789
191.320357   -1958.8011503   -896.7145085
192.0018765   -1972.0346928   -895.0821161
191.5418478   -1948.3635426   -941.3175583
191.3297149   -1957.1152925   -943.5892105
190.1669177   -1952.7726173   -941.8088198
190.7410892   -2045.2606678   -968.6202407
190.2679475   -2041.5053368   -967.2967792
191.9482025   -1960.2022171   -944.7755218
189.8270222   -2049.243927   -969.3212509
190.0229128   -1979.2404175   -949.2224455
191.7654844   -1997.5180626   -955.1751018
190.133241   -2035.3007317   -893.3643103
190.7673451   -1987.6585007   -894.6794271
190.5485364   -2003.4365654   -893.8866854
190.2496787   -1987.9288673   -951.7236352
190.4600235   -1992.7831888   -894.515872
190.3628977   -1963.0917311   -944.7872043
189.0898915   -2037.3301506   -965.4973149
191.5920945   -1931.9032431   -900.4654884
190.0452646   -2052.6685715   -970.3903198
189.8365887   -2033.8032246   -964.809835
189.5301016   -1997.9526997   -894.6321607
190.5851337   -1941.4329529   -938.8008714
190.3493675   -1946.4768171   -899.0735412
191.6829022   -1965.6916857   -895.7832456
189.7680434   -1968.8657522   -896.6482282
189.5485493   -2040.3118134   -893.517673
188.7014183   -1983.8947058   -949.826479
189.2653676   -2024.9009132   -961.8569016
190.8195587   -1936.9254112   -937.605381
188.5289522   -2020.8568573   -960.2959752
191.5407451   -1926.2324572   -901.5182853
189.4082101   -2016.985178   -893.8477039
188.5382804   -2007.8728199   -956.5062523
190.7492252   -1926.448226   -934.0908527
190.1639076   -1922.1880436   -931.9314361
190.5984553   -1930.2484989   -935.2972507
189.3727454   -1975.4449129   -947.810173
188.8638707   -1972.5217819   -946.7489123
188.9586719   -2011.3201141   -957.703948
189.1555461   -1945.6466436   -939.206481
192.3416527   -2058.016777   -894.1525221
189.4834312   -1929.9110174   -902.8423429
190.371004   -1942.3668385   -899.7151256
188.8043257   -1983.9832783   -895.9644437
188.8768347   -1939.0541315   -901.563704
189.9686428   -1953.2852173   -898.3407617
189.1256543   -1950.5859613   -899.3734121
189.1033324   -1925.1229763   -904.3578506
189.0635761   -1956.5312862   -898.5456824
189.1513439   -1934.4215393   -902.2469521
189.0686127   -1972.7818966   -896.7193961
188.4791227   -1960.2791071   -943.0134296
188.7158426   -1964.9022818   -897.7389336
188.6678907   -1926.2163639   -932.1642518
188.828704   -2060.7690811   -894.605875
197.8531452   -2126.7807484   -905.9888124
198.2740434   -2078.5431862   -981.0938835
198.1289061   -2168.2047844   -921.6498733
198.01676   -2135.9393597   -993.8867688
197.3790797   -2088.9208317   -897.893548
197.7102133   -2155.2047729   -996.4938164
197.4401744   -2152.5249481   -914.0518308
198.0536255   -2113.3170128   -989.5146489
197.9919048   -2082.6349258   -982.0532203
197.7604004   -2142.0197487   -910.6189609
197.5245448   -2132.5180531   -907.4722528
198.027608   -2064.3134117   -977.2619605
195.7653137   -2062.7541542   -894.60814
198.2693347   -2185.3160858   -996.7820644
196.4061233   -2082.3664665   -896.8146443
196.2751123   -2078.5737038   -896.3457942
196.4895996   -2105.5254936   -900.349021
194.9379119   -2068.2778358   -976.9086242
197.4284919   -2169.9676514   -997.5068569
197.594163   -2102.3929119   -900.1374841
196.1726519   -2173.5730171   -922.2134948
196.5163621   -2074.7928619   -979.3357849
195.9635886   -2147.7239132   -911.1255407
195.9652873   -2124.317646   -991.0867214
196.2439688   -2092.3662186   -898.1150389
197.375116   -2160.6936455   -997.0256686
198.1683644   -2178.3812046   -997.2628355
197.2164782   -2145.5790997   -995.2485561
195.8820494   -2149.7993469   -995.7211018
197.6889642   -2191.8153763   -934.8555803
196.1596879   -2118.3009148   -902.8614759
195.112166   -2121.9046116   -903.2379389
197.3597082   -2142.5127983   -994.810164
196.6021629   -2158.0913067   -915.4592156
197.6283463   -2193.1226254   -996.2220192
197.9100677   -2179.0554523   -927.3881912
196.926442   -2188.9066696   -997.1538782
196.8612047   -2128.6280155   -992.2334552
196.3788243   -2116.7831421   -989.6860123
194.3240734   -2137.0289326   -906.7188501
195.8899768   -2109.6701622   -987.9062176
196.3887783   -2115.060091   -902.2462964
197.0495554   -2167.2153473   -997.4443316
194.7360309   -2164.0634537   -916.1722064
195.6082555   -2095.7753658   -898.4616399
196.7576715   -2195.3396797   -935.6685281
195.1617869   -2139.5802498   -993.8517213
195.1830956   -2072.7753639   -895.5914378
192.5272616   -2066.9951439   -894.9418664
195.7824799   -2183.8700771   -927.3158908
194.7968277   -2131.752491   -992.2105074
196.2600323   -2105.2496433   -987.0167971
195.3053745   -2108.7136269   -900.5382657
196.2722512   -2198.0142593   -996.3558316
194.6764859   -2095.0777531   -983.8903546
194.6409317   -2099.2481709   -984.9228263
194.3764063   -2084.5248699   -896.7433572
196.7770132   -2188.5700226   -931.404531
196.5286704   -2182.4948788   -997.7308512
194.0716776   -2111.8438244   -900.7049799
196.2822052   -2176.5551567   -997.864604
194.8515745   -2173.2003689   -998.0272651
194.6542832   -2072.042942   -977.791369
194.6067782   -2098.7274647   -898.6589313
195.6550153   -2199.1746426   -936.406672
197.1418234   -2201.9896507   -941.2507415
194.9644359   -2091.070652   -982.9965234
195.6281634   -2087.9812241   -982.4686646
194.5105167   -2085.0477219   -981.1973572
195.0064572   -2119.9438572   -989.8658395
194.1357525   -2103.3189297   -985.7057929
195.0539621   -2164.0410423   -997.3710775
193.3375867   -2080.9514523   -979.573071
194.0777274   -2077.2979259   -978.9211154
195.4357298   -2185.6913567   -998.0338812
193.5677501   -2170.2582836   -917.7832603
194.2146691   -2113.6796474   -988.1807566
192.7343877   -2063.8823509   -974.7176766
192.73707   -2137.1285915   -992.7177429
193.3710548   -2178.9152622   -921.7732549
193.1913766   -2127.9604435   -903.7682414
193.3182152   -2124.475956   -903.0154943
193.0980357   -2142.0600414   -907.3460698
194.4071027   -2157.9236984   -996.7017174
193.469313   -2154.307127   -996.0847497
194.3778964   -2192.8224564   -930.4030538
195.3650387   -2191.3840771   -997.7169633
193.4831115   -2194.5586205   -998.4007478
193.4291693   -2101.7315388   -898.829937
194.8103281   -2179.6364784   -998.2729554
195.3120502   -2160.8116627   -997.0753193
191.9528218   -2131.7350864   -904.06394
194.3129274   -2154.1321278   -911.9852781
191.703585   -2087.785244   -896.7381716
194.567469   -2143.1674957   -994.3591952
194.3441602   -2146.0278034   -994.8049188
193.8971552   -2169.0478325   -997.8534579
194.2220601   -2188.7705326   -998.3722568
194.0154406   -2127.9916763   -991.1915064
192.8398582   -2188.3313656   -925.8993864
194.159803   -2196.7942715   -932.4437976
192.1149763   -2159.8815918   -912.2630954
193.6105164   -2182.779789   -998.6063838
192.1904358   -2074.5146275   -977.3123264
192.1809288   -2104.8798561   -899.0030885
192.4819621   -2080.0917149   -896.0663676
192.9042908   -2114.8955822   -900.8690715
192.5267848   -2117.3300743   -988.3472919
192.4181553   -2176.3894558   -998.5103011
190.9815641   -2075.3631592   -895.5830932
192.4090954   -2197.5872517   -998.6664653
193.2023736   -2201.0238171   -997.8656769
195.9757181   -2202.9118538   -995.5968261
191.8984326   -2107.2773933   -985.7272506
192.0289966   -2092.48209   -897.305727
191.955504   -2118.1092262   -901.1466503
191.6492554   -2121.3464737   -988.8813496
190.6798454   -2125.8137226   -989.4816875
192.157534   -2150.3460407   -909.1333747
191.0936209   -2145.4687119   -907.0273042
192.1454342   -2111.0229492   -986.7233634
191.7700144   -2147.3426819   -994.5135117
191.2265392   -2150.7544518   -995.0271845
190.7904717   -2183.7332249   -921.1775661
191.4569708   -2088.3595943   -980.7119966
192.3010024   -2095.638752   -897.7355957
191.246924   -2186.1891747   -999.2099404
191.8309899   -2191.8330193   -999.1223216
192.3671337   -2160.9447002   -996.929884
190.9712525   -2108.1106663   -899.2113471
190.0940808   -2070.7457066   -895.246923
191.0249265   -2141.0980225   -993.006289
190.776852   -2121.2091446   -901.3290405
190.9105452   -2165.1921272   -997.3497987
190.7003494   -2092.7944183   -981.5345407
190.7865974   -2071.210146   -975.7787585
191.5248605   -2172.0995903   -998.1805682
192.0003863   -2180.0875664   -998.7924099
191.5640207   -2129.5557022   -990.6463027
190.3266581   -2132.8682899   -990.9448624
191.6338178   -2166.4140224   -914.3347144
190.066007   -2162.9528999   -911.7292166
190.0472017   -2097.4709988   -982.4531674
191.4282414   -2100.8937359   -983.9493632
190.782425   -2098.3698368   -897.8292942
191.9726106   -2144.4871426   -994.0025806
189.9762722   -2084.3765736   -978.9508581
190.1072534   -2157.0546627   -995.9602356
190.9817728   -2196.4378357   -927.714169
190.8163103   -2192.0361519   -925.2301455
189.4104453   -2082.3557377   -896.0702419
189.3408867   -2138.045311   -904.2645097
189.9087103   -2134.3121529   -903.6919475
190.8952566   -2155.2839279   -909.7878933
190.1477846   -2189.0234947   -999.5232821
190.1065382   -2114.0890121   -986.6171479
192.7185031   -2199.9516487   -932.1732521
190.8333572   -2169.5902348   -914.9131179
189.778057   -2103.6903858   -983.9243889
191.6739615   -2168.9255238   -997.8523254
189.8833486   -2077.7816772   -977.1158099
189.8644539   -2111.3746166   -899.4249701
190.0550099   -2182.9674244   -999.1582036
189.8343834   -2153.6319256   -995.2702522
189.6704706   -2101.3228893   -898.02742
190.7059225   -2173.9356518   -916.6154265
188.4118887   -2081.1440945   -977.3416519
189.726946   -2124.3040562   -901.5555382
188.7538406   -2127.5904179   -901.8448591
189.4866499   -2141.8440342   -905.2308202
188.8750764   -2114.5687103   -899.663806
189.0652152   -2137.0413303   -991.4170504
188.9608475   -2178.7552834   -998.7488389
188.4953948   -2161.0236168   -996.3360429
188.5910603   -2094.5496559   -897.1168995
188.3878978   -2147.1807957   -905.9319496
188.4010705   -2110.483408   -985.014379
188.6894675   -2148.4758854   -993.9073324
189.9031969   -2201.2398243   -999.4539618
189.9334165   -2200.4806995   -928.4806848
198.1592151   -2205.2671909   -946.341157
198.0695697   -2208.1890106   -991.8013215
197.6352604   -2213.6776447   -954.0117383
197.7749141   -2218.8999653   -961.8836641
197.6900073   -2204.8840523   -993.4684038
198.0305585   -2222.3525047   -976.665616
198.1960209   -2221.0483551   -980.7581902
197.857407   -2221.8973637   -968.958199
197.4584433   -2223.7694263   -972.1986055
197.1973153   -2221.0481167   -985.0117564
196.4855763   -2218.1084156   -955.9816122
196.3429721   -2217.3433304   -989.9417162
197.0029148   -2222.2702503   -964.6297693
196.0224482   -2209.4841003   -945.348978
196.2895366   -2212.5096321   -948.9481449
196.064231   -2212.2912407   -992.7474856
196.6513666   -2225.1586914   -980.5062413
195.2448162   -2206.1781883   -940.8435822
195.394096   -2207.6427937   -994.9640632
196.5401741   -2226.2897491   -975.3478169
196.4906725   -2224.8570919   -967.7826762
195.3017386   -2222.8553295   -958.5602283
194.770244   -2216.6876793   -949.4088292
195.8746585   -2227.3972034   -970.7971811
195.0489255   -2226.6173363   -985.4995608
194.8923143   -2222.9475975   -989.1529679
194.0959068   -2202.9941082   -936.360836
195.2625187   -2225.757122   -963.2349014
195.537475   -2228.7647724   -977.8623581
194.9025067   -2229.486227   -981.4547896
195.0290176   -2230.0081253   -973.8138914
195.1089474   -2227.7905941   -966.6051269
193.8288184   -2221.2862968   -951.9774914
193.7893602   -2216.1946297   -994.0428138
193.5062083   -2220.7684517   -992.6381111
193.9955624   -2213.4263515   -944.4025159
193.2861181   -2211.9624615   -995.8129525
193.2405206   -2210.152626   -940.0929213
193.6881217   -2204.8990726   -996.9758987
193.9293715   -2231.2293053   -968.3092237
194.0355571   -2232.6116562   -977.7323008
192.2622295   -2208.1613541   -997.4406362
193.6511072   -2227.01478   -958.9188695
192.1990188   -2226.1323929   -953.222096
193.5681077   -2229.4569016   -962.7017975
192.252067   -2206.8126202   -935.8536005
193.7219771   -2230.1428318   -985.8507514
193.3094832   -2227.186203   -989.3928766
193.5303184   -2233.4589958   -972.8722572
193.4744986   -2233.0677509   -982.2333455
192.933348   -2224.5070934   -991.6313887
191.9767829   -2217.3101902   -943.536818
192.434487   -2220.0262547   -947.1130967
191.0708221   -2203.5148144   -931.8430424
192.1983632   -2237.2102737   -975.0651121
192.7042874   -2235.8250618   -979.6365499
191.1647292   -2214.0631676   -939.2089248
192.6420899   -2233.0110073   -985.9703183
191.4334866   -2234.0259552   -962.1998072
191.964713   -2235.9137535   -968.7209129
191.1497387   -2223.5181332   -947.6187229
191.3011941   -2219.2416191   -995.7919717
191.4935084   -2215.2924538   -996.6151714
191.2170323   -2204.6132088   -998.5730648
191.4286586   -2230.5688858   -956.7839503
190.9580501   -2224.1330147   -994.5770502
191.8674382   -2236.7510796   -983.4641814
191.341457   -2231.6634655   -990.3100729
191.6449638   -2227.3826599   -992.170155
190.034953   -2211.95364   -998.3382821
190.245566   -2210.5908394   -935.0910187
191.3870844   -2239.2635345   -979.6786308
191.0363408   -2236.0482216   -987.5157475
190.1311251   -2221.0857868   -943.0398941
189.4801231   -2207.7944279   -999.1692305
189.1235384   -2207.0949078   -931.1130643
189.5926865   -2230.1146984   -950.9819746
189.6353634   -2227.0810604   -947.7552176
190.1410791   -2240.4909134   -969.7310925
190.206525   -2242.1603203   -975.5939841
188.8380023   -2218.2114124   -938.1971359
189.7721263   -2238.6529446   -963.9412761
190.6777891   -2240.2822971   -982.7693701
190.0795373   -2239.0944958   -987.218082
189.3002065   -2229.3047905   -994.651556
188.5872754   -2216.9921398   -998.5118508
189.3705102   -2234.4861031   -955.8873773
189.0456947   -2237.3390198   -958.9778781
189.5338567   -2232.3346138   -953.5087347
189.9201246   -2242.9611683   -980.3498983
189.5471486   -2236.4473343   -990.6548262
188.8824078   -2233.9096069   -993.2301641
188.6976632   -2221.8379974   -997.4808693
188.4145113   -2225.6433964   -996.7765212
189.413664   -2242.8326607   -984.4245315
188.8466748   -2241.7600155   -987.8232479
188.4706589   -2246.6893196   -977.3241282
188.4824606   -2246.1838722   -982.133925
188.529131   -2239.790678   -990.3986454
197.7365585   -1903.4318924   -899.9879956
198.0787488   -1910.143137   -934.0621233
198.0086537   -1887.5861168   -924.4305491
198.210177   -1914.0822887   -897.3843455
197.6206573   -1917.2874689   -897.4103928
197.3373862   -1901.1954069   -930.3489327
198.3706626   -1881.3796043   -907.9595208
197.6607712   -1898.9422321   -901.2525678
198.0507346   -1894.7067261   -928.3358455
198.3036669   -1882.3150396   -920.6283689
196.6093453   -1911.8180275   -899.2568851
197.3588737   -1904.6690464   -931.6666126
195.6720623   -1915.8881903   -934.207201
196.320829   -1919.5750952   -935.8320236
197.6441713   -1895.519495   -902.3239017
198.2643577   -1879.1180849   -910.9324813
197.6827355   -1881.3371658   -917.1665907
196.294305   -1893.6287165   -905.061543
195.7618269   -1908.2729816   -931.576848
195.7833143   -1908.1517458   -900.9512067
197.132227   -1888.4971142   -906.16256
196.7604729   -1886.0733509   -908.5890055
196.6468068   -1890.1227713   -923.7444997
197.3256441   -1881.3091516   -913.8734341
196.9601186   -1885.1755857   -919.9532866
196.0373195   -1892.9547071   -924.651742
196.541247   -1898.1348276   -928.1015992
196.7833611   -1883.5531473   -911.4627242
196.0750791   -1915.3308868   -899.1048336
195.4898211   -1912.3473167   -932.8292608
195.0516673   -1897.248745   -925.6195426
195.1494785   -1902.417779   -903.4262896
194.8760124   -1905.8250189   -902.6653171
196.0021826   -1885.4014874   -915.4931903
195.4415413   -1898.6001015   -904.3931365
194.7177025   -1904.725194   -929.0967584
194.9989768   -1899.6624947   -926.9557595
196.5111168   -1887.88414   -921.3917255
195.7115503   -1888.240695   -919.4421768
195.2483328   -1890.8965588   -908.9308381
195.1441439   -1888.3960247   -912.152648
193.7812837   -1915.2400494   -901.3954997
193.6544748   -1911.8897915   -902.4074078
194.0798732   -1897.9585171   -907.0127606
193.7420043   -1895.6869841   -909.2590213
194.4533857   -1918.5382128   -900.065124
194.3455013   -1892.9764032   -920.5971956
194.0238448   -1891.4320469   -916.3368344
193.238494   -1909.0131521   -903.8111567
193.4268447   -1911.4654064   -930.5811524
192.8560706   -1908.5071087   -928.6615849
193.5629519   -1896.2935209   -921.9490886
192.6650377   -1915.2065516   -931.4326048
193.0920752   -1918.9676046   -933.2706928
193.2395967   -1901.7381668   -906.689465
193.5316297   -1893.4208155   -912.4353528
192.4900683   -1906.105876   -905.967176
192.2664019   -1904.8881531   -925.855875
193.0126818   -1900.4795551   -924.1150618
192.9534646   -1895.6882954   -918.7367558
192.2054859   -1900.2819061   -909.8963737
192.3888298   -1896.225214   -915.694356
192.2526332   -1898.9701271   -920.8462834
191.7908164   -1914.9906635   -903.8725495
190.794495   -1919.2814827   -903.8217664
192.0663389   -1898.0304003   -912.7070308
191.3003894   -1911.2895727   -905.737102
190.8678385   -1912.7137661   -928.2564521
190.6620833   -1904.805541   -910.6631875
191.1512288   -1903.2644033   -922.1847653
191.2910315   -1899.5248079   -916.336894
190.8524307   -1909.0863466   -926.1291623
190.3760406   -1917.4404144   -930.054605
190.0890144   -1909.1852903   -909.0380669
190.063593   -1907.3647261   -923.2022762
190.8990415   -1901.9201994   -919.1071987
190.5965777   -1902.5195837   -913.2735133
189.6784278   -1916.277647   -906.3156843
189.2733546   -1913.4457111   -908.2859159
190.0003525   -1905.359745   -920.4114079
189.5183297   -1905.0606489   -917.116344
188.7673112   -1912.1748209   -924.3298173
188.5813745   -1916.1487818   -926.8079996
189.0367838   -1907.7284336   -913.1692052
188.6424395   -1909.2692137   -920.4086065
197.6523968   -1934.797883   -940.8987164
197.8329393   -2025.1522064   -891.9212222
197.8795799   -2043.8966751   -892.8645849
198.1040212   -2007.7667236   -961.1481428
197.1480223   -2011.1134052   -961.6487026
198.1346878   -1965.30509   -892.4482465
197.4289688   -2016.8557167   -891.695857
197.6221176   -1995.9790707   -957.6103091
197.7203759   -1964.5534754   -948.9526749
195.8673271   -1959.5733881   -893.9681053
197.9562315   -2020.8499432   -964.8630619
197.0044049   -2057.3959351   -974.9515057
197.8987726   -1972.147584   -951.1626959
196.5206834   -2030.1325321   -892.2693133
196.0744234   -2048.8040447   -893.2583928
197.7191242   -1939.5245314   -942.2111511
197.531608   -1943.5374737   -943.1633949
195.335147   -2047.2326279   -971.357584
195.3731152   -2042.9069996   -970.1344967
196.7355283   -1975.2902985   -951.4540434
196.4063915   -2030.4782391   -966.9668078
197.9466053   -1931.2653542   -895.5562115
196.6954442   -1927.1627665   -896.9100714
196.446267   -1935.8340502   -896.1010575
196.4849504   -1953.4004927   -894.1919208
196.8705031   -2018.2044506   -963.5791183
196.5790065   -1978.87218   -892.5081491
195.6978413   -1973.77038   -893.1258321
197.6860138   -2026.6625881   -966.4509296
196.5231272   -1949.144125   -894.5915699
196.4000734   -1968.7651396   -949.4704008
195.260671   -2034.9292755   -892.5486803
196.5127858   -1941.5612221   -895.4056501
196.9628903   -1929.9277067   -939.260602
197.4380287   -1926.4281988   -938.5700822
195.8952817   -2010.6327534   -891.9329047
196.5445849   -2013.7603283   -891.8164968
196.4637312   -1921.8707085   -897.7485299
195.3153285   -1978.7560701   -951.7026544
196.6273161   -1923.3989716   -937.2255802
195.050207   -1988.9665842   -954.4160366
195.9651979   -1993.034482   -955.9823871
195.5734464   -1954.0714025   -944.9319839
196.8764635   -2001.5599728   -958.8037133
194.7965892   -1997.1704483   -956.5681219
194.561896   -2051.7737865   -972.2675085
195.1333257   -2005.9635639   -892.1684027
195.3572901   -1958.3938122   -946.0371733
194.5947977   -1962.0896578   -946.6471672
194.5756646   -2038.8298035   -968.5655832
194.3399581   -1968.5661793   -894.0775394
192.935911   -2053.4999371   -893.7495947
196.048257   -2058.2244396   -894.1431046
195.6481012   -1947.2637177   -943.1625605
194.2609819   -2039.5696163   -892.8228021
194.095132   -2023.5595703   -963.8085365
195.2579292   -1987.0214462   -892.7029967
192.7915784   -1982.575655   -894.0047622
194.7767111   -1991.2692308   -892.7215338
194.1842409   -1985.1768017   -952.9223442
193.3956119   -1981.8453789   -951.5979886
194.5203217   -2001.0790825   -892.4673796
193.7662335   -2019.9747086   -892.5464153
194.4501372   -1996.1209297   -892.6646113
195.6920894   -2054.5694828   -973.5628366
193.5159238   -2005.2056313   -958.2073092
194.2561241   -1950.5085945   -943.2895184
194.5124241   -1946.0386038   -896.1838484
194.5446106   -2034.5442295   -967.2886729
192.8300532   -2013.2079124   -960.1591229
192.8642663   -2017.1115398   -961.3099694
194.265333   -1964.2077684   -894.4442272
193.1700083   -2009.4134808   -959.2344165
194.0728994   -2020.1141834   -962.774992
194.5707174   -1931.6116571   -898.0315328
193.1902143   -1972.8726149   -948.9875436
193.6943205   -2043.5123444   -893.0504322
192.3526498   -2025.323391   -892.9092884
192.9452988   -1965.7690525   -946.8638301
193.9140829   -1936.9957447   -939.4547343
194.5199641   -1941.5005445   -940.9999251
191.9395002   -2027.9848576   -964.0823007
192.8502592   -1932.6510429   -937.6391768
193.0648061   -1944.6256161   -941.1062002
193.3754655   -1927.1823168   -936.337769
192.4734982   -2013.7999058   -892.9054737
192.1540173   -2055.4864407   -972.1690416
192.0781704   -2059.65662   -973.2699394
196.3013979   -2061.2096786   -975.6339192
191.0335394   -2000.9195805   -955.7666779
192.8520473   -1976.3339758   -949.7852325
193.9841481   -1925.2346754   -899.42801
192.9191025   -1928.6079407   -899.8601437
193.3999928   -1922.7209091   -934.8263741
191.4084228   -1976.5223265   -895.0811625
192.7047642   -1950.5304098   -896.8118429
191.0379799   -2030.2639008   -893.188417
192.7908035   -1939.4675493   -898.2611895
192.8626569   -1943.1158304   -897.7114558
192.4951645   -1955.2824497   -896.3671923
192.6151785   -1922.6400852   -901.1274576
192.1555968   -1935.3089333   -899.4033933
192.0700046   -2031.5845013   -965.2243853
