-599.7197358   -2244.2295551   -385.2134347
-601.8713442   -2245.869875   -382.0830286
-604.2375294   -2244.7450161   -389.2343938
-604.7162739   -2246.2000847   -384.3420148
-604.8173634   -2247.8201389   -379.8833489
-608.7587801   -2246.9267845   -386.80619
-608.84473   -2248.8884926   -381.554991
-612.8947464   -2248.9702702   -385.5571449
-612.2526852   -2247.5035191   -389.0632987
-613.8835875   -2250.8933544   -382.1360767
-616.1927906   -2249.0246296   -388.9303207
-446.9284741   -2344.8631763   -382.0345998
-448.3865229   -2347.9554653   -380.1781535
-450.8410422   -2346.0755348   -383.687526
-452.9721466   -2349.8928547   -381.1735809
-455.4420439   -2347.7129936   -385.3158355
-456.7956654   -2352.8506756   -379.6463907
-457.2008578   -2350.6791592   -383.0695748
-458.2825629   -2345.695734   -389.1960084
-460.5253664   -2349.8125076   -386.4529133
-460.668656   -2352.8907299   -382.2389841
-464.6583525   -2353.0466557   -384.7249448
-465.0977579   -2350.8541584   -388.2172108
-464.7295205   -2355.3652763   -380.5457056
-468.7310187   -2355.5297852   -382.9652965
-468.6647383   -2353.2145023   -387.1434629
-472.6228444   -2353.4326553   -389.4490302
-472.7421729   -2355.7081223   -385.2721155
-472.5614516   -2357.3832512   -381.2193274
-477.3709504   -2358.20508   -382.3526502
-476.7204253   -2355.9129238   -387.5755668
-480.6704251   -2357.8159809   -385.7924342
-483.181688   -2359.6653938   -381.9539547
-485.5280844   -2358.6406708   -386.9125247
-488.5478941   -2360.7931137   -381.7208111
-491.2545411   -2360.2626324   -385.8873248
-494.0221039   -2361.9055748   -381.2684715
-494.2857949   -2359.8668575   -389.4413412
-495.8016602   -2361.3197803   -385.2806687
-500.0098673   -2362.7333641   -381.7942739
-499.4604317   -2361.3359928   -387.9653215
-505.1594702   -2362.8427982   -385.4153156
-505.9270588   -2363.7514114   -379.7284365
-510.9483925   -2363.130331   -388.5534108
-510.3859631   -2363.9514446   -382.2959661
-515.6215159   -2364.3512726   -383.6496174
-517.5429312   -2364.0339375   -388.6781931
-519.3074671   -2364.808321   -379.5702755
-521.0610358   -2364.7959232   -384.2124939
-523.2104985   -2364.6655083   -388.8778985
-523.9114491   -2365.0550842   -380.3275526
-526.6239373   -2365.1893139   -384.2997253
-528.6906687   -2365.1516438   -389.2709017
-533.4205357   -2365.5662537   -384.7296238
-540.8123461   -2365.7681942   -382.9936683
-543.5546366   -2366.1272526   -387.0001137
-545.2117649   -2365.6218052   -380.9125423
-545.1779095   -2365.9820557   -384.0558231
-547.6846424   -2366.2755489   -386.7597878
-548.5732285   -2365.8771515   -382.6443553
-552.2592989   -2366.2378788   -385.2740526
-552.6028601   -2365.5562401   -380.64605
-556.6708771   -2366.6541576   -388.7561858
-556.805822   -2365.8781052   -382.8961253
-560.2200953   -2365.0648594   -379.4881999
-562.7146689   -2366.0469055   -384.5528364
-564.2022816   -2364.9060726   -379.6820641
-565.3073517   -2366.5993214   -387.9900277
-567.1112267   -2365.2100563   -381.5026581
-568.8631264   -2366.1472797   -385.8321607
-571.757528   -2364.7351265   -380.7568848
-574.7992722   -2365.773201   -385.0039244
-576.7249791   -2364.3610477   -380.6113601
-578.2887665   -2366.6360378   -388.8445199
-580.2082745   -2365.2603626   -384.036839
-583.589646   -2366.366148   -388.225615
-585.953447   -2364.7043705   -383.3753765
-589.941713   -2366.2245274   -388.5965645
-592.0541016   -2363.9931679   -382.7619553
-597.0874754   -2365.3373718   -387.195617
-597.7413384   -2362.8489971   -381.4417124
-602.3986069   -2363.7681007   -384.5403194
-602.866265   -2365.6563759   -389.1512156
-602.8141705   -2361.4368439   -380.0040483
-606.3179699   -2362.4284267   -382.8242123
-607.4280468   -2364.3314838   -387.0244622
-610.5420319   -2362.237215   -383.7296367
-612.4999253   -2363.9211655   -387.6213729
-614.0728918   -2360.0862026   -381.293565
-614.5010916   -2362.195015   -384.9619627
-616.897556   -2363.3680344   -387.974143
-619.3916527   -2357.7370644   -379.8317611
-618.4289185   -2361.0754013   -384.4361603
-621.9655005   -2362.7865314   -388.8306916
-623.6215559   -2359.7249985   -384.3555748
-625.9565083   -2356.3659191   -380.5603683
-627.5683371   -2361.1984253   -388.3751035
-628.2913414   -2358.6423397   -384.6893907
-631.7677227   -2356.4045429   -383.0578923
-632.4768988   -2359.2600822   -387.43788
-635.3426901   -2353.0418873   -380.4322481
-638.3383004   -2356.7562103   -386.4685595
-641.1399571   -2352.7159691   -382.6851249
-625.3924099   -2255.7594776   -383.5600913
-643.0344311   -2349.3936062   -380.0290227
-644.0108744   -2354.6690941   -386.4021599
-646.9202963   -2351.4523506   -384.0855062
-647.5748745   -2347.5723267   -380.5401027
-651.6018835   -2348.8225937   -383.8132024
-627.7284352   -2255.3567886   -386.2475455
-651.8557993   -2345.4618454   -380.9237182
-627.3743836   -2259.2909336   -380.1172972
-628.6619631   -2257.247448   -384.0081394
-649.0735737   -2354.7530174   -389.0326321
-651.7290799   -2351.6776562   -386.8389428
-655.031654   -2346.7547894   -383.7540448
-656.3228098   -2349.6968746   -387.255609
-631.786677   -2259.4294548   -383.4937811
-658.886048   -2346.1198807   -385.389179
-662.5364748   -2344.9015617   -386.4881694
-666.3465229   -2345.0191021   -388.8429105
-630.855414   -2256.6850185   -386.7481053
-676.4403311   -2326.1096478   -385.1558566
-634.1448752   -2258.5058212   -386.7327571
-636.6924969   -2261.8765831   -384.3268156
-637.7283064   -2266.6461468   -380.133301
-637.2209517   -2258.9688301   -388.6406124
-678.5196988   -2329.9505711   -387.4674737
-642.063233   -2261.8079185   -388.6572123
-640.7035319   -2265.0866508   -383.8718235
-642.1179501   -2269.2553997   -381.0780048
-683.963391   -2317.9261684   -388.8554573
-644.4093911   -2266.4587498   -385.2748573
-680.109593   -2324.9497414   -387.1078789
-646.2073056   -2264.6672726   -388.4976804
-646.4171139   -2271.1918354   -382.6093972
-648.9234892   -2276.6151428   -380.5606067
-648.1970278   -2267.8129673   -386.8249059
-650.7179467   -2272.0425129   -385.0273788
-651.9171921   -2268.1057453   -389.2863393
-653.9971558   -2277.1778107   -383.7390244
-654.3246237   -2272.0336914   -387.6313567
-656.0547081   -2283.6251259   -381.310761
-658.4185091   -2289.4060612   -379.8788786
-657.8306881   -2274.8041153   -388.1151378
-617.4776284   -2253.4356117   -380.6325793
-658.0112902   -2279.6781063   -384.9906027
-659.8612992   -2340.2750492   -381.5824091
-656.358215   -2343.4388638   -381.800741
-660.3450505   -2284.2888832   -383.8488162
-661.6674391   -2278.927803   -388.0019486
-617.1312062   -2251.0614395   -384.8944604
-663.3209912   -2332.4847221   -379.5329332
-663.5858742   -2337.15415   -381.8852007
-680.3756682   -2313.7044907   -386.8023157
-662.8790823   -2289.8654938   -382.6417327
-664.4310681   -2341.5086269   -385.0528896
-660.4448286   -2343.2884216   -384.0104043
-620.6817356   -2251.134634   -388.1700337
-664.7948948   -2284.4302654   -386.8392408
-665.5153958   -2300.6269932   -380.0348341
-665.2285782   -2294.7015762   -381.9852769
-665.8692089   -2328.6924362   -379.6547055
-680.5735556   -2320.0690746   -386.8032694
-668.0710045   -2309.9164963   -379.6192706
-621.3184325   -2253.4375191   -384.0194046
-667.3191515   -2290.3292179   -385.399431
-666.2760703   -2334.7949982   -382.2583556
-678.1662432   -2300.6677628   -388.3011639
-668.8421694   -2331.9056034   -382.4930489
-679.5072285   -2305.9489727   -387.6184225
-669.2084996   -2337.5170231   -385.3719532
-677.2482125   -2318.1121349   -384.7058713
-667.0851437   -2304.9957752   -379.8891604
-675.5474535   -2303.4279346   -385.7043684
-622.0611063   -2256.3848495   -379.8142374
-669.286224   -2296.4076996   -383.957535
-670.7155434   -2303.3874035   -382.5925589
-669.4731442   -2326.8876076   -381.2589049
-669.6719853   -2322.5975037   -380.5248439
-671.5737311   -2314.3439293   -381.3571334
-624.7845618   -2253.4263134   -387.1472776
-675.3712622   -2315.0413036   -383.633405
-672.9652611   -2319.2720413   -382.1736872
-671.9295708   -2291.207552   -388.07109
-674.5121209   -2309.5500469   -383.6775124
-674.0172831   -2333.6341381   -386.2474263
-673.4342305   -2328.8800716   -384.1166794
-676.7906872   -2322.1840858   -384.7011626
-674.5454995   -2337.5966549   -388.5842562
-668.7791077   -2341.9623375   -387.9519999
-674.478027   -2297.740221   -386.8886232
-673.1892554   -2324.3472576   -382.8776777
-434.6722094   -2326.8916607   -379.8350096
-437.1553389   -2331.22015   -381.3858628
-436.6022078   -2323.4202862   -381.0521662
-437.0200364   -2320.2240467   -380.8674216
-438.4182421   -2326.104641   -382.5612068
-438.111159   -2335.7999325   -380.9915483
-438.822004   -2339.6513462   -379.8676729
-439.9766652   -2316.5454865   -382.0872903
-439.3948046   -2321.6738701   -382.8882873
-441.2388531   -2333.7094784   -383.787632
-441.3251606   -2328.9589882   -384.6158981
-441.3206307   -2337.5887871   -382.5502396
-441.9986931   -2324.2895603   -385.0646019
-442.0214621   -2306.4506054   -379.7419667
-442.8798882   -2310.9161854   -382.204175
-443.2862727   -2341.6819572   -381.7996979
-442.95952   -2319.4301128   -385.0442469
-444.0798489   -2314.7513866   -384.4523132
-445.5196587   -2336.8856907   -385.7670426
-444.9134795   -2331.4073086   -386.900872
-444.8337284   -2326.9309998   -387.2123957
-444.8908297   -2302.1638393   -379.6656728
-445.7814423   -2322.3741055   -387.6044452
-738.9796702   -2330.0509453   -423.9389896
-740.8855883   -2324.8465061   -424.5824218
-529.1366307   -2270.7004547   -426.3451099
-508.8504282   -2347.3808765   -422.6348698
-741.46125   -2341.4518833   -429.1199744
-738.3488146   -2343.307972   -428.2581806
-741.5668694   -2337.0029926   -427.4543226
-532.0564238   -2266.4263248   -424.0976274
-511.4905564   -2346.4646339   -425.5437255
-741.326305   -2333.0438137   -426.1542261
-740.3853861   -2318.3465004   -424.2381155
-742.6485745   -2329.7455311   -426.3444841
-533.2455365   -2269.546032   -429.3211401
-744.6266142   -2320.9216595   -427.0923436
-731.4902274   -2299.6032238   -423.9799976
-746.4376418   -2327.1317482   -428.6356568
-745.3095642   -2333.5850239   -428.8569689
-535.6559483   -2262.2275352   -422.1461713
-743.6544625   -2315.1102066   -426.8645346
-747.0650402   -2317.5218105   -428.9451838
-536.4647833   -2265.583992   -427.5583029
-539.447519   -2258.8214874   -420.9561348
-539.9378268   -2261.7878914   -425.7905185
-733.054134   -2294.2557335   -428.1149209
-542.1112505   -2256.4036846   -419.7515845
-543.7848298   -2258.1150532   -423.9921272
-734.20355   -2311.5036488   -421.1599529
-545.3887907   -2254.6687126   -419.9210703
-734.4511477   -2305.226326   -423.3494401
-700.7001368   -2273.6968994   -420.2361703
-547.1433131   -2258.3959103   -427.5758564
-548.3532874   -2255.5925846   -424.0950644
-710.6986967   -2350.7585526   -419.9836552
-549.6140448   -2252.5112629   -419.8881388
-550.781819   -2256.8986416   -428.4689724
-553.4227816   -2253.3893585   -424.6743917
-557.8894345   -2250.5550385   -422.9316711
-558.4516255   -2252.8624535   -427.8482497
-714.8726908   -2354.7768593   -426.9235134
-561.9060723   -2250.2627373   -425.3560603
-736.6552082   -2321.0175037   -421.5869606
-563.8928143   -2248.3329773   -422.6790071
-566.8055741   -2248.996973   -426.1209965
-567.1802489   -2246.6056347   -420.8621383
-713.5609118   -2352.2121906   -423.1068194
-736.5572182   -2308.6352348   -423.6082137
-572.5351302   -2247.995615   -427.4553657
-572.7938143   -2245.5964088   -421.4587212
-578.3136813   -2245.9406853   -425.0934422
-698.9676682   -2359.4386578   -425.6949425
-715.0796381   -2349.6031761   -421.12872
-581.2648264   -2246.8633652   -429.236412
-581.7790953   -2244.3408966   -421.5138853
-692.9690567   -2264.7323608   -425.581634
-707.8301636   -2273.6623287   -426.2336195
-589.5101754   -2245.8257675   -429.2696714
-590.4638497   -2244.4112301   -423.8074124
-669.2589251   -2253.5400391   -429.3133616
-594.4813219   -2245.092392   -427.5339246
-743.2734696   -2308.0403805   -428.3511639
-710.7087103   -2278.8729668   -423.1392443
-598.6298052   -2244.6858883   -425.8634448
-720.2826468   -2353.0843258   -427.4848402
-601.0907618   -2244.040966   -421.5555191
-693.6180321   -2361.1345291   -425.8116186
-602.8058258   -2244.8618412   -426.7583191
-670.3157154   -2254.9309731   -425.5819321
-606.3867537   -2244.546175   -423.301816
-606.9091288   -2245.0547218   -427.5955558
-611.08205   -2244.6472645   -420.2177823
-719.8750702   -2349.531889   -423.5503972
-614.0184132   -2245.4385757   -428.2703102
-671.3582007   -2256.680727   -421.7191041
-615.0456396   -2245.2175617   -423.9156544
-716.1515681   -2283.9174271   -423.1018722
-673.12524   -2254.6861172   -429.2674661
-624.1355864   -2246.1874485   -429.0840626
-632.6062409   -2371.8502522   -424.9998927
-714.7320238   -2279.0751457   -426.1910021
-635.8773438   -2371.078968   -419.6485579
-637.8164021   -2372.2145557   -429.2488992
-638.4477345   -2371.6943264   -424.375385
-693.883988   -2268.5260773   -420.7226932
-638.5601488   -2248.3658791   -421.8092561
-644.2092387   -2371.8807697   -427.277416
-719.4622485   -2291.4049625   -420.3390777
-646.8481747   -2370.8131313   -422.1143723
-686.8897406   -2262.2714043   -424.2950976
-729.4321982   -2348.3734131   -427.2159934
-649.875733   -2371.2697029   -425.8239567
-643.6866251   -2249.0303516   -423.4635234
-678.3028571   -2259.5300674   -421.7156768
-654.0765492   -2370.3100681   -423.6759245
-659.1430632   -2370.4445362   -427.533716
-651.3107745   -2249.8190403   -427.8487563
-729.5461623   -2306.1482906   -419.7107852
-663.560125   -2369.2545891   -426.1117578
-657.7414004   -2250.9529591   -428.6874831
-662.9293887   -2368.1082726   -421.9307601
-681.0757843   -2258.7337494   -426.0930121
-724.166247   -2292.36269   -423.0020046
-659.2936245   -2252.7296543   -422.1171439
-670.4539982   -2365.1733398   -419.5615947
-664.8087231   -2253.0624866   -426.4782667
-664.0006033   -2254.8305988   -419.7322428
-737.0294062   -2346.4396   -429.4427037
-667.89529   -2255.2826405   -422.2019911
-489.780995   -2327.3415565   -419.6507633
-494.3256108   -2317.2137737   -422.6567447
-493.5303656   -2312.267065   -420.6263721
-494.1788641   -2324.4063854   -423.3128726
-493.6727015   -2330.0900459   -422.3442078
-495.0802056   -2335.6916904   -421.6923118
-495.7476584   -2307.6899052   -420.9035337
-495.7482544   -2339.8337364   -419.9533165
-496.5547053   -2312.2138977   -423.2755303
-496.0367409   -2327.9700279   -424.595505
-497.9240624   -2331.3598633   -425.4570305
-498.027536   -2320.6529617   -426.4035225
-498.6208407   -2325.9704113   -426.9669652
-499.5730845   -2314.9554729   -426.7638624
-498.3845679   -2339.2708302   -422.2778082
-499.0728823   -2335.9484673   -424.6631563
-499.8551337   -2308.8927269   -425.1567721
-499.4741408   -2304.320097   -422.8484631
-497.8601662   -2341.8736458   -420.1057553
-501.2495247   -2299.5553017   -422.0456481
-501.2283055   -2329.3409348   -428.6470115
-502.5496212   -2334.1083527   -428.1937778
-500.9059636   -2322.3099709   -429.0132523
-501.1326996   -2318.8951015   -428.9684594
-501.9006459   -2339.0314579   -425.0973463
-501.0943142   -2342.9977894   -421.552062
-503.1183688   -2294.0700054   -420.4915464
-503.8461415   -2303.5838604   -426.6602397
-505.7092635   -2297.1322536   -425.020963
-506.5586296   -2339.2033577   -428.4929931
-504.4119088   -2342.2725201   -424.5993197
-507.5159995   -2291.5494442   -423.1747687
-508.2295863   -2299.8352051   -429.0994406
-509.2348782   -2286.4174843   -421.0381806
-510.6358258   -2294.3451405   -428.3243418
-511.1772744   -2342.6246643   -429.1734397
-507.8339306   -2344.0153599   -425.4934788
-511.6188256   -2288.7134552   -425.3460765
-512.6466481   -2284.6462727   -423.1210053
-515.263292   -2285.5126858   -426.6034961
-516.077849   -2276.9873142   -419.5325375
-515.5336586   -2281.4481258   -423.2914746
-518.8560215   -2281.9740772   -427.2881746
-518.7710253   -2278.481245   -423.8516986
-520.6455914   -2274.6450901   -421.8646884
-522.8079287   -2277.5278091   -427.1678925
-524.9243704   -2272.5453377   -424.0412712
-527.372214   -2268.0184841   -421.2399721
-511.9914738   -2349.6189117   -421.9534397
-514.9618117   -2346.0123539   -428.4860194
-514.6647421   -2348.7951756   -424.901396
-516.507837   -2351.9992828   -421.5217829
-518.7189309   -2349.6570587   -426.5791476
-520.6324784   -2352.840662   -422.9921103
-523.8065449   -2352.0946503   -426.3601899
-524.3924586   -2355.2968502   -421.0203588
-528.2640187   -2355.3526402   -423.4882891
-528.1403986   -2352.8530598   -427.9996753
-532.1374861   -2355.3106785   -426.119715
-532.6384035   -2358.0112457   -420.7034707
-536.2028805   -2355.4112911   -428.599149
-536.6476504   -2358.1182957   -423.0818152
-540.7335488   -2358.3347797   -425.3800511
-540.7511917   -2360.2657318   -420.5267429
-544.8726145   -2358.540535   -427.7234077
-545.6365076   -2361.2160683   -421.2719798
-549.6421782   -2360.896349   -424.9973297
-552.5160757   -2360.5511189   -427.9302657
-554.6012846   -2362.5750542   -423.4392345
-557.2703806   -2361.6156578   -428.235054
-559.6403805   -2363.9802933   -422.1727252
-564.1237227   -2363.9235497   -425.6346524
-563.8503758   -2365.2722836   -419.9775755
-571.750733   -2365.1213646   -426.8023074
-576.9287077   -2367.3715591   -420.0021923
-578.0847994   -2366.465807   -426.0721505
-560.9768359   -2248.8811016   -421.8154848
-582.5895993   -2367.8121567   -422.8570461
-582.3682276   -2366.6517735   -428.873837
-587.4521462   -2368.1163788   -425.5447984
-569.8264567   -2247.2362518   -423.9832759
-587.380263   -2368.8783646   -419.8988676
-591.8340413   -2369.2264557   -421.7031896
-593.1843249   -2368.4966564   -428.2021224
-577.8294531   -2244.1649437   -419.6228981
-597.5837437   -2369.852066   -421.4512706
-599.6330706   -2369.4725037   -427.433461
-584.6653906   -2245.3181744   -425.7241488
-586.3674609   -2243.5441017   -419.6915627
-602.6695696   -2370.2352047   -422.9570627
-607.2070328   -2370.7075119   -420.9792316
-605.7949988   -2370.2540398   -427.200377
-595.6709114   -2244.0485954   -422.5284457
-611.5185944   -2370.9731102   -424.1690338
-610.7417075   -2370.6557751   -429.2203486
-615.9672467   -2371.2775707   -422.015965
-616.7657105   -2371.309042   -428.0863702
-620.6376282   -2371.4959621   -422.5596488
-622.6998297   -2371.7105389   -426.833719
-610.5887619   -2245.0301647   -425.6928265
-626.1707274   -2371.6650009   -423.2083261
-627.3719994   -2371.9713688   -428.7998676
-615.9599749   -2245.1591492   -419.6491241
-618.9113585   -2245.7239628   -427.7403951
-619.6102826   -2245.6302643   -422.1233726
-622.977945   -2246.04249   -424.8493314
-624.8315302   -2246.3321686   -420.2442765
-627.3023812   -2246.5221882   -425.2265096
-641.601297   -2371.0081577   -421.0242927
-629.6174256   -2246.9787598   -421.471715
-632.8913895   -2247.2198009   -425.3662825
-633.2804886   -2247.6594448   -420.2226102
-650.2628056   -2370.5720901   -422.6437211
-637.3461214   -2247.6949692   -427.1248877
-641.3149563   -2248.2659817   -426.8825054
-659.179422   -2369.1720963   -422.7235913
-645.9961859   -2248.9571571   -427.354306
-648.5042302   -2250.1137257   -422.3278761
-667.4104659   -2367.6433563   -423.7895906
-654.176685   -2251.21665   -423.1091738
-673.8447873   -2366.8646812   -426.3263643
-675.3430096   -2364.8629189   -422.2609103
-678.4285036   -2365.213871   -425.2386689
-678.9753167   -2363.4259701   -421.4830101
-683.5598675   -2361.133337   -419.8220372
-683.7244955   -2364.1204834   -426.1571765
-688.1253449   -2361.9866371   -424.2825508
-689.5202128   -2359.5488071   -420.510143
-690.0396077   -2363.7077808   -429.2023778
-675.221893   -2256.9704056   -424.6478975
-694.9510304   -2357.9156399   -420.8929837
-698.0864731   -2361.5100384   -429.1423261
-681.9925038   -2261.8122101   -420.6894636
-700.4466978   -2356.7137718   -422.0668972
-704.0862767   -2358.2162857   -426.3963997
-690.0884835   -2265.9404278   -421.0911393
-709.4002692   -2356.8296432   -427.0222783
-710.0771395   -2353.7595272   -423.150301
-697.5433556   -2265.3415203   -428.9141595
-698.1094805   -2268.7811852   -423.989743
-696.8570677   -2271.376133   -419.6997285
-716.7958943   -2351.9012928   -424.4214296
-701.1309592   -2267.9870129   -427.910924
-703.1820742   -2271.4288235   -424.9467552
-705.4891316   -2275.9175301   -421.8350649
-724.4108645   -2345.9541798   -422.7438867
-724.836084   -2350.6660461   -427.1118939
-712.0876042   -2275.4020691   -427.8953075
-733.2023112   -2346.6560841   -427.7323484
-726.9026963   -2341.1495686   -420.765996
-718.5089318   -2281.3301086   -427.0835519
-721.0982767   -2286.3767147   -424.8878658
-722.0635144   -2283.0629349   -428.3915758
-725.7420746   -2287.1441841   -427.8005362
-689.9529425   -2261.4648342   -428.9646745
-731.041762   -2332.6084614   -419.4808304
-731.9485871   -2340.2307034   -423.065722
-733.6479155   -2335.89077   -422.1566021
-705.3744522   -2355.3447723   -422.7413237
-730.1447121   -2289.4978523   -429.3542802
-733.2012383   -2317.3713684   -419.4842279
-726.8982855   -2298.8541126   -421.2123156
-734.8051993   -2331.3319683   -421.5022624
-735.8758179   -2326.2860775   -421.3522375
-728.6708084   -2293.52808   -425.4653752
-737.1901003   -2339.5133018   -425.7453084
-505.2334992   -2345.8957672   -421.7717946
-730.1847664   -2344.3939686   -424.5948792
-734.7256867   -2343.4975147   -426.4276624
-736.7469994   -2316.1680698   -421.9958782
-735.9682051   -2299.921751   -426.841706
-737.9760472   -2334.5842361   -424.4265854
-526.8865553   -2274.4653225   -428.2829463
-739.0674082   -2312.0985031   -424.3023098
-738.3671729   -2305.7773113   -425.8258045
-702.7824847   -2282.7384472   -414.1276181
-720.2824084   -2304.2531013   -414.2956138
-715.8693997   -2301.7780781   -412.4357998
-724.7992484   -2303.5783768   -417.5679386
-725.3443924   -2320.0552464   -414.1735137
-724.3542401   -2334.7351551   -416.1445796
-724.2481438   -2338.0143642   -417.5486863
-728.520724   -2336.4043236   -419.2795455
-719.6299759   -2336.2081051   -414.0307605
-697.6129738   -2279.3035507   -412.9372239
-721.5873925   -2341.3295746   -417.9366827
-726.9704071   -2331.2914371   -416.5749252
-722.2002474   -2331.3858509   -413.715452
-724.7453658   -2309.8785877   -415.3362811
-729.543182   -2313.5592937   -417.617768
-726.2088982   -2315.7548904   -415.0652885
-720.0240818   -2310.3101254   -412.1592939
-721.9274966   -2315.9196377   -412.2861028
-727.0366875   -2327.1660805   -415.733248
-731.0096947   -2327.878952   -418.371886
-724.2461172   -2328.1838894   -414.1858518
-728.3247439   -2323.549509   -416.159004
-724.519941   -2324.480772   -413.818121
-729.2457549   -2318.8421726   -416.7566299
-732.4690548   -2322.5159645   -418.8122749
-485.7836691   -2324.9397278   -416.6710973
-485.1739136   -2319.3891048   -415.6871438
-489.662501   -2321.338892   -419.4672108
-481.5993039   -2323.4107494   -413.4779274
-489.4937006   -2314.5999908   -417.8928435
-484.5136134   -2313.8291836   -413.7247503
-480.6732861   -2318.0763721   -412.0672941
-486.3587347   -2329.5750618   -416.7894721
-482.6810089   -2328.2604218   -414.2229557
-489.7052971   -2333.3957195   -418.4284806
-484.2717377   -2333.5671425   -414.3313468
-487.6399962   -2337.4910355   -415.2542949
-492.0497862   -2339.4162655   -417.4478054
-488.3830277   -2342.0488834   -413.0198658
-484.3600718   -2338.6516571   -412.2529924
-491.7840687   -2309.5574379   -418.1570411
-487.9021374   -2308.5134029   -414.4855142
-492.4934832   -2304.6631813   -416.665405
-495.6689803   -2342.7276611   -417.8192616
-492.9966656   -2344.1560268   -414.670378
-496.9225851   -2301.8980026   -419.2408919
-494.1551415   -2298.7997532   -414.9844348
-488.851401   -2301.5727997   -411.8832946
-498.7184731   -2296.4138985   -417.7609086
-500.7542101   -2291.138649   -416.1367416
-496.4195219   -2293.170929   -413.4513438
-505.0263134   -2288.7866497   -418.6199605
-502.695891   -2286.049366   -414.1080976
-498.7873761   -2288.5291576   -412.2732282
-507.1122376   -2283.7429047   -416.5943563
-511.7314783   -2281.3146114   -419.1905558
-509.1677634   -2279.1204453   -414.4896567
-505.0006834   -2281.0246944   -412.0455682
-512.5808445   -2277.1906853   -416.1028266
-514.8601262   -2273.8187313   -414.9666131
-511.1317364   -2274.9326229   -412.3328626
-518.6053244   -2272.3999023   -417.2900915
-522.7850405   -2270.2348232   -419.1535115
-520.3388659   -2268.4304714   -414.5366848
-516.9820515   -2270.617485   -413.6361182
-524.8714415   -2265.7270432   -415.8595502
-530.4959742   -2262.8471851   -417.8234041
-526.7429081   -2260.9288692   -411.5746319
-521.5133158   -2264.3537521   -410.7856154
-535.5509249   -2258.3508492   -416.5429175
-531.2748877   -2258.8708401   -413.1810069
-539.5966498   -2256.4532757   -417.4967706
-538.5255543   -2254.7590733   -413.8523042
-533.8881937   -2255.1813126   -410.2536142
-542.2655074   -2254.2572021   -416.4329469
-546.1884467   -2251.5926361   -415.3520167
-541.696283   -2252.0689964   -412.2851789
-550.3089157   -2250.2231598   -416.3166881
-549.2183892   -2248.721838   -412.5480652
-544.8169438   -2249.3116856   -410.0633562
-554.0200201   -2250.058651   -418.9660549
-552.4730412   -2248.5852242   -414.8682058
-555.8831421   -2247.4503517   -415.1443243
-558.583471   -2248.3093739   -418.903172
-560.1376025   -2246.1431026   -415.3297544
-557.1884838   -2245.2840805   -411.3784432
-552.8824059   -2246.7443943   -411.4403725
-562.5890223   -2247.1721172   -419.2411602
-564.756128   -2245.1174259   -415.854305
-561.8374077   -2244.0106869   -411.4204049
-569.633576   -2244.3454266   -416.6000783
-567.1764342   -2242.9349422   -411.5931392
-574.285957   -2243.5555458   -416.4626896
-571.6247288   -2242.8164482   -413.2626355
-578.089687   -2242.9199219   -415.7284498
-575.7411448   -2242.0022488   -412.0210409
-581.7199675   -2243.165493   -417.4186885
-580.8531968   -2242.03372   -413.0958617
-585.3780238   -2242.399931   -414.8602486
-588.4669749   -2242.7368164   -416.3582623
-592.0726982   -2243.1612015   -418.1576967
-590.0174109   -2242.0728207   -412.7753079
-597.2341029   -2243.3667183   -418.3701873
-596.2142674   -2242.6159382   -413.6506319
-601.0532109   -2243.3302402   -416.0707593
-605.7610241   -2243.9551353   -418.1723297
-605.2943198   -2243.4954643   -412.6464427
-600.6277529   -2242.8817749   -412.1846855
-609.5421044   -2244.1985607   -415.4104292
-614.1626564   -2244.8432446   -415.6144261
-611.313316   -2244.3532944   -410.5644822
-619.8023287   -2245.6874847   -416.5525436
-617.1445576   -2245.3932762   -411.5003347
-624.6720282   -2246.5531826   -415.2654409
-622.0630137   -2246.3178635   -411.7197692
-629.6504465   -2247.3618984   -416.4718091
-626.8746582   -2247.3366261   -411.5101099
-635.5464188   -2248.5482693   -416.1567092
-632.484409   -2248.7270832   -410.6836617
-640.2306286   -2249.4475842   -416.4451361
-638.8638941   -2250.1146793   -411.5054607
-643.8942877   -2249.7313023   -419.1019237
-644.0925328   -2250.8513927   -413.8247371
-648.0468241   -2251.073122   -416.9625044
-652.1118609   -2251.667738   -418.7181592
-651.3155428   -2252.5012493   -414.7548974
-648.1091706   -2252.0372868   -413.254112
-655.8379856   -2252.553463   -419.1536903
-654.5244185   -2252.9962063   -416.1982238
-658.8688818   -2254.5092106   -415.7676101
-654.3611018   -2254.1036606   -412.6960933
-664.0358893   -2256.8666935   -414.5538211
-657.4086872   -2256.1228275   -410.3603959
-660.9579054   -2256.9322586   -411.6892517
-668.70639   -2257.4119568   -417.537868
-674.4266478   -2259.2782974   -418.7004566
-671.4586941   -2260.8001232   -413.3259654
-667.3099724   -2259.1352463   -412.7584994
-678.5516468   -2261.4569664   -418.278873
-676.8307415   -2263.354063   -413.7705564
-681.0058085   -2263.8437748   -416.5283442
-685.7360331   -2265.784502   -417.6518321
-681.718084   -2267.7032948   -411.9939208
-690.662357   -2269.5202827   -416.8742001
-687.0755879   -2270.8802223   -412.6318097
-497.1376387   -2346.3163376   -415.5474007
-498.6805645   -2344.3589211   -418.5723662
-501.881334   -2347.5568295   -417.4982607
-499.587032   -2350.5618572   -412.0474756
-494.544479   -2348.0265141   -411.8471742
-508.0643622   -2350.5043983   -417.9695547
-504.3456284   -2351.5501022   -413.821578
-513.0934445   -2352.4317741   -418.4619188
-512.5202862   -2354.6087742   -414.2156839
-508.3808628   -2354.3446064   -411.8643403
-516.5884224   -2354.9630642   -416.3646996
-520.5198256   -2355.1740646   -418.6477661
-520.7422701   -2357.619524   -413.6076868
-516.744229   -2357.419014   -411.3263488
-524.7142044   -2357.7842712   -415.926069
-528.678867   -2357.90205   -418.2930291
-529.4033018   -2360.3835106   -412.4149084
-524.6747462   -2359.6014977   -411.3858044
-532.7038494   -2359.9030972   -415.989548
-537.4339548   -2360.7022762   -416.9995785
-535.2368084   -2361.9778156   -411.5410745
-543.2157246   -2362.3731136   -415.9300625
-540.7150713   -2363.1834984   -411.1905396
-548.5913483   -2363.7099266   -415.0298834
-546.0114209   -2364.2616272   -410.6862843
-551.6528813   -2363.1856441   -419.2889035
-556.9765297   -2364.4993305   -418.1457162
-554.4669358   -2365.1812077   -412.9384458
-561.1545769   -2365.2889729   -417.8094268
-560.350391   -2365.976572   -413.4344757
-565.0163618   -2366.3611412   -415.2408242
-569.40684   -2366.3241863   -419.250071
-570.1031414   -2367.4185276   -412.398845
-574.2242066   -2367.6693439   -414.9201512
-583.1732479   -2368.6532974   -417.0537889
-579.2696206   -2368.4735298   -413.3750498
-588.1548849   -2369.3950176   -414.9047732
-584.6426217   -2369.1904545   -411.5373194
-590.8953873   -2369.4975376   -417.6478982
-594.31729   -2369.8108196   -417.7755713
-592.8253857   -2369.8432446   -413.9313102
-598.2951847   -2370.1834679   -414.4151211
-603.0025212   -2370.4440594   -417.9698825
-607.6249806   -2370.6860542   -416.0444438
-604.4891802   -2370.3825474   -412.2846127
-612.4943224   -2370.9845543   -417.8605676
-610.8110873   -2370.4674244   -411.4088714
-618.2971922   -2371.1457253   -417.7126586
-615.874025   -2370.6924915   -413.1314754
-623.7786738   -2371.1798191   -417.8893864
-620.8860604   -2370.6371784   -413.2058322
-629.7807423   -2371.1438179   -418.5599089
-626.7530648   -2370.2626228   -412.4979675
-633.3398549   -2370.0265884   -413.5415256
-639.3265454   -2370.0640202   -415.8036709
-644.7417466   -2369.9040413   -417.3173904
-642.5293414   -2368.7574863   -412.3446047
-637.7156702   -2369.0416813   -411.3309681
-650.1984326   -2369.6820736   -419.072032
-647.7874247   -2368.4968948   -413.9297903
-652.1522728   -2368.2334423   -415.4233336
-655.3122727   -2368.7624931   -418.8689888
-656.1985938   -2366.9037819   -414.1598046
-651.1405436   -2366.953373   -411.3624394
-659.8807303   -2367.661953   -418.5352623
-661.0058276   -2366.0593033   -415.1314199
-664.4938914   -2366.5385246   -418.6925888
-665.0943486   -2364.1028404   -413.4921134
-659.2241255   -2364.7577763   -411.0121429
-674.8891798   -2363.437891   -418.7815785
-671.8203751   -2362.0593548   -413.9382541
-677.7354208   -2361.4754677   -416.7552292
-680.775973   -2359.2727184   -414.7777557
-676.2344567   -2359.2414856   -411.854893
-685.791227   -2357.5289249   -415.0305688
-690.8448664   -2357.1631908   -417.4093306
-693.6207739   -2355.7596207   -416.9075489
-690.2096001   -2354.8805714   -413.7796462
-697.3366467   -2355.1325798   -418.0933237
-694.614741   -2353.5060883   -414.4540429
-698.4709231   -2352.7472019   -415.6422317
-701.6830174   -2353.8341522   -418.7562466
-701.975557   -2350.440979   -414.9198532
-696.5588061   -2350.5833149   -412.1161401
-706.2113015   -2352.2527218   -419.2637503
-707.1362463   -2348.9894867   -416.2347019
-711.7837397   -2347.3525047   -417.20891
-707.7929703   -2345.4985619   -413.4194851
-704.0201155   -2347.2414017   -412.8823578
-717.418882   -2345.4899788   -418.6527133
-703.2999722   -2277.9457569   -418.2346165
-694.2386357   -2271.7101574   -417.2427058
-692.4025742   -2275.0902176   -412.6079082
-697.0956055   -2274.569273   -416.5766239
-700.3760067   -2277.4984837   -416.3953662
-476.6038386   -2322.6337433   -409.8672271
-479.5402018   -2331.1703205   -411.4986658
-479.1303603   -2326.7748356   -411.7576778
-480.39982   -2335.9935284   -410.6592238
-480.4141251   -2312.6368523   -410.2587998
-483.762118   -2309.6446991   -411.6439521
-484.9922387   -2305.7541847   -410.8940661
-484.6830098   -2342.1478271   -410.2758467
-491.8745486   -2295.2067852   -410.6688797
-507.5963465   -2276.8237591   -410.6429815
-513.818237   -2271.0778713   -410.9317064
-517.2818629   -2267.6277161   -410.5019867
-529.6659199   -2257.5011253   -409.7102582
-538.0699364   -2252.7103424   -410.1602733
-571.2768761   -2241.6682243   -409.5599353
-584.8033158   -2241.3034439   -409.8390937
-598.3800618   -2242.4094677   -409.7984433
-642.7657334   -2251.5773773   -409.7502232
-646.4253394   -2252.5599003   -409.9979401
-650.4722563   -2253.5014153   -410.8605981
-664.0281407   -2259.0882778   -410.0449085
-706.8557469   -2280.7381153   -418.5985327
-707.6486079   -2341.5153027   -410.3203118
-703.6403147   -2344.171524   -410.0542068
-698.5411374   -2284.3675613   -410.0468159
-707.4329583   -2285.6552601   -415.5007601
-711.1348835   -2284.7602367   -418.7800586
-708.6075274   -2296.5819836   -410.0237787
-712.2742859   -2335.7272148   -409.5938206
-711.8421523   -2339.1287327   -411.1421108
-710.2024285   -2290.7679081   -414.2768681
-716.1255804   -2307.4884415   -410.4801118
-715.2672736   -2334.3703747   -410.7192457
-717.3235146   -2330.9469223   -410.6819332
-715.1083676   -2337.246418   -411.9537771
-716.3775889   -2340.5559063   -414.5379364
-712.2041909   -2343.3322906   -414.1482115
-705.7678429   -2290.084362   -411.5826488
-714.7196261   -2290.8017635   -417.4036682
-718.0496184   -2322.2157955   -409.6275866
-720.3614441   -2326.321125   -411.4707112
-722.2735611   -2298.0043888   -418.5273945
-718.7275616   -2318.5782433   -410.0461006
-717.7027193   -2297.2533703   -415.7884419
-721.5695111   -2321.264267   -411.7747247
-490.7724587   -2345.8912373   -411.4826024
-550.4499403   -2365.070343   -410.2278054
-575.4122464   -2368.2627678   -409.7688496
-589.870545   -2369.6429729   -409.665525
-595.257136   -2369.9257374   -409.504652
-614.6087376   -2370.2669144   -409.7877145
-630.1059452   -2369.426012   -409.8570347
-680.4208485   -2356.7218781   -410.5530083
-691.2873713   -2351.6285419   -410.3604257
-699.3428198   -2346.8756676   -409.9597335
-713.1882635   -2296.8227863   -413.0016267
-702.873799   -2340.3584957   -406.876415
-589.1051022   -2241.2910461   -408.2706273
-590.1998011   -2240.9648895   -404.5267105
-692.764732   -2340.8281803   -401.4284611
-590.8330408   -2240.7662868   -399.9334574
-593.9969746   -2241.7573929   -408.3025157
-701.2598244   -2289.3669605   -408.873558
-595.0647322   -2241.5239811   -403.0480981
-699.8879639   -2343.1949615   -407.1972072
-598.8676278   -2242.2389984   -406.0734808
-700.7480589   -2336.5108967   -403.3947587
-600.6185738   -2242.4764633   -401.2742043
-694.0140454   -2282.3998928   -408.1894755
-602.1165577   -2242.8343296   -408.8718593
-697.8637902   -2340.2678967   -403.9618075
-602.9242007   -2242.8708076   -405.2123725
-606.431338   -2243.6029911   -402.4867117
-695.5278841   -2344.0520763   -405.4016471
-606.4966647   -2243.5085773   -407.4334502
-689.931604   -2279.0949345   -407.6729119
-610.7560126   -2244.3902493   -404.9651921
-610.2019278   -2244.4939613   -401.7657638
-694.9407784   -2294.2383289   -402.0368755
-614.3073765   -2245.5775738   -401.1271894
-615.5953137   -2245.3436852   -406.6037834
-703.9985386   -2320.61553   -401.0604024
-620.0657813   -2246.7522621   -403.5175741
-618.3212725   -2246.843338   -400.0268281
-619.7840897   -2246.1500168   -408.1473053
-623.9285199   -2247.1659184   -407.5409472
-626.3301102   -2248.5735416   -402.959913
-702.663633   -2332.4406147   -402.66186
-628.2660691   -2248.2380867   -407.5595737
-631.0556857   -2250.6113052   -400.7610381
-631.5659014   -2249.601841   -405.2124918
-634.7278086   -2251.2230873   -402.8226733
-636.298987   -2250.6289482   -406.6260457
-565.277311   -2367.2058582   -408.7899923
-639.5506588   -2253.0083656   -402.4135768
-640.3223006   -2251.6107559   -407.2875082
-643.9193217   -2253.0691624   -406.2615037
-696.7900721   -2288.8622284   -406.1076045
-645.2614991   -2255.2912235   -402.0420313
-701.9816367   -2305.8004379   -401.9481242
-648.9225356   -2254.7972202   -406.2040746
-703.9330927   -2295.6285477   -407.3574543
-649.8419968   -2257.4324608   -401.5662968
-701.102945   -2325.1006603   -399.7749388
-652.6977745   -2257.0533752   -404.5372307
-653.4112421   -2255.4807663   -408.4112048
-697.4856583   -2300.8565903   -400.7984996
-654.7195641   -2260.2682114   -400.6898105
-656.2884776   -2257.8356266   -405.9571922
-658.9231221   -2260.2155209   -404.0254354
-689.9423329   -2283.421278   -404.7290385
-659.9616734   -2263.1232738   -400.7275105
-660.1988999   -2258.5473061   -407.8544676
-663.2405249   -2261.7218494   -405.1663578
-664.265844   -2265.5827999   -401.0080695
-668.0464474   -2262.0828152   -408.4658921
-666.7026011   -2264.4369602   -404.2200446
-667.6695076   -2267.2145367   -401.7670453
-699.4174448   -2294.8279381   -404.7016501
-670.7015959   -2270.0095177   -401.255548
-670.0517861   -2266.0264969   -404.899478
-672.9757515   -2264.6028996   -408.921659
-673.8620726   -2268.5866356   -405.000627
-674.8003689   -2273.1404305   -401.4812112
-698.6171929   -2333.2080841   -400.6265998
-677.1342484   -2267.5330639   -408.6468518
-677.1430699   -2271.0168362   -405.0570428
-679.714295   -2275.4070759   -403.1761885
-680.6087223   -2281.5403938   -399.5187879
-679.9298254   -2270.7650661   -407.3575735
-699.3781058   -2329.4095993   -399.7383714
-683.6399762   -2272.9918957   -408.0498517
-701.8801896   -2300.0333309   -403.9478302
-685.4110686   -2280.1220417   -403.7920237
-687.8941981   -2287.5928879   -400.8277357
-687.754604   -2275.4359245   -408.9374244
-463.8910023   -2329.515934   -400.842607
-463.8770548   -2324.0382671   -400.9996355
-464.4578425   -2318.6779022   -400.6420672
-464.7468058   -2334.7918987   -400.2037346
-465.147349   -2313.4982586   -399.5580077
-466.9618336   -2326.0879517   -403.2273591
-467.5273625   -2322.2091198   -403.4279287
-467.3349587   -2332.8726292   -402.5691748
-468.6907259   -2329.5516968   -404.1768312
-467.3222033   -2315.2551651   -401.7407894
-469.109389   -2318.1128502   -403.8004577
-468.735787   -2336.6861343   -402.2347927
-468.4135643   -2311.7313385   -401.2088478
-470.3212706   -2340.4743671   -401.3976753
-470.0916735   -2307.5678349   -400.5247653
-471.1854187   -2325.0315189   -406.1745405
-469.7956768   -2314.1813278   -403.1553864
-470.9667889   -2333.6100578   -404.8676193
-470.0405327   -2321.2854862   -405.077517
-471.8067376   -2310.8417988   -403.3142626
-472.3365036   -2330.0759792   -406.6182077
-473.5878436   -2338.4494781   -404.7499299
-472.5814787   -2315.0029182   -405.3982794
-472.5465504   -2319.8316097   -406.607151
-474.1644589   -2305.9985638   -402.7242064
-475.6495682   -2333.75597   -408.0734551
-475.6306139   -2328.2852173   -409.1565311
-476.3687579   -2310.3647232   -406.3952863
-476.5948979   -2300.3139496   -401.2889564
-476.4212099   -2316.4389133   -408.5624814
-477.794501   -2338.2675648   -407.7709913
-478.4486023   -2342.5776958   -405.5949152
-474.0117518   -2343.2631493   -402.0370543
-478.6485163   -2304.2304516   -405.1436186
-481.229159   -2307.3897362   -408.6844325
-480.1267115   -2295.9611416   -401.2608826
-480.4523913   -2299.7031212   -403.9177597
-481.332275   -2340.2791023   -409.1489315
-483.5370509   -2301.63908   -407.5365663
-483.390185   -2292.1075821   -401.2345076
-483.5883109   -2296.349287   -404.3285251
-482.7245203   -2343.6889648   -407.7262878
-486.6634337   -2288.2781029   -401.104182
-486.9055478   -2292.2458649   -404.29461
-487.4343602   -2296.5168953   -407.66415
-490.054938   -2283.5624218   -400.1884162
-490.4436795   -2288.1391048   -404.2966068
-490.2000157   -2292.2279835   -407.1285129
-494.588348   -2283.6112976   -404.3257236
-494.1878048   -2279.8345089   -400.6170034
-494.5237366   -2289.1287804   -408.7382257
-498.8571135   -2277.9710293   -403.2167196
-499.7212616   -2283.3316326   -408.8981152
-503.8957325   -2277.3914337   -407.5123072
-503.5073487   -2273.6566067   -403.4045935
-505.6068627   -2268.6319351   -400.1109302
-508.8777272   -2271.9185352   -406.8680406
-511.8435351   -2265.5303478   -402.6731253
-513.8013092   -2267.9073811   -407.3540866
-515.1992766   -2262.3472214   -402.1227956
-517.2253577   -2263.7748718   -405.8402181
-518.3232752   -2259.1474056   -401.0901749
-522.6012198   -2260.1037025   -406.4399898
-525.0348774   -2255.2773952   -402.1497965
-526.7507759   -2257.7311993   -407.227993
-528.5095898   -2251.7645359   -400.1011252
-529.6040503   -2255.241394   -406.3592851
-529.705259   -2253.1080246   -403.2621086
-532.8566758   -2250.5874634   -402.0836949
-532.4179856   -2253.084898   -405.6878984
-535.9173743   -2251.6820431   -406.5679312
-537.9411904   -2248.7895489   -403.3716023
-540.3592316   -2245.9747791   -400.1410902
-540.2395455   -2250.2503395   -407.9037309
-542.9250924   -2247.4343777   -405.0176144
-545.5853669   -2244.5652485   -401.3004601
-548.5958783   -2246.3018894   -407.2978199
-550.8990017   -2243.6349392   -403.1583071
-553.9074866   -2244.5547581   -407.4362516
-552.9774157   -2241.9602871   -400.4157186
-555.3984372   -2242.6409721   -403.8178325
-556.8636385   -2241.0569191   -400.4034996
-558.4825007   -2243.2947159   -407.4747562
-559.227678   -2241.8050766   -403.9727747
-562.0442358   -2240.4329777   -401.3445377
-563.31906   -2241.9593334   -406.7666531
-566.2935702   -2239.559412   -399.9965787
-566.6489331   -2240.531683   -403.8947821
-567.8113428   -2241.4593697   -407.5009823
-569.7312085   -2239.7668362   -401.9850492
-570.5868927   -2240.6058311   -405.5999219
-572.074267   -2239.2883301   -400.128752
-573.3953444   -2239.8779392   -403.275609
-574.6792284   -2240.7588959   -407.2601497
-575.6258694   -2239.323616   -400.2428651
-577.6477782   -2240.0569916   -404.3069482
-579.3596236   -2240.9818172   -408.6461365
-580.3547827   -2239.657402   -401.0179043
-582.3920695   -2240.391016   -405.2459896
-585.6742588   -2240.1924133   -401.6689658
-586.4463774   -2240.7519817   -405.9147537
-477.8487412   -2346.1101055   -402.2432566
-482.5987545   -2347.2650051   -404.3328166
-484.7180573   -2351.1960506   -401.0150731
-486.9000641   -2345.8814621   -408.7105691
-488.4154526   -2350.6088257   -404.3281972
-488.499972   -2353.8117409   -399.5399475
-491.4744822   -2349.0405083   -408.4495008
-492.5325838   -2354.085207   -401.7472267
-492.8825823   -2351.9749641   -405.3904414
-495.7687584   -2351.4177799   -408.1977308
-496.4167801   -2354.310751   -403.9464295
-500.1901118   -2354.2048931   -406.6521227
-500.7558791   -2356.8809032   -401.67889
-504.2624203   -2354.2671204   -409.2669785
-504.7193495   -2356.9402695   -404.1893482
-508.7099997   -2357.0296764   -406.6456258
-508.785936   -2358.9017391   -402.2562504
-512.7256838   -2357.2063446   -409.035027
-513.4744374   -2359.6971035   -403.3934772
-516.6790215   -2359.2164516   -406.927079
-519.1879002   -2361.2685204   -402.7822912
-521.376702   -2360.057354   -407.9327583
-524.5240656   -2362.4174595   -402.6042819
-527.0950524   -2361.6240025   -407.1416557
-529.8438994   -2363.4772301   -402.0644128
-532.6251713   -2362.852335   -406.6186845
-535.662028   -2364.6378517   -400.5479217
-538.3400647   -2363.9614582   -406.1304331
-541.7375294   -2365.3252125   -401.0545015
-543.8631503   -2364.8426533   -405.9894681
-547.1384255   -2365.957737   -401.1060596
-549.0483967   -2365.5788898   -405.9588313
-552.6905981   -2366.5184975   -401.2022614
-553.9915291   -2366.1079407   -406.7279994
-558.0037562   -2366.948843   -402.3200274
-559.1840474   -2366.5950298   -407.9022408
-562.9462925   -2367.3436642   -403.375268
-568.0178133   -2367.7995205   -402.7604163
-571.293327   -2367.9971695   -406.6143036
-572.5513426   -2368.1397438   -401.858747
-576.3352839   -2368.4747219   -404.3183029
-581.1980692   -2368.9332008   -407.2057605
-580.9259144   -2368.6952591   -401.5912414
-585.6063095   -2369.0533638   -402.8838873
-583.9068619   -2368.6523438   -399.7114003
-586.0597817   -2369.3330288   -407.3348343
-589.0164105   -2369.407177   -405.3948224
-590.5978409   -2369.0981865   -401.6761482
-592.9276673   -2369.571209   -405.490756
-595.605704   -2369.1387177   -401.5667439
-597.0384804   -2369.6651459   -405.494988
-600.4447667   -2370.0056076   -408.341676
-600.828859   -2369.3430424   -402.8266072
-606.6176621   -2369.7645664   -405.870229
-609.8029343   -2369.0521717   -402.1859765
-613.7737957   -2369.5607185   -405.3958952
-617.3388688   -2368.4515953   -401.4847875
-617.9519621   -2370.1143265   -409.3083739
-620.0583903   -2369.1799641   -405.2666128
-621.9353405   -2367.8178787   -400.9003341
-622.4947897   -2369.8649406   -409.1466367
-626.6886917   -2368.7152863   -405.8328569
-631.3239066   -2367.0909405   -402.6609659
-633.6189238   -2368.4256077   -407.6225162
-636.3148419   -2366.4224148   -403.0297995
-638.4623972   -2364.4776344   -399.5051682
-639.6524636   -2367.6023483   -407.6296389
-641.7911974   -2365.5691147   -403.4009278
-645.7975832   -2366.8758869   -408.4440172
-647.1733776   -2364.4807339   -403.6004245
-649.044129   -2361.9585037   -399.6913731
-650.2899853   -2365.4744625   -407.3652923
-652.7574984   -2363.4607792   -404.5014977
-654.2138783   -2360.8691692   -400.6522894
-654.4582573   -2365.2586937   -409.2097282
-656.933519   -2362.0455265   -404.2746425
-656.977388   -2363.5938168   -407.2152674
-659.1951577   -2359.8759174   -401.9623697
-661.4199606   -2362.1456623   -407.2276056
-665.2602879   -2358.6804867   -403.8695097
-666.9705836   -2361.2875938   -409.2904329
-670.5869166   -2356.0667038   -403.4339488
-671.0781781   -2359.0438366   -408.2014859
-670.7486836   -2353.3699512   -400.0326693
-674.6715037   -2353.6579609   -402.836889
-675.3972498   -2356.5139771   -407.1174264
-678.4573523   -2351.2644768   -402.3379982
-679.221007   -2353.9960384   -406.0856998
-682.7702252   -2350.0423431   -403.5878181
-681.3492505   -2352.1854877   -405.1654339
-684.7581593   -2346.8952179   -401.6338587
-684.8991839   -2353.3492088   -408.7249637
-687.8301827   -2349.1814137   -405.7043791
-689.6265475   -2344.8321819   -402.6686251
-693.4082238   -2347.9297161   -407.6347649
-703.079435   -2328.7439346   -401.7149508
-707.1510283   -2336.0815048   -406.8254828
-705.5783001   -2325.8929253   -402.5515318
-704.3252913   -2315.5915737   -401.4126062
-706.9815127   -2310.8887672   -403.7615657
-706.6491572   -2330.4572105   -404.283464
-708.0065934   -2317.6338673   -403.513521
-708.8461844   -2322.8905201   -404.1078687
-709.328386   -2306.8211079   -406.319797
-706.4239708   -2302.7808666   -405.824393
-709.4384161   -2327.3112774   -405.107826
-701.4760701   -2311.7740154   -400.187403
-711.8124691   -2331.590414   -407.659471
-692.3640696   -2288.3219719   -403.4317732
-711.8477551   -2315.349102   -406.0316384
-695.0878827   -2336.2650871   -400.0097811
-711.6557089   -2320.1909065   -405.6609273
-714.1065327   -2325.3531456   -407.5461626
-712.1419636   -2309.8278046   -407.2233438
-711.7327181   -2303.2739162   -409.0889692
-715.2255503   -2319.3662167   -407.8490436
-716.6509358   -2313.8968945   -409.2415869
-618.8379256   -2364.470005   -390.9529448
-622.3141877   -2366.1677837   -396.3098526
-621.666762   -2364.7418022   -392.6475942
-626.5642373   -2364.168644   -393.5047686
-626.9832579   -2366.5926456   -399.3991911
-632.8921048   -2364.8457527   -397.7808654
-632.3512522   -2362.0584011   -392.0124769
-621.9089953   -2248.2373714   -398.447901
-636.4233223   -2360.0749969   -390.4953897
-638.0350319   -2362.2906208   -394.9789703
-641.2478415   -2361.9995117   -395.9342539
-640.8223835   -2359.7137928   -391.9264078
-644.4468228   -2357.3439121   -390.1512921
-643.1785551   -2362.9684448   -398.6487985
-645.6263987   -2360.1119518   -394.8539495
-648.653957   -2357.6490879   -392.6879466
-651.114556   -2359.2860699   -396.3801265
-652.9001919   -2356.492281   -393.3390975
-613.0008427   -2245.8708286   -396.8530893
-654.5980898   -2353.4152508   -390.3781474
-656.0696093   -2358.1900597   -397.5038528
-657.7219693   -2355.2873135   -394.4749534
-659.6349207   -2352.1718979   -391.8331265
-661.0816447   -2356.8980694   -398.6415565
-661.8728367   -2354.2056084   -395.560652
-662.4748436   -2348.3715057   -389.5241916
-624.4485108   -2251.4607906   -391.1317587
-664.6206108   -2351.6731262   -394.2762911
-666.1655632   -2354.7315598   -398.8944292
-668.6447588   -2348.4511375   -393.3415711
-668.7510935   -2351.7706394   -396.9174623
-670.9915129   -2344.5558548   -391.2649453
-673.4659401   -2350.4121304   -398.3036876
-673.5977856   -2346.8794823   -394.8652148
-679.1330305   -2346.9820023   -398.3299136
-666.7597023   -2278.1538963   -392.1091259
-695.0320927   -2331.1576843   -397.7624476
-695.5189434   -2325.4773617   -396.5379596
-671.0841385   -2275.1994133   -397.1777856
-669.4586007   -2285.0916386   -389.6647096
-698.6000267   -2320.3368187   -397.8401124
-701.0194985   -2316.5764809   -399.3366361
-697.4892346   -2307.7862263   -398.5302746
-671.4917151   -2280.6913853   -393.7473595
-656.9951502   -2264.4376755   -396.8792856
-672.7790562   -2340.9616947   -389.6456957
-624.3127314   -2250.0486374   -394.8646188
-674.0382639   -2285.7480049   -392.4383819
-675.8343903   -2279.5686722   -397.506386
-676.4976708   -2291.6858196   -390.9339905
-679.2582003   -2335.5634212   -390.2768195
-661.1270634   -2267.3752308   -396.7581093
-678.5933701   -2286.2706184   -395.2516019
-627.186629   -2250.1320839   -397.9015946
-678.5649983   -2296.4470387   -390.1610672
-677.3540703   -2340.0771618   -391.7883933
-680.9282032   -2292.4194336   -393.5619295
-646.7358796   -2257.9758167   -398.1197476
-682.0209948   -2339.5130634   -394.2154348
-661.8746249   -2272.7909088   -392.4852014
-656.719896   -2268.7256336   -392.1854496
-679.7160832   -2342.7557945   -395.1044679
-627.9449192   -2251.7821789   -393.8963413
-619.847509   -2249.0129471   -393.0451274
-675.6263701   -2343.7564373   -393.4185505
-648.1038062   -2260.5204582   -395.198673
-682.5390784   -2299.7095585   -391.505897
-682.6556651   -2332.0412636   -390.7052875
-683.3517281   -2327.9869556   -389.7747099
-666.337463   -2270.6270218   -397.5175321
-683.2420555   -2286.847353   -398.1073201
-628.772947   -2253.9453506   -389.8155093
-685.301396   -2335.6099129   -393.9165771
-685.4959456   -2307.8374863   -391.0021484
-685.6817929   -2302.157402   -392.7164674
-614.0216319   -2247.0188141   -392.9570317
-684.7976176   -2322.9482174   -389.6349072
-685.7222048   -2314.3026829   -390.080303
-631.2733618   -2252.065897   -396.6295719
-685.6990782   -2293.4889793   -396.2655962
-685.9936444   -2339.5426273   -396.5969086
-595.7492319   -2241.6043282   -398.1738091
-684.2943159   -2343.184948   -398.1638551
-688.7924401   -2300.7202148   -395.2251375
-686.6630045   -2330.8215141   -392.6712871
-631.3751665   -2253.5352707   -393.1439519
-687.1825186   -2326.8413544   -391.8124437
-688.0895821   -2318.6075687   -391.3747072
-595.8159892   -2241.8296337   -393.953234
-689.9877516   -2323.7047195   -392.9289877
-689.7252528   -2337.8891945   -397.7771699
-633.8165728   -2256.0358047   -390.4428184
-690.4842583   -2333.4581852   -395.9901929
-689.7092787   -2306.1332703   -394.0882385
-598.6929861   -2242.9101467   -390.5061483
-690.5228821   -2313.0121231   -393.2276964
-690.4793707   -2293.8284874   -399.2724121
-688.5053841   -2341.2966728   -399.2651105
-634.9793402   -2252.5396347   -399.1715014
-610.3055207   -2245.4767227   -394.7382271
-649.0995613   -2265.2471066   -390.0771737
-690.8471314   -2328.6442757   -394.4870532
-600.546333   -2242.7768707   -395.5679536
-693.2840077   -2319.2844391   -394.5923746
-644.277188   -2259.2020035   -394.1137791
-693.5629574   -2304.0373325   -397.1677125
-634.8310439   -2254.2111874   -394.9843347
-693.0857626   -2298.7318039   -398.8024294
-650.3404108   -2259.8397732   -397.9609907
-602.347943   -2243.6146736   -392.4003243
-693.7607256   -2309.2186451   -395.9046304
-616.9447628   -2247.0078468   -397.0483243
-569.4157807   -2239.1290665   -398.9194334
-639.0291182   -2257.1268082   -393.1293488
-572.1775023   -2238.6517525   -396.1304128
-609.2645852   -2244.6053028   -398.5007703
-572.700235   -2238.1820679   -391.2473321
-696.6030327   -2314.1362667   -396.869123
-575.176212   -2238.5456562   -393.8570023
-604.5642821   -2243.4630394   -398.409903
-578.0478445   -2238.9888763   -396.4598179
-577.7418343   -2238.6713028   -391.5345967
-638.1787983   -2254.5080185   -397.4947035
-582.4702708   -2239.3424511   -394.1352963
-651.980373   -2263.4983063   -394.2421079
-582.4070898   -2239.3553257   -389.5679116
-582.6674429   -2239.5513058   -398.0526626
-605.8270661   -2244.269371   -394.2767084
-646.9944445   -2262.4249458   -391.7464614
-587.1329037   -2240.1189804   -392.1715915
-586.7267577   -2240.0341034   -396.8841434
-642.2382323   -2256.0784817   -397.8568017
-591.4826123   -2240.8518791   -395.2377141
-592.5080506   -2241.3852215   -390.2278841
-609.2743603   -2245.9070683   -391.1689222
-448.0256764   -2325.3309727   -389.5278573
-449.4983879   -2332.9672813   -389.8716569
-450.3332106   -2321.1677074   -390.7275498
-451.5019385   -2316.0991669   -390.3136253
-451.8637387   -2327.3060322   -392.3540413
-452.4111477   -2335.0961208   -391.308248
-453.7304369   -2332.5042725   -393.0503428
-453.6132542   -2317.9371357   -392.4553394
-455.1542727   -2322.0379353   -394.4345117
-455.2118508   -2312.8604889   -391.8912113
-455.0813166   -2336.4708424   -392.7618563
-456.8960396   -2341.0294056   -391.7354345
-456.287953   -2329.1974068   -395.4173625
-455.5834261   -2326.0071278   -395.0793147
-457.2328059   -2306.2438965   -390.3060257
-456.4406601   -2317.3160553   -394.3830431
-457.9863278   -2333.7433338   -395.7702518
-459.2359988   -2309.8433018   -393.5951293
-458.579394   -2337.8298283   -394.6604133
-459.3349425   -2325.343132   -397.8067338
-459.6321312   -2319.3252087   -397.2620368
-459.138724   -2314.2180443   -395.3533769
-459.7073523   -2330.2030563   -397.7816105
-461.1469237   -2300.4944324   -389.8741901
-462.3032538   -2305.2783012   -393.537432
-461.6571394   -2336.7090225   -397.3251283
-461.5254132   -2333.0271244   -398.4843493
-461.736652   -2340.9867287   -395.160526
-462.7091614   -2310.5728626   -396.5076208
-462.1263472   -2315.2961731   -397.9546726
-461.7941109   -2321.8402863   -399.220556
-465.3023211   -2299.8771667   -392.5276995
-465.9524886   -2339.6539688   -398.8746405
-465.064737   -2306.6413403   -396.343559
-465.998861   -2303.278923   -395.134598
-466.5140835   -2309.166193   -398.685962
-468.683335   -2295.014143   -391.7688429
-468.1304423   -2304.8503399   -397.6101577
-469.4783417   -2299.6783257   -395.5057561
-465.5085532   -2343.1515694   -396.2976933
-469.7218863   -2344.1693783   -398.396641
-472.189161   -2290.2345657   -390.89939
-471.9917504   -2302.6916981   -399.2675245
-472.7680413   -2294.3015099   -394.3291306
-473.9643065   -2297.7688313   -397.6371884
-475.1541344   -2286.365509   -390.1224434
-476.5913216   -2289.3903255   -393.6550915
-476.0309187   -2293.7598228   -396.4666128
-477.250549   -2295.8540916   -398.9058733
-478.3655135   -2284.6133709   -391.2097514
-479.8137871   -2291.4927006   -397.8426456
-482.1834294   -2285.1064205   -394.7379589
-481.3877074   -2280.5438042   -390.1182413
-483.5489718   -2288.4447575   -398.5836804
-485.0316969   -2279.8364162   -392.5249875
-485.9050242   -2285.3503227   -398.0832696
-487.2519699   -2281.4936638   -395.9271312
-488.9429537   -2276.829958   -393.0972517
-490.8421961   -2272.0742226   -390.0802135
-491.6172949   -2278.5122395   -397.0661461
-493.5031859   -2273.9090919   -394.3019509
-496.3484732   -2268.7456608   -391.5464282
-495.9778515   -2275.7470608   -398.3741403
-497.4298207   -2271.8608379   -395.8197236
-500.3803698   -2272.6683617   -399.4038105
-501.0186163   -2268.5117722   -395.6177235
-501.5834299   -2264.3926144   -391.5773034
-504.7949282   -2265.1331425   -395.4418302
-506.8758456   -2260.9846592   -392.5415277
-508.9078871   -2263.5223866   -397.4916339
-510.8104674   -2257.8649521   -392.3869431
-510.9708039   -2260.1084709   -395.3257799
-513.1559101   -2254.7440529   -390.4705048
-513.3527247   -2261.2411976   -398.9926279
-514.8244826   -2257.3039532   -395.3882158
-517.0300928   -2253.9048195   -392.8806484
-520.0291602   -2254.7223568   -396.7356086
-520.1706616   -2251.9986629   -392.9956555
-522.0730034   -2249.29142   -390.5711174
-524.7182576   -2251.2693405   -395.9897757
-527.0793167   -2247.6599216   -392.239511
-530.1373927   -2249.001503   -397.0830739
-532.2998492   -2245.9306717   -393.5736716
-534.1472355   -2243.2224751   -389.7550106
-535.2841345   -2247.325182   -398.5398114
-538.0851952   -2244.2691326   -394.95188
-539.8868052   -2241.4669991   -390.203625
-542.3149792   -2242.6760197   -394.721657
-542.3013894   -2244.0235615   -397.6462483
-546.1872546   -2241.1036491   -393.6172128
-545.0740782   -2242.8874969   -397.1778452
-549.9722687   -2239.151001   -390.4282153
-548.9195315   -2242.3496246   -398.627758
-552.768561   -2240.457058   -396.043241
-555.7138649   -2238.7139797   -391.9289112
-558.7433306   -2239.5875454   -396.7148662
-561.9036881   -2238.3713722   -392.8934634
-563.1385771   -2239.2413616   -397.4572718
-566.7590825   -2238.7404442   -396.2260783
-567.6097599   -2238.0347252   -391.8237984
-460.6778351   -2343.9805508   -392.316699
-463.3042542   -2347.4757671   -390.9797966
-463.5715214   -2344.4588184   -393.9445615
-466.936442   -2346.4071751   -394.5274949
-468.6106173   -2350.2824306   -391.3759291
-471.3577954   -2348.3805656   -395.491153
-472.9476897   -2351.3765335   -392.7974999
-474.6991125   -2347.1951485   -399.0226984
-475.8777348   -2350.7726192   -395.6287503
-476.4750925   -2353.6126614   -391.7431831
-479.9759118   -2350.0580788   -399.2803991
-480.2920548   -2353.4457684   -394.5487142
-480.718228   -2356.0490608   -389.92998
-484.4193188   -2353.6024094   -397.1245289
-484.8273722   -2356.2130928   -392.3991621
-488.7128798   -2356.2343121   -395.0131834
-489.4898859   -2358.3498001   -390.5085623
-492.6664559   -2356.5044403   -397.1483111
-492.469999   -2358.1073284   -393.1930065
-497.2332446   -2359.0960503   -393.7841356
-496.7264859   -2356.7445278   -399.2958367
-500.9048907   -2358.7999344   -397.1360624
-504.1130511   -2361.092329   -392.2382295
-505.7207076   -2359.4779968   -398.5701203
-509.3345372   -2361.6061211   -394.2084312
-511.4297596   -2360.8958721   -398.3056247
-514.3507449   -2362.7121449   -393.5213983
-516.7795149   -2362.057209   -398.1935084
-519.9198452   -2363.6403084   -393.4306502
-522.193524   -2363.1136417   -398.032099
-525.2847401   -2364.3732071   -393.5388923
-527.3161856   -2363.93857   -397.9414701
-530.2242962   -2364.9103642   -393.8981295
-531.6011635   -2364.5339012   -397.8289068
-533.252689   -2365.4749393   -390.4026151
-535.0010125   -2365.3304577   -394.6319818
-538.819286   -2365.9074306   -389.5718157
-540.2674405   -2365.7381535   -395.7222998
-545.2719656   -2366.3227558   -391.6490376
-544.9814526   -2366.0986423   -396.9997466
-550.3810374   -2366.6088581   -395.5758214
-551.0521857   -2366.5857315   -390.065223
-553.918573   -2366.8074608   -392.495364
-557.485315   -2367.0492172   -395.6626356
-562.3055426   -2366.915226   -390.5414939
-561.6299836   -2367.3269749   -399.214983
-564.1423193   -2367.3629761   -395.4087794
-565.4655424   -2367.5894737   -399.4559646
-567.3471419   -2367.0487404   -391.0702169
-570.4887835   -2367.7444458   -396.6722488
-572.8053776   -2366.948843   -390.1716173
-576.524469   -2368.2477474   -399.1137147
-576.8933026   -2367.6199913   -393.8646913
-581.8192688   -2368.1674004   -396.6380358
-581.2854496   -2367.3231602   -392.0263052
-585.7087103   -2367.4733639   -392.7777112
-587.2840611   -2368.461132   -397.7620006
-590.1742903   -2367.641449   -393.7451243
-592.9640261   -2368.3991432   -397.3121941
-594.839069   -2367.2037125   -392.542243
-599.1228548   -2368.2079315   -396.9206214
-599.5809761   -2366.7960167   -391.8409944
-603.8603512   -2367.1543598   -393.68397
-605.987641   -2368.5255051   -399.1407454
-606.6845385   -2366.0459518   -391.0177052
-608.7404219   -2367.0737743   -394.4774568
-612.7336947   -2368.0255413   -398.5854983
-610.4957787   -2365.6332493   -390.8948302
-612.4943224   -2366.612196   -394.0560818
-615.0377718   -2365.298748   -391.4754391
-615.3896777   -2366.6708469   -395.1159716
-618.0622307   -2367.2494888   -397.6729512
-618.5637442   -2365.8275604   -393.9912617
-445.6735579   -2306.0548306   -382.0547163
-447.4824397   -2310.1630211   -385.1370811
-447.4966256   -2316.5607452   -387.5428736
-447.7554289   -2328.797102   -389.2724514
-448.0902878   -2301.6695976   -381.5150559
-451.478335   -2338.3738995   -389.3538415
-448.4365908   -2341.968298   -385.1803541
-449.0910498   -2304.83675   -383.8278651
-449.9089447   -2297.5845337   -380.4678321
-451.2765137   -2311.8534088   -388.5943592
-452.4848191   -2306.0619831   -386.8116438
-452.088925   -2300.1596928   -383.3671808
-453.1461922   -2294.8892117   -380.9179366
-453.9872137   -2309.2768192   -389.4466758
-453.4464804   -2343.5781002   -387.5600994
-456.8592039   -2299.8828888   -386.4561319
-455.512735   -2296.1440086   -383.2637072
-456.7095963   -2291.8448448   -381.2353313
-459.0502707   -2293.9214706   -384.1857612
-460.9532086   -2288.5093689   -381.6296756
-461.0042302   -2296.172142   -387.0093524
-463.6389939   -2291.0268307   -385.2930367
-464.2700879   -2287.1081829   -382.8002512
-464.7922245   -2283.408165   -380.2256286
-464.5875422   -2295.5102921   -389.1291022
-467.8588835   -2285.5241299   -384.0422928
-468.1275813   -2290.5216217   -388.1008327
-469.5315091   -2279.8674107   -380.5057704
-472.1102444   -2285.888195   -387.4213398
-472.877833   -2281.0175419   -383.8897943
-474.4400708   -2275.5379677   -380.1213801
-476.7306773   -2281.7995548   -387.4955177
-476.8085209   -2277.64678   -383.8483095
-479.4821469   -2273.33498   -381.8500042
-480.6650607   -2276.7109871   -386.0124946
-482.8878371   -2268.3475018   -379.5467019
-484.183642   -2271.7578411   -384.0724528
-485.5901925   -2275.4280567   -388.854146
-488.3506028   -2266.4716244   -382.0743859
-488.2796732   -2270.5559731   -386.2931728
-492.5286499   -2267.3032284   -386.5748942
-493.7917916   -2262.7189159   -382.6141357
-497.6387946   -2263.6094093   -387.0633543
-498.7724749   -2259.1180801   -382.8315139
-502.8717247   -2259.8371506   -387.4114752
-504.1825501   -2254.7850609   -382.2973371
-508.1797568   -2256.6335201   -388.3316815
-507.9158274   -2250.4253387   -379.7267675
-511.1393658   -2252.114296   -385.040015
-512.4139515   -2248.6283779   -381.0349703
-515.282127   -2249.2239475   -384.5337331
-516.8913332   -2251.1999607   -388.912797
-516.57221   -2246.8049526   -381.7988932
-519.3513361   -2247.8606701   -385.9530687
-521.1250512   -2244.9889183   -382.5178742
-524.1327015   -2246.2639809   -387.4182701
-523.8249031   -2242.6872253   -380.2446723
-526.124808   -2243.7295914   -384.3575418
-527.9613463   -2241.7709827   -381.695807
-529.0651051   -2244.7667122   -388.8099194
-529.7013251   -2240.3666973   -379.6909153
-530.6184021   -2242.4747944   -385.4430318
-531.478378   -2240.9110069   -382.5059831
-533.9907137   -2239.3712997   -380.295068
-534.9195925   -2241.0340309   -385.4849935
-538.2595984   -2238.7800217   -381.8060756
-540.0349823   -2239.7241592   -385.8139217
-542.8532092   -2238.3363247   -383.4211528
-544.3726508   -2239.4559383   -387.9848719
-546.1175171   -2237.2395992   -380.9277415
-547.8177992   -2238.104105   -385.5506778
-549.4377343   -2236.7608547   -379.8875511
-550.7790772   -2237.221241   -383.0667734
-552.8524844   -2237.9066944   -387.2550428
-553.5667864   -2236.6552353   -380.2342713
-554.8929898   -2237.1973991   -384.4178021
-558.0006567   -2237.663269   -387.9929781
-559.2585532   -2237.0064259   -383.371979
-563.2484881   -2237.0588779   -380.26914
-563.2846085   -2237.5276089   -387.811929
-564.132425   -2237.2479439   -384.185791
-567.2073094   -2237.4274731   -382.2472095
-568.7403408   -2237.6608849   -386.3517046
-573.0133978   -2238.1412983   -383.3574653
-574.645373   -2238.2457256   -387.5115216
-577.2525994   -2239.0480042   -380.9790313
-576.9777028   -2238.6441231   -384.8573267
-578.6248175   -2238.795042   -387.6774311
-581.2765089   -2239.4397259   -384.7548068
-581.5722672   -2240.019083   -380.6193769
-584.8979679   -2240.4680252   -382.7876151
-587.0598284   -2240.4556274   -386.8586123
-589.2034499   -2241.6620255   -382.3561072
-591.7345015   -2241.7464256   -385.8458698
-591.6626183   -2242.8469658   -380.3016543
-594.3282572   -2243.0920601   -382.7624917
-595.4264132   -2242.585659   -386.9256973
-598.4116522   -2245.0537682   -380.6257248
