236.2104329   -1385.1447105   -1074.3465424
229.5368584   -1384.9207163   -1075.6465197
229.834077   -1385.2061033   -1077.1915913
225.1324924   -1384.6731186   -1072.7485418
226.5089723   -1384.8680258   -1075.5386353
224.8986634   -1384.8650455   -1077.005744
217.8427847   -1384.8334551   -1071.1022615
219.3480404   -1384.5831156   -1075.0639439
220.0786146   -1384.9892616   -1077.8670311
216.1487015   -1384.850502   -1077.3878098
213.6568698   -1384.6268654   -1074.5418072
210.8066949   -1384.8270178   -1070.9791183
213.1570252   -1384.7466707   -1077.8011084
208.3137008   -1384.8254681   -1072.3749399
210.6929394   -1384.58848   -1078.3977509
203.5945924   -1384.2686415   -1076.0761499
201.4684948   -1384.8512173   -1071.0048676
198.4920176   -1384.2475414   -1074.5910406
200.0269266   -1384.8314285   -1079.1326761
198.1185051   -1384.9070072   -1079.238534
192.3296126   -1383.8729858   -1077.8921843
194.1885325   -1384.9135637   -1072.0965862
190.8569904   -1384.8448992   -1079.4018507
189.328936   -1383.8355541   -1076.2372017
191.580561   -1384.297967   -1078.7898302
187.2239085   -1385.1052523   -1071.2684393
188.5858449   -1385.214448   -1079.9703598
186.4418062   -1383.9452267   -1078.0620575
186.1948939   -1383.752346   -1076.7285824
183.8566335   -1384.2315674   -1074.0792751
184.1280433   -1384.3631744   -1079.0264606
182.6293739   -1384.0210438   -1077.3477554
178.223935   -1385.2250576   -1080.1964998
179.3237897   -1383.969903   -1075.9960413
179.848698   -1384.5083714   -1078.8339376
178.6626848   -1385.2083683   -1072.6112127
176.6978475   -1383.9831352   -1078.1984329
176.2547465   -1384.7895861   -1074.4957924
175.8079799   -1384.0161562   -1077.3026943
173.9630374   -1384.6821785   -1079.5642138
172.829208   -1384.5293522   -1075.9829283
169.6464094   -1384.7109079   -1076.6183138
165.4287847   -1384.7483397   -1077.2984028
