45.312916   870.5657981   -1275.9340534
46.0607196   863.0622001   -1270.8387215
46.2809196   861.6702564   -1270.2065669
45.8064472   864.4261031   -1271.7142119
45.5986466   865.5049595   -1272.850581
45.3712827   867.8963339   -1274.9336639
45.4952277   868.6960718   -1275.7554915
46.0085588   863.0299665   -1273.001349
45.6836603   865.5436956   -1274.3376756
45.6703755   866.545854   -1275.1671631
46.3023354   861.1364976   -1271.8347552
45.996678   869.1090751   -1276.9468673
45.8381511   867.4601256   -1276.1253947
45.8211726   864.2731992   -1273.8253827
45.9607737   864.2992229   -1274.8394288
46.1511832   865.0340001   -1275.8922395
46.0450201   863.3334897   -1274.4035532
46.1683413   866.2694125   -1276.4651871
46.6342624   867.5319882   -1277.6088296
46.3773104   860.9903306   -1273.7777596
46.3349993   862.1478102   -1274.7682518
46.3941349   863.4121338   -1275.8281003
46.8200192   865.5900534   -1277.4726598
46.9409858   864.1909412   -1277.2888762
46.7403727   862.0230065   -1276.1027115
47.1116576   862.8861526   -1277.2001317
47.260832   861.3632195   -1276.9435776
47.7379528   862.2532935   -1277.9836337
48.0059393   860.9146062   -1277.9903638
49.7087855   870.4436751   -1189.7150467
51.2847229   870.0120303   -1189.7484743
48.1352069   870.2348424   -1190.7446382
50.317104   869.1567478   -1190.8479745
47.2206961   869.3282526   -1192.2752378
48.764108   869.2861161   -1191.2268359
45.5650893   870.5278945   -1193.7661645
50.6611675   868.0731111   -1192.151663
49.3562617   868.4239108   -1191.8836093
46.0365673   869.2054114   -1193.7459085
48.2169028   868.4739029   -1192.3177729
49.0061204   867.4269795   -1193.1392488
47.4546316   867.8091514   -1193.3811331
45.1845095   869.6149192   -1194.981135
50.3357317   867.1978284   -1193.3186024
46.4590153   868.0121191   -1193.9868308
47.8636516   866.8679215   -1194.0739808
46.5844965   866.544973   -1195.1238621
45.5180314   867.7766729   -1195.3768182
49.8991659   866.5560841   -1194.1505384
48.7751737   866.1113191   -1194.6803439
51.0058986   866.630622   -1194.4652517
44.5034152   869.1314834   -1196.4437544
43.9604651   870.4779433   -1196.9697649
47.5890457   866.1442511   -1194.9145228
43.707715   870.0504082   -1197.8766048
50.1058421   865.7780812   -1195.3225386
44.0895353   868.5289965   -1197.4472818
45.4285443   866.2090994   -1196.4963355
44.6886322   867.4354885   -1196.8217789
47.5178078   865.2312853   -1195.9195809
48.9913201   865.2188148   -1195.7755634
43.6632983   868.8456327   -1198.4975147
46.2413132   865.2664057   -1196.5082327
44.0288985   867.5537893   -1198.0704978
43.3797323   870.1680963   -1199.6595673
50.0069669   864.8271368   -1196.8209705
44.6182693   866.436792   -1197.5250065
48.5106854   864.3929834   -1196.8120839
45.2933249   865.0790079   -1197.6170422
43.5689306   868.0755854   -1199.5591582
51.464138   865.0963826   -1197.7189552
43.2617048   868.9297997   -1201.2166922
44.0451876   866.1783605   -1198.9782567
46.8858412   864.1179929   -1197.339417
43.0935041   869.4240904   -1202.8420691
43.3537544   866.9071064   -1201.0827511
48.0842802   863.4395175   -1197.9704393
50.4233803   864.2214814   -1198.1437476
45.6210692   863.5195626   -1198.6420003
43.0506114   870.7727496   -1203.3293033
49.3961958   863.3797576   -1198.728537
51.1139845   863.834466   -1199.6224985
46.8314426   862.7142452   -1198.9586401
44.4109572   864.3872148   -1199.316784
43.1055832   867.9755244   -1202.4546552
43.6352295   865.3610756   -1200.3768641
48.001041   862.3506514   -1199.5568659
43.0372489   866.5146392   -1203.2319605
43.0455853   869.6941151   -1204.4344457
43.0333425   868.142268   -1203.9269747
50.0276027   862.6964462   -1200.3612224
45.7184839   862.3406909   -1199.8756824
44.68335   862.9640629   -1200.2185034
43.7318851   864.251963   -1200.7626867
43.2408515   865.4099782   -1201.7987769
48.9466376   861.2576682   -1201.9676028
46.4947035   860.9959381   -1201.4097842
50.8212863   862.6120898   -1201.4328504
43.3202594   864.3446765   -1201.9546551
43.8830774   863.101173   -1201.5328336
43.0731234   870.1574631   -1206.178552
45.4863573   861.7213369   -1200.8140533
44.9308493   861.4744465   -1201.7976224
43.0401611   864.8268802   -1203.3618616
43.3020499   863.4188445   -1203.0365009
42.9417437   865.4582601   -1204.9865931
43.9561515   862.0609933   -1202.6221764
43.0061984   868.2977463   -1205.7271952
42.9521354   866.9629237   -1204.886135
43.0473301   868.8487607   -1207.0329156
43.1172699   869.7142436   -1207.906998
43.1547597   870.8540338   -1208.9592895
43.6188737   861.7042634   -1204.2365921
42.9411086   866.5054882   -1206.5416159
42.9885554   867.792755   -1207.1130969
43.0665615   863.4943503   -1205.1210183
51.1383687   861.6201413   -1203.5979157
43.0731832   868.2983678   -1208.2763519
43.1845883   869.3352265   -1209.8681118
42.9337266   864.666137   -1206.6824584
43.0102495   867.0252423   -1208.0218701
42.9964959   863.1535676   -1207.212996
43.0018708   865.4038869   -1208.3542984
42.9350405   864.1537013   -1207.8303432
43.1580431   867.0824054   -1209.8399009
43.315514   861.5877855   -1206.4405329
43.2553282   870.2627228   -1211.8783537
43.3406748   868.2773444   -1212.0057121
43.0502921   863.4041995   -1209.0228423
43.213196   864.893127   -1210.5033914
43.3620539   866.2839686   -1211.948144
43.1455176   861.8987473   -1208.1555742
43.4113098   869.6992374   -1213.6181039
43.4824163   867.1280636   -1213.1516579
43.5353861   868.1633594   -1213.9494164
43.2386689   861.4303711   -1209.8189751
43.2741688   862.7865445   -1211.2167235
43.6102168   869.2094929   -1215.3049715
43.4492399   864.3627858   -1212.6261844
43.5592304   865.9256392   -1213.6231952
43.6965646   870.1420127   -1216.8971199
43.6198943   866.9887046   -1214.30172
43.7234894   867.6828222   -1215.3957004
43.8394425   868.5366352   -1216.7596333
43.6588413   864.7298989   -1214.3153709
43.3611028   861.0208765   -1211.5841267
43.452788   862.6573258   -1212.7335047
43.7945794   870.7614399   -1218.2676662
43.3921273   861.8499268   -1212.2493036
43.6261543   863.2464829   -1214.0266267
43.7866301   866.0509335   -1215.4228384
43.9139271   867.1590116   -1216.6478964
43.5555618   861.2381976   -1213.4926646
43.9929346   870.5732652   -1219.3901326
44.0008469   869.3133636   -1218.4352037
44.0520771   867.71831   -1217.8475238
43.8700217   864.0591275   -1215.8720849
43.7596412   862.4349113   -1215.094491
44.337899   867.7694965   -1219.5641285
44.1384666   865.8259222   -1217.8138072
44.2606212   869.6753842   -1220.2193981
43.761289   861.3219875   -1215.3056262
43.9745452   862.3127185   -1216.7442623
44.4658914   870.2391134   -1221.6421459
44.1376842   863.813253   -1217.6733926
44.6161722   868.7549602   -1221.4115971
44.532454   865.9447166   -1220.0174802
44.7171152   867.1146658   -1221.1466837
44.2516659   862.745148   -1218.4498164
44.4515385   864.1319792   -1219.4873241
44.1919187   861.1712052   -1218.372795
44.7967248   865.9280264   -1221.2436816
44.511052   862.2399323   -1219.9756033
44.7291874   864.9315051   -1220.8942289
44.8647442   869.7345665   -1223.1839468
44.9643044   867.7477977   -1222.5412858
44.9580899   866.4641037   -1222.0661032
45.2739009   867.8927621   -1224.1086192
45.3010048   869.5428547   -1225.0567818
44.9895561   865.2353608   -1222.1338526
45.4140588   870.4799241   -1226.0584291
44.8616574   863.5002241   -1221.643457
45.200496   866.3016234   -1223.2484541
45.6396817   867.7105641   -1225.8111626
45.6822206   869.1406017   -1226.5532501
45.7105667   870.1979618   -1227.1739473
44.8176986   861.4148065   -1221.7119386
45.5355966   866.0993153   -1224.892791
45.3040271   864.4326672   -1223.7280117
45.2123611   862.2493347   -1223.6062282
46.009647   869.2337554   -1228.0855306
45.6682679   864.5861191   -1225.5084282
45.5421241   863.3075764   -1225.0448976
45.9944223   867.772608   -1227.5278474
45.9548682   865.8424038   -1226.9825683
46.2728482   869.7750535   -1229.4964243
46.3630962   868.1876107   -1229.419382
45.9022698   863.4471022   -1226.8744123
45.5718764   861.9696736   -1225.5106021
46.2368531   866.8284561   -1228.4810023
46.5837617   869.6411703   -1230.9005914
46.4976568   866.6060643   -1229.8143634
46.1967416   864.7309309   -1228.1736956
46.287716   865.8203645   -1228.610985
46.8584116   869.678374   -1232.29032
45.8321424   861.6655888   -1226.9121006
46.0906131   862.1258393   -1228.107705
46.4540088   865.0808805   -1229.5433242
46.8042681   867.8111881   -1231.6467083
46.2921778   863.5121683   -1228.8740535
46.9600577   870.5769076   -1233.4724419
46.7311283   865.7620218   -1231.1017453
47.0890767   868.897978   -1233.583488
46.6293869   863.9195365   -1230.6955417
46.972122   866.2274085   -1232.5116061
47.1796539   869.9047683   -1235.0669903
46.4569543   861.7642419   -1230.0422819
47.1414923   867.1546728   -1233.6585711
46.9259026   864.6588316   -1232.3684604
47.3343072   867.9439681   -1235.5782906
46.8941048   862.6321207   -1232.3652783
47.1465338   865.5076767   -1233.7665013
46.7713763   861.2985895   -1231.6366444
47.3072908   866.3057735   -1234.9945452
47.1146152   863.6945993   -1233.7878795
47.3269805   869.448767   -1236.9854076
47.1732019   870.8521098   -1238.2089652
47.3186149   864.7753359   -1235.3680868
47.05493   862.8362774   -1233.3998924
47.1611147   862.1855322   -1234.0229655
47.4559014   866.0854377   -1236.713473
47.4856876   867.763117   -1238.0760593
47.398602   869.2010965   -1238.7549806
47.2764754   870.1924405   -1239.6050985
47.2916074   863.1241278   -1235.2781317
47.4402071   864.850997   -1236.5861527
47.4223463   863.8552696   -1236.5505425
47.1795543   870.5581956   -1240.7642635
47.3515205   869.1800673   -1240.3898508
47.4804844   868.2962972   -1239.3961382
47.5519684   866.1795046   -1238.697445
47.348795   861.8074732   -1235.3935354
47.4438451   862.3895345   -1236.5050223
47.5160077   864.8007455   -1237.6591949
47.4901898   867.3384938   -1240.2157928
47.0539786   870.1231133   -1242.2663797
47.5386639   863.2383678   -1237.8368927
47.5825507   864.4587452   -1239.4966491
47.5654311   866.0275132   -1239.8900581
47.3116129   868.3990732   -1241.6314775
47.6348156   861.4956969   -1237.6309423
47.1299699   868.1982842   -1243.1510405
46.7028345   870.4212453   -1244.1104048
46.9479159   869.52886   -1243.4272568
47.653546   862.3501544   -1239.1539307
47.5172507   865.6240224   -1240.9870039
47.3714697   866.7846034   -1242.0627557
47.6271542   862.9683542   -1240.4605503
46.8260032   868.9510511   -1244.5129936
47.5509213   863.9618952   -1241.4109361
46.4191408   869.8921965   -1246.0916755
47.7127922   861.3607183   -1240.7236447
47.4185925   865.0145248   -1242.5882525
47.237246   866.1652219   -1243.6365242
46.9759462   867.1816949   -1244.9707998
47.6106026   862.5276868   -1241.732323
47.4882737   863.1093534   -1243.3349397
46.6993021   868.3286876   -1245.8101017
46.7574635   867.3436887   -1246.4218069
47.3146776   864.6517402   -1243.9831483
46.106272   869.8751928   -1248.4903768
46.4937011   868.366091   -1247.2373345
47.6703747   861.1582402   -1242.8433113
47.1430604   865.3577351   -1245.1341306
46.9198775   866.0726786   -1246.4593108
47.2972792   863.7238874   -1245.1396913
53.7663553   870.7237443   -1189.1131284
52.4032269   870.3907261   -1189.292363
54.3130266   870.0360067   -1190.4196907
52.3221599   869.4096254   -1190.5810519
55.7506876   870.3061427   -1191.1457885
56.9481223   870.799581   -1191.7284842
54.6606444   869.6854835   -1191.3069884
53.6126354   869.2565454   -1191.3346403
56.3419237   870.1667841   -1192.5436122
54.6736424   869.2342424   -1192.5074272
52.5198504   868.44015   -1192.1422727
56.2488752   869.8022984   -1193.9648957
57.7504248   870.6603235   -1195.6456564
53.1614053   868.1248038   -1193.3551383
54.6759197   868.6533453   -1194.3502196
56.2360108   869.3713133   -1195.6734252
52.7954037   867.2799822   -1194.9846867
51.5887969   867.5226065   -1193.2665055
54.8343824   868.2026334   -1196.0531498
55.9433707   868.8529311   -1196.5703281
57.1619711   869.9084493   -1196.4944765
57.835445   870.2248475   -1197.5764479
56.7053024   869.3257277   -1197.0966499
53.6697477   867.205159   -1196.4335927
52.5458738   866.2962457   -1196.7162479
55.7477854   868.3209176   -1197.648061
58.2390603   870.0810858   -1199.0793684
54.5711867   867.5457654   -1197.2101072
57.0576371   869.1436488   -1198.563883
59.4499325   870.682693   -1200.3193222
53.6613542   866.7060788   -1197.5592452
51.2950703   865.9156202   -1195.9802632
54.7229514   867.1520714   -1198.4474986
56.0172578   867.8020977   -1199.5182215
57.7446966   869.0858427   -1200.2283245
52.7547148   865.8574326   -1197.9444049
53.6464218   866.2117026   -1198.6287173
58.8157531   869.4770971   -1201.4772768
54.329535   866.1690134   -1199.9051446
56.7256693   867.8045254   -1200.8812683
59.851174   870.1214825   -1202.0743953
52.6588423   865.2250668   -1199.1146
61.1757457   870.7687599   -1202.8544833
57.7891643   868.3281189   -1201.7846231
55.6347455   866.8359003   -1200.8360991
59.0324746   868.8263531   -1202.9763852
54.7261545   865.4898448   -1201.9109649
62.1469921   870.5589034   -1204.2760827
52.8476527   864.4657708   -1200.8799047
60.1812596   869.587315   -1203.4610046
61.0686453   869.4067858   -1204.8510723
63.7809464   870.8617524   -1205.1022775
56.533517   866.9115452   -1202.2474835
57.8783534   867.6893491   -1203.0768577
53.446395   864.0556009   -1202.5525534
58.7218321   867.7372324   -1204.3140248
65.5718761   870.596492   -1206.4081824
55.9479142   865.6229905   -1203.636156
62.5321112   870.0098238   -1205.4473513
52.1440704   863.1514924   -1202.2400386
51.7269636   863.5089461   -1201.0440528
57.4407905   866.6259559   -1204.2219814
59.7636566   868.6710325   -1204.3277388
54.6672664   864.3477766   -1203.9289268
63.8875465   869.721816   -1206.847591
62.267988   869.2439951   -1206.324996
68.4825975   870.8920364   -1207.0016364
59.7372251   867.751739   -1205.7180236
61.2539516   868.2836421   -1206.7167439
58.485976   866.8789357   -1205.3850746
56.8823727   865.4497016   -1205.40202
67.0672963   870.4127245   -1207.2615176
69.8239004   870.8279561   -1207.9158419
52.9776182   862.8119797   -1204.1009377
55.7618391   864.9268678   -1204.5970251
68.1622726   869.9692247   -1208.5767968
57.8705019   866.2381968   -1205.5430848
62.7569676   868.4061301   -1207.9723744
64.5171225   868.8224225   -1208.6423841
65.9595315   869.6622407   -1208.0537232
60.2729334   867.1298734   -1207.3490377
70.9385024   870.7038131   -1209.1669993
69.615293   870.3070993   -1208.9113922
58.6379453   866.1694792   -1206.7578858
55.6522874   864.285734   -1205.5784959
54.3312076   863.1569554   -1205.5628605
61.4493971   867.5540515   -1208.0192375
72.5088776   870.6904506   -1210.631019
56.9425366   864.4620493   -1207.2353664
65.775119   868.8925318   -1209.2750425
66.8612021   869.2000599   -1209.2978292
61.995265   867.0973621   -1209.2605964
59.6915451   866.3155434   -1207.9257935
69.5166551   869.74982   -1209.9952446
60.5974027   866.5896507   -1208.563774
70.8857041   870.1597111   -1210.3257336
53.0904495   861.8506073   -1205.9744331
52.0817455   861.4702456   -1205.1178931
67.9109381   869.1680511   -1209.9837955
63.7008632   867.6216314   -1209.9657383
65.134516   868.2977006   -1209.9073046
58.9613052   865.276615   -1208.7034231
55.3787518   863.3798606   -1206.7926255
66.5601289   868.4932524   -1210.4748051
73.8929282   870.6697343   -1212.3993993
68.4067152   868.7019573   -1211.4331794
70.5524505   869.5233563   -1211.5117321
57.2881349   863.91605   -1208.7813079
54.26325   862.2145312   -1207.1511137
55.7039419   862.767729   -1208.4409698
72.0861561   869.7389751   -1212.4976412
65.1983281   867.597254   -1211.2046582
60.699233   865.8756548   -1209.850582
62.2631156   866.2145512   -1210.9890998
59.4559553   864.8212749   -1210.2315971
58.0136026   863.8548023   -1210.0767552
63.8307099   866.6674951   -1211.7329054
74.7031255   870.5523933   -1214.1504905
56.7680452   863.1076247   -1209.5545871
54.215296   861.4274211   -1208.4898485
60.547731   865.013741   -1211.270082
66.6874807   867.7585347   -1212.1059649
54.8426018   861.4437835   -1209.5098077
69.5645026   868.580801   -1212.8416373
70.8705506   869.0736339   -1212.8688986
72.9079016   869.6141537   -1214.1151534
71.5919277   869.1046088   -1213.6277691
55.935481   862.1325121   -1210.1041496
59.0277389   863.986735   -1211.3611575
62.8952331   865.9572963   -1212.1173605
68.0026934   867.8688514   -1213.0820208
65.2289911   866.7391736   -1212.978441
66.7265858   867.2085182   -1213.4404683
73.9387512   869.7638419   -1215.4384464
75.5189453   870.4601871   -1216.082554
70.4575671   868.5475051   -1213.9739358
61.8479249   865.1116205   -1212.6450503
56.9523886   862.7796651   -1210.587783
57.7572263   862.9696568   -1211.6279858
63.5114524   865.8226117   -1213.0720387
69.0625349   867.8712132   -1214.2573008
71.4940548   868.7122727   -1214.8433363
67.5960394   867.1835179   -1214.4905566
60.013343   864.0452676   -1212.6337646
66.1309639   866.5098458   -1214.5667622
70.1547292   867.9487085   -1215.4143402
58.6897242   863.2400349   -1212.5841723
56.4370021   861.7789789   -1211.8154853
77.017845   870.8688077   -1217.725174
72.5407997   868.8964839   -1216.0189343
73.9645204   869.3749461   -1217.0232638
71.2341732   868.2749368   -1216.0152604
60.9899036   863.9248277   -1214.2408095
64.4473712   865.6271842   -1214.693186
62.7081672   864.8634759   -1214.2533612
75.2989171   869.7819222   -1218.4483555
68.6179805   867.1737628   -1215.8234486
57.7555617   862.14143   -1213.6080099
67.0839534   866.5065349   -1215.8369484
59.2972859   863.0997902   -1213.8711172
65.7068872   865.8080042   -1215.9746729
62.1236785   864.1333395   -1215.2927966
70.5313095   867.7853295   -1216.5340153
71.4469327   868.0326907   -1217.2670547
72.7574938   868.6108908   -1217.5406795
69.6790025   867.41386   -1216.511704
64.4887922   865.0493728   -1216.3585316
56.4459748   861.0551112   -1213.4600698
63.2985732   864.6411882   -1215.6665577
73.6846251   868.822227   -1218.7811691
59.9227827   862.9037128   -1215.3237813
58.7815726   862.3547932   -1214.9738737
66.6590232   865.8960782   -1217.2149236
65.445708   865.299348   -1217.1851434
67.8520611   866.5101111   -1216.9767387
76.8601353   870.2936607   -1219.9411735
61.1978988   863.4223436   -1215.8631883
72.1510926   868.054694   -1218.679323
70.1568221   867.3900895   -1217.4589826
62.4339678   863.8804683   -1216.577229
68.9656063   866.897291   -1217.3238406
74.6399144   869.1976065   -1219.4342999
63.5419415   864.3631502   -1216.9224914
57.9868532   861.5661272   -1215.4772744
75.3635713   869.4376076   -1220.1935812
78.2853322   870.7342645   -1220.8643389
70.7815206   867.4084418   -1218.6360085
59.0666784   861.8951204   -1216.5591929
67.9936737   866.139062   -1218.6837229
60.3563961   862.6890646   -1216.5944305
64.4747748   864.623909   -1217.7583978
72.789237   868.0574832   -1220.0737813
69.5566175   866.8837599   -1218.4606164
65.9299904   865.1595823   -1218.6373025
74.1748752   868.7424416   -1220.2895436
61.4335204   863.0523252   -1217.4072182
63.0033228   863.6763836   -1218.3249709
77.3973489   870.0364736   -1221.7734028
71.4740017   867.481108   -1219.7723003
79.0752045   870.4400925   -1222.4636757
76.174819   869.6198162   -1221.2648199
66.9442727   865.3647098   -1219.9801304
75.0456523   868.891132   -1221.5756905
69.932544   866.6913226   -1220.1501405
71.7530776   867.258938   -1221.2952531
64.4755648   864.2656572   -1219.2002507
68.2037804   865.8112187   -1220.6910656
60.1862515   862.1370511   -1217.9792483
76.2943272   869.2169059   -1222.54605
73.5562865   868.0683433   -1221.584337
58.8358925   861.0598807   -1218.4941391
61.4309766   862.5278226   -1219.2970076
80.3829238   870.2704967   -1223.9235798
65.5898859   864.5865295   -1220.4943668
77.745638   869.5294013   -1223.2754669
63.5756582   863.6601486   -1219.7185803
70.4675679   866.5703065   -1221.7696304
72.8377508   867.3400103   -1222.8821212
64.3137175   863.9235384   -1220.3520119
67.0062923   865.1262262   -1221.4014924
62.6825653   863.1158686   -1219.8732494
59.97159   861.5353295   -1219.6340957
74.819408   868.1454536   -1223.3087344
76.5879312   868.7568178   -1223.8364484
69.2906271   866.0591907   -1221.8203738
65.9192854   864.4448947   -1222.2788242
71.2914965   866.6825105   -1222.7772101
78.9991286   869.6779006   -1223.9463974
63.4056878   863.3210854   -1220.8488496
68.1395261   865.5217365   -1222.0692102
64.5420853   863.8235756   -1221.6285262
70.1077278   866.197403   -1222.7447617
78.010447   868.8373359   -1224.8950591
81.1962116   869.9667252   -1225.5138051
82.4931665   870.7862266   -1225.2741377
67.3551213   865.0194851   -1222.9777829
75.958425   867.9311854   -1225.1302104
74.6755815   867.5992321   -1224.5896471
62.0009696   862.448099   -1221.2535762
68.9756869   865.6053712   -1223.3821381
72.0598056   866.6601067   -1224.0404372
82.7789453   870.5938409   -1226.5409475
64.7006851   863.6452018   -1223.4057468
70.5607024   866.0983681   -1223.9001505
79.6438912   869.4308311   -1224.9759292
60.7305785   861.7792359   -1220.7250384
73.5826121   867.2331621   -1224.2863554
63.3152801   863.0252714   -1222.4055368
59.8113484   861.131461   -1220.9964309
77.4745286   867.9733828   -1226.5584189
66.3303177   864.4066397   -1224.0289835
74.3046004   867.0652749   -1225.671831
79.4355076   868.7741738   -1226.4638425
61.9872524   862.1616833   -1223.2324655
72.7727406   866.5704746   -1225.2806837
71.326575   866.050757   -1225.1516314
81.184646   869.3605448   -1227.2468317
83.8090678   870.9011067   -1227.9743959
60.4198516   861.3002955   -1222.4608179
67.8898643   864.9445119   -1224.6880274
82.4584673   869.8437263   -1228.2200599
69.6647277   865.4295321   -1225.2678263
72.0898878   866.0026807   -1226.281088
63.2397074   862.7572544   -1224.0639989
73.2521415   866.4256703   -1226.340714
65.3333432   863.8404321   -1225.1168847
75.689879   867.1387506   -1227.1172308
64.136406   863.2227646   -1224.8280559
83.3991608   870.2164888   -1229.1051644
70.8624626   865.5900689   -1226.1958968
78.4674477   867.9430018   -1227.8809566
79.9253082   868.4431522   -1228.2096302
81.212276   868.9520955   -1228.695027
66.805129   864.3918543   -1225.7501987
60.8889311   861.4239387   -1224.2379374
74.1303282   866.5530198   -1227.0473812
77.1616616   867.430475   -1227.9030031
69.8969943   865.0615436   -1227.0297724
68.3246412   864.7496792   -1226.4176892
72.9353935   865.9561994   -1227.5079499
62.0426901   862.0206492   -1224.9625565
63.1257534   862.6271654   -1225.884831
82.2266493   869.2154377   -1229.937152
71.4240694   865.4742857   -1227.327066
64.448697   863.3493058   -1226.2112735
65.8634538   863.9227922   -1226.7182403
74.4447048   866.1878909   -1228.6432101
84.9955566   870.8723779   -1230.492246
83.8341812   870.1619262   -1230.2279135
76.3243073   866.8381169   -1228.8921561
79.0048927   867.8270225   -1229.0877506
77.7915575   867.3417183   -1229.0957816
67.2347102   864.3014647   -1227.1361872
80.2752996   868.1932019   -1230.0412322
65.1033609   863.482195   -1227.8047844
63.7926458   862.9653058   -1227.2972687
60.876606   861.3299802   -1225.7770466
68.5036193   864.3530291   -1228.337207
70.7294766   864.8792552   -1228.7287231
73.1002724   865.6706623   -1228.6794308
72.1263793   865.4309983   -1228.3641757
84.5173481   870.2828943   -1231.3243107
61.8870309   861.9037388   -1226.4075172
66.6973037   863.9422991   -1228.1295895
81.3233821   868.4972358   -1230.7567054
83.2589687   869.4840167   -1231.3264998
78.5838945   867.3749462   -1230.2711865
62.517656   862.2562544   -1227.7152461
73.5439732   865.6386247   -1229.3752993
75.6150474   866.240301   -1230.0588477
77.1548067   866.7175466   -1230.5622268
64.0644806   862.8905157   -1228.949316
67.361711   863.8867354   -1229.0812337
60.7126815   861.2304244   -1227.4226839
72.4850873   865.2071368   -1229.6588776
82.028171   868.7641142   -1231.261897
84.3762418   869.7710852   -1232.8022381
85.9212663   870.3414142   -1233.5090241
69.5908953   864.2383524   -1229.8760514
87.4133023   870.8368589   -1233.7292538
74.145697   865.5319533   -1230.6190877
80.8290613   868.040545   -1231.8543569
79.1371838   867.3172005   -1231.5612489
66.0437534   863.4477601   -1229.4561887
82.5450974   868.8102487   -1232.5459718
71.1032033   864.4428145   -1230.7914287
67.8691018   863.6730166   -1230.3036793
78.1291191   866.9376128   -1231.2821042
75.9020946   865.9430592   -1231.6043028
62.675758   862.2559243   -1229.1404721
61.3534328   861.5474887   -1228.9118429
72.6759345   864.873712   -1231.121482
83.4181942   869.0906294   -1233.3683757
89.0034213   870.7871259   -1234.6480127
66.1891089   863.1154203   -1230.8784232
85.2747622   869.6916996   -1234.2880695
81.2174216   867.824136   -1233.7237989
82.6879426   868.5710727   -1233.787362
63.2859696   862.3575901   -1230.3038229
62.0189834   861.7913288   -1230.0296471
69.4414546   863.7669302   -1231.420293
87.6883653   870.3075059   -1234.9511201
77.624027   866.372295   -1232.7107259
83.9742725   868.8820783   -1234.6150122
79.482409   867.1005688   -1233.2153208
64.747395   862.7939486   -1230.6544515
86.5916805   869.9991556   -1234.8251157
68.1465058   863.2862161   -1231.863564
73.5571204   864.8637913   -1232.3302346
72.0816236   864.3268602   -1232.3881057
89.7853724   870.1532223   -1236.1201015
91.0902367   870.4732911   -1236.2939438
74.8382889   865.3393452   -1232.3025287
75.8854626   865.4648495   -1233.3719608
66.965847   863.0777598   -1231.607964
70.5588878   863.7627364   -1232.6138688
85.8101362   869.1552904   -1235.7740664
62.3604464   861.7298822   -1231.2666454
63.7337179   862.2581611   -1231.5148196
87.9023608   869.6074553   -1236.2508468
79.9365063   866.8937009   -1234.7995931
78.4872954   866.2347147   -1234.7150765
82.3189778   867.9623511   -1234.9128628
65.2958803   862.483294   -1232.2750918
74.5647872   864.8825427   -1233.6070804
68.8222742   863.0743733   -1233.1851815
73.0212904   864.2261828   -1233.9557411
67.1492296   862.7471969   -1232.8288378
84.6725498   868.493267   -1236.074736
83.3610528   867.6619875   -1236.446729
81.1056688   867.340485   -1235.0956796
71.5141061   863.7755475   -1233.6874921
63.1577448   861.6965591   -1232.8292245
76.8669226   865.3118648   -1235.3165133
61.5021124   861.128002   -1232.0855684
81.8094338   867.2724046   -1235.9549281
70.1833305   863.1682846   -1234.3002713
93.3996836   870.7437945   -1237.9432549
91.7222654   870.1700321   -1237.5789277
75.4742986   864.9337099   -1234.6828916
74.36107   864.4134647   -1235.0352534
85.6859488   868.3802309   -1237.0782698
89.3313608   869.3817598   -1237.3798523
79.2933266   866.1560885   -1236.046211
84.6739742   867.9419151   -1237.0186696
73.1999745   863.8606611   -1235.5327642
90.4391331   869.815526   -1237.2046965
86.8861581   868.7495598   -1237.2489902
66.0884708   862.1503306   -1233.9515391
64.6327639   861.8450382   -1233.926054
67.450717   862.4239107   -1234.0874137
80.6319506   866.7115922   -1236.0755186
78.1649662   865.6099963   -1236.1863116
71.6863538   863.3990387   -1235.3003064
94.2888224   870.391732   -1239.4710818
88.3400918   868.6426452   -1238.2837461
63.6294365   861.5573782   -1234.0536317
81.8676615   866.6363878   -1237.1693203
85.3902377   867.586622   -1238.1772886
86.7731878   867.937618   -1238.6087482
68.4509955   862.393999   -1235.1277303
90.3243253   869.1395291   -1238.5944596
62.4901046   861.0368871   -1234.4165686
80.3006866   865.9646419   -1237.2961455
84.3326249   867.2831271   -1237.8326128
83.3619573   866.585557   -1238.2852049
92.4236253   869.5371273   -1239.5393823
75.41513   864.5321235   -1236.0090561
74.1669779   863.9344176   -1236.4870279
65.3826505   861.5746628   -1235.2985437
66.7528957   861.8829782   -1235.2757994
72.6634222   863.2555733   -1237.029678
63.9948815   861.270082   -1235.2733837
70.0397716   862.6653554   -1235.9714481
78.9210308   865.528455   -1237.1389154
77.6446293   864.8506563   -1237.4894143
88.0184123   867.8589351   -1239.5759579
76.2188341   864.4937347   -1237.0399334
94.8082609   870.1192553   -1240.4400458
75.1737748   864.0305455   -1237.3009116
93.9094044   869.6789441   -1240.4151829
71.2028128   862.8214139   -1236.8398736
74.1045673   863.4235537   -1238.0153875
89.3195881   868.2138775   -1239.7575943
81.8177095   865.6707384   -1238.7942624
67.4128698   861.7532735   -1236.2922602
68.6657231   861.9922535   -1236.803743
79.5417901   865.0230156   -1238.5098144
66.1607406   861.2763142   -1236.7985995
84.780492   866.7190105   -1239.1687301
90.8388685   868.5504963   -1240.2249852
64.8526131   861.0553012   -1236.5460886
91.8879091   868.7422666   -1240.7319816
70.0996763   862.2333737   -1237.6317547
85.9588531   867.1097724   -1239.4712911
93.0481602   868.902215   -1241.4330455
87.1048365   867.1067147   -1240.372164
94.9443039   869.6857144   -1241.6164191
71.5465446   862.4903916   -1238.3523558
77.930355   864.2229822   -1239.0417618
88.5931803   867.4572218   -1240.7801444
89.8674229   867.8226312   -1240.9825125
96.4989243   870.5261046   -1242.3994637
83.7829629   865.8502942   -1239.9146934
67.4750779   861.4625086   -1237.3872937
80.8637416   864.6652844   -1239.9569143
85.5637133   866.2236468   -1240.7886612
72.8479504   862.7833586   -1238.7195453
75.9560395   863.7365693   -1238.7463093
68.626989   861.4939593   -1238.500391
82.5870844   865.0022194   -1240.5716986
94.24369   868.7728719   -1242.7349786
79.0913779   864.0532871   -1240.0486498
87.9207158   866.8186086   -1241.5889158
91.2395587   868.0002504   -1241.7578901
77.263216   863.3730067   -1240.3671669
66.8402467   860.961747   -1238.4150722
95.7390049   869.3779138   -1243.475445
89.3392556   866.9824264   -1242.4082759
97.1672168   870.6164828   -1243.7828701
73.9981947   862.775095   -1239.6723093
80.1538434   863.8023368   -1241.197686
70.3367915   861.7617707   -1239.3991065
84.2255419   865.2407353   -1241.5709366
86.8654272   866.3511881   -1241.6875374
81.5703292   864.2277134   -1241.364557
75.4149406   862.7218883   -1240.6996416
92.6776852   867.905803   -1243.2876697
68.963522   860.9943007   -1240.2650862
97.737419   870.7967709   -1244.9401247
96.7688357   869.8011905   -1244.6270003
72.0984598   861.9326008   -1240.4049097
87.6853166   866.2159152   -1242.6883605
73.8006359   862.0307346   -1241.3132312
78.5123992   863.0857275   -1241.6745498
94.4000933   868.2287919   -1244.138207
86.0024242   865.4478565   -1242.8561595
82.8797506   864.3425967   -1242.302502
80.9441291   863.5640602   -1242.3183852
90.9555195   867.2148865   -1243.3157191
84.3814006   864.6693428   -1243.0104305
76.6499233   862.4157038   -1242.0454122
95.8946806   868.7144704   -1245.2920209
81.8196369   863.8941641   -1242.3632892
97.4015935   869.9655772   -1245.8309117
88.5177214   866.1017101   -1243.7172899
70.285472   861.0528142   -1241.240728
79.7733429   863.1438552   -1242.3537761
87.4145099   865.616327   -1243.8355617
75.0083949   862.0039061   -1242.0509677
93.1857191   867.3364751   -1245.0045463
94.4813337   867.6751163   -1245.4728337
83.5536502   863.8856073   -1244.0407968
72.6575787   861.4008502   -1242.0922887
89.8724081   866.3092449   -1244.4616217
91.6318555   866.8835568   -1244.6767021
81.874524   863.4342846   -1243.5176017
98.1096948   870.2451085   -1246.9192815
97.0787255   869.0730976   -1246.838063
77.7872993   862.4218257   -1242.6605678
71.3883455   860.9408646   -1242.3508927
95.4156199   867.6592692   -1246.8322792
85.1341695   864.4176998   -1244.3903853
88.2413474   865.4023563   -1245.1625081
78.8230128   862.4431208   -1243.2937693
86.621117   864.9114834   -1244.748274
77.2019734   861.8126446   -1243.6908041
73.8287108   861.2861608   -1243.0113522
80.3654325   862.872006   -1243.4613298
75.524098   861.5563771   -1243.312673
98.3182895   869.7660221   -1248.2204796
93.6859709   866.8794686   -1246.474422
92.246677   866.4936138   -1246.0875383
90.83598   866.04992   -1245.9263049
89.5482025   865.5691203   -1245.9695156
80.9671516   862.5108096   -1244.8855431
82.5805903   862.9660553   -1245.2765231
79.6727129   862.2011888   -1244.4970416
96.8907513   868.2732271   -1247.8937685
84.3405557   863.4347212   -1245.914567
98.9887394   870.0102172   -1249.6096715
87.1103873   864.4566566   -1246.4085618
78.3812807   861.6790714   -1244.7907868
95.7495888   867.1646765   -1248.1784053
85.807523   864.1209235   -1245.8200944
91.4948232   865.8251308   -1246.9713485
77.2909535   861.3071149   -1244.9190962
88.6005104   864.8542188   -1246.9164608
92.6371791   865.9863566   -1247.4832917
94.2544888   866.3370897   -1248.1765674
97.6716439   868.4186864   -1248.9302699
76.0482252   860.9734834   -1244.9422805
90.2165593   865.2436522   -1247.3025181
96.7002674   867.428692   -1249.0137575
98.3833415   868.8065692   -1249.8236428
79.688793   861.5696321   -1246.0718568
85.8140221   863.3696828   -1247.6390992
99.4173937   870.4532299   -1250.7588608
98.9955794   869.203051   -1251.0697062
91.5040863   865.3570619   -1247.9692786
97.5702987   867.6623437   -1250.091
83.096034   862.4807103   -1246.8777067
81.5419064   862.0375581   -1246.5074137
99.599699   870.1302258   -1252.5054638
87.5711426   864.0174499   -1248.0192066
84.2951273   862.7446873   -1247.4493319
92.5515675   865.0756999   -1249.2096332
89.0318998   864.3925383   -1248.3782719
95.5479257   866.3252496   -1249.5369789
90.613982   864.6557116   -1248.8030771
96.693552   866.8136047   -1250.1427168
94.2125172   865.4862668   -1249.7318706
83.5162253   862.0577953   -1248.2143262
82.2409368   861.6667413   -1247.9697282
84.6643617   862.3681764   -1248.6666611
98.232962   867.844845   -1251.3288758
97.301373   866.7778864   -1251.360753
86.9296431   863.1972412   -1249.2193591
88.097588   863.6840374   -1249.2101168
89.3791027   863.7816342   -1249.7285545
96.2119523   865.9766133   -1251.0413656
98.914825   868.3903369   -1252.5687048
99.8271887   870.3779522   -1254.1266341
80.6014534   861.0776966   -1247.9980649
85.7959224   862.5201558   -1249.4957802
91.1367407   864.0396904   -1250.1643224
93.6042293   864.5142674   -1250.9048942
95.0380772   865.2923611   -1250.86427
92.3603026   864.2812665   -1250.4520378
82.8906613   861.4037734   -1249.1682584
81.7598208   861.0317127   -1249.0852729
83.8709617   861.7675565   -1249.2149632
97.8633612   866.7704265   -1252.8982495
99.3465501   868.820605   -1254.0035028
87.8106578   862.8594842   -1250.4296465
89.8090212   862.8665295   -1251.3827816
84.6878653   861.7718741   -1249.9868277
96.6821289   865.7057285   -1252.4858809
95.7185239   865.1228185   -1252.0014127
86.6426294   862.6043921   -1250.1333775
94.8020859   864.5333378   -1251.9880221
98.5865392   867.3563976   -1254.1016905
92.1218116   863.495332   -1251.5709948
83.586953   861.2908202   -1250.0456877
86.0865979   861.8225728   -1251.0860216
99.5871753   869.3362838   -1255.5441548
93.8897277   863.6955467   -1252.4772792
95.4977081   864.3263167   -1253.4875337
96.9468382   865.3820801   -1254.0338496
84.1181186   860.9275521   -1251.3682191
91.1324614   862.2806563   -1252.9050988
99.6820125   870.27042   -1257.2685277
98.9875104   867.8393696   -1255.4866778
87.814375   861.8719531   -1252.0499038
97.7800972   866.1533003   -1254.4581737
92.7595776   862.836971   -1252.8600899
86.47443   861.1726398   -1252.6005318
99.1884729   868.4125019   -1257.2824908
98.2476658   866.5518886   -1255.4941301
89.2155136   861.5535289   -1253.2522543
93.9120637   862.9638825   -1253.9179445
98.6947287   867.1633335   -1256.6217643
99.4436842   870.3446347   -1258.9891342
97.3831412   865.4190121   -1255.5176596
92.2991518   862.0118877   -1253.9649932
96.3268022   864.4274809   -1255.2613511
97.9740115   865.939391   -1256.7064756
95.1086018   863.3732237   -1255.3099805
99.2571306   869.2001684   -1258.6825881
99.2674397   870.7791569   -1260.2508706
90.584566   860.963946   -1254.7849069
98.4411274   866.6791453   -1258.0079485
93.403041   861.8803552   -1255.8872928
96.8393027   864.5136253   -1256.84751
95.9561992   863.8280976   -1256.192712
99.0592703   869.4638846   -1260.0564902
98.7591481   867.8907945   -1259.3004135
91.9931551   861.3548611   -1254.907552
97.5752537   865.1309101   -1258.1043224
98.8135611   869.9520517   -1261.8461334
97.9385386   865.6526269   -1258.8956722
95.4247757   863.1235308   -1257.1826669
98.6462174   868.5060534   -1260.9509317
98.1242234   866.2452282   -1259.995608
98.3558656   867.3353185   -1260.7666743
94.2861945   861.9359046   -1257.9081784
96.5790344   863.8186079   -1258.7160218
97.3802494   864.6479185   -1260.0973177
95.2903646   862.50074   -1259.0749011
98.2807688   867.9328331   -1262.6444181
93.2397217   861.032634   -1257.8560798
98.3637105   869.6014284   -1264.0327528
98.0137034   866.4722025   -1261.746752
97.5961661   865.1575878   -1262.0816306
96.3707798   863.2441724   -1260.3813545
93.7659701   861.0391537   -1259.3349869
97.9322576   870.2516835   -1265.6656063
97.7853341   866.0871095   -1263.5760669
95.0121385   861.8565192   -1260.4462313
98.0282676   867.1861675   -1263.8723921
98.086468   867.9890032   -1264.5654783
96.9427847   863.7495297   -1262.1698616
95.948937   862.4877244   -1261.5688651
98.019473   868.8634671   -1265.4498963
97.3462704   870.4066164   -1267.0482845
97.7979859   866.7088468   -1265.0767716
97.6782524   869.1557691   -1266.5989709
94.8642684   861.3514162   -1261.5228913
97.257203   864.4239913   -1263.9562422
97.4139592   865.2290144   -1265.3464467
97.786777   867.7955331   -1266.0721594
96.2391692   862.5764488   -1262.7545913
95.3477809   861.5000163   -1262.6285182
96.6390829   863.1028862   -1263.9553797
96.9145284   869.6957988   -1268.1599797
97.3627968   868.1485713   -1267.5534739
97.4011453   866.3787951   -1267.0074482
95.7419124   861.7048663   -1263.9226081
93.5832697   870.638693   -1270.2447435
95.4845253   869.6185802   -1270.0117926
96.6416524   868.521377   -1269.2632608
96.138558   862.2102626   -1265.2199411
96.859598   863.6415215   -1265.4136297
97.0044707   866.9237497   -1268.7659804
97.0571484   864.6040368   -1266.8179086
96.4590915   862.9582437   -1266.7961859
96.6601942   867.2983315   -1269.8119762
94.3520342   869.4251729   -1271.069488
92.1391974   870.4553467   -1271.1985373
96.8959051   865.1672855   -1268.6892278
96.7722892   864.0352627   -1267.8134027
93.2910514   869.2358514   -1271.8782288
96.0985311   867.5713602   -1270.8007132
91.4767275   869.701793   -1272.3244343
95.7789915   861.5809009   -1266.4213919
89.9924231   870.1114462   -1272.5545559
94.9596562   868.0715803   -1271.8920517
87.1676705   870.4099192   -1273.3808882
96.5225829   865.8123329   -1270.4166728
96.3114754   862.8929855   -1268.2825729
95.9067782   861.8825848   -1267.6020496
96.5857249   863.904726   -1268.9924107
90.5220334   868.9879351   -1273.5295954
88.8733944   869.6912001   -1273.4516792
86.1278634   869.6071017   -1274.5729925
96.3759713   863.992834   -1270.3129991
81.2268443   870.6309505   -1275.3622438
94.0059955   867.933453   -1272.9626926
96.0357467   862.638554   -1269.7193424
95.5682653   861.3895918   -1268.6934583
92.3984692   868.2878942   -1273.450457
87.6834517   869.0262938   -1274.5745277
95.7906575   866.0685552   -1272.2023102
96.0178441   864.2304575   -1271.9380348
84.5034069   869.842051   -1274.9382662
82.8419147   870.155416   -1275.2232225
94.9095831   866.5526599   -1273.3548411
89.2845498   868.4792639   -1274.5594724
93.7000207   867.046565   -1274.1272728
80.3751612   870.2756467   -1275.6891407
86.6579717   868.7877446   -1275.1618916
80.7475583   869.8840471   -1275.8384683
76.1600654   870.4863189   -1275.9474628
88.3593959   868.201825   -1275.166265
77.7878621   869.87715   -1276.0305238
91.099831   867.5891816   -1274.8176062
79.830543   869.4911065   -1276.1045737
85.5040697   868.5253659   -1275.7278969
81.5196589   869.0379538   -1276.1753507
92.5282315   867.3308473   -1274.5001302
95.6976613   862.4902727   -1271.4616462
73.845437   869.8765076   -1276.6518669
87.2958666   867.9444831   -1275.735606
89.1622631   867.3231974   -1275.7937768
75.6748239   869.1207308   -1276.5555951
95.4423812   864.6984467   -1273.502289
83.5663969   868.7943063   -1275.9759906
77.2360854   868.3316677   -1276.7040932
95.0543766   861.0295889   -1271.671313
72.7719678   869.5297889   -1277.0636956
71.6567599   869.5628555   -1277.4523805
80.0155933   868.0310854   -1276.8341365
95.4806148   863.0651621   -1273.2719326
92.8237419   866.3237274   -1275.4239757
94.5326435   865.3441274   -1274.7061333
78.5539297   868.3092886   -1276.6905828
82.6399881   867.6486392   -1276.9160496
84.340905   867.5282204   -1276.7860747
85.9797723   867.1218974   -1276.8070768
74.0311833   868.4109428   -1277.1532872
75.2854319   867.9735147   -1277.0699045
70.4294827   869.3107274   -1277.9969297
68.091953   870.6586014   -1278.7512071
72.360134   867.8589654   -1277.8117368
90.9454946   866.3441818   -1276.2453159
95.1391087   861.6661892   -1273.0167463
67.0968932   870.7821679   -1279.0727366
76.300923   867.2940862   -1277.2599941
77.6125159   867.317715   -1277.1677488
68.8149229   868.8470643   -1278.6601417
78.7643507   867.0356323   -1277.3465878
87.7091335   866.5962736   -1276.9164487
48.1644231   870.7007068   -1279.496941
60.0456131   870.8812898   -1280.4676796
93.6801144   865.0467597   -1275.9666873
81.2172007   867.5823081   -1277.063982
80.1556295   866.7718838   -1277.5513874
95.0798859   863.7116161   -1274.5325301
70.9834039   867.8010316   -1278.1954656
94.8142094   862.0978899   -1274.9513885
74.9167967   866.9517801   -1277.6259729
84.8334801   866.4488725   -1277.5569894
83.4258077   866.4961725   -1277.6416472
49.4296859   869.5888219   -1280.1738933
48.1270976   869.19301   -1279.3723014
46.9340586   869.9817015   -1278.3535276
67.0494766   869.5016995   -1279.137851
56.8794579   870.8799771   -1280.9125508
68.2536486   865.0593991   -1279.6457562
73.6071205   866.8441079   -1277.9545085
94.4174404   863.8340107   -1275.732682
89.4203588   866.0615303   -1277.0615628
62.7359633   869.928324   -1280.0376876
81.7097696   866.3716252   -1277.7961183
77.2987829   865.8210766   -1277.9698267
61.3388806   870.0303852   -1280.278347
65.3418639   869.3887064   -1279.5592817
92.2483124   865.3043543   -1276.7988122
52.1409999   870.4066616   -1280.9942016
67.4901524   867.9681963   -1279.1499892
63.789784   868.8940503   -1279.8866419
59.1720503   869.5146538   -1280.6694848
60.2796632   869.6661786   -1280.4858753
86.1672145   865.5972805   -1278.1119247
48.6105099   867.4472568   -1279.5560993
47.5581295   868.0319667   -1278.7811907
66.3094152   868.2804829   -1279.4033334
90.7566735   865.4790606   -1277.3273075
65.0760856   867.7662001   -1279.6864962
55.2100718   870.4318561   -1281.0468195
79.005305   866.0008619   -1277.9436708
53.5532992   870.1938915   -1281.0801803
93.0076624   863.7588292   -1277.4175363
84.2424163   865.3857039   -1278.438447
82.7770059   865.5312215   -1278.3470378
57.8229127   869.8652869   -1280.8353704
69.8806543   866.1043091   -1279.0405069
71.3926099   866.1896068   -1278.7383659
74.096062   865.3820316   -1278.5515133
75.7252363   865.9567816   -1277.9851484
62.3177043   868.3780367   -1280.181557
80.1818531   865.5120825   -1278.2947994
51.028592   868.9710801   -1280.7153646
88.226553   865.4237068   -1278.0102608
68.3196866   866.7686296   -1279.1352521
56.5075802   868.9724962   -1280.9503514
66.5307978   867.0067252   -1279.4555571
89.7175223   865.1779798   -1277.9596986
72.6627516   866.0263556   -1278.5518165
60.5424719   868.0905961   -1280.5147359
54.5052185   868.6898856   -1281.0173572
63.6460888   867.0843949   -1279.9965399
91.0728616   864.4503172   -1278.1173442
49.9273319   867.2456444   -1280.2499518
52.6411753   868.4518696   -1280.9560421
93.9364332   862.1155579   -1277.0926734
78.6350332   864.7400839   -1278.6275151
75.4532806   864.4884397   -1278.7489262
81.5459674   864.9216183   -1278.7243932
48.8517239   865.1064378   -1279.4834055
47.6457906   866.3341579   -1278.6411099
58.0071753   868.709023   -1280.8367963
85.1487819   864.8989757   -1278.8293426
58.9405213   868.0152869   -1280.746559
94.2635931   860.9046605   -1276.323755
89.1686289   864.3721864   -1278.8024598
65.1295476   866.1434226   -1279.7952283
51.4046218   867.1520675   -1280.7021156
62.1460084   866.2842345   -1280.336137
87.4073009   864.3977443   -1279.0735963
82.966601   864.4165606   -1279.1324163
57.5752742   867.1601102   -1280.8768921
55.5042301   867.1228773   -1280.9520132
66.7086612   865.5434402   -1279.6553007
72.139063   864.5923104   -1279.3305741
52.445824   867.0917828   -1280.8817906
53.6120138   867.0858635   -1280.940394
76.8291465   863.6046533   -1279.1102335
70.6441064   864.9866453   -1279.4116434
47.5838826   861.7201768   -1243.9815705
50.475192   865.6859274   -1280.3444566
80.0758766   864.0598716   -1279.1356453
60.7127353   866.1354727   -1280.59253
59.3456042   866.571184   -1280.7410635
46.381632   867.9334736   -1248.8915035
91.7232716   863.4229574   -1278.5869985
85.8899142   864.2420208   -1279.3396706
63.7904919   865.2870985   -1280.1102196
52.2504471   865.9016591   -1280.7460694
47.4805471   862.146297   -1245.0050307
49.9505308   864.3876379   -1280.0619142
84.4513473   864.0753905   -1279.4887654
81.604083   863.472433   -1279.6364677
65.2567688   864.6298669   -1280.0113424
45.8302015   870.6250236   -1250.4412475
49.2839279   863.2439498   -1279.577133
47.982486   863.4711254   -1278.5190201
47.6550587   864.8697587   -1278.4401945
93.1526483   862.2183916   -1278.227708
46.6655024   866.8670378   -1247.7185507
56.4146797   865.4767163   -1280.8995266
90.3573368   863.0688822   -1279.4256116
58.1854334   865.3120171   -1280.8531415
61.3661649   864.9640696   -1280.5562509
46.1375118   868.8678691   -1250.2522292
51.1270976   864.7408215   -1280.4903977
78.5477219   863.1661192   -1279.4607195
66.6940503   864.0368808   -1280.1130277
54.292425   865.3633876   -1280.8658397
59.9066329   864.7155023   -1280.7524783
47.0892757   864.4627404   -1246.5882226
88.4732947   863.4193352   -1279.7177162
62.6735315   864.1377856   -1280.4325344
52.5572271   864.3050674   -1280.6855509
50.9408866   863.3909252   -1280.3306052
46.8555765   865.3130835   -1247.9349634
83.25133   862.9207611   -1280.1809911
57.2401184   864.1523553   -1280.8969014
92.0932566   862.065725   -1279.1872803
50.1419607   861.8564425   -1279.9296414
47.2873339   862.6401863   -1246.7043199
48.6379337   861.9692261   -1278.9124539
55.6245245   863.7371014   -1280.8735512
58.5151319   863.8441279   -1280.8776587
61.2156657   863.4896918   -1280.6749832
45.9688438   869.5225326   -1251.5903928
86.9226176   862.9177848   -1280.2773666
85.4504036   863.2264388   -1280.1652028
84.543067   862.8781966   -1280.3945016
53.9652713   863.7480425   -1280.7906873
46.6088412   866.1977295   -1249.3563547
65.2434479   863.4310946   -1280.3391203
77.303869   862.1252214   -1279.830724
52.837643   862.4682973   -1280.668794
66.3954226   862.3769942   -1280.7703437
47.0395001   863.6966735   -1248.090538
51.4311662   862.3033223   -1280.4382068
62.339148   862.6016741   -1280.6637684
81.8493834   861.9168927   -1280.5440923
54.4791547   862.7195296   -1280.811578
47.5236197   861.2091665   -1246.0963748
88.7609395   862.0350661   -1280.5997374
55.5945507   862.2042402   -1280.8899014
57.4279253   862.3827301   -1280.9402609
63.9647454   862.5731409   -1280.6280526
46.3717757   867.3781524   -1250.2829898
67.59671   862.5753124   -1280.7696754
59.6897184   862.6078019   -1280.8742472
61.3091534   861.7400181   -1280.8459329
51.6414263   861.1320889   -1280.4665676
45.9760644   869.3326292   -1253.257323
54.4322784   861.4218639   -1280.8455018
67.9842071   861.9372347   -1281.0192515
90.6359422   861.5922859   -1280.2986223
85.503993   861.8453379   -1281.0563909
46.2426215   867.8397787   -1251.8215596
58.9798808   860.9379127   -1281.026292
62.8679406   860.9756789   -1280.943248
84.2313971   861.9679678   -1280.9329846
69.5079133   864.6258471   -1279.7170375
46.8249576   864.5921436   -1249.3496233
83.1477616   861.3721947   -1281.0821469
87.0397755   861.2992482   -1281.3054511
77.6168833   861.0300162   -1280.3693617
76.3993733   860.9356057   -1280.3171024
46.6778591   865.243883   -1250.1880035
70.4479736   861.1371092   -1281.175491
46.5351411   866.0053862   -1251.1027792
47.1940894   862.2287588   -1248.3316457
47.4242366   861.0196664   -1247.5756389
47.0107654   862.950998   -1249.5765274
45.7997423   870.234215   -1255.0792042
46.7898399   864.1311569   -1250.9071967
46.3211462   867.4188726   -1253.668899
46.4681465   866.3469868   -1252.6210331
46.6716369   864.8283446   -1252.5217432
46.1563175   868.5085431   -1254.7758124
68.3374554   863.3381798   -1280.3837646
46.8582891   863.0702798   -1252.4791177
46.594887   865.6535654   -1253.9899736
70.5213432   863.5815116   -1280.0839984
46.9940302   862.2053221   -1251.098963
74.8303739   862.409416   -1279.7870892
45.7762765   870.4635381   -1256.9242942
46.8136088   863.7588526   -1254.0118261
46.1702819   868.75685   -1256.3055497
46.4999495   866.8870986   -1255.5452783
46.996797   861.6206871   -1252.4230922
46.8097893   864.7006903   -1255.5366442
69.8449373   867.6493922   -1278.5553525
46.1716019   869.0252667   -1258.1788358
46.5040368   867.5162357   -1257.1960764
80.0381199   862.2640967   -1280.1025897
46.9697285   861.8719002   -1253.8425791
64.1309348   863.9186804   -1280.2681175
73.6167361   863.5743508   -1279.4993409
46.8415605   865.6714944   -1257.2439384
45.888002   869.7805437   -1260.207776
47.011112   862.4178764   -1255.6478134
46.6341916   867.208945   -1258.5278918
46.3601462   868.3007102   -1259.4961618
47.0261218   863.7385166   -1256.7822089
46.6602455   867.0128734   -1259.9303912
46.3112852   868.0675639   -1260.7722893
47.1232257   863.9936865   -1258.1220543
45.5531272   870.2346747   -1262.1393548
46.9486113   865.631573   -1259.0392022
47.1754666   861.9340338   -1257.6083215
45.9629788   868.7261999   -1261.9618771
47.1246177   860.9636849   -1256.5311205
72.1069308   863.084133   -1280.0544887
45.1292984   870.835344   -1264.0738614
76.0398818   862.0162245   -1279.8289346
47.1344535   864.3168962   -1259.7789249
71.2389094   862.1162584   -1280.6641496
46.5874444   866.8819021   -1261.1433073
46.8811994   865.7589969   -1260.6738778
46.3130652   867.3610634   -1262.1196262
47.2402122   862.9403523   -1258.9004075
45.6372602   869.2526002   -1263.2582302
45.9480973   867.9632487   -1263.3425167
47.2405999   861.6803725   -1259.3087704
46.6619194   866.077472   -1262.0964426
45.492467   868.9908724   -1264.7206152
47.2092097   863.0333824   -1260.4724044
46.991803   864.5855991   -1261.7470972
78.4831326   861.8655005   -1280.0907217
44.9015938   870.5614896   -1266.5659195
46.3401399   866.5410356   -1263.3044363
69.6236206   862.1808947   -1280.8356426
47.156842   861.2759025   -1261.2264729
72.8697227   861.7036962   -1280.5030058
46.6939995   865.3389377   -1263.0711583
45.9179088   867.2858103   -1264.642302
47.118459   863.1135168   -1262.0879378
45.469928   868.1878937   -1266.4037309
75.2695657   861.0822609   -1280.2852899
46.4132422   865.4458145   -1264.4280515
46.888465   864.0605058   -1263.3073476
45.9274555   866.5525319   -1265.7188987
44.8105185   870.3370881   -1268.4149079
45.1159207   869.2074988   -1267.8019812
47.0291223   862.2559531   -1263.2923735
46.7223311   863.5395382   -1264.7491415
46.2166665   864.9196461   -1266.2661515
45.7500874   866.6222364   -1266.9803775
44.6560738   870.6237094   -1269.850859
45.4281083   867.5707016   -1268.399457
46.8525975   861.9101195   -1264.9625426
45.0222075   869.2046437   -1269.2325578
46.9617942   860.9839553   -1264.0080523
46.5442861   862.7794465   -1266.5164827
44.6280005   870.4833985   -1271.4113228
45.866283   865.4958014   -1268.1703123
44.8928205   869.480733   -1270.5138426
46.1963224   864.0055311   -1267.6760064
45.2502299   867.8450642   -1270.4258571
46.727429   861.517897   -1266.0589574
45.6294181   866.0969371   -1269.7074871
44.9593865   868.959797   -1271.7579436
46.0346456   864.2059729   -1268.7625505
44.7577306   869.8949132   -1272.9031132
45.8657658   864.8945876   -1269.3855547
46.2634165   862.7042881   -1268.7882176
46.5838515   861.0245781   -1267.3831345
45.5642108   865.9915861   -1271.2398446
45.2848696   867.349595   -1272.0199244
44.7669472   870.7239714   -1274.2062474
46.0030153   863.9169687   -1269.6788013
45.2110736   867.7935039   -1273.5434382
45.8187857   864.7217692   -1270.4642102
45.0574925   869.2984666   -1274.5012587
46.4214844   861.0296165   -1269.1345991
