-480.3392617   -2292.0765877   -272.4868357
-480.4141251   -2312.6368523   -410.2587998
-481.229159   -2307.3897362   -408.6844325
-481.1408249   -2265.4154301   -375.1415312
-481.5252749   -2232.732296   -329.6938837
-479.6031443   -2252.594471   -277.8997123
-481.0814587   -2256.0448647   -276.9457996
-480.1267115   -2295.9611416   -401.2608826
-480.4523913   -2299.7031212   -403.9177597
-480.199906   -2229.7177315   -293.9479053
-480.0874916   -2240.5250072   -285.3525579
-480.6650607   -2276.7109871   -386.0124946
-481.3877074   -2280.5438042   -390.1182413
-472.5991217   -2293.8337326   -269.3105042
-481.298062   -2273.0629444   -270.9878683
-480.7123867   -2303.0295372   -277.6679099
-481.126639   -2253.0479431   -361.2318337
-481.332275   -2340.2791023   -409.1489315
-479.006621   -2277.1916389   -269.315809
-476.026508   -2278.7065506   -267.6167786
-476.1533467   -2343.5282707   -314.1810894
-480.376455   -2343.5702324   -315.3501451
-475.2956358   -2264.0895844   -269.4535255
-472.2962109   -2278.0642509   -265.5410469
-473.3735052   -2304.7235012   -275.3866613
-474.4004933   -2300.7366657   -273.4644711
-473.1211392   -2308.0136776   -277.4680555
-478.3735005   -2259.9265575   -273.2181847
-473.7553326   -2250.9152889   -274.9409378
-476.9510952   -2250.9419918   -277.0758271
-475.9158818   -2285.5298519   -268.399626
-478.3152071   -2288.6686325   -270.4094052
-476.1416642   -2274.9726772   -267.7292228
-476.074907   -2324.8255253   -292.7787602
-477.4882523   -2329.1220665   -297.5983024
-476.5610424   -2296.1134911   -272.1548676
-476.4501778   -2231.7965031   -327.829957
-475.2523629   -2244.4968224   -347.0881581
-474.6621577   -2221.7547894   -298.8749444
-472.479674   -2349.0407467   -321.6385245
-476.2410847   -2223.1283188   -302.7179241
-473.6964432   -2259.2475414   -270.4789042
-476.4871327   -2254.9250126   -274.5838761
-475.1513926   -2223.0188847   -295.0822413
-474.1215435   -2346.1968899   -317.5208867
-478.7414996   -2340.1813507   -310.4651868
-474.5018212   -2341.8159485   -311.4094138
-474.7076956   -2361.1528873   -366.4648533
-475.9310213   -2224.1687775   -309.1877401
-476.7859904   -2225.3308296   -312.0650351
-475.8856026   -2241.5428162   -343.5585499
-475.7703272   -2351.0191441   -325.776279
-477.661821   -2235.9747887   -335.7889056
-476.9499031   -2357.2692871   -339.093864
-479.0842263   -2316.4002895   -286.3491476
-477.5650231   -2312.6878738   -282.7437818
-477.002236   -2253.7999153   -359.4269156
-478.3190218   -2348.0875492   -321.4511573
-473.7800089   -2289.6900177   -268.3804929
-478.624436   -2355.275631   -334.6123695
-476.9297568   -2302.9997349   -275.8960426
-476.3259617   -2292.0825481   -270.4318464
-476.2609927   -2232.7463627   -286.7581546
-478.8776366   -2299.7934818   -275.0378549
-475.6664959   -2229.0093899   -288.592875
-478.5289494   -2352.8084755   -329.6450377
-477.1586386   -2306.5485954   -278.2002687
-476.6634432   -2237.061739   -284.6328914
-478.0763117   -2345.4983234   -317.4733818
-478.054854   -2224.7481346   -306.7567647
-481.5993039   -2323.4107494   -413.4779274
-480.6732861   -2318.0763721   -412.0672941
-472.4584547   -2315.2632713   -282.746762
-471.6514079   -2254.6162605   -271.5024948
-472.0643488   -2339.7905827   -308.0880344
-472.1412388   -2222.974062   -311.041981
-472.3853794   -2236.623764   -336.2164497
-472.1102444   -2285.888195   -387.4213398
-472.877833   -2281.0175419   -383.8897943
-477.3435322   -2233.6952686   -331.5299451
-472.2748724   -2261.9621754   -365.3986156
-472.490522   -2255.4085255   -358.6186171
-472.189161   -2290.2345657   -390.89939
-471.9917504   -2302.6916981   -399.2675245
-473.5763995   -2332.6432705   -300.0794947
-471.8067376   -2310.8417988   -403.3142626
-472.2071616   -2243.0713177   -344.5026875
-471.8061415   -2218.8770771   -296.2598205
-472.7680413   -2294.3015099   -394.3291306
-472.3365036   -2330.0759792   -406.6182077
-476.6509262   -2226.8433571   -291.9403017
-473.5878436   -2338.4494781   -404.7499299
-472.5814787   -2315.0029182   -405.3982794
-472.5465504   -2319.8316097   -406.607151
-478.4490792   -2332.7746391   -301.7684221
-473.8591639   -2320.482254   -287.8433764
-471.7523781   -2219.5105553   -292.0613587
-477.1887986   -2241.4155006   -282.6464176
-473.9643065   -2297.7688313   -397.6371884
-474.3209807   -2264.6174431   -369.4227934
-481.221768   -2350.6398201   -326.3254762
-474.4400708   -2275.5379677   -380.1213801
-472.7531401   -2240.6919003   -341.6763842
-473.9136425   -2227.5485992   -319.6993172
-472.7949826   -2228.7843227   -285.2265239
-475.2663103   -2250.4394054   -354.4979095
-473.3890025   -2234.3876362   -332.9007328
-473.2393948   -2221.8949795   -306.0113788
-473.4738795   -2237.7963066   -281.5918922
-473.224136   -2233.4115505   -283.444643
-473.6189572   -2232.7129841   -329.8827112
-474.1644589   -2305.9985638   -402.7242064
-475.4310576   -2226.0241508   -315.2765334
-475.9463993   -2336.1847401   -304.8265576
-474.5796648   -2257.7092648   -362.3366356
-473.9820687   -2242.2707081   -279.7947526
-474.0664688   -2271.6946602   -376.2173653
-474.976751   -2310.5282784   -280.0475061
-475.0259844   -2229.861021   -324.0123987
-473.391029   -2225.3262997   -288.2931828
-475.5291668   -2238.7416363   -339.5977318
-474.820706   -2247.0297813   -277.8683603
-474.1257159   -2247.3013401   -350.1627743
-475.6495682   -2333.75597   -408.0734551
-473.5843865   -2222.96381   -291.0473049
-476.3948647   -2267.3335075   -373.601079
-472.9943005   -2353.6462784   -330.188781
-472.1215693   -2358.1619263   -341.0786092
-475.6306139   -2328.2852173   -409.1565311
-476.6038386   -2322.6337433   -409.8672271
-473.1807438   -2359.5731258   -346.0110426
-471.8750445   -2360.2850437   -370.1716065
-471.9899622   -2359.518528   -373.9586771
-472.1713988   -2361.2058163   -361.5331948
-475.0745026   -2361.2756729   -356.3484848
-472.5419012   -2356.2226295   -335.8256221
-472.6228444   -2353.4326553   -389.4490302
-472.9476897   -2351.3765335   -392.7974999
-476.3687579   -2310.3647232   -406.3952863
-476.5948979   -2300.3139496   -401.2889564
-472.7421729   -2355.7081223   -385.2721155
-472.5614516   -2357.3832512   -381.2193274
-474.6991125   -2347.1951485   -399.0226984
-475.1541344   -2286.365509   -390.1224434
-476.7306773   -2281.7995548   -387.4955177
-475.8777348   -2350.7726192   -395.6287503
-476.5913216   -2289.3903255   -393.6550915
-474.8356072   -2359.1980934   -377.3958087
-476.99711   -2358.767271   -343.4053659
-476.989123   -2259.7329617   -366.0730124
-476.7151801   -2360.7237339   -371.9226718
-478.0510394   -2361.6900444   -361.8499637
-475.2773968   -2360.5697155   -350.6734073
-477.3709504   -2358.20508   -382.3526502
-476.4212099   -2316.4389133   -408.5624814
-476.4750925   -2353.6126614   -391.7431831
-476.7204253   -2355.9129238   -387.5755668
-476.0309187   -2293.7598228   -396.4666128
-477.8487412   -2346.1101055   -402.2432566
-477.4249522   -2359.8201275   -347.1187651
-479.9759118   -2350.0580788   -399.2803991
-476.8085209   -2277.64678   -383.8483095
-480.8958498   -2360.5146408   -376.7163455
-480.3207842   -2361.7482185   -367.1053052
-481.1813561   -2361.6278172   -357.2259843
-478.9792029   -2361.0851765   -353.4457982
-480.4066149   -2360.4338169   -349.8502374
-480.2920548   -2353.4457684   -394.5487142
-480.718228   -2356.0490608   -389.92998
-477.794501   -2338.2675648   -407.7709913
-478.4486023   -2342.5776958   -405.5949152
-474.0117518   -2343.2631493   -402.0370543
-480.6704251   -2357.8159809   -385.7924342
-481.2161652   -2359.349966   -345.7243145
-480.88226   -2357.9058647   -341.3374126
-480.3366391   -2356.7278385   -338.2525146
-481.3059298   -2345.8931446   -318.8703656
-478.0611721   -2229.309082   -321.9118714
-479.1234461   -2228.2691002   -318.70538
-477.250549   -2295.8540916   -398.9058733
-479.8810212   -2320.8863735   -290.4885709
-478.0469862   -2270.2348232   -377.7115345
-477.8369395   -2246.2482452   -350.6039381
-478.6485163   -2304.2304516   -405.1436186
-479.8258273   -2261.9841099   -370.4997003
-477.4108855   -2245.0847626   -280.7203531
-479.4821469   -2273.33498   -381.8500042
-478.4419266   -2256.0741901   -362.9766107
-478.7137238   -2225.260973   -299.5496392
-479.0705172   -2248.9001751   -279.6557248
-478.8384167   -2309.6287251   -281.0323238
-480.2903859   -2230.9746742   -325.3889084
-479.1699377   -2227.0505428   -295.9901392
-478.3655135   -2284.6133709   -391.2097514
-480.0624577   -2242.7179813   -346.9015062
-480.1550833   -2250.4193783   -357.3369384
-479.9625603   -2247.8804588   -353.9210856
-476.786348   -2269.5350647   -268.8443065
-480.058643   -2264.5976543   -272.351414
-480.9810845   -2227.514267   -314.7237301
-479.6771733   -2239.7842407   -342.4702287
-479.8476426   -2237.8292084   -339.3025696
-479.5402018   -2331.1703205   -411.4986658
-479.1303603   -2326.7748356   -411.7576778
-480.39982   -2335.9935284   -410.6592238
-479.4721333   -2231.9791317   -290.6714082
-479.9462286   -2285.0794792   -270.4837024
-478.708717   -2281.2738419   -269.2896128
-473.8268582   -2281.9876671   -266.7081058
-479.7639576   -2226.1927128   -310.4101419
-479.8137871   -2291.4927006   -397.8426456
-481.4556567   -2226.6457081   -304.3281734
-480.1876274   -2236.7310524   -287.8256738
