887.611148   -1443.8612461   -1002.6444197
886.0598179   -1443.8495636   -1010.5981827
886.7237242   -1443.7630177   -1005.4894686
886.6990777   -1444.6684122   -1022.9183435
887.092379   -1468.2524204   -1050.4722595
888.0491229   -1453.8655281   -1043.7911749
885.6101009   -1443.9405203   -1014.6615505
886.4770802   -1479.2746305   -1051.5213013
887.1020945   -1445.622921   -1028.5080671
886.5011307   -1488.5710478   -1051.8829823
884.6654566   -1462.5965357   -1049.4096279
885.7252272   -1446.7579126   -1033.2168341
884.9200877   -1457.6079845   -1047.2851992
884.4026598   -1473.5828638   -1050.9297848
883.4682377   -1448.2258558   -1037.8117561
885.1543935   -1451.5887499   -1042.4170494
885.0076469   -1454.4335604   -1044.9115038
885.1579996   -1494.2516088   -1051.7911911
883.5638436   -1484.3261242   -1051.4971018
884.2381807   -1443.7735081   -1018.9735889
882.9154047   -1444.0971613   -1026.2368917
881.4428421   -1444.7162151   -1030.9286118
880.5784556   -1467.9129124   -1050.0875711
883.010176   -1442.8862333   -1007.4416399
883.5706683   -1442.6282644   -998.863399
881.215808   -1443.1033134   -1022.0496655
881.2485012   -1490.2470112   -1051.3834953
880.5790218   -1479.2861938   -1051.0394573
882.1397694   -1442.9254532   -1012.7270222
882.4126395   -1446.0917711   -1034.4470739
881.9555315   -1443.0626631   -1016.5164471
881.5502497   -1452.4585009   -1044.0666676
879.2009326   -1449.7863054   -1042.0109034
880.6883665   -1454.7501802   -1045.9797382
879.2129429   -1458.0938816   -1047.8714705
879.5213076   -1442.5282478   -1018.6355114
878.8278671   -1445.5076456   -1035.1361036
879.9821707   -1442.1797991   -1009.0322495
879.1819187   -1497.6040125   -1051.1519909
887.2392448   -1442.8429604   -980.7759523
887.7373608   -1442.7078962   -924.7601032
885.4674669   -1441.7212009   -943.7212348
888.2288905   -1454.9008608   -862.2586727
888.0982967   -1446.5887547   -896.6181278
886.797634   -1447.6798773   -891.3952708
885.8513805   -1443.1490898   -918.8492894
887.9179629   -1442.1643019   -952.1988034
888.3525404   -1445.1357126   -904.9015641
884.6676322   -1445.6831217   -901.8351436
885.8868154   -1449.3411779   -884.6340775
885.2177533   -1450.8212805   -878.4327507
887.5954422   -1442.6696301   -972.7019668
883.8300677   -1441.6582584   -968.4835076
884.9921795   -1441.8147802   -937.2529387
884.8221572   -1444.9250698   -906.0649872
886.3149854   -1452.1183968   -873.3110428
886.2584504   -1453.5694122   -867.5335646
884.1658207   -1441.9541359   -976.8717885
884.5960768   -1442.491293   -989.574194
887.3942169   -1443.0602789   -985.5704308
884.7568604   -1442.6929951   -993.3373332
885.7453438   -1442.008853   -933.8029623
883.5073086   -1441.980958   -930.0917387
884.2480751   -1441.5874481   -961.7673159
884.0749236   -1443.4455633   -915.5592918
883.5025998   -1444.1906214   -910.3983641
883.5599395   -1441.378355   -956.045568
883.4689232   -1441.3737059   -948.5964775
883.4635588   -1454.4922113   -863.6809587
882.0448788   -1455.4203749   -859.5957756
886.8537816   -1456.2293291   -856.8646908
883.3451243   -1447.2289085   -894.244194
882.2660717   -1446.5872049   -897.4657059
884.7693475   -1441.5739775   -952.3070455
882.6227161   -1442.6321983   -921.6729999
879.7284337   -1441.8982267   -926.8376827
881.7953738   -1441.5209293   -982.4758768
882.5895163   -1447.89505   -891.2129402
882.4768933   -1453.153491   -869.1173196
880.9289607   -1452.1442652   -873.1700182
881.923941   -1450.6437778   -879.4133663
879.6609613   -1449.5737553   -884.1059804
881.1189505   -1441.4511919   -935.1664782
880.3191157   -1441.0560131   -942.2343969
880.7847174   -1444.9951649   -905.611515
880.5175098   -1440.8537149   -951.9587159
881.3462826   -1441.7302608   -991.1656976
879.0710541   -1440.5632019   -963.113308
881.2838765   -1440.9734011   -959.4565034
879.363087   -1440.7526255   -975.8836031
878.3818754   -1440.6155348   -980.398953
879.9841376   -1443.4589148   -914.2186642
879.8134001   -1444.1113472   -910.4009867
878.5979124   -1454.4867277   -863.269031
878.4873756   -1452.8849125   -870.0782657
882.2175535   -1456.4561844   -855.4148674
887.7941342   -1486.6993427   -786.5542769
887.9628154   -1459.420085   -843.8090086
888.1717893   -1466.9207335   -820.8770156
886.0140713   -1464.7058249   -825.9441257
885.0764605   -1461.0550404   -836.4510536
887.1877166   -1469.163537   -816.0717487
885.1340982   -1483.1680059   -793.5595512
888.3212777   -1456.9327831   -854.3040156
886.5260156   -1490.2294874   -777.2667408
886.0175582   -1492.0076132   -771.7149258
887.1034952   -1474.9462605   -805.9275746
885.1470026   -1477.5475264   -802.103281
884.744552   -1479.6774387   -799.0113497
884.272364   -1489.0787601   -781.4186811
884.9350782   -1470.8772898   -812.89047
883.8179978   -1473.2015133   -809.0319633
885.3507312   -1462.5654221   -831.6498995
884.5350417   -1457.4902058   -851.4291644
882.3612007   -1458.5282803   -846.1747766
883.8397833   -1467.4799442   -819.405973
885.2494331   -1466.1078453   -822.4391341
884.3204053   -1459.8139524   -841.1125541
882.4088546   -1487.2317314   -786.7592573
883.3987685   -1469.3706036   -815.7126307
883.8209482   -1475.6993055   -805.1017523
881.34667   -1491.1231995   -775.5200863
881.1812671   -1491.9903278   -771.8779445
884.6348795   -1493.3358431   -767.3216462
878.6826702   -1463.6023045   -828.6194205
881.8964633   -1465.744257   -823.253572
880.9496137   -1461.6774321   -833.9056373
882.0424946   -1477.8927565   -802.1695614
881.7550512   -1480.8963537   -797.803998
879.7918531   -1486.0929251   -789.9828553
878.9770576   -1460.2696896   -838.3737206
880.5436166   -1471.0723162   -813.0180836
878.3795508   -1458.9329958   -843.5345888
878.4305128   -1489.4868135   -782.3935151
880.224404   -1468.6905146   -817.2752261
880.147812   -1467.0777321   -820.4340339
880.8071288   -1475.2085209   -806.3930869
879.6505006   -1473.3519554   -809.4691038
878.7854584   -1487.7723455   -786.8594527
880.6903633   -1493.5400486   -766.1468983
888.3107277   -1504.2207241   -1052.0343781
887.4260756   -1581.3369751   -1050.7979393
888.1050619   -1624.9324083   -1054.6507835
887.5737461   -1598.7433195   -1051.6840219
886.6779479   -1551.59235   -1050.6066084
886.9891437   -1564.7881031   -1050.5206585
887.377617   -1570.2164173   -1050.585866
888.0715939   -1617.2714233   -1053.5874367
888.2140192   -1630.4776669   -1055.4937124
886.3043161   -1608.2108021   -1052.4389744
886.5165683   -1558.7358475   -1050.4912138
885.9378668   -1510.9612942   -1051.6262054
884.7390386   -1575.4238367   -1050.3900051
886.0170516   -1537.3022556   -1050.8466959
885.7991668   -1530.603528   -1051.0172844
885.8102831   -1544.2528725   -1050.6488085
886.6479071   -1587.5245333   -1050.9412289
885.8301612   -1593.3692455   -1051.181674
884.9993321   -1613.5959625   -1052.9696941
886.24796   -1517.0873404   -1051.4929295
886.7008062   -1620.7644939   -1053.9798737
884.488401   -1523.6340761   -1051.0839224
887.056646   -1635.0017786   -1056.1516285
884.479818   -1500.5540848   -1051.6741276
884.4356807   -1602.9993296   -1051.8035889
883.8961097   -1505.9990883   -1051.5180826
883.3072456   -1627.3164749   -1054.8195839
883.1658038   -1632.0873499   -1055.5552244
883.2233521   -1622.5272417   -1054.0903807
883.6627873   -1618.0999279   -1053.4793139
882.5596841   -1598.2029438   -1051.2681007
883.3131763   -1585.0410461   -1050.5316257
881.7253383   -1580.8520317   -1050.2382517
881.9234046   -1569.3916082   -1050.0150919
882.6109441   -1562.9456043   -1050.0445366
881.2913569   -1557.3341846   -1049.9277115
879.9096616   -1549.4952202   -1049.8631001
882.028577   -1589.5657539   -1050.6429672
881.3396367   -1610.2511883   -1052.3663759
881.8725022   -1606.3426733   -1051.9553423
880.7979497   -1517.2948837   -1050.8576632
881.1681541   -1541.4651632   -1050.1617193
881.5610977   -1535.1366997   -1050.3731966
880.6052478   -1510.0688934   -1051.0517359
880.9566172   -1593.9987898   -1050.8320332
881.3172551   -1529.6922922   -1050.5133867
880.0289901   -1614.7631407   -1052.8753996
879.1296753   -1576.0915279   -1049.8638153
880.0683888   -1504.3536425   -1051.1338711
878.911254   -1602.6959419   -1051.4271259
879.0154132   -1619.5085049   -1053.4973145
878.8454505   -1585.6921673   -1050.188303
878.5993429   -1624.4207621   -1054.2187691
878.5692724   -1629.3877363   -1054.9879074
878.8138004   -1634.2321634   -1055.7516813
883.0433758   -1636.1027956   -1056.1802387
878.4428807   -1607.3403358   -1051.8759489
888.3185657   -1549.8690605   -735.1953387
887.2661861   -1500.0793934   -754.1542053
886.033562   -1590.2936459   -743.560195
887.3414966   -1621.3959455   -756.649673
887.3580369   -1495.1964617   -763.44347
886.664507   -1522.095561   -735.0872159
886.6759213   -1538.9852524   -733.1259251
888.139573   -1577.3108006   -740.1493788
887.7866837   -1503.3147335   -749.7229576
886.8401321   -1505.8256388   -746.2692857
887.9619511   -1631.4569712   -760.3261471
886.6625401   -1627.5721788   -758.6629987
886.9142505   -1555.573225   -735.4049683
886.8789645   -1635.5576515   -761.2628341
886.525658   -1582.8902721   -741.045773
887.9635604   -1572.0435381   -738.8406396
885.4245516   -1516.5151358   -737.0479107
885.4100081   -1511.3523006   -740.4626608
886.1764344   -1567.0598745   -737.0255589
883.8266405   -1561.2746477   -734.9356413
887.6168402   -1615.3802872   -754.3358803
886.3555761   -1611.1748219   -752.2435188
883.4616216   -1496.5981245   -758.8832378
883.3058747   -1601.4569998   -747.2703457
884.284881   -1607.1144342   -749.9610186
886.4958557   -1530.2429199   -733.1266999
885.2195116   -1526.3062716   -733.1484556
885.8432444   -1543.7012911   -733.2286835
886.8813785   -1508.5456371   -743.5358167
882.35527   -1595.7708359   -744.512558
884.1754767   -1547.3169088   -732.9573035
885.1249786   -1536.0242128   -732.2097421
884.1631981   -1534.2532396   -731.775105
884.2432471   -1551.0048866   -733.4976196
883.9959475   -1573.9865303   -737.4417782
884.3606683   -1579.9839497   -739.187777
882.9048546   -1633.1332922   -759.4164014
883.9460882   -1502.0222664   -749.7674823
885.3906365   -1503.808856   -747.9889989
883.0410811   -1616.8100834   -753.6397576
883.0670985   -1494.6229458   -763.4218931
881.9740685   -1623.2466698   -755.9272051
880.0568255   -1499.1316795   -752.7855635
879.7134729   -1555.5864573   -732.103765
880.4210397   -1559.2050552   -733.0208421
883.4983977   -1507.312417   -743.1694865
882.9851719   -1504.3069124   -746.2966442
882.4651214   -1545.0145006   -731.8502665
881.0378882   -1537.281394   -730.3217053
882.6386305   -1519.5308924   -734.192729
881.1994465   -1523.5213041   -731.9293022
881.2888237   -1627.7552843   -757.2216988
882.5347396   -1585.7378244   -740.3044105
881.8065795   -1529.4585228   -730.9142351
882.0667835   -1611.500144   -751.2218952
881.7752572   -1567.9774284   -735.209167
880.4750117   -1591.9846296   -742.1555519
880.9956881   -1512.9727125   -737.2025251
880.8599683   -1516.5472031   -734.8468304
879.3462487   -1508.8278055   -739.8237586
880.2478882   -1580.1814795   -737.361908
881.3568922   -1550.2759218   -732.0676446
879.1984292   -1533.028245   -729.3756008
878.782061   -1573.3231306   -734.9489927
880.0093504   -1502.1978617   -747.8922606
878.6225291   -1563.4101629   -732.9249978
878.7959488   -1600.3650427   -745.451808
882.1308287   -1638.3508444   -760.6069446
878.8202079   -1519.1812515   -732.5109839
878.8582953   -1546.6886759   -730.4054499
878.9920481   -1542.028904   -729.7885418
878.5062107   -1624.8431206   -755.6490898
887.9443678   -1714.9003744   -1065.2490854
887.1110352   -1770.0544596   -1071.2380409
887.5667127   -1744.0100908   -1068.2475567
888.0918892   -1706.2205076   -1064.4778013
886.6705271   -1702.0266056   -1063.9592409
887.1611329   -1678.4204245   -1061.8376732
887.6707228   -1672.039032   -1061.2199306
887.4653848   -1656.973362   -1059.4309568
885.7637914   -1754.7914982   -1069.3371296
886.6747292   -1664.0093327   -1060.2500439
886.1563178   -1640.4109001   -1056.9684505
884.4075771   -1748.6057281   -1068.493247
886.0564204   -1776.0643959   -1071.8300343
886.4297839   -1709.9220753   -1064.6387339
887.1951672   -1719.7254896   -1065.628171
885.6440755   -1692.2513247   -1062.9920959
884.5362338   -1685.2884293   -1062.256217
884.752092   -1697.7059841   -1063.3836985
886.5287872   -1653.0038118   -1058.8456392
886.0045048   -1648.9953995   -1058.2542419
885.0927027   -1764.7088766   -1070.4441071
884.959695   -1645.2549696   -1057.6578379
884.4900104   -1738.9377356   -1067.3917532
884.5147165   -1733.1176996   -1066.7442083
884.6651288   -1728.1910181   -1066.2270784
884.8439725   -1723.2987881   -1065.7403469
884.6423002   -1660.069108   -1059.6497059
884.2634531   -1668.1007147   -1060.536623
882.9943808   -1760.2814436   -1069.7363615
883.6726221   -1706.5132856   -1064.0482903
883.3000334   -1718.419075   -1065.1036501
881.2884363   -1712.4911547   -1064.3385649
881.3607665   -1673.7380028   -1060.8943701
882.5311037   -1743.9306974   -1067.7825212
882.6557966   -1655.5504799   -1058.9734316
881.3320967   -1680.0844669   -1061.4926815
881.4632567   -1768.1689262   -1070.515275
881.8168315   -1773.1226683   -1071.1153746
882.11104   -1663.7254953   -1059.9101782
880.9753927   -1701.564312   -1063.3355379
883.0603036   -1651.3682604   -1058.4454536
881.105152   -1643.2982683   -1057.2113991
880.014536   -1638.8174295   -1056.5001965
881.7426237   -1647.7458477   -1057.8802824
880.8687004   -1752.0648241   -1068.5776472
879.8199268   -1756.510973   -1069.0031052
880.4534348   -1695.707202   -1062.7800226
879.7625276   -1690.0178194   -1062.2267723
880.7419213   -1764.0786171   -1069.9754953
881.382701   -1725.9837389   -1065.6663179
880.1343413   -1722.2113609   -1065.150857
879.9150261   -1730.2434444   -1065.9810305
880.2864822   -1659.6280336   -1059.3320131
879.9434873   -1735.4240417   -1066.5642023
879.1256817   -1667.6661968   -1060.125351
878.6130818   -1706.8514824   -1063.5535717
878.4216019   -1717.8490162   -1064.542532
881.2676045   -1777.7966261   -1071.5926886
887.9597756   -1726.3624668   -863.1381392
887.5408443   -1746.7534542   -870.949924
887.8981742   -1733.0585718   -867.2869802
887.7487155   -1762.7528906   -868.475616
887.9636201   -1753.4064054   -870.8350658
887.709138   -1773.5902071   -861.3792658
887.9294964   -1775.6532431   -859.2174053
885.5517777   -1730.111599   -865.1937246
885.8848485   -1751.3837814   -871.1065054
887.137142   -1766.2051916   -866.8732643
886.5354332   -1769.5108652   -864.8211956
885.4674669   -1724.3032455   -860.6398702
885.386345   -1737.152338   -868.8989282
887.1099623   -1756.5540075   -870.4115748
886.7087337   -1743.2929277   -870.6045747
885.2742585   -1772.2785473   -862.9209995
884.5038982   -1741.1568165   -870.1200485
885.1451548   -1719.7219133   -856.7092419
887.3459371   -1716.201067   -854.5648456
885.0616487   -1759.9277496   -869.7770238
884.0039643   -1755.3257942   -870.8252311
882.571158   -1727.4276018   -862.316668
883.2234713   -1733.7501049   -867.1165705
883.7957355   -1763.9523745   -868.3660626
884.5928582   -1774.7927904   -860.7918024
883.887765   -1767.3193216   -866.5837646
883.2156631   -1749.6664524   -871.232748
882.9005631   -1745.0371981   -870.8360195
882.4154111   -1770.539999   -864.6705151
880.7885023   -1731.3103676   -864.8529053
880.7280036   -1722.1179008   -857.2473526
882.1697506   -1761.1119747   -869.5648909
881.5686377   -1740.7076359   -870.0322509
880.8821114   -1736.8559837   -868.4580326
881.0666772   -1773.5947371   -862.4505997
882.2572502   -1752.8977394   -871.1690307
881.0663792   -1758.1480742   -870.4171181
881.2074336   -1776.2395144   -860.0265384
884.3250247   -1777.126193   -858.4641218
879.9937936   -1755.1264763   -871.0200191
880.3374442   -1764.8568153   -868.2898879
879.2251917   -1768.5592175   -866.3420081
878.8048001   -1748.1775284   -871.2214828
879.1777762   -1751.9569397   -871.301055
883.345631   -1716.9262171   -853.693068
887.0912167   -1666.6247845   -781.0018063
887.9418346   -1674.9923229   -796.0051298
888.2760974   -1683.0711365   -811.1506701
888.3164497   -1692.9529905   -828.0929923
887.8172906   -1707.3204517   -846.8085527
887.4289664   -1671.066761   -788.1827354
886.8761035   -1686.3741875   -816.3343072
888.2440599   -1654.9248695   -770.2091336
887.9209431   -1657.5747728   -772.0758915
886.951712   -1713.4189606   -852.0073891
886.407313   -1649.7331858   -766.3438916
886.8497285   -1644.4014311   -764.2240524
886.7236348   -1639.9283409   -762.5639439
887.030867   -1680.993557   -806.784153
886.3464864   -1695.674777   -831.6669464
885.8909579   -1679.1347265   -802.8077483
885.9499367   -1691.2386417   -824.250102
885.7540163   -1663.506031   -776.6490579
885.1586255   -1660.138011   -773.026824
886.3413008   -1669.200778   -784.3973041
885.2143856   -1698.8682747   -836.0168934
884.7888979   -1702.9615641   -841.0765529
883.8855299   -1674.222827   -792.3523784
885.3179785   -1710.6183767   -848.9397764
883.9042755   -1677.1996021   -798.2037663
886.2496885   -1705.2891254   -844.2274928
886.1232372   -1653.4929276   -768.3415413
883.6926194   -1689.4754171   -820.2596903
883.7319883   -1693.9212084   -827.7024627
883.458552   -1683.355689   -809.4032407
883.8975402   -1685.2114201   -812.9408956
884.34383   -1656.6611528   -769.8268294
883.4168883   -1707.1398497   -845.0366855
882.8216466   -1671.6023684   -786.7079377
882.883397   -1668.9839363   -782.3463678
880.442557   -1666.9713259   -778.3954144
882.4221166   -1681.5415621   -805.56041
883.2647177   -1713.8227224   -850.9995341
880.8645578   -1687.8494024   -816.2178397
883.1765922   -1642.665267   -762.2698545
882.4290606   -1646.5799809   -763.4322643
882.8936788   -1653.3248425   -766.9292688
881.8538757   -1650.3788233   -764.8891807
880.8692666   -1697.1063614   -831.518352
881.4192983   -1692.1957731   -823.889792
881.5124007   -1679.8096895   -801.854372
881.1707469   -1662.8503799   -773.9357352
880.2394243   -1711.373806   -847.8679061
879.8010024   -1701.2453079   -836.9053602
881.2711211   -1659.5987082   -770.92278
880.019662   -1704.8988342   -841.3897157
878.7455829   -1656.6059589   -767.5195336
880.9646937   -1676.4842272   -795.2228785
879.8455568   -1685.7690811   -812.0543361
880.6417259   -1673.636198   -789.3667221
879.667488   -1694.5955753   -827.0483613
878.8882466   -1690.6950474   -820.2701807
878.8319501   -1684.0453148   -808.4244728
879.111019   -1707.9854012   -844.2562819
879.1201683   -1715.1714563   -850.8845568
879.6439441   -1652.6976824   -765.2643323
879.4332119   -1670.3757048   -782.8031182
884.1257664   -1771.5409994   -628.1198859
885.1529928   -1770.485878   -621.5117574
885.1070675   -1769.4962025   -611.3784909
885.3964778   -1769.8502541   -616.1113381
886.7636891   -1770.3887224   -602.2794247
885.2335187   -1769.6088552   -606.3148379
883.607355   -1770.4131603   -596.5666175
886.3600465   -1773.296833   -588.4228945
881.6014799   -1770.4555988   -592.7098989
885.9697851   -1773.5271454   -635.0032091
884.4945701   -1774.7027874   -640.3933167
884.8950239   -1773.9351988   -583.4023952
879.1501495   -1770.0138092   -588.979125
888.0560967   -1775.2693892   -583.6266279
879.3243738   -1773.2151747   -637.8619671
879.9722465   -1772.0413208   -633.0694556
881.995258   -1769.0367699   -602.6143432
879.8577758   -1768.9673901   -617.9667115
881.0135099   -1768.6619759   -612.6705408
881.4047547   -1768.6142921   -607.9444289
880.2971216   -1769.9935436   -623.7790585
883.4369155   -1773.7386227   -580.4855227
880.378929   -1771.735549   -581.9063187
886.1017796   -1775.3074169   -579.7803998
879.8934492   -1774.4854689   -642.1670318
881.3611837   -1775.9147882   -646.5758085
886.0186907   -1776.6126394   -646.7006207
879.3872567   -1768.8282728   -598.8848209
882.7895495   -1773.8842964   -577.5512457
881.4160796   -1773.6319304   -572.845757
878.9687427   -1771.4380026   -576.4513016
886.9046839   -1776.8855095   -573.7598538
878.7883791   -1772.2055912   -567.8610206
883.5635754   -1775.7232189   -568.5435534
883.3067986   -1776.2289047   -563.2271767
880.2624615   -1774.7040987   -557.0642352
887.2819217   -1772.8788853   -474.9701023
886.5066143   -1772.2812891   -467.3717022
887.7427252   -1772.9717493   -462.5144899
886.3083991   -1772.6514339   -451.9315064
886.001614   -1772.6993561   -447.9612112
886.4821764   -1772.9496956   -484.2960238
886.9398805   -1772.9389668   -479.9179137
885.0251111   -1771.802783   -459.2608809
883.3672079   -1771.392107   -455.2080035
888.0657526   -1774.995923   -491.741538
886.2653943   -1773.3350992   -489.2185926
885.9302076   -1772.0228434   -471.2590575
888.3094164   -1774.1923332   -442.1429932
885.5046006   -1772.7996111   -443.9374506
888.0580934   -1774.5451927   -438.544482
885.5196806   -1773.2903957   -438.9568567
884.6681388   -1772.7011442   -492.4122393
886.0696527   -1774.4846344   -497.1271157
886.6232606   -1774.4868994   -434.8778427
883.2095834   -1770.8557844   -463.6718631
883.8962885   -1771.1791992   -477.6522815
884.2711123   -1771.232605   -473.6562669
883.7129744   -1771.2986469   -482.8513563
885.9367641   -1774.9788761   -430.8815598
883.3502205   -1773.4360695   -432.9257607
883.5803541   -1772.759676   -437.1591508
882.8528794   -1770.5892324   -469.8312879
883.0351504   -1771.2593079   -488.5749817
882.7646049   -1771.3173628   -450.5692422
882.160333   -1771.1968422   -493.9029217
883.2753869   -1773.4647989   -502.7032495
880.335507   -1770.6394196   -498.696059
887.2855278   -1776.7461538   -502.9743314
882.3971125   -1771.4300156   -446.2202787
882.2770985   -1773.9030123   -429.0193617
885.7818516   -1776.1572599   -426.4127612
882.062492   -1771.7080116   -441.4098561
881.4523789   -1770.5427408   -458.5418403
881.305364   -1769.9173689   -474.7372866
879.7047707   -1769.2960501   -479.9669385
879.1073831   -1769.2840099   -485.4613841
880.8945986   -1772.1107006   -435.1834953
882.3627206   -1772.3405361   -436.8754625
881.30295   -1771.8318701   -438.0528033
878.7746104   -1770.0331211   -451.8624246
879.832116   -1770.1859474   -455.6458592
880.4342123   -1772.5676298   -431.7378104
881.5786513   -1772.8118896   -506.6996813
878.8745674   -1770.3632116   -504.2920709
884.4254287   -1775.3009796   -507.1154833
879.2791041   -1769.2980766   -466.3459957
878.6991509   -1769.4450617   -461.9788229
879.0028366   -1769.4504261   -491.8996394
879.2146119   -1769.1136599   -471.785754
879.5415732   -1770.3609467   -448.8822818
879.670945   -1769.9333429   -494.9148297
880.9674951   -1774.1616964   -426.0126352
879.3047937   -1774.5479345   -422.8455722
883.3255442   -1776.2545347   -422.6671755
881.9309147   -1774.0291357   -510.6485486
879.5694681   -1771.9014883   -509.9007487
879.8813792   -1773.0381489   -513.6986971
882.139084   -1775.6230831   -516.5188313
884.5843943   -1776.4307261   -512.0542645
878.7135752   -1774.6348381   -547.8668809
884.2160376   -1778.4868479   -550.5815148
884.2525157   -1777.4989605   -557.1913719
878.5756203   -1772.8102207   -516.6820884
881.2790485   -1776.9311666   -418.707937
881.8536671   -1777.5014639   -544.5004106
878.5722228   -1775.1184702   -542.7591801
880.3403052   -1775.9065628   -523.516655
879.3201419   -1775.9244442   -530.5281878
879.6487721   -1776.184082   -539.74545
880.9084269   -1777.2638798   -535.8012915
887.9857632   -1887.9804611   -1082.8689337
888.2798525   -1918.6125994   -1085.4949951
887.8684016   -1829.1074038   -1077.5274038
886.4886435   -1858.2209349   -1080.2944899
888.2432552   -1862.7383709   -1080.7878971
888.2100853   -1811.5332127   -1075.7012367
887.6098665   -1803.1394482   -1074.7814178
887.3708817   -1784.7959995   -1072.8952885
887.6734944   -1845.408082   -1079.1708231
886.9726332   -1841.3164616   -1078.7277222
885.9445127   -1798.039794   -1074.1221905
885.0414427   -1823.5038519   -1076.7233372
885.6074186   -1879.1223764   -1082.0082426
886.8795904   -1883.5203648   -1082.4394226
887.4249133   -1853.0923128   -1079.8819065
886.1744376   -1873.8671541   -1081.6011429
886.8264528   -1893.6885595   -1083.3314657
886.4594074   -1866.1763668   -1080.9848309
886.9962665   -1898.0226517   -1083.7248564
884.836969   -1902.6632309   -1084.0630531
884.5394822   -1849.178791   -1079.3385506
886.5864249   -1818.1288242   -1076.271534
885.8193728   -1836.8443251   -1078.2049894
884.5344754   -1908.7684155   -1084.5943689
884.5600756   -1780.9494734   -1072.2376108
883.8125738   -1808.6748123   -1075.0426054
885.3291842   -1814.1605854   -1075.7524967
885.3434893   -1789.2197371   -1073.1755495
884.9176141   -1832.5426579   -1077.6977539
883.3575519   -1793.9822674   -1073.4834671
883.1739398   -1914.5972729   -1085.0553513
883.8701817   -1869.9909449   -1081.1613798
885.0041302   -1862.6966476   -1080.612421
882.3387297   -1884.6846819   -1082.3374987
882.3614093   -1890.7908201   -1082.8906298
883.6463364   -1828.851819   -1077.209115
884.0967091   -1844.3675041   -1078.8480043
881.6526505   -1801.7939329   -1074.1353035
883.7763043   -1853.9642096   -1079.7489882
882.6148482   -1785.3298187   -1072.5283623
882.0361169   -1896.7628479   -1083.4271908
881.9068345   -1840.2537107   -1078.2878399
882.4532302   -1817.7765608   -1075.9081841
881.7459019   -1860.8384132   -1080.2570581
881.7327591   -1856.7762375   -1079.8859596
882.0824298   -1865.4783964   -1080.6820393
881.6057118   -1874.5570183   -1081.4214945
882.1110996   -1797.5010872   -1073.7335682
881.6859099   -1835.2885246   -1077.761054
879.5634481   -1879.5176744   -1081.7430019
880.1912042   -1789.8722887   -1072.7727413
881.4116093   -1813.5505915   -1075.3660202
879.0292712   -1827.6041746   -1076.7154694
878.3972534   -1821.2893009   -1075.9584904
881.3632997   -1831.505537   -1077.3323774
880.6407722   -1906.0547352   -1084.2328072
878.7614974   -1901.7688036   -1083.766222
879.9387487   -1781.7249298   -1071.8969107
879.3641599   -1845.7317352   -1078.6570311
878.6849054   -1852.5760174   -1079.2819262
879.5888992   -1910.4276896   -1084.5919847
878.7116083   -1806.3175678   -1074.3529797
878.5002204   -1914.3853188   -1084.9096775
879.3048235   -1918.1952477   -1085.2553844
883.1939968   -1919.5189476   -1085.4632854
878.5601529   -1837.3675346   -1077.7511597
887.3773786   -1777.848959   -856.9442034
880.7057711   -1778.4510851   -857.6037884
884.0841623   -1779.3570757   -855.8103442
879.5588287   -1781.0451984   -854.3350101
886.9435164   -1784.1305733   -728.3700109
888.3542391   -1784.8758698   -744.0432906
887.3733553   -1785.7851982   -757.7282786
887.5749084   -1786.6005898   -771.6174126
888.2091614   -1782.9282284   -711.1622691
886.689541   -1785.5865955   -751.8717051
887.3458775   -1788.8163328   -832.1413398
886.851159   -1784.6293449   -735.7247472
887.6919719   -1785.417676   -844.2399502
886.806068   -1786.3055468   -765.2314901
887.0293769   -1787.6924276   -785.4316235
887.7857598   -1788.7829542   -803.034842
887.9202577   -1783.6793661   -724.2558599
885.3528472   -1787.2129679   -840.0694132
884.1015073   -1783.9707136   -717.5725698
882.8450414   -1785.6115103   -740.6131625
886.1684772   -1789.5518541   -823.4136701
886.6201612   -1789.4957066   -820.4706907
886.4432844   -1782.3523283   -850.725472
884.9940272   -1789.3747091   -810.8019233
885.591534   -1789.4496918   -828.1072378
885.5254027   -1787.2191668   -776.0935426
881.4815851   -1787.9676819   -779.2544961
884.5787319   -1788.4292603   -791.8996215
885.6986137   -1788.6345387   -796.8437672
884.5808478   -1784.3255997   -847.5611806
884.4820233   -1789.5306349   -815.2521253
882.6859566   -1788.7396812   -834.8588347
884.9580856   -1784.1502428   -723.4228849
884.0800198   -1781.2247276   -853.1605005
880.4786476   -1786.437273   -749.0491271
882.4894699   -1784.0536833   -712.2814655
884.1935965   -1783.6453915   -708.7572813
887.1037038   -1783.0313444   -706.9063783
881.6026124   -1789.317131   -801.9168377
881.0368749   -1789.5593643   -806.9578409
882.331607   -1786.1922979   -844.0833688
883.1934603   -1787.1054411   -769.4017887
881.9252523   -1787.5380516   -773.4501958
883.9929672   -1786.5685225   -762.0502114
879.9080225   -1787.0606184   -759.1938972
883.8471147   -1789.255619   -831.1939836
880.7497891   -1788.6897326   -788.8661623
878.6352845   -1788.6525393   -784.1689587
879.9892934   -1785.5510712   -731.7204475
881.880519   -1787.0973349   -766.0471201
878.4674677   -1786.9468927   -752.8811693
882.4328455   -1789.7706032   -819.8776841
881.8688663   -1783.0389738   -850.7111073
882.0269676   -1789.7857428   -825.245738
881.1972412   -1789.0549898   -795.8908081
879.7453912   -1789.6887064   -829.6109438
878.5348507   -1787.8588438   -840.1619792
881.6409083   -1789.7291183   -814.6648407
880.2852305   -1789.7275686   -811.1563921
878.651348   -1784.9808931   -718.8646793
879.8257085   -1784.9601507   -847.4730849
878.8752528   -1789.1236544   -792.7787304
879.9440833   -1784.6125364   -715.1038051
878.4213337   -1786.5697145   -744.8945045
879.8032971   -1784.4257355   -708.363533
879.1528019   -1789.9200916   -817.1415925
879.7904225   -1788.2686853   -780.3553343
887.3608085   -1782.8093767   -694.9523091
888.3644613   -1780.0327539   -663.026154
886.1559602   -1779.1302204   -657.497108
886.9792791   -1777.712822   -650.465548
888.065246   -1778.7816525   -566.3893819
885.0388797   -1781.4875841   -673.0613112
886.0252174   -1782.7787399   -687.0844364
884.4284984   -1782.6013565   -682.2511554
886.4123496   -1780.9163332   -669.3887115
882.4065896   -1783.8022709   -698.6002326
883.4974142   -1783.6767435   -704.8215866
886.5839215   -1782.8755379   -691.1278963
883.740631   -1782.2088003   -678.0741215
882.2768601   -1780.1053524   -663.9105678
881.8473788   -1779.1591883   -659.2758894
887.5548216   -1779.1787386   -562.0021224
883.6071166   -1783.4255695   -693.3546066
880.9857639   -1778.1101465   -654.8023224
883.4244581   -1783.3029032   -690.0663376
881.290433   -1781.1509371   -670.442462
882.1249875   -1783.2098007   -686.3660812
880.1869126   -1782.1356058   -676.5819788
879.8750611   -1782.8453779   -681.6380024
878.6146613   -1783.9696407   -692.0480132
879.4923397   -1784.3565941   -703.7327886
888.0442651   -1778.2697678   -507.6880455
887.8697725   -1779.9370289   -557.9297543
888.1720277   -1781.8009853   -545.0668335
887.4314102   -1780.9381485   -548.4160781
888.0907866   -1779.0294886   -421.228677
888.0373808   -1780.3025246   -418.2903469
887.7943131   -1782.0777893   -537.2507572
887.7053233   -1781.7879915   -541.666925
887.7723487   -1781.5543413   -522.3523974
887.3821171   -1781.5622091   -415.3267443
886.7817792   -1781.4680338   -529.9110413
884.4639631   -1779.8924446   -533.2077146
886.0636326   -1778.6974907   -515.8758759
884.5644566   -1779.6211243   -526.9169211
885.8928653   -1779.7108889   -520.3171372
885.4151341   -1780.0116539   -544.9304581
886.1163231   -1777.4478197   -422.8568077
886.8693384   -1779.2000771   -419.3315804
885.6489631   -1778.7890434   -418.9119041
885.224876   -1779.8346281   -416.3926244
883.8631781   -1779.312253   -539.5665765
884.6701058   -1781.8711996   -412.5921428
887.7522918   -1783.9893103   -411.9735062
881.9033476   -1780.4070711   -412.6372337
887.0469602   -1886.3368034   -364.839226
887.2186812   -1889.5022869   -363.9633358
887.1545466   -1863.1875515   -371.7258275
886.0858055   -1907.6542854   -360.8947992
886.2418505   -1898.3784914   -362.1447086
887.1045681   -1902.5284052   -361.3466024
887.5941011   -1799.900651   -395.6238329
886.9829448   -1796.8268394   -397.7601528
887.6997503   -1816.0218   -387.7541423
888.04957   -1812.8277063   -388.9055252
887.7313109   -1786.4944935   -408.5378051
888.1054195   -1850.2912521   -376.6292334
886.1989053   -1820.1006651   -386.3394558
887.9412385   -1790.9008265   -403.6351144
887.1701034   -1807.3022366   -391.0073638
888.1155523   -1878.0962229   -366.841048
885.7290419   -1893.1536674   -363.2532656
887.0050582   -1788.4434462   -405.7000577
886.7304   -1867.0474291   -370.4014421
886.1714276   -1855.2461863   -374.6283352
887.0887431   -1858.4920168   -373.4374046
886.754361   -1840.5476809   -380.1472485
886.2023028   -1801.697731   -393.8680291
885.6420489   -1845.236063   -378.3798814
884.860632   -1913.4651423   -361.0605001
886.071709   -1810.4337454   -389.4680142
885.6125446   -1793.5627699   -399.9575973
886.0388073   -1831.5244913   -382.9637468
886.2759145   -1826.6458511   -384.4420612
884.877828   -1871.3320494   -369.0442741
884.5151337   -1875.5091429   -367.8043485
885.868487   -1848.482132   -377.2004843
884.8055276   -1804.9412966   -391.526252
885.4042264   -1882.0114136   -366.0385609
883.982447   -1836.0720873   -381.4043105
884.5073851   -1823.908329   -385.0409091
884.1660293   -1789.7161245   -402.8504789
884.942052   -1878.3589602   -367.007941
884.3558999   -1851.6161442   -375.8216798
885.0416812   -1813.3809566   -388.2901967
884.6723708   -1784.0493917   -409.5535278
884.2704269   -1786.383152   -406.4086974
883.7499293   -1816.7358637   -386.9607151
883.8439556   -1798.417449   -395.2546716
882.2817775   -1885.7363462   -365.0701344
880.2879723   -1890.8506632   -363.7552857
883.7892088   -1808.0368042   -389.9114728
883.2567307   -1860.7366085   -372.3990619
882.6393756   -1865.0327921   -370.924741
884.6155079   -1904.0863514   -361.4273965
883.32468   -1857.6672077   -373.4892607
883.3851489   -1795.5396175   -397.2884417
884.5156404   -1842.8746462   -379.1103363
881.3939961   -1840.0563002   -379.7458708
881.5335008   -1868.8937426   -369.6189821
883.3053382   -1827.9688358   -383.8177621
880.2289041   -1895.1340914   -362.8650606
880.5132779   -1900.7074833   -361.8167341
882.2057518   -1820.7265139   -385.7422769
880.8493885   -1854.9082279   -374.1496205
883.2035335   -1831.7707777   -382.6612234
881.8287226   -1907.7643156   -361.0290885
881.9458755   -1810.330987   -388.6967003
880.9351297   -1847.5137949   -376.927644
881.1712535   -1792.7459478   -398.7560272
882.2379085   -1880.0541162   -366.5282428
880.9216293   -1801.2218475   -392.493546
881.5902444   -1805.2716255   -390.5944824
881.805894   -1813.3683205   -387.7021372
880.7327422   -1872.2792864   -368.5156107
879.6193572   -1913.744688   -360.7954979
879.5434507   -1916.5947437   -361.0548675
885.9589668   -1916.5765047   -361.6836369
884.2631551   -1916.5822268   -361.7039025
880.8494481   -1781.2744379   -410.5944037
880.4875287   -1782.8944921   -408.297658
881.6125961   -1843.7924385   -378.3902526
880.7233842   -1825.1658678   -384.3326271
881.3444646   -1851.5915871   -375.4260242
880.3519281   -1786.2391472   -404.5254588
878.5554441   -1789.2413139   -400.8173645
881.0228976   -1833.7621689   -381.7768395
880.48431   -1836.9529247   -380.6400001
879.1877898   -1796.4144945   -395.0284421
879.7241422   -1816.8166876   -386.454016
879.298863   -1858.8186502   -372.4574745
879.9357387   -1829.9578428   -382.7907741
878.9975914   -1886.474371   -364.639163
878.5091611   -1853.192687   -374.3278384
888.3272084   -2019.6728706   -1091.7913914
887.9474076   -1961.8649483   -1088.6483192
885.9683546   -1933.3226681   -1086.5707397
886.8309232   -1940.0634766   -1087.0945454
886.9475993   -1985.1964712   -1090.0651217
887.0705637   -1927.5027514   -1086.1564875
887.4326619   -2034.5394611   -1092.4423933
887.151477   -1951.2825012   -1087.923646
886.8799182   -1945.7634687   -1087.5191689
888.0731734   -2048.5098362   -1092.9174423
887.4102207   -2053.5340309   -1093.1210518
886.1198696   -2024.728775   -1092.0884609
887.7722891   -2000.7100105   -1090.9087658
887.6532885   -1955.406189   -1088.2211924
887.4994191   -2057.9688549   -1093.2625532
887.1283504   -2004.4364929   -1091.1158323
886.9782659   -2011.4221573   -1091.4622545
884.2056068   -1971.0043669   -1089.2323256
885.7166144   -1976.1193991   -1089.5419121
885.1367506   -2039.6721363   -1092.7376747
886.5355524   -1958.2504034   -1088.4156227
885.4436549   -1993.1844473   -1090.5491114
885.2153691   -1989.2600775   -1090.3276205
885.0876959   -2015.7363415   -1091.7215347
885.0477608   -1923.3874083   -1085.8075619
883.251396   -2030.34091   -1092.433691
884.3315812   -2045.1426506   -1092.9775238
883.9848014   -1964.810729   -1088.8402462
884.64686   -2007.4846745   -1091.3310051
884.5129284   -1997.5447655   -1090.8076763
882.7379616   -1980.64363   -1089.8368359
883.1593069   -2020.2929974   -1091.9935703
883.1299218   -2050.3664017   -1093.2247639
884.0574893   -1960.3363276   -1088.5498524
882.9871091   -2002.5315285   -1091.1077261
882.6227459   -1955.4752111   -1088.2023573
883.1102224   -2035.3219509   -1092.6524401
882.4055465   -2056.7040443   -1093.4910774
881.5998407   -1949.0363598   -1087.7193213
882.0075067   -1927.9111624   -1086.0892534
881.9812211   -2011.7268562   -1091.6116238
881.7905756   -1986.4618778   -1090.1999474
882.0535215   -1943.1519508   -1087.2756243
881.9819065   -1938.1196499   -1086.8822336
880.409834   -2024.7654915   -1092.284441
881.8150135   -1975.6010771   -1089.5344019
881.7362758   -1990.9963608   -1090.4762745
881.9106492   -1994.6320057   -1090.6877518
880.9635314   -2042.2708988   -1093.0172205
880.0520571   -2038.1669998   -1092.8884745
880.1104697   -2016.395092   -1091.8951035
880.1410767   -1922.8470325   -1085.652709
879.6110722   -2007.131815   -1091.4268494
879.8340531   -1998.0069399   -1090.9098387
879.387972   -2046.4413166   -1093.2478905
879.2585405   -1967.3554897   -1089.0020132
878.5792264   -1972.6084471   -1089.348197
879.1681799   -1961.3268375   -1088.5915756
879.6746703   -2033.9000225   -1092.7217007
878.879455   -2020.4787254   -1092.1324492
878.9047571   -1952.4796009   -1087.9535675
885.8824345   -2062.8864765   -1093.5087204
879.4953199   -2062.3884201   -1093.8575268
888.0877467   -2016.9138908   -364.3865287
888.1047937   -1935.7782602   -368.8100874
886.9316252   -2012.4881268   -365.8348024
888.2781538   -1947.0090866   -371.6572523
888.2084163   -1987.1445894   -369.3325818
888.0738588   -2003.8120747   -366.8024242
888.1345364   -1939.3211603   -369.8527813
887.8777   -1932.384491   -367.6499128
885.7218   -1925.2412319   -364.8079038
885.2159949   -1919.4116592   -362.678051
888.0344602   -2027.451992   -362.690419
886.7280158   -1982.1891785   -370.5069721
887.3983296   -2032.3271751   -362.4068499
888.1209465   -1970.5176353   -371.3894188
886.7995413   -1966.5440321   -372.0088899
887.5148567   -2053.6203384   -360.2075577
885.0719901   -1999.3035793   -368.9350784
887.7512189   -1973.9905596   -371.2105751
887.5769647   -2043.1585312   -361.3440692
888.0028697   -1949.8947859   -371.9534874
885.0991996   -2046.05937   -362.0470762
885.5224224   -1977.253437   -371.4326918
888.3004161   -1942.3526525   -370.7662225
886.8859681   -1961.6767168   -372.4442422
887.7875181   -1955.354929   -372.3034859
885.8789774   -2058.3174229   -360.1563871
886.1080083   -2021.5144157   -364.5916581
885.4717585   -1992.4277067   -369.6820438
887.05754   -1943.5681105   -371.3453114
885.0544366   -1927.5029898   -365.7176793
884.92125   -2008.8210106   -367.4773276
885.8526023   -1953.0346394   -372.4629283
886.3466354   -2037.9767418   -362.342298
885.1518901   -2041.4435863   -362.4709249
885.4594799   -2034.7955227   -363.0002439
885.3966268   -2050.3642559   -361.4124358
883.5059675   -1986.8980646   -370.8829284
886.5985247   -1937.7868176   -369.756788
884.5074447   -1940.3121471   -370.4852164
884.2219087   -1971.9084501   -372.2260296
885.0595029   -2015.5749321   -366.2074506
883.6949738   -2018.5501575   -366.3473427
883.7343725   -2004.8849583   -368.6273396
884.3873712   -2031.3491821   -363.8789356
882.2106393   -2023.6802101   -366.0752475
882.2585019   -2028.1438828   -365.2488291
885.2115842   -1947.5423098   -372.1606135
884.6187862   -1935.7064962   -369.0299392
884.7348066   -1931.7022562   -367.3717976
886.1249956   -1945.1540709   -371.8089461
886.0978159   -1956.8532705   -372.6628721
884.4695064   -2054.3749332   -361.2237573
885.6849941   -1936.830163   -369.5049286
882.3335441   -2014.1670704   -367.7449822
884.688613   -1963.9126062   -372.669816
883.5705491   -1960.955143   -372.7364838
883.1399354   -1965.6983614   -372.9497194
881.9599124   -1981.1633825   -371.6551065
883.2972618   -2037.7306938   -363.5750115
883.9917751   -1956.8132162   -372.641474
884.7167762   -1944.8077679   -371.7342913
883.2314881   -1944.7637796   -371.6076016
883.3121034   -1949.8546124   -372.2727001
881.5615448   -1952.6075125   -372.286737
882.4208351   -1921.8916893   -363.3023798
881.1041685   -1926.6850948   -365.0056124
880.1697763   -1978.0778885   -372.3642528
881.7966255   -1996.0507154   -370.3759611
880.1552626   -1991.9372797   -371.2988198
881.6221627   -2034.8951817   -364.5386994
882.3238584   -1934.0417385   -368.2161272
881.8546208   -2048.2954979   -362.8019392
881.5706047   -2052.4873734   -362.3350859
881.1545344   -1939.7834539   -369.9250519
881.9385441   -2044.3921089   -363.2782102
881.8574222   -2040.8630371   -363.7157381
880.6309672   -2003.4668446   -369.7994649
880.3996416   -1999.5951653   -370.2902794
880.1849457   -2008.800745   -369.2027926
881.8663927   -1931.1499596   -366.9208884
881.7628594   -2056.8799973   -361.6213202
879.8128637   -2032.1657658   -365.6368852
879.6697827   -1969.5045948   -372.846663
878.5253736   -1971.7621803   -372.6554811
880.2996548   -1957.9586983   -372.5031316
881.2454017   -1936.88941   -369.0004945
880.5612298   -1943.6659813   -371.0977435
879.5451792   -2019.3791389   -367.9047227
880.4321262   -1963.7776613   -372.720629
880.7180496   -1947.1473694   -371.7703521
879.3888064   -2039.2923355   -364.7470474
878.8735839   -1921.7892885   -362.3286188
879.5307549   -1953.8513422   -372.1511066
879.4316026   -2027.6310444   -366.496563
878.8987967   -2046.5121269   -363.9205694
880.0179633   -2061.5930557   -361.2677753
882.8330906   -2059.8752499   -360.8403504
878.3858093   -1951.0371685   -371.5853691
888.0909058   -2105.5438519   -1094.2878723
887.7108368   -2094.2120552   -1094.1538811
888.1984922   -2088.4068012   -1094.0172672
886.9578513   -2068.9284801   -1093.6299562
887.5306221   -2111.364603   -1094.4154263
887.681094   -2195.8754063   -1094.312191
886.2805339   -2150.3708363   -1094.797492
887.1819051   -2173.9635468   -1094.5786238
887.804416   -2126.9154549   -1094.5601463
887.8561529   -2121.9227314   -1094.506979
887.7955052   -2116.9087887   -1094.4569111
887.6595768   -2131.9670677   -1094.6136713
888.2826539   -2081.1049938   -1093.8668251
888.0513879   -2077.4078369   -1093.7937498
886.9888159   -2202.1019459   -1094.3324566
887.5100585   -2084.5208168   -1093.9992666
887.6387449   -2136.9793415   -1094.643712
886.7698284   -2160.472393   -1094.7198868
886.7782923   -2182.2369099   -1094.5496559
883.748916   -2074.7389793   -1094.0078497
886.1930939   -2177.9885292   -1094.6553946
883.9598569   -2100.2128124   -1094.56563
885.9913918   -2145.046711   -1094.8296785
883.8993581   -2156.0573578   -1095.0372219
884.7638043   -2165.1060581   -1094.9103832
884.9408599   -2187.1163845   -1094.7151184
883.6344453   -2192.2159195   -1094.8210955
883.1707212   -2140.5756474   -1095.0964689
882.7441605   -2170.4628468   -1095.0939655
885.4895505   -2079.0867805   -1094.0195322
884.8301145   -2082.4017525   -1094.1503048
884.3133422   -2090.3792381   -1094.3599939
884.3327435   -2086.3165855   -1094.2747593
885.3955241   -2108.3173752   -1094.5730209
882.9051527   -2106.0152054   -1094.7550535
883.6725923   -2124.3567467   -1094.9318409
883.7219747   -2119.5428371   -1094.8722363
883.4784003   -2129.3032169   -1094.9980021
883.5378858   -2114.739418   -1094.828248
881.0161921   -2094.3791866   -1094.6940184
882.4514719   -2197.7834702   -1094.9110985
883.2181665   -2134.4873905   -1095.0620174
883.0430778   -2110.3460789   -1094.812274
882.9017552   -2175.8592129   -1095.0399637
881.5249177   -2067.9881573   -1093.9347744
883.396742   -2179.6691418   -1094.9555635
881.6734525   -2183.2704544   -1095.1203108
881.7739757   -2160.957098   -1095.2458382
881.6426667   -2146.5370655   -1095.2656269
880.5196556   -2151.9088745   -1095.3859091
882.4978443   -2079.777956   -1094.2418575
879.7542723   -2188.2274151   -1095.3011513
880.825189   -2083.6057663   -1094.4575071
879.7566863   -2165.7111645   -1095.4391956
880.2808198   -2088.593483   -1094.6213007
879.619536   -2098.6735821   -1094.8961973
878.7580105   -2156.8136215   -1095.564127
880.3360137   -2121.9155788   -1095.2131748
879.1324171   -2117.3889637   -1095.2589512
878.8404139   -2126.5320778   -1095.3993797
879.993734   -2112.8621101   -1095.1186419
879.6741637   -2131.5705776   -1095.3749418
879.4646832   -2178.9600849   -1095.3987837
878.879604   -2108.7663174   -1095.1459408
878.4613582   -2174.0782261   -1095.5374241
881.0377689   -2203.3164501   -1095.0309038
887.4736401   -2077.5094032   -355.8913767
888.1276818   -2162.4746323   -344.0571129
887.9110488   -2117.3641682   -349.5812416
887.9789384   -2126.7251968   -348.7203121
888.3116516   -2090.3153419   -353.2138765
888.0003365   -2190.3700829   -346.2126553
887.7821537   -2194.9145794   -346.6705084
886.7343935   -2098.5174179   -352.355361
886.441079   -2172.9910374   -345.2804983
887.3612257   -2137.542963   -347.7807343
887.576011   -2186.5167618   -346.1716473
885.7821795   -2082.5901031   -355.5956781
887.7051445   -2073.1217861   -356.6644192
886.7882761   -2069.2026615   -357.8484058
886.8212672   -2106.8603992   -350.9941101
887.3690041   -2062.492609   -358.910501
886.8862661   -2094.0074921   -353.0955017
886.9408342   -2151.5240669   -345.8343446
887.0941671   -2144.1540718   -346.8739688
885.5622979   -2147.9434967   -347.1695483
887.5735673   -2183.2113266   -345.8298147
887.5274035   -2120.6064224   -349.5165706
885.6210979   -2124.1328716   -350.0375748
886.2500461   -2111.3467216   -350.7645726
886.1409994   -2160.1579189   -345.320493
886.0706063   -2180.0205708   -346.3404477
886.3738152   -2087.6173973   -354.4515967
885.6457742   -2103.2412052   -351.930052
885.3482874   -2168.533802   -345.5557227
884.2045637   -2176.2051582   -346.8106389
886.1706825   -2164.8948193   -345.0825512
884.5502409   -2065.769434   -359.28756
885.6209489   -2154.6568871   -346.2166786
884.6301111   -2114.8245335   -351.0083854
886.3805207   -2132.9414845   -348.9093781
885.6926235   -2129.4543743   -349.5887816
885.3233727   -2079.3888569   -356.3175797
883.7302002   -2071.804285   -358.340621
884.1834339   -2091.7518139   -354.4629812
884.816614   -2141.4482594   -348.6157656
884.1727646   -2191.5960312   -348.5951424
884.5161172   -2188.4565353   -348.1361866
883.7167295   -2127.0744801   -350.6153822
883.8980468   -2119.4503307   -350.9780765
885.5412575   -2198.2321739   -348.1256068
883.4652873   -2194.7553158   -349.1313457
884.3129548   -2183.9673519   -347.7890193
883.6047622   -2062.6528263   -360.1415157
884.1686221   -2144.4687843   -348.5120237
883.4015998   -2076.9231319   -357.4014306
882.5522038   -2152.225256   -348.1501937
884.4141933   -2095.490694   -353.7146151
883.591828   -2109.6925735   -351.7418802
882.8174146   -2105.7109833   -352.438122
883.3922418   -2068.1376457   -359.1855764
882.1098777   -2101.8316746   -353.2209694
882.7830824   -2098.0243683   -353.6932766
883.2789334   -2172.5480556   -346.8452692
882.9113813   -2138.1072998   -349.9531448
882.0608231   -2130.1038265   -351.0211706
880.9244009   -2134.4857216   -351.1341214
882.9987916   -2087.7332687   -355.5849791
881.4319345   -2160.9959602   -347.6163745
882.8327926   -2165.8651829   -346.7614949
883.7687346   -2158.4830284   -346.7137814
881.5701278   -2179.4223785   -348.5165834
882.3465081   -2082.3442936   -356.7447662
880.7503852   -2123.758316   -351.7200947
881.3759657   -2147.4983692   -349.4692147
882.1826848   -2198.8744736   -349.9284089
884.8158392   -2202.3491859   -348.621875
881.4364942   -2169.655323   -347.4989831
881.7126723   -2142.4860954   -350.0124514
881.0014697   -2115.0975227   -352.0269394
882.0541175   -2186.2688065   -349.1699696
880.4129931   -2187.6940727   -350.0528336
881.2645944   -2095.3474045   -354.6835482
880.6288513   -2183.6264133   -349.4989276
880.034742   -2173.6958027   -348.3952284
880.0681504   -2091.1636353   -355.8562398
879.7649416   -2155.6177139   -349.0346372
878.6417814   -2075.5410194   -358.9228094
878.7231716   -2068.8529015   -360.2022231
879.8080655   -2065.0298595   -360.7019484
879.9966546   -2107.5520515   -352.9463112
878.670183   -2109.8415852   -353.0249596
880.18429   -2192.3289299   -350.4742384
879.9567791   -2195.9044933   -350.7892787
879.9250098   -2078.8514614   -358.0158949
879.7767731   -2087.3651505   -356.6423953
879.252431   -2138.7724876   -351.4237106
879.6558353   -2165.1408672   -348.2202888
879.1422518   -2103.8191319   -353.7431061
879.6703192   -2099.6267796   -354.3094695
878.680286   -2149.7781277   -350.3740728
878.495154   -2152.961731   -349.9818146
878.5704943   -2083.1856728   -357.6512635
880.5508884   -2202.7039528   -350.7990241
878.7885281   -2128.0012131   -352.1026373
878.854868   -2180.876255   -349.8814106
887.8196152   -2274.6081352   -1093.2027102
888.1373676   -2212.5182152   -1094.0893888
885.9030279   -2236.0076904   -1094.088316
887.2096511   -2257.4021816   -1093.5708284
886.8319067   -2261.4784241   -1093.5513973
886.4972266   -2226.0165215   -1094.1468477
885.8704837   -2332.8845501   -1092.3575163
886.7475959   -2337.5663757   -1092.140317
886.9560035   -2217.0276642   -1094.1883326
883.8269385   -2291.6314602   -1093.3918953
885.9616788   -2297.4755764   -1093.0048227
883.9212032   -2326.5488148   -1092.7419662
884.7586187   -2302.9937744   -1093.0563211
886.2462016   -2307.9550266   -1092.7783251
884.7256573   -2319.0698624   -1092.7819014
885.4758116   -2312.5257492   -1092.7989483
883.9409324   -2208.2083225   -1094.6394205
884.426144   -2284.5425606   -1093.4504271
884.8172399   -2248.2888699   -1094.0290689
884.231505   -2254.1053295   -1094.0054655
884.7480985   -2230.672121   -1094.3081379
881.9894167   -2241.4393425   -1094.5000648
886.2363072   -2265.3484344   -1093.5630798
884.662834   -2279.3524265   -1093.5188532
883.1263455   -2220.6721306   -1094.6211815
883.2892152   -2269.2320347   -1093.8796997
883.1778737   -2214.3466473   -1094.6749449
881.6318186   -2275.454998   -1093.984127
883.2783969   -2258.7919235   -1094.0510035
882.7855559   -2263.5302544   -1094.0388441
881.9837841   -2337.2621536   -1092.7608013
884.8796161   -2341.2964344   -1092.2983885
880.5937143   -2227.3409367   -1094.8665142
881.1695548   -2308.5474968   -1093.4202671
880.6896182   -2298.0980873   -1093.6716795
881.1850222   -2233.2193851   -1094.722271
881.5470608   -2236.8941307   -1094.6258307
880.5079433   -2331.9759369   -1093.067646
881.0589584   -2314.1567707   -1093.3388472
880.6802901   -2251.4815331   -1094.5039988
879.3657395   -2303.2977581   -1093.7460661
880.007145   -2322.622776   -1093.3235884
878.4779879   -2318.0875778   -1093.605876
880.2128407   -2280.9207439   -1094.0636396
878.959951   -2286.5579128   -1094.1169262
879.7746869   -2255.7208538   -1094.5532322
878.4482452   -2210.8516693   -1095.2773094
879.8465403   -2206.9506645   -1095.1423645
878.8666698   -2260.5376244   -1094.597578
878.4581395   -2216.7963982   -1095.2273607
881.004748   -2341.7770863   -1092.7919149
887.6671167   -2293.628931   -347.0807672
885.1321908   -2272.3693848   -347.0528126
887.4378177   -2280.9729576   -346.8797803
886.2355324   -2277.9054642   -346.9204605
888.1916972   -2204.84519   -346.886903
886.9828852   -2308.226347   -347.3553658
885.504839   -2329.7395706   -343.9539075
886.7397579   -2334.3069553   -342.1419561
887.3548182   -2266.7191029   -347.2571969
887.1750804   -2323.8391876   -345.2739716
887.8427418   -2221.6761112   -348.8202989
887.6734348   -2246.1452484   -349.5671153
887.4959918   -2250.4396439   -349.2413163
887.295154   -2260.1265907   -347.9822278
888.3356126   -2269.8299885   -346.9941318
886.1252042   -2253.8177967   -349.0890563
886.482534   -2257.8177452   -348.4857976
887.5579806   -2216.4752483   -348.2865691
887.4509903   -2213.5262489   -347.9911387
886.0366019   -2312.8376007   -347.0965922
885.8169588   -2237.5643253   -350.3420651
884.8555657   -2232.3117256   -350.5528271
886.4611062   -2227.209568   -349.8609066
885.3689107   -2286.5254879   -346.8229771
886.5834149   -2210.7672691   -348.1413722
885.3201541   -2299.2370129   -347.0990956
884.171662   -2337.4965191   -341.3931727
885.6628808   -2340.1072025   -339.699775
888.3334073   -2341.242075   -338.1866217
885.2755996   -2315.7892227   -346.7745483
884.3397471   -2319.2696571   -346.321851
885.2588209   -2206.5548897   -348.5653996
885.2714571   -2303.9917946   -347.2616076
882.4706348   -2265.4390335   -348.0136693
883.931485   -2242.7020073   -350.5676687
884.5117363   -2219.9544907   -349.9042392
884.2117163   -2223.4592438   -350.2780795
885.5074319   -2248.8875389   -349.7752249
882.7203783   -2247.5099564   -350.4403532
882.6899799   -2290.674448   -346.6311395
883.5097524   -2293.538332   -346.7399478
883.9551481   -2214.1978741   -349.6316969
884.1231438   -2251.4500618   -349.7776389
884.5622512   -2281.7149162   -346.8205035
881.5088841   -2259.3979836   -349.1746187
879.8615011   -2324.9289989   -345.6330597
882.758555   -2310.5304241   -347.1488655
883.4630819   -2306.740284   -347.1971452
882.1147057   -2334.3012333   -343.0261612
882.6187523   -2208.3466053   -349.9411941
883.0215903   -2256.026268   -349.4151235
881.4175995   -2228.1084061   -351.4258265
883.4998282   -2278.897047   -346.9102085
881.6800686   -2315.0441647   -346.924156
883.7723406   -2235.0320816   -350.8341014
879.4832798   -2240.1125431   -351.4668941
880.47075   -2235.9874249   -351.5058756
881.7254575   -2340.7025337   -340.3639197
884.5326873   -2343.3432579   -338.2272124
880.142984   -2277.3895264   -346.8908966
880.4809722   -2271.9221115   -347.3566771
881.4379247   -2284.4462395   -346.642822
882.2158846   -2303.273201   -346.9630778
880.7132515   -2297.6782322   -346.5902209
882.5401636   -2204.9281597   -349.9138057
879.5163902   -2232.8214645   -351.8831134
880.6430372   -2222.0015526   -351.4567316
878.5582455   -2217.9086208   -352.0754278
879.126844   -2337.7029896   -342.2895372
879.8476728   -2251.9593239   -350.5240381
879.7797831   -2213.013649   -351.3913453
878.4372779   -2290.6067371   -346.2840915
880.1428648   -2308.0375195   -346.8957245
879.3978067   -2255.964756   -350.0796854
878.40229   -2312.0641708   -346.8093872
878.7036511   -2207.5312138   -351.685971
878.7763091   -2334.8011971   -343.3409035
888.2090124   -2454.2880058   -1089.5929337
887.9300328   -2380.4996014   -1091.2520885
888.042775   -2415.1120186   -1090.5388594
887.8876837   -2425.2176285   -1090.3514624
886.3997134   -2434.9496365   -1090.342164
887.5095817   -2397.646904   -1090.9712315
887.4924155   -2440.5407906   -1090.0653601
887.2944387   -2389.4281387   -1091.1663771
887.21132   -2361.0367775   -1091.6587114
887.0417746   -2475.1708508   -1089.1122818
888.0704912   -2405.9207439   -1090.7233953
886.4837559   -2355.7667732   -1091.835022
887.0831998   -2345.3917503   -1091.9350386
886.8216249   -2375.8099079   -1091.4779902
885.2992626   -2420.235157   -1090.7995701
884.4955834   -2409.8579884   -1091.113925
886.0502514   -2393.6059475   -1091.2456512
884.721038   -2469.8224068   -1089.620471
883.3292099   -2349.8396873   -1092.3427343
885.7735964   -2449.0110874   -1090.0883675
885.566202   -2429.3944836   -1090.5752182
884.5825764   -2463.8905525   -1089.8218155
883.3045336   -2402.5595188   -1091.4165974
883.6793872   -2366.0545349   -1092.0419693
883.6380812   -2384.8714828   -1091.7246342
884.3076798   -2444.2443848   -1090.416193
882.8662904   -2372.8151321   -1092.0387506
883.648512   -2458.4138393   -1090.1167393
884.6286508   -2479.2795181   -1089.3374681
887.3575302   -2481.9357395   -1088.840127
882.2724494   -2452.9533386   -1090.4650688
882.6049539   -2415.5337811   -1091.2507772
882.8064176   -2378.6795139   -1091.945529
881.9200071   -2425.4653454   -1091.1438465
882.9340907   -2396.2740898   -1091.5939808
882.7309283   -2439.6388531   -1090.7392502
882.0407959   -2391.2811279   -1091.8074846
882.247922   -2359.805584   -1092.3242569
882.9313489   -2344.802618   -1092.4810171
881.7059668   -2475.1112461   -1089.8976326
881.3033672   -2354.9792767   -1092.5225019
881.6003772   -2431.2574863   -1091.0694599
880.9819194   -2435.6751442   -1091.0617113
880.8128806   -2447.7410316   -1090.8062458
879.9493881   -2419.8555946   -1091.51721
880.8011683   -2466.4227962   -1090.2866125
878.7811371   -2470.4656601   -1090.4563665
879.1260394   -2480.659008   -1090.1064873
883.8910433   -2483.8023186   -1089.2968178
879.6684714   -2462.0499611   -1090.5712843
878.9771768   -2407.7889919   -1091.8778181
879.3631765   -2412.2333527   -1091.7425156
880.0910684   -2443.2678223   -1091.0148621
878.6425563   -2381.934166   -1092.4210548
878.6558481   -2397.9041576   -1092.1092033
880.0557526   -2394.6135044   -1091.9966698
878.5324963   -2415.9412384   -1091.7806625
879.5636865   -2486.5436554   -1089.8578167
888.2275792   -2362.8950119   -308.244288
887.5877532   -2386.3034248   -272.8417218
887.3562785   -2366.3301468   -301.0111451
888.0034062   -2351.5295982   -329.9659193
887.1287676   -2389.5514011   -270.1151073
887.2501525   -2392.9138184   -267.600745
886.7856237   -2358.6804867   -318.6629713
886.4408704   -2356.3878536   -323.7354457
886.8573578   -2360.5549335   -314.4267797
886.1105713   -2371.3076115   -291.565448
885.3069218   -2375.3321171   -285.6552601
883.6585256   -2373.4436035   -288.9371514
886.1575695   -2354.0592194   -327.7648985
885.1073953   -2364.8662567   -305.8011532
885.9708282   -2349.6685028   -332.8126371
885.5917128   -2346.5864658   -335.5203569
884.2509957   -2378.0755997   -282.2763026
883.2796188   -2381.8192482   -277.9582441
885.6781396   -2369.5142269   -295.0348854
885.5745765   -2367.9900169   -298.3080149
885.0263628   -2362.5998497   -311.1872375
884.4256672   -2384.7336769   -274.6662498
884.647456   -2352.2717953   -330.7036459
882.0957216   -2387.9537582   -271.9023526
883.3702179   -2367.2168255   -301.3097346
883.1504854   -2391.677618   -268.6790824
882.8489753   -2361.2060547   -315.9962595
882.2749826   -2358.7660789   -322.0472038
882.6911124   -2356.1971188   -326.5954554
881.831226   -2354.2723656   -329.7570944
881.721315   -2371.4158535   -293.1781411
882.6368722   -2348.7827778   -334.9335492
881.1907741   -2351.6335487   -333.0444098
882.3385211   -2369.165659   -297.4132895
881.4435872   -2346.5194702   -337.1382654
880.1158639   -2376.4600754   -285.6709063
881.4457925   -2364.4378185   -309.5370233
880.4364177   -2366.535902   -305.026263
881.9891783   -2362.9550934   -312.6142919
879.6322616   -2343.9228535   -339.2165303
880.7397755   -2384.9391937   -275.0654519
878.8560601   -2379.9424171   -281.3067138
878.6565336   -2374.0096092   -290.0028527
879.2442354   -2368.6783314   -300.4866838
879.0600272   -2391.3836479   -269.3056166
880.1176818   -2393.7726021   -267.350316
883.2423361   -2395.0357437   -266.2836611
878.4079226   -2361.4387512   -319.1584647
878.6570998   -2363.673687   -313.6229217
880.4064962   -2357.7184677   -325.3542185
878.5112771   -2356.6577435   -328.4024894
878.8860711   -2349.3196964   -335.8584344
887.3124989   -2451.4908791   -239.2779142
887.5335129   -2455.3802013   -235.8624488
887.6860412   -2407.8643322   -259.7777843
888.1651434   -2414.2892361   -257.3856115
888.0144926   -2467.1804905   -223.7441242
888.035086   -2399.8837471   -263.3944154
888.1370696   -2419.0526009   -255.5548549
887.9789981   -2459.31077   -231.9066674
885.6829079   -2432.9328537   -250.0370443
888.0205127   -2482.1853638   -207.1250975
887.3404237   -2396.3923454   -265.3701305
886.3688084   -2448.0118752   -242.0457602
885.476348   -2427.000761   -252.3508072
885.7421549   -2422.3377705   -254.1162372
885.9112533   -2444.794178   -244.1885173
885.2470192   -2441.2841797   -246.2147474
886.7352279   -2463.830471   -227.6024669
884.0168985   -2403.387785   -261.4340782
884.8830434   -2461.4200592   -230.5283248
884.0452107   -2474.6854305   -217.0828581
884.7504231   -2478.3465862   -212.9454166
881.9433423   -2470.1929092   -222.2299576
883.8640424   -2437.9460812   -247.8887737
883.5305544   -2482.3021889   -208.9749277
883.5792514   -2418.1981087   -255.5523217
883.2976194   -2412.7287865   -257.438302
883.3065005   -2398.8335133   -263.9029622
881.9512697   -2465.0053978   -227.4886072
883.4762844   -2457.4313164   -234.7398847
881.3887509   -2408.331871   -259.0632737
881.8668696   -2453.3653259   -238.6218607
883.1759366   -2450.4613876   -240.705207
881.5710815   -2447.7272034   -242.7591234
882.105914   -2444.1947937   -244.82508
880.7263049   -2424.2117405   -253.1087995
880.4100724   -2430.570364   -250.7748902
879.5561167   -2436.5651608   -248.5042959
880.1709386   -2441.3852692   -246.3719845
879.7300132   -2461.1620903   -231.8926603
880.0565275   -2477.2536755   -215.8019543
880.2093836   -2480.92556   -211.9302005
878.9832862   -2473.7348557   -219.5910811
878.9486261   -2401.6189575   -262.3751462
879.306552   -2405.0731659   -260.4762018
880.7081851   -2415.702343   -256.1078072
878.9871904   -2451.533556   -240.4490262
880.3178342   -2484.1895103   -208.108753
888.0710574   -2500.3042221   -1088.0625248
887.8616365   -2576.3468742   -1085.1842165
887.5493678   -2585.0982666   -1084.913969
888.2926079   -2517.3881054   -1087.4938965
888.20636   -2530.7040215   -1087.0928764
887.0349797   -2526.5712738   -1087.4181986
887.1428045   -2607.9750061   -1084.3598843
887.3395296   -2602.8251648   -1084.462285
885.838178   -2509.2043877   -1088.1296396
886.3544139   -2513.5118961   -1087.9197121
887.2744711   -2620.4948425   -1083.9922428
887.4956938   -2625.5276203   -1083.7973356
887.7473446   -2485.1255417   -1088.6672735
886.0856565   -2614.3624783   -1084.359169
886.7168697   -2565.4532909   -1085.8458281
886.0023292   -2571.0873604   -1085.701704
884.6763643   -2548.3293533   -1086.9601965
886.5254196   -2553.4760952   -1086.4387751
887.5741335   -2560.8644485   -1085.927248
886.4075812   -2534.8064899   -1087.2364044
884.3263658   -2540.5406952   -1087.3458385
884.8817917   -2489.3183708   -1088.9532566
884.412882   -2598.126173   -1085.0554705
885.0200447   -2580.8079243   -1085.4679346
885.0931796   -2521.9244957   -1087.8750086
883.4205242   -2495.9235191   -1088.9471769
884.6322867   -2557.2762489   -1086.5627527
884.218839   -2591.398716   -1085.2622986
885.828075   -2587.9483223   -1085.0963593
884.5201703   -2504.4331551   -1088.4883404
883.3023878   -2517.2023773   -1088.3030891
883.8303956   -2530.4646492   -1087.8047943
883.2714828   -2500.5733967   -1088.8118744
882.7324482   -2575.9279728   -1086.0203505
882.8657242   -2561.8715286   -1086.6234303
882.7118846   -2585.9735012   -1085.6660604
882.5001689   -2604.8984528   -1085.1893425
882.3751184   -2619.5003986   -1084.8116875
884.0862485   -2623.4605312   -1084.4146013
882.9298886   -2610.0988388   -1084.9827528
882.5499984   -2526.0920525   -1088.1540775
881.7398521   -2567.1112537   -1086.556673
882.6402398   -2553.4601212   -1087.0559216
881.3238414   -2534.9943638   -1088.0434513
882.1400674   -2512.4802589   -1088.6274576
879.4860514   -2614.2103672   -1085.4338408
880.8758827   -2571.672678   -1086.4915848
881.0455474   -2507.7598095   -1088.9415741
879.3007406   -2521.920681   -1088.8023376
879.0481361   -2580.8050632   -1086.4391327
879.3628486   -2491.954565   -1089.7119045
878.481594   -2550.9579182   -1087.8275633
878.9035054   -2557.2452545   -1087.4694586
880.0957473   -2503.0729771   -1089.2353058
879.4851276   -2594.6578979   -1085.9514475
878.5690638   -2600.6345749   -1085.9469175
879.0641996   -2539.0059948   -1088.2509947
879.8715445   -2589.8241997   -1086.0170126
880.1971646   -2499.2387295   -1089.3418789
878.659335   -2496.3757992   -1089.6767378
878.6402615   -2516.0040855   -1089.086771
879.4476958   -2608.976841   -1085.580349
880.1563355   -2624.1409779   -1085.0251913
885.1812454   -2617.0082092   -268.5064077
885.7006701   -2620.0680733   -271.4356184
887.5737461   -2615.1669025   -267.0461535
884.4728144   -2622.4343777   -274.0193009
887.2917267   -2624.1850853   -275.6923735
882.6979073   -2619.7617054   -271.2039649
879.1127177   -2620.2588081   -271.835357
879.2848261   -2623.4459877   -275.4827142
884.1086002   -2625.7755756   -277.6640058
880.450097   -2614.4914627   -265.8493817
884.0940567   -2613.5463715   -265.3059065
887.6796039   -2581.7694664   -223.8252759
888.0693885   -2595.0267315   -249.6815473
887.8455134   -2607.7702045   -261.2527609
887.2590932   -2492.4683571   -189.3202066
888.2130357   -2493.8850403   -183.3150983
887.3837861   -2569.2980289   -203.8808763
888.1843957   -2532.6697826   -178.3662736
887.749401   -2589.9505615   -241.9034988
887.7816471   -2599.4567871   -254.4068992
887.3268636   -2539.3388271   -181.8609387
887.4797793   -2536.3035202   -180.2963912
886.9251283   -2547.9381084   -186.8203729
886.8025216   -2506.6950321   -175.9741753
888.1358775   -2578.7100792   -217.6595628
887.852219   -2577.2678852   -215.0923461
886.1318203   -2515.2285099   -175.1649678
887.3004886   -2489.3269539   -196.2579936
887.1421488   -2565.0830269   -199.3486881
886.6250487   -2562.5267029   -197.006315
887.0210322   -2528.301239   -177.0772189
887.7627226   -2523.7774849   -175.4532754
887.3645636   -2484.7214222   -203.9779574
886.728135   -2587.1660709   -235.8645648
886.6195055   -2588.9005661   -239.4440323
884.9809738   -2579.9920559   -219.8107988
887.1473046   -2542.1235561   -183.4344417
886.9555863   -2573.5838413   -209.3989402
887.0779844   -2493.5958385   -186.1887276
886.7988261   -2495.6121445   -182.0566058
886.9481953   -2544.9383259   -185.0654036
885.6910142   -2575.8984089   -212.8220052
885.4075345   -2491.6300774   -193.1691766
886.9865807   -2497.579813   -179.9162328
885.1163062   -2486.6373539   -202.3758739
883.8726255   -2488.9917374   -199.2695332
886.1083659   -2583.360672   -227.1618545
886.4900442   -2567.0833588   -201.4398724
884.0805265   -2552.2677898   -190.0110245
886.4077004   -2592.1933651   -245.0637966
886.0090347   -2585.7338905   -232.6196432
886.2058791   -2571.4411736   -206.5317035
885.7429   -2601.3150215   -255.407989
884.532121   -2604.9611568   -258.2738996
884.6884938   -2609.2431545   -261.7827654
886.7212804   -2557.7981472   -193.0866241
884.5024975   -2559.4322681   -194.7191805
884.0619298   -2584.8650932   -230.2673757
883.1374618   -2555.8373928   -192.3775226
885.545549   -2503.1023026   -177.7760386
885.6503638   -2520.2186108   -175.6904274
883.9082988   -2510.7979774   -176.5407622
884.9436613   -2499.8786449   -179.6805859
885.6514665   -2494.6675301   -184.820354
885.5301412   -2533.0920219   -179.5248985
883.8190409   -2529.7915936   -178.8586825
884.1996165   -2578.2542229   -216.6654915
884.2073055   -2599.2057323   -252.8729439
883.3052488   -2593.3735371   -245.6856966
882.8150006   -2596.5151787   -249.488011
886.3631161   -2496.6096878   -181.3111007
884.3833777   -2524.7685909   -177.0477444
884.5691951   -2590.5201435   -241.6939288
883.4447237   -2581.2520981   -222.326383
884.7525092   -2582.5970173   -225.2713293
882.2795125   -2536.7143154   -182.2319776
884.5179649   -2568.0732727   -202.6688904
883.848575   -2570.0769424   -205.005914
883.5709067   -2485.0571156   -205.5326253
883.7912651   -2539.4473076   -183.060497
883.6850198   -2490.8666611   -196.0068345
883.260754   -2495.0191975   -187.1856749
882.8268918   -2493.8623905   -190.5518919
883.8883313   -2543.9510345   -185.46547
883.882639   -2563.372612   -198.0741173
883.864251   -2565.7193661   -200.3209889
884.1839107   -2496.7286587   -182.843104
883.5691782   -2572.4015236   -207.9269886
883.6461874   -2574.3646622   -210.5809301
882.3118182   -2548.2268333   -188.2304102
882.7870461   -2506.5197945   -178.0584157
883.3378824   -2586.9662762   -234.6538007
881.5365108   -2588.4206295   -237.0444238
881.7485245   -2516.463995   -177.0804971
882.760522   -2514.339447   -176.7059118
880.6170198   -2584.4781399   -228.9923728
884.5258924   -2495.4719543   -184.596613
882.3749395   -2602.9953957   -255.9231818
881.659803   -2575.9987831   -213.1170183
882.052687   -2521.2461948   -177.4097085
881.0647698   -2501.8885136   -181.0544878
882.5911852   -2533.7269306   -180.8143556
881.4613196   -2492.7594662   -193.9926744
880.802867   -2487.9620075   -202.7196735
881.81555   -2525.4669189   -178.2945842
881.0369047   -2499.5486736   -182.5968921
881.1779591   -2582.88908   -225.6826609
881.3524219   -2609.588623   -261.4895999
881.3916715   -2591.6676521   -242.4618602
879.3424936   -2589.6365643   -238.6393547
878.836331   -2606.0225964   -257.7557266
881.0183378   -2567.908287   -202.9625624
882.1050497   -2557.4276447   -193.6702281
879.8434409   -2559.3245029   -195.5635697
881.0116621   -2599.2443562   -251.8162131
880.5234107   -2579.7743797   -219.4185555
879.7746273   -2577.7437687   -215.9861624
881.4421269   -2611.954689   -263.6128068
879.3221089   -2586.4341259   -232.7860445
880.4962607   -2509.6662045   -178.4931719
880.5431994   -2512.8638744   -177.9557168
881.5360936   -2541.1179066   -184.6285909
878.4768852   -2543.9078808   -186.9754195
880.3012344   -2491.4081097   -197.2290576
879.5926245   -2490.1077747   -199.9226809
880.1437291   -2564.8090839   -200.0125647
880.4137083   -2570.9481239   -206.437692
879.4692429   -2539.6463871   -184.5366061
880.3660544   -2573.6422539   -209.8769397
879.8217448   -2486.3584042   -205.5689991
880.4855319   -2497.6801872   -185.0079745
879.9560042   -2581.4061165   -222.5683481
881.0750815   -2594.9141979   -246.9034642
880.3849491   -2495.8014488   -188.2133782
879.314241   -2494.8613644   -191.2714839
878.5226019   -2596.7650414   -248.2751459
878.72341   -2506.5736771   -180.2994162
879.5838925   -2518.0091858   -178.1375259
880.7364079   -2550.9610176   -190.0960654
879.7884556   -2555.3417206   -192.8205937
879.2919787   -2531.2111378   -181.0306609
879.8378082   -2527.6865959   -179.6973795
879.0432485   -2534.178257   -182.2465807
878.859994   -2602.2601128   -254.1879117
878.4280988   -2521.5883255   -179.1063994
878.7626299   -2502.8131008   -181.9949895
878.6057206   -2515.0985718   -178.7021458
879.0087374   -2501.1401176   -182.8381717
887.1477517   -2757.8475475   -1083.3261013
887.1280523   -2662.2540951   -1081.8902254
887.5175985   -2697.3090172   -1080.3903341
886.5592154   -2692.1498775   -1080.5684328
886.3661858   -2649.0154266   -1082.8791857
887.1368738   -2670.8321571   -1081.3227892
886.8487748   -2630.4242611   -1083.7243795
886.8813189   -2702.454567   -1080.5299282
886.8764909   -2732.0952415   -1081.6781521
886.4594372   -2680.6721687   -1080.9053183
886.7939385   -2657.5698853   -1082.260251
886.2150284   -2719.8829651   -1081.1605453
885.8951899   -2635.4086399   -1083.6707354
885.2288099   -2674.9660969   -1081.3667774
885.1604136   -2708.0798149   -1080.9179544
884.8219784   -2739.2659187   -1082.4081898
884.944168   -2686.4752769   -1080.9292793
884.806064   -2640.2630806   -1083.615303
884.7645196   -2666.7156219   -1081.9405317
883.3213123   -2653.8643837   -1083.0355883
883.5871192   -2726.4866829   -1081.867218
885.3505822   -2751.8093586   -1083.1515789
883.0556246   -2714.3321037   -1081.4341307
883.6168917   -2764.1575336   -1084.1850042
885.9716328   -2770.5426216   -1084.3060017
882.8789862   -2746.3929653   -1083.1307173
883.193818   -2644.7236538   -1083.6296082
884.1172727   -2699.4249821   -1080.9112787
883.0420943   -2695.5800056   -1081.0718536
883.2077058   -2627.4719238   -1084.4190121
882.1154507   -2757.3478222   -1083.9408636
881.8447264   -2670.3643799   -1082.1385384
882.6662572   -2658.8668823   -1082.7924013
881.790963   -2663.1355286   -1082.6259851
882.1715983   -2703.181982   -1081.2711716
881.1157616   -2733.6611748   -1082.6132298
882.1169706   -2632.2128773   -1084.4101906
881.3534053   -2690.8318996   -1081.3789368
881.3413354   -2678.1582832   -1081.7786455
881.7974301   -2682.3289394   -1081.5320015
880.8221193   -2648.8595009   -1083.7478638
880.489138   -2720.5955982   -1082.0661783
880.9616836   -2637.1304989   -1084.3765736
881.2742504   -2751.9214153   -1083.7035179
880.3341659   -2674.2112637   -1082.1331739
878.7443908   -2708.889246   -1081.9433928
878.7346455   -2685.8193874   -1081.8791389
878.6667856   -2741.4412498   -1083.409071
880.4995986   -2641.3064003   -1084.2422247
880.8069202   -2666.5053368   -1082.5411081
880.8577331   -2698.9529133   -1081.418395
879.857299   -2771.9578743   -1085.0875378
879.1253539   -2656.2278271   -1083.5118294
878.6612424   -2628.8394928   -1085.098505
886.8657919   -2700.8812428   -895.6629634
887.2880014   -2734.3988419   -949.7194886
888.0276056   -2737.0400429   -952.8394938
886.8058892   -2723.2182026   -931.1105609
885.5558606   -2724.4982719   -933.9366555
885.9500857   -2693.8064098   -869.1515923
887.6284333   -2708.8084221   -904.3887854
887.8699812   -2730.4353714   -944.2358017
886.8446323   -2713.3152485   -910.6878042
887.7672824   -2728.4855843   -941.1332011
887.0433243   -2743.50667   -959.2992067
884.7984942   -2751.9490719   -966.4731026
887.677488   -2759.657383   -970.4067111
887.7353045   -2718.1930542   -919.7176695
886.4367875   -2721.3525772   -927.1659851
885.9128924   -2698.5070705   -891.7659521
884.072599   -2696.8109608   -887.1343732
886.1258598   -2739.8974895   -955.978334
885.0576254   -2694.0751076   -861.8927598
886.156288   -2694.3554878   -878.5203099
883.4814104   -2694.6737766   -875.5617738
885.792044   -2715.8713341   -915.4093862
881.8528327   -2694.9892044   -855.4722667
888.304648   -2693.0608749   -852.0473838
885.7643577   -2706.3791752   -901.6496539
883.9200708   -2703.761816   -898.7690806
885.3329989   -2710.8287811   -907.2749615
885.4048225   -2726.8514633   -938.3730292
883.1453296   -2746.021986   -961.9991183
885.0463303   -2695.245266   -882.2740912
883.263168   -2732.5742245   -947.2745657
883.5263225   -2736.5887165   -952.3176551
884.3191238   -2728.2962799   -940.8082366
882.8019174   -2718.0702686   -920.6348062
881.5213414   -2756.8798065   -971.8773365
883.8838609   -2762.7441883   -974.3152857
883.3612474   -2708.568573   -904.5556188
882.5756284   -2742.562294   -958.9039087
882.0689889   -2700.7672787   -895.3472972
883.1248256   -2713.8264179   -912.3146534
883.1978413   -2712.2220993   -909.6824527
883.4730955   -2722.1820354   -929.3493629
882.3703202   -2724.0319252   -933.2322478
880.2462193   -2729.9335003   -943.4376359
878.6242279   -2718.8196182   -923.4752059
882.5536939   -2695.3125   -879.5907497
881.0470375   -2739.5887375   -955.8406472
880.8985921   -2695.3346729   -866.6601777
879.2512091   -2695.7805157   -871.4580536
880.3095194   -2699.0349293   -891.6270733
880.5267783   -2715.0053978   -915.1428342
880.3290101   -2706.0186863   -901.8791914
879.6862336   -2726.4018059   -937.8225803
881.3342723   -2710.4449272   -907.4316025
879.0640207   -2695.756197   -856.0093045
879.7169002   -2696.4969635   -883.2261562
880.086449   -2748.2690811   -965.0339484
880.7037445   -2752.4278164   -968.5470462
878.3874782   -2697.95084   -888.0099654
878.8610967   -2703.2001019   -898.56112
881.3133212   -2764.5096779   -977.0178795
884.6800598   -2767.6944733   -976.6616225
878.8160356   -2696.0477829   -877.8703809
879.4089528   -2733.7079048   -948.8532543
879.6313675   -2708.4965706   -905.0869942
879.3081614   -2712.4092579   -910.9123945
880.5088969   -2743.8585758   -960.567832
878.484902   -2745.0742722   -962.4302983
879.6220692   -2767.2815323   -979.6881676
886.0101374   -2693.6628819   -846.7237949
888.0214366   -2697.324276   -791.0422683
887.8766569   -2695.3883171   -807.6525331
884.8495456   -2695.1098442   -813.2911325
887.5372084   -2701.3301849   -730.2572131
887.9294368   -2697.9825497   -785.7118845
887.174693   -2700.0770569   -761.5289688
887.3447748   -2701.5156746   -720.1042175
886.2861367   -2701.4787197   -710.1499438
884.4884606   -2701.3864517   -716.4108157
887.909052   -2701.0030746   -741.4236665
886.515257   -2694.4313049   -820.5569386
884.6413466   -2694.4651604   -824.7808814
887.2636529   -2699.1724968   -773.7786174
885.509518   -2699.536562   -768.9179778
886.6353007   -2693.5107708   -841.0528898
885.9754773   -2701.410532   -724.3400812
886.427817   -2700.510025   -753.2063127
885.0414725   -2699.8119354   -765.0719881
884.7758444   -2700.7427216   -748.3099699
883.8443132   -2694.892168   -817.845881
882.9976293   -2701.1487484   -738.9782667
883.8429721   -2701.267004   -733.2879305
883.7298425   -2698.2188225   -782.4760079
884.6938583   -2698.8031864   -776.966393
885.0135478   -2694.1857338   -830.4007053
881.0045096   -2694.7958469   -834.9842429
884.2496546   -2700.2441883   -758.0474615
884.0845796   -2696.7608929   -795.5701351
881.7920955   -2696.116209   -802.4596572
880.019364   -2695.3527927   -849.301815
882.8568431   -2697.7324486   -786.7769003
881.7326101   -2697.2174644   -791.3838029
883.0993148   -2700.9046078   -745.1882958
881.7231628   -2695.6787109   -808.0419302
883.1878575   -2701.3311386   -728.1692624
883.1581744   -2701.3189793   -721.322
880.774376   -2698.9884377   -773.5620737
881.5876516   -2699.9993324   -761.4144087
882.0770653   -2694.6196556   -841.6796327
883.6198422   -2694.7591305   -820.9990263
879.5920285   -2700.4458904   -753.9744973
880.3977045   -2700.9384632   -706.7124248
884.1956826   -2701.2200356   -704.4909596
881.2166127   -2694.9262619   -845.6183672
880.6659552   -2699.5341778   -767.255187
878.705618   -2695.2059269   -829.8571706
879.2850348   -2695.4233646   -815.207839
880.6293877   -2695.4751015   -812.0946288
881.0151788   -2698.4453201   -779.3665528
879.4792565   -2695.2152252   -820.8056092
879.5667263   -2701.0436058   -718.2878256
879.0682527   -2700.23489   -757.4515939
879.0033432   -2696.634531   -796.8413234
880.2535804   -2701.2469769   -730.4648757
879.611996   -2701.239109   -735.1146936
879.7337087   -2698.0547905   -782.7557921
879.7603818   -2697.6921558   -786.483407
887.9436823   -2701.3146877   -692.994833
887.9850777   -2699.5618343   -638.930738
888.2669779   -2686.2812042   -573.8245249
888.1043168   -2696.3198185   -620.2226877
885.0307139   -2697.4973679   -629.6269298
884.8042759   -2696.308136   -623.5514879
887.7600702   -2690.5536652   -585.9960318
886.1109289   -2700.7796764   -656.3584805
887.4907466   -2683.6919785   -568.9385533
886.6275521   -2700.8299828   -675.5827665
887.588081   -2692.1987534   -594.2636132
886.843768   -2698.7133026   -634.5808506
887.5279995   -2693.6752796   -605.1008105
886.1237439   -2694.0355301   -609.7181439
886.2655731   -2701.0362148   -687.5015497
884.6271607   -2700.7141113   -664.7012234
884.0479525   -2700.6645203   -668.7048078
885.0307735   -2692.0878887   -598.4637141
885.1951929   -2692.6949024   -602.0635366
882.8369948   -2700.9708881   -697.6649761
882.8549059   -2700.0949383   -648.5731006
882.3301169   -2700.3135681   -651.8565416
881.6814097   -2694.0779686   -615.2893305
882.6912316   -2685.926199   -577.9495239
883.5532042   -2688.5786057   -584.197402
882.8884634   -2699.567318   -644.1230178
883.7292465   -2681.1141968   -566.8853521
883.907822   -2678.2796383   -561.7754459
887.8767165   -2677.2313118   -557.4353933
884.0407106   -2690.3266907   -589.7446275
883.0327066   -2700.6716728   -683.0366254
883.4703537   -2683.6073399   -571.954906
882.4723335   -2698.2784271   -636.4488602
880.5558058   -2700.5898952   -689.2960072
880.879608   -2700.712204   -693.9970851
880.6757005   -2690.4306412   -595.2122211
881.9653364   -2692.4536228   -605.8213711
883.8168057   -2697.9079247   -633.128345
882.375029   -2700.5279064   -673.2429266
880.0181719   -2700.3836632   -677.35219
881.7004236   -2700.5519867   -661.1486673
880.8217021   -2700.3948689   -656.4186811
881.8645152   -2691.5807724   -600.3450155
881.2343153   -2696.4242458   -627.6844144
880.9177848   -2697.1461773   -631.8570971
880.0400766   -2695.3792572   -623.5581636
880.2954825   -2700.813055   -701.3667226
878.8014921   -2700.3171444   -671.3253856
879.6741339   -2688.4157658   -588.099122
880.435166   -2689.5124912   -591.1870599
879.4034394   -2680.942297   -570.135951
879.3114992   -2678.2214642   -565.2431846
879.6111616   -2683.0837727   -574.3018985
878.8647326   -2699.5475292   -648.4184265
878.5303804   -2700.5896568   -698.5055208
879.7982308   -2675.1880646   -559.6892238
888.3120688   -2671.1072922   -475.124985
888.0164596   -2673.5203266   -462.4715149
887.9036876   -2665.6897068   -493.0761755
887.6455101   -2667.0691967   -488.9076054
887.803373   -2676.4361858   -441.0224259
884.5019909   -2676.347971   -436.0895753
886.1731263   -2664.0865803   -534.4512463
886.0007497   -2661.8101597   -528.9541483
886.4665004   -2660.0131989   -508.3291531
887.1720108   -2678.7946224   -416.8873429
887.7804252   -2678.4362793   -421.9378531
884.2834505   -2662.3096466   -496.6704845
886.0738846   -2667.579174   -541.8719649
887.7106281   -2674.302578   -457.0946991
886.8463906   -2674.8063564   -452.2574544
886.4212605   -2668.4403419   -482.7086926
886.1267539   -2677.8435707   -426.1286855
887.7894255   -2672.5862026   -467.2020972
886.1797126   -2669.5184708   -478.5743058
887.0193633   -2659.9476337   -519.04881
887.6223239   -2675.9667397   -444.6330965
885.2082463   -2675.0283241   -447.5352168
884.7793909   -2670.9976196   -470.6053138
883.4103616   -2659.8374844   -502.5724769
884.6819373   -2671.3049412   -549.6451259
883.2921656   -2674.0555763   -555.2639365
886.1090215   -2669.2023277   -544.9534059
884.3027624   -2677.0451069   -430.1390052
884.5181438   -2659.4493389   -523.2208967
885.1697119   -2658.8540077   -515.5965686
884.870586   -2658.7197781   -512.378037
883.3177658   -2669.1887379   -475.4163325
884.4600888   -2671.8835831   -465.9389555
884.6055242   -2673.1760502   -458.9826763
882.3829564   -2671.923399   -462.0781243
880.4291161   -2663.1238461   -489.3034697
884.0009841   -2676.078558   -558.1277013
884.0794536   -2675.4183769   -442.5850213
882.3982152   -2677.6850224   -421.1583436
883.6832615   -2673.4974384   -455.2124441
880.4640444   -2664.9956703   -484.3536019
882.8130337   -2678.2512665   -415.7878458
884.8459991   -2678.8420677   -412.1520817
883.1593367   -2658.1785679   -520.1113224
882.3963078   -2673.7482548   -450.8361518
882.8287097   -2657.8917503   -510.13273
881.177661   -2657.7153206   -506.3499808
881.548998   -2667.0930386   -479.8274338
881.3158246   -2663.8486385   -538.6435986
883.3543333   -2662.6422405   -533.9311957
882.1345838   -2677.0074368   -426.6226292
878.8667294   -2665.6084061   -544.3020463
880.4706904   -2657.4056149   -523.8347054
879.857448   -2660.0785255   -532.307744
879.8826309   -2673.527956   -446.7410147
882.0728632   -2657.2418213   -513.9085054
879.2524608   -2669.6600914   -467.4189091
880.6817504   -2669.0056324   -472.3485708
878.6028894   -2670.4330444   -552.8144836
881.3351067   -2672.2927094   -457.9980969
879.9162479   -2675.9400368   -430.6401014
879.7400864   -2674.5522022   -439.6196008
879.2247149   -2675.0762463   -435.0993335
880.2312585   -2659.5096588   -498.3402491
879.7126683   -2660.7580185   -494.2200184
879.2710277   -2672.1665859   -454.0904462
880.1152679   -2662.3702049   -536.9895697
879.2157146   -2667.2945023   -475.8658707
879.2732032   -2672.8386879   -556.2621355
878.7912699   -2655.5902958   -514.5979524
878.7613484   -2655.960083   -509.2051029
878.7494274   -2677.3171425   -416.1980748
880.9629651   -2678.1163216   -412.6240909
879.4853958   -2672.950983   -449.6014714
888.1198736   -2675.9037971   -364.2022014
886.0782357   -2673.6826897   -355.0124168
886.9520398   -2674.6270657   -358.691752
887.692866   -2679.3334484   -390.2616501
886.8719312   -2679.060936   -385.9398067
887.8537985   -2669.5053577   -341.1883414
887.3787793   -2660.4597569   -317.0726895
888.0669149   -2679.5606613   -399.8462558
887.6548382   -2676.8746376   -368.7113523
886.5672918   -2677.5531769   -372.5547194
887.7315494   -2672.4207401   -350.9553373
887.5346156   -2671.5614796   -347.9034305
887.1934684   -2635.1714134   -286.202848
886.2912925   -2639.2242908   -289.3950939
885.792044   -2675.4770279   -361.9268239
887.9540237   -2626.2278557   -277.7602375
886.6629573   -2679.2957783   -407.3640406
887.3180719   -2628.7255287   -280.3845406
886.8283304   -2644.3762779   -293.9069271
886.4855739   -2631.7706108   -283.3584845
886.2852129   -2663.6738777   -323.895812
884.9917921   -2662.3113155   -320.4907179
886.456755   -2641.6928768   -291.4065719
886.4525529   -2647.4666595   -297.1538305
885.3815468   -2650.52104   -300.7364869
885.1968618   -2678.524971   -380.1145256
883.9739534   -2666.9585705   -332.3600888
886.5178498   -2667.6001549   -334.9018395
886.6166743   -2664.5319462   -326.1370659
885.3119882   -2679.3124676   -403.8778245
885.6163295   -2657.3779583   -310.9408021
885.3118988   -2659.1258049   -314.063549
886.5438672   -2678.393364   -378.4897327
884.575245   -2678.0350208   -376.1152923
884.2552575   -2665.4920578   -328.2812834
885.635105   -2655.4472446   -307.693094
885.0605162   -2679.3417931   -397.2196877
883.7253424   -2679.1505814   -392.8711414
885.278252   -2670.6638336   -344.376862
884.9560889   -2653.3231735   -304.4236004
883.3264085   -2669.000864   -338.5396898
883.68198   -2668.2448387   -336.268127
883.7205144   -2676.5477657   -366.7778373
884.1684731   -2679.2213917   -400.8769989
884.3467208   -2628.1194687   -280.0753713
882.7032419   -2670.3948975   -342.9987431
882.8310641   -2673.0074883   -352.0611227
884.2433365   -2679.0468693   -388.5846734
883.6251768   -2677.0555973   -369.6613014
882.6619359   -2671.4491844   -346.559763
882.4177059   -2660.6528759   -316.7163432
883.2445117   -2629.0743351   -281.1503708
884.0873512   -2633.4974766   -285.0917578
883.8962289   -2635.9736919   -287.055552
882.4994835   -2674.8533249   -359.2381775
883.6688968   -2648.1990814   -297.8158295
881.7192587   -2678.5686016   -384.6562505
883.7475749   -2643.4965134   -292.9840386
883.255777   -2645.771265   -295.186311
881.615785   -2678.558588   -407.9982042
883.2269283   -2664.0720367   -324.3331015
883.1799003   -2677.495718   -372.6703227
882.3564025   -2630.9998035   -283.046484
882.4782344   -2641.3600445   -291.2665308
881.2765154   -2638.1497383   -288.8819873
882.0538195   -2676.1100292   -364.9955392
880.2540871   -2675.4021645   -361.9847298
881.9050761   -2678.1628132   -379.252255
881.6816779   -2656.0044289   -308.1564009
882.965413   -2654.9603939   -306.622237
881.7362758   -2658.5228443   -312.5607669
880.9690448   -2652.0411968   -302.3793697
881.1406168   -2650.1734257   -300.0628948
880.479035   -2678.691864   -397.6154327
880.406973   -2662.7764702   -321.1388588
880.8698627   -2653.8114548   -304.8078716
881.5790089   -2674.1223335   -356.3092351
880.1556202   -2677.4454117   -374.5616078
880.0325068   -2666.5625572   -330.7645917
880.5480274   -2665.2636528   -327.213645
881.2403651   -2678.7326336   -389.2136812
880.5977079   -2678.5919666   -402.8789997
879.9450072   -2626.3635159   -278.6619961
880.4860386   -2633.7766647   -285.5500877
879.8968764   -2644.1452503   -293.6303616
878.6319765   -2678.3385277   -392.3386931
881.2405141   -2668.2136059   -335.7809186
879.3954822   -2647.3987103   -296.8802452
880.4956349   -2676.7704487   -369.1858351
880.2612098   -2670.7270145   -343.8055813
879.6114894   -2669.0750122   -338.2475674
881.1005922   -2664.1452312   -324.33936
879.3856176   -2672.2569466   -349.1447866
879.2070719   -2673.2752323   -353.0590534
878.8199397   -2656.7978859   -309.4604015
879.3196055   -2674.66259   -358.8085473
878.4725937   -2642.4856186   -292.298615
879.7751638   -2659.7852707   -314.8558736
878.5968395   -2628.8850307   -281.2715769
879.3736967   -2631.2568188   -283.4347785
878.9581629   -2675.8494377   -364.7054136
878.8304301   -2677.9277325   -381.2665045
878.6317679   -2655.0331116   -306.5850139
888.3136185   -2826.6675472   -1059.9671602
888.2120224   -2776.4284611   -1084.408164
885.7421847   -2786.9596481   -1085.1644278
888.3406194   -2807.7118397   -1015.9498453
886.7990049   -2829.0755749   -1069.1027641
887.3177143   -2828.3638954   -1064.5880699
886.5145715   -2829.1232586   -1072.799921
887.4913725   -2817.7325726   -1028.9387703
887.1142241   -2804.639101   -1012.7220154
887.4956938   -2813.9703274   -1084.3452215
887.9690143   -2809.738636   -1084.9057436
887.1574076   -2818.0942535   -1083.3457708
886.6136047   -2800.7934093   -1009.1573
886.0424133   -2798.0911732   -1085.3481293
887.3122605   -2821.3567734   -1081.9813013
887.5196549   -2825.5198002   -1055.8235645
887.8057572   -2798.0101109   -1006.6947937
885.473785   -2824.2576122   -1049.1327047
884.808925   -2823.4488964   -1043.8219309
883.8242563   -2815.407753   -1024.3933201
885.1643773   -2810.5769157   -1018.4594393
884.9382969   -2781.6438675   -1085.0315094
884.6625956   -2825.4439831   -1053.034544
886.0061141   -2819.9183941   -1032.7111483
882.5977417   -2792.3154831   -1085.5703354
884.5495554   -2821.8827248   -1037.3191833
884.1764303   -2827.372551   -1077.5983334
883.9840861   -2829.0143013   -1074.9928951
884.8677846   -2807.574749   -1085.2049589
883.2457336   -2803.478241   -1085.4692459
884.5434161   -2824.1915703   -1080.3003311
884.3973847   -2807.207346   -1014.6672726
883.7442967   -2826.7161846   -1057.1295023
882.8124078   -2828.3083439   -1061.5811348
883.7669166   -2776.2796879   -1084.8875046
883.7455484   -2811.7735386   -1084.8863125
884.8590525   -2797.2667217   -1005.746603
882.831839   -2816.0355091   -1084.097147
882.3111626   -2818.3758259   -1028.7227631
881.762174   -2829.5228481   -1066.3290024
882.4444982   -2820.612669   -1082.6764107
881.5646144   -2804.0542603   -1011.1708641
880.4797503   -2829.875946   -1071.6814995
880.2802535   -2798.9749908   -1006.6940784
881.297824   -2798.8479137   -1085.6935978
882.2425278   -2820.8796978   -1033.6905718
882.0666941   -2785.9880924   -1085.4815245
882.4281367   -2824.8035908   -1048.9010811
879.7693821   -2808.7465763   -1015.5240297
880.4596933   -2812.3998642   -1019.7936296
879.7985586   -2780.7395458   -1085.5135918
880.7912143   -2808.1924915   -1085.3428841
879.2890283   -2796.1246967   -1004.0620565
885.0748213   -2794.4769859   -1002.980113
879.8873993   -2823.4467506   -1040.2243137
879.0416392   -2825.1488209   -1047.1427441
879.3830844   -2826.580286   -1053.5759926
880.1017674   -2822.1058846   -1036.0018015
879.3806108   -2826.5829086   -1079.0468454
878.6300691   -2822.1588135   -1082.0809603
879.5286687   -2828.5646439   -1075.8976936
878.5976442   -2817.6271915   -1026.7341137
878.4600469   -2813.3192062   -1084.864974
878.920612   -2828.2155991   -1058.6518049
879.2484375   -2819.8697567   -1030.7620764
887.9032703   -2769.2244053   -976.0125279
887.5344666   -2786.0357761   -991.5954471
886.6243037   -2779.8666954   -984.326601
886.0105249   -2774.176836   -980.0654054
886.2997564   -2771.0728645   -977.9037237
884.2051598   -2788.6173725   -996.0283041
885.4029747   -2777.130127   -982.4979305
883.4013613   -2782.6054096   -988.2229567
881.3880058   -2792.1931744   -1000.4338026
883.5038515   -2786.003828   -992.5771356
882.9987022   -2778.7775993   -984.819293
883.3756121   -2771.5756893   -979.6413183
882.3347362   -2775.5482197   -982.5572968
881.2789889   -2786.4041328   -993.5000539
878.7060352   -2783.38027   -990.6406999
879.3398114   -2772.6657391   -982.4008942
