691.4893808   -1916.7791605   702.8080225
688.5297718   -1915.9303904   705.3890824
685.4486959   -1912.9289389   702.9312849
685.0949722   -1914.673686   707.1874738
688.6949437   -1917.478323   708.6246014
691.4014938   -1918.4207916   705.8932781
681.4674857   -1911.1895561   702.3044229
682.5049492   -1912.7633572   705.3918839
681.9467592   -1914.1025543   710.3840709
678.0430498   -1912.0832682   709.6423507
677.1491738   -1910.4197025   704.0243149
673.8350662   -1909.0667963   703.1673193
675.0653731   -1910.6243849   709.9804878
671.4601936   -1908.6179733   707.1231008
670.0431677   -1907.5170755   702.1280527
667.8357991   -1906.6406488   704.5159936
666.9236394   -1905.8475494   708.5772753
664.864962   -1904.853344   705.7005763
663.0561548   -1902.8648138   709.5825076
664.941554   -1905.1228762   701.8210888
662.851912   -1903.8461447   703.7639022
660.8910682   -1901.9356966   706.9811821
656.7264023   -1900.2181292   702.1175027
657.5987982   -1899.5515108   706.8375349
653.9259525   -1897.1501589   706.1020732
653.672074   -1895.4586983   709.7747326
653.7729102   -1898.2802629   702.2212148
651.0500098   -1896.510601   702.1765709
651.5708017   -1895.2735662   706.6418529
647.8296565   -1891.7136192   708.7111473
648.5558348   -1894.6806192   702.7499676
646.8209373   -1892.2547102   705.8922052
646.1571502   -1893.4043646   701.8547654
644.6204866   -1889.6272182   708.4520459
643.8822234   -1890.7880783   704.7347426
640.88503   -1890.0966644   701.5457749
641.1643709   -1888.4632587   705.9337497
636.8867243   -1886.5289688   703.9141655
636.5784752   -1884.5127821   707.9042792
633.4305751   -1884.0948343   704.2388916
630.9998678   -1881.8382025   705.5817246
629.7295737   -1879.6365261   708.0560327
630.7535703   -1883.6780787   701.0533214
627.0270916   -1880.1358938   703.3486366
625.2640644   -1876.9468069   707.0630193
622.3496991   -1878.0562878   701.0224462
623.0371157   -1876.6714334   704.6536207
621.9159598   -1874.2470741   707.4222565
619.1618881   -1875.8796453   700.9919882
619.5032606   -1872.0940351   707.8998089
617.9491794   -1873.5212088   703.7725449
616.5928701   -1869.5766926   708.4989548
616.4983223   -1871.2048531   705.7908177
614.8201758   -1872.800231   700.8667588
612.9780887   -1866.122365   709.6771002
614.2431582   -1870.390892   704.3656111
612.7168993   -1867.5361872   707.194984
612.7585108   -1870.6618547   701.8447518
610.7463921   -1868.2111502   703.3201456
609.8084255   -1865.4499054   706.8603635
607.9475629   -1861.8882895   710.2489471
607.7370746   -1865.4997349   703.5117745
605.8601346   -1861.825943   707.1567774
604.8611701   -1859.6291542   709.8354697
603.1138702   -1861.566782   701.8784881
602.4236754   -1858.8345051   706.1995268
600.9446178   -1856.5093279   708.2545757
600.566078   -1857.8823805   703.5452127
599.5433005   -1855.9513092   705.6646943
598.3258081   -1854.085207   707.8078389
597.5871892   -1854.539156   703.7543654
595.920546   -1852.0311117   706.6522241
594.2367341   -1851.2427807   703.6679983
593.1914912   -1849.4356871   707.4006796
592.1789704   -1850.249052   700.5340457
591.361331   -1848.5298157   704.1053176
589.7459528   -1846.6368914   708.0116272
589.9900574   -1848.0262756   701.2934685
588.1481546   -1845.9545374   703.3529878
586.4232127   -1843.9174891   708.8822126
585.3781668   -1843.3498144   705.8132291
584.0092218   -1841.8123722   709.2319727
583.2456602   -1841.5552378   703.1858563
582.9200717   -1841.0850763   706.4766884
581.6571881   -1839.5816088   708.6901665
581.1535996   -1839.3931389   704.9036026
579.215684   -1837.1516466   703.202486
578.5189802   -1835.9897137   700.6136775
578.928669   -1836.7022276   707.6678872
576.2877027   -1833.4729671   703.8618326
575.9339016   -1833.1205845   708.8609338
574.3396441   -1831.0976028   705.5287361
573.2588647   -1829.2012215   703.156054
573.703981   -1830.4640055   708.6795568
572.0333243   -1828.3611536   707.1580887
569.9668164   -1825.4960775   705.3278089
570.1278346   -1825.8905411   708.8841796
568.3594169   -1823.0284452   703.7709951
568.1489734   -1823.2761621   710.4609609
568.499229   -1823.807478   707.5673938
567.199531   -1822.129488   706.5817714
566.1311271   -1820.2844858   703.5366893
564.1730363   -1818.4037209   706.5890431
563.9504483   -1817.525506   702.5839686
561.8846314   -1815.8488274   708.986342
561.9493528   -1815.735817   705.0018311
562.0432264   -1815.1324987   701.6679645
560.241961   -1813.6911392   703.5201788
559.7308213   -1813.5119677   706.7015767
558.0847944   -1811.6275072   704.4309974
556.1170476   -1809.1490269   701.8110752
557.8038777   -1811.3578558   707.6051235
556.3733513   -1809.5914125   709.8459601
555.865516   -1809.3634844   706.302464
553.7991757   -1806.9502115   708.6311579
553.597224   -1807.0590496   704.5259476
553.3384467   -1806.2355518   700.5963922
551.2981015   -1804.5389652   706.5938115
551.4590973   -1804.8719168   703.2372355
548.4240139   -1801.3862371   707.8939676
549.1047288   -1802.528739   703.8533688
547.3955097   -1800.781846   700.6441951
546.4529181   -1799.8833656   704.4780254
545.5035614   -1798.9610434   708.2338929
545.0357246   -1798.6625433   701.4015317
543.2891036   -1797.2742319   704.4271827
542.3521633   -1796.9275713   708.9934349
541.1479297   -1795.6051826   702.9227018
539.7027219   -1795.0508595   706.1832547
538.5911884   -1795.134902   710.4946375
536.4573012   -1792.7355766   702.4256587
537.8382178   -1794.4657803   708.5052133
535.4839387   -1793.0032015   706.2038183
534.2277335   -1793.1598425   708.9619637
532.3434072   -1791.1939621   702.434063
530.8808322   -1791.7517424   706.759274
530.6537534   -1792.4962044   710.0870609
528.2139304   -1790.5920744   704.0749192
526.7973813   -1791.4973497   708.8575959
525.2727988   -1789.5251513   701.3570666
524.8549628   -1790.3057337   705.0122619
522.9499834   -1790.6426191   707.3076963
520.9821882   -1789.678812   703.3394575
519.5039632   -1790.7530069   708.1720233
515.4490965   -1790.3782129   705.7691813
517.1839493   -1789.3714905   701.5654445
515.4001164   -1791.1214828   709.0389132
512.2817653   -1790.3460264   703.7526965
512.4538737   -1791.0485268   707.1747184
509.5332461   -1791.3566828   706.6571116
508.4232064   -1790.76159   703.2003999
506.75713   -1792.2086716   708.9149356
506.0566115   -1790.7692194   701.0020614
505.4052296   -1791.705966   705.4142356
503.3840062   -1792.6440239   708.8320255
502.5242763   -1791.5444374   702.5146484
500.6780299   -1792.2091484   705.1118016
498.9668103   -1792.8808928   708.2442045
499.0843283   -1791.7066813   701.6478181
495.5027672   -1792.5515175   705.8884501
490.2969646   -1791.587472   702.1463513
491.8756308   -1792.5243378   706.4635158
488.9699566   -1792.875886   709.017694
487.979536   -1792.0434475   705.6908607
486.3629388   -1790.8550501   701.0899186
484.933612   -1792.5491333   708.9485526
484.1911914   -1791.7137146   706.0377598
483.3164113   -1790.7108068   702.4873495
482.0787432   -1792.0143604   708.0548406
479.9055579   -1791.0993099   705.8417797
477.2343384   -1789.2136574   700.8228898
477.4633171   -1790.3381586   704.5039535
475.4404994   -1791.531682   709.128201
474.6823432   -1790.5179262   706.4469457
475.3340679   -1789.4121408   702.6718259
472.6734432   -1788.6816263   701.9892931
471.2438109   -1791.0276651   709.3891501
470.759702   -1789.758563   706.0821056
467.8574475   -1787.3499393   700.9122968
468.2622748   -1790.6686068   709.6908092
465.6482162   -1788.3262634   704.7247291
463.9314982   -1789.5698547   708.6971402
464.3460038   -1786.5493298   700.6313205
462.0676609   -1787.8793478   705.1913142
461.1249539   -1789.8771763   710.4908228
460.8872058   -1785.905242   700.6533146
459.2708471   -1788.5376215   707.9516053
458.7442996   -1787.0941162   704.6038508
457.9570713   -1785.925746   702.0411491
452.6629867   -1787.7078056   708.2811594
453.5879167   -1786.0001326   703.8915753
453.3527913   -1784.8803997   701.2361288
449.8274448   -1786.3625288   706.1034441
449.408901   -1785.0761414   703.1582594
448.7301084   -1787.3501778   708.7711692
446.947855   -1785.4738235   704.9589157
445.6376853   -1784.009099   701.6867399
443.6377259   -1787.3128653   710.3388906
443.8992264   -1785.8620882   706.9093585
443.688375   -1784.7061157   704.0489912
441.1167326   -1785.0939035   705.8241963
440.6543347   -1786.164403   708.5117698
440.0567087   -1783.927083   703.0408382
437.4947073   -1785.0407362   706.4440846
437.9729452   -1786.5357399   709.8978758
435.4490163   -1783.4866047   702.581048
434.1127696   -1786.2592936   709.7223997
433.4042939   -1784.6088409   705.8156133
432.0737394   -1782.8862667   701.1928558
430.7468059   -1783.7532759   703.7311196
430.0207915   -1785.1647139   707.4179649
426.5434416   -1782.8685045   701.5723586
426.6112717   -1784.2888832   705.2856088
426.0397079   -1785.4659557   708.1518769
422.785488   -1783.6074829   703.5747766
421.3217171   -1784.8012447   706.3778043
422.1629473   -1786.5917683   710.3031278
418.4436622   -1782.8422785   701.5382051
418.9323606   -1785.8537436   708.3787918
415.8052775   -1784.650445   705.2849531
414.5387682   -1787.0506048   709.7346187
413.7607785   -1783.0297947   701.2872696
411.1230495   -1784.3991518   703.5099268
411.1031266   -1785.8245373   706.3419223
410.1959737   -1787.9023552   709.9563479
409.1828438   -1783.6856842   701.1211514
407.352102   -1787.3234749   707.770884
407.6639088   -1785.520792   704.3807507
404.2276862   -1784.9693298   701.4141679
404.2359712   -1787.0107889   705.6318521
403.8129868   -1789.2395258   709.5125914
400.9538563   -1787.0419025   703.7255168
401.5196534   -1788.3800268   706.7015171
399.9760719   -1790.0468111   708.7887526
398.7009498   -1788.8182402   705.7113647
397.7771523   -1787.7202034   702.8028369
397.6104679   -1791.8992043   710.4306817
396.5137871   -1790.7543182   707.7220678
395.2389481   -1789.5271778   704.3751478
392.9919424   -1793.1575775   709.3717456
393.7658044   -1791.351676   706.7149878
390.1017877   -1791.1635637   702.9550672
388.4093734   -1795.3318357   709.7815871
389.0394243   -1793.7879562   707.3101401
386.7663863   -1793.4952974   704.3904662
386.1765387   -1792.2333479   700.8808851
384.504837   -1795.3237295   705.9908509
383.8456544   -1797.0131636   709.0587616
383.6560073   -1794.2265272   702.4523616
381.4432146   -1796.1010933   704.2973638
378.6765458   -1798.1446981   706.172049
377.9017004   -1796.8789339   701.8301487
375.853953   -1800.7262945   709.5196247
374.7076365   -1798.5422611   702.2464275
375.3420385   -1799.7184992   706.1327696
371.2808164   -1802.1585941   707.8037262
371.6364028   -1800.4555702   703.8916349
370.4350116   -1799.937129   701.2446523
368.9945611   -1802.0544052   705.0728202
368.4053691   -1803.8575649   708.8418007
367.0921894   -1801.1424541   700.9398341
365.6853559   -1804.2597771   706.9471478
361.7105903   -1804.7579527   703.6858797
361.325291   -1806.8220615   707.4626088
358.5019233   -1810.236454   710.3801966
359.5033409   -1807.0460558   705.7794333
358.2561138   -1806.4755201   703.1133771
356.5265211   -1808.5261583   704.8557401
355.0939085   -1807.5129986   700.9159327
355.3899648   -1810.7811213   707.3697448
353.4775498   -1810.3784323   703.9625645
352.5188538   -1812.8458261   706.8904042
351.639581   -1815.0880337   709.3829513
350.2801629   -1812.7714396   703.3053637
349.4181605   -1817.5113201   710.3505731
349.6528389   -1815.3655529   706.7439556
347.1946391   -1815.3288364   702.8280497
346.006033   -1817.840457   705.9984207
345.8797308   -1819.2777634   708.9684606
343.9437123   -1817.7403212   702.2736669
343.9947786   -1820.5053806   709.6079588
343.1412997   -1819.6877241   705.8212757
341.080484   -1821.4015961   708.630383
341.4341333   -1819.2430735   702.2206783
339.6264883   -1820.9381104   704.8749924
337.6987251   -1822.3456144   708.2837224
335.8186754   -1821.9413757   704.2405009
333.0312642   -1823.2837915   708.7250948
332.2899016   -1822.5721121   703.771174
329.5273157   -1822.480917   700.7194161
329.26133   -1823.2141733   705.5360079
329.0982517   -1823.6461878   708.9476585
326.7890485   -1823.7380981   709.2088461
325.7848295   -1822.9422569   702.9260397
321.5981694   -1822.7804899   704.6146393
321.232942   -1822.9328394   709.502399
317.9452094   -1821.9935894   701.4887929
318.2066055   -1822.1895695   706.8377137
318.3837505   -1822.1447468   703.8114071
316.2568184   -1821.6154575   704.630971
314.2895969   -1820.6962347   707.6647878
313.9297339   -1820.8500147   703.0763626
310.754803   -1819.0044165   704.5227289
310.2856847   -1818.1217909   707.8000307
308.3355399   -1817.6555634   702.4108171
308.1303807   -1815.8727884   709.5925808
307.174352   -1815.9067631   705.93822
305.4805966   -1815.0695562   703.5726309
305.734125   -1813.6085272   709.8586559
303.4955832   -1812.6302958   706.1348557
302.3046526   -1810.6651306   708.9733481
301.0260137   -1811.7756844   701.9388676
299.8965951   -1809.5568419   705.5519223
300.4872771   -1809.1490269   708.8135481
297.9928228   -1809.2384338   701.5160918
297.5719842   -1806.9335222   708.4160447
296.5806695   -1807.2285652   704.3741941
295.3507575   -1807.2363138   701.2812495
294.7843643   -1805.4219484   706.258893
294.2257496   -1804.3584824   709.2391849
293.6105403   -1805.4505587   703.1697035
291.7187782   -1803.4625053   706.1400414
291.5263446   -1802.5670052   709.6071243
290.3593453   -1803.7290573   702.0112872
288.9308306   -1801.3899326   708.1389427
288.2762226   -1801.8568754   704.6070695
286.9041236   -1802.0614386   701.0660768
285.8552607   -1799.516201   709.8975778
286.4087196   -1800.4268408   706.594646
285.1212295   -1800.4670143   703.7807703
283.7185236   -1799.1986275   706.602335
282.4061783   -1798.1365919   709.3102932
281.9359871   -1799.1631031   703.5330534
280.4051908   -1797.9121208   706.5399885
278.9051505   -1796.6682911   710.3580832
278.4299227   -1798.0179787   703.0541301
276.8741521   -1796.7795134   706.4346075
273.7959   -1795.3557968   709.4658017
275.4280242   -1797.701478   700.8639574
274.2530974   -1796.7790365   703.1880617
274.0369412   -1796.2024212   705.5407166
270.959613   -1795.5498695   705.4642439
269.5199224   -1794.6007252   708.6143494
268.9809474   -1796.304822   700.9919882
266.3972648   -1794.7633266   705.58846
266.3729759   -1793.7546968   710.3178501
262.3142871   -1793.643713   708.462894
261.898038   -1794.6480513   704.0661573
258.1738802   -1793.9054966   706.1359882
258.3699497   -1793.2482958   708.9585662
256.2520476   -1794.5843935   703.400135
254.5077773   -1793.135643   709.0461254
255.2364441   -1795.3153849   700.8194923
250.8474263   -1793.9068079   705.8489323
251.121399   -1793.0221558   709.4696164
247.9630383   -1793.9527035   705.8221698
247.6919266   -1795.3215837   700.5899549
246.8176755   -1792.9844856   710.0723982
242.8860041   -1793.7520742   707.5244188
244.2719909   -1794.9277163   702.2951245
240.7981726   -1795.4660654   700.6259561
239.5834299   -1794.7195768   704.2375803
237.7636405   -1793.8302755   709.8409534
236.0754582   -1795.9012985   700.8678913
235.3013726   -1795.0015068   705.7463527
232.3347005   -1796.1677313   702.9264569
230.6188615   -1795.9477901   706.4716816
226.7391356   -1797.8413105   702.9502392
226.8353375   -1796.6563702   709.2003226
225.8443805   -1797.7107763   705.3858638
224.1971763   -1798.0277538   707.3857188
223.0545553   -1799.481988   701.9612789
222.1305045   -1799.3249893   705.0703764
219.8298546   -1799.6900082   708.8577747
218.9308377   -1800.7133007   705.3923011
216.2786695   -1802.2055626   704.2729855
216.3389596   -1801.5213013   707.8799009
213.5745557   -1803.1209707   706.3881755
212.774125   -1802.8055429   710.3686929
211.2167152   -1804.800272   703.0620575
209.656206   -1804.7600985   707.4222565
207.0597383   -1807.0805073   700.8939385
205.9921297   -1806.632638   706.0518861
202.2823068   -1807.6004982   709.7985148
202.8769227   -1808.6925745   702.3789287
201.5204402   -1808.442235   706.6909075
200.2877267   -1809.6398115   703.297317
197.3834606   -1809.5989227   710.1100087
197.1419128   -1810.7053041   704.5115232
197.8417309   -1811.1279011   700.941503
194.5738467   -1812.0911121   703.2020688
193.558422   -1811.7778301   706.9137692
191.5431889   -1813.7181997   701.9572258
190.4460462   -1812.5658035   710.1812363
188.9124187   -1814.2273426   705.0994635
187.7198788   -1814.1044378   708.7594867
185.1512166   -1816.6996241   702.5433779
184.9301132   -1815.9788847   706.3470483
184.796569   -1815.3547049   710.3031874
181.6064688   -1818.3031082   703.9957047
182.5691434   -1816.920042   708.1921697
179.3033751   -1818.8328743   708.1959248
177.7809533   -1820.5988407   703.9393783
175.995973   -1822.4872351   700.8904815
176.6526075   -1820.1546669   710.2088332
176.2811216   -1820.9484816   706.8591118
174.8418184   -1822.3664761   704.4842243
172.4784645   -1824.9212503   700.7358074
173.5772761   -1822.5158453   707.9190016
170.9648641   -1825.122118   704.0612102
171.4549931   -1823.540926   710.2959752
169.593093   -1825.1787424   708.4441185
168.3976921   -1827.7821541   701.4650106
168.7464686   -1826.5621662   704.9773335
166.2691208   -1827.9707432   707.5040936
166.1297949   -1829.153657   703.3429146
163.3018228   -1830.8570385   706.3391805
162.7135845   -1832.775712   701.9407749
160.6475087   -1832.4525356   709.6437812
160.0385281   -1833.7659836   707.0400715
159.1514619   -1835.7709646   703.9270401
158.2533988   -1835.2841139   708.4391117
157.0004495   -1839.0547037   702.0735741
156.1525138   -1838.2532597   707.1000338
155.7591828   -1840.1153088   703.4595013
155.0115021   -1842.2391415   701.1321783
153.9070579   -1840.3978348   709.4038129
153.8506421   -1842.143178   705.0248981
152.4599465   -1844.8264599   703.8622499
152.0313891   -1843.7280655   707.8571916
151.0271999   -1847.93365   702.8640509
150.2841683   -1846.9779491   707.2082758
149.5904299   -1851.7525196   701.3766766
148.136017   -1851.6917229   706.251204
147.9989561   -1854.3525934   702.6998401
146.1443575   -1860.273838   701.1133432
146.1338075   -1857.0244312   705.3185105
145.6316682   -1855.3993702   709.389329
144.9306878   -1860.8525991   704.4818401
144.4571587   -1863.5398149   702.7686834
144.3360122   -1859.5817089   708.2685828
143.4271904   -1863.1355762   707.0348263
142.6362666   -1866.7337894   705.4754496
142.71566   -1869.6960211   701.3591528
141.2342759   -1871.9670773   704.3572664
140.9741911   -1869.2998886   708.8050246
139.9326893   -1877.1413565   702.8329968
139.7461864   -1873.332262   708.5014582
139.6481069   -1875.6482601   705.9127688
138.2179233   -1880.5882931   705.2497268
137.421784   -1886.5926266   700.7260919
136.8304762   -1885.2037191   704.7682405
135.6198462   -1891.122818   701.9924521
136.0780271   -1888.2160187   703.917861
134.2990073   -1889.8948431   708.1395984
134.1069313   -1895.2263594   702.7305365
132.8917714   -1895.5119848   706.5563798
132.3794695   -1900.6061554   702.5746107
133.0210241   -1892.7378654   709.2019916
131.5070959   -1898.5955715   707.9430819
130.6977841   -1905.8592319   703.4797072
131.0822936   -1902.3884535   705.4494023
130.1152381   -1911.2842083   701.2555003
129.5549842   -1906.2980413   707.7140808
129.1145357   -1910.9898806   705.8598399
128.849593   -1915.8782959   703.2157779
128.4100684   -1915.2059555   706.0793638
127.8347047   -1913.2068157   710.0697756
127.6311251   -1920.1134443   705.9662938
128.8160058   -1918.3243513   701.3236284
127.5174888   -1918.4780121   707.8973651
709.8041149   -2046.7302799   700.7187605
709.0168493   -2052.3107052   702.0822763
708.8958742   -2056.842804   701.9032836
709.2849883   -2059.4847202   700.6502151
707.8526738   -2041.9631004   703.1672597
707.2783457   -2036.9882584   703.0697465
707.6876434   -2045.4442501   704.0163279
707.323012   -2050.3437519   705.0638795
707.1654546   -1945.427537   701.872468
705.402066   -2016.6573524   701.0393143
708.2124697   -1951.589942   701.0980248
707.613309   -1948.648572   701.9903064
708.1861468   -1958.8360786   700.9730935
707.0978033   -2054.661274   705.5507302
707.4910375   -2062.7298355   703.525126
706.9515856   -2032.3758125   702.4550438
707.7984112   -1954.7222853   702.4251223
707.5153264   -1967.6240683   700.8420825
707.4650946   -1960.8482122   703.1830549
706.0353058   -2047.7514267   707.1959376
706.9382863   -1952.278614   704.5068145
706.5832364   -2024.564743   700.8779049
705.1283094   -2027.7359486   704.2784095
707.0206749   -1964.5354748   704.0269375
706.8794491   -1955.1030397   705.1872611
706.8121406   -1958.1469297   705.6518197
706.8490582   -1973.9823341   701.6244531
706.3337164   -2039.4153595   705.1802874
705.4108279   -2042.7470207   707.5411677
705.0213637   -1945.6920624   705.9848905
704.8621374   -1950.605154   708.8258266
706.0286152   -1978.5703421   703.7584782
706.5169709   -1971.0336924   704.4202685
706.6081884   -1961.8490934   706.2629461
705.6650715   -2052.4792671   708.3710432
706.2364864   -1981.6360474   701.3111115
705.6733864   -2035.7284546   705.4924369
704.3076801   -1942.4729347   705.6844831
705.860992   -1963.7118578   708.9919448
706.1128067   -1967.2503471   707.3912621
705.2370059   -2030.4744244   704.8851252
705.3704681   -2021.643877   702.3174763
705.7046341   -1955.2013874   708.5100412
705.8695155   -1976.1247635   705.6471109
705.0521048   -2056.9980145   709.7194791
706.1763304   -2059.4208241   707.0482373
705.4645466   -1960.1787329   710.2018595
705.0465169   -2008.6863041   700.6671429
704.5556801   -1937.8230572   702.539444
704.9177485   -2024.8258114   703.9639354
705.5772515   -1971.3691473   709.1152668
705.4555538   -1985.6427908   703.3245564
703.7572386   -1933.5277081   701.1995912
704.2619186   -2039.9634838   709.0870142
705.4275917   -1983.3277464   704.7346234
705.0854536   -1994.0947294   701.8503547
704.1500928   -2011.1784935   703.2533884
704.8783424   -2033.4687233   706.3253522
705.0242769   -1989.8920059   703.6343217
705.2991437   -1976.7329693   708.4751129
704.9626159   -1980.3209305   708.6280584
704.6556967   -1999.6650219   702.3471594
704.6071189   -1988.0132675   706.6173553
704.5631977   -1984.2382669   708.8867426
704.4207128   -2004.6541691   702.4820447
703.2164531   -2017.9531574   706.2767148
703.4607502   -2014.2474174   705.2748799
703.212631   -2022.1068859   706.9720626
703.2975303   -2035.8102322   710.0773454
704.4862034   -1996.0058928   704.0966749
703.2114314   -2030.5478573   708.9046836
704.8335942   -2061.5954399   709.8968625
704.2168053   -1992.8299189   706.5312862
702.871305   -1942.6827431   708.4634304
702.7823003   -2026.129961   708.8219523
703.6557766   -2001.8758774   705.8592439
703.3932107   -2007.2278976   705.7509422
702.5479796   -1939.5214319   706.9923282
702.0463394   -1936.6959333   706.0850859
703.4994411   -1998.5669851   707.6465487
702.9010924   -2011.1732483   706.949234
701.3218003   -1929.7121763   702.3035288
701.0610002   -1932.7875376   705.1427364
702.6410597   -2005.3734779   709.2143297
702.2249522   -2014.2550468   709.0822458
701.9936042   -2010.0550652   710.4593515
702.1038505   -2020.1075077   709.6505165
699.9773877   -1925.9916544   701.1083961
699.9756368   -1936.4262819   709.9602818
699.8565244   -1933.3711863   707.9570293
699.499433   -1930.4047823   706.1251402
699.3179815   -1927.7347326   704.0401101
697.6979049   -1924.5170355   703.4603953
696.929832   -1929.0771484   710.2730274
696.9647454   -1926.5335798   707.3444128
696.465266   -1922.0218658   702.5713325
695.4566436   -1922.8403568   705.4299116
694.0799402   -1919.8087454   703.588903
692.1655434   -1920.9359884   709.0679407
127.5240453   -1922.6139784   703.5807371
126.9235285   -1926.0733128   702.0336986
126.3065609   -1923.9044189   708.9235783
126.0576221   -1927.2671938   705.9131861
125.4836591   -1931.0423136   701.5159726
125.4966231   -1926.6146421   710.2274895
124.7377666   -1932.1016073   704.9755454
124.2583366   -1932.1675301   708.4288597
124.0043315   -1934.9009991   702.2953629
123.4477433   -1935.3648424   706.0438991
122.4863502   -1938.4118319   703.7220597
121.3118704   -1940.6195879   706.8685889
120.6094595   -1942.0361519   709.5093727
121.3473948   -1941.1686659   703.9895654
119.8306652   -1944.668889   704.7884464
119.029549   -1945.9109306   710.2645636
119.2961606   -1946.447134   701.9280195
118.5148331   -1947.668314   705.8270574
117.2221275   -1951.5126944   701.7511129
117.6195415   -1949.7380257   706.8665624
116.5104481   -1952.5306225   705.7023048
115.2559193   -1956.0174942   703.7170529
115.3129908   -1955.275774   707.061708
114.2085465   -1958.0165148   707.195282
113.7728664   -1960.2336884   702.3332119
113.0517992   -1961.0916376   707.1114182
111.9069131   -1964.6526575   705.1318288
112.0760115   -1965.4043913   701.0484338
111.7161485   -1964.6782875   709.5524669
110.996035   -1967.8664207   703.4373283
110.4960116   -1968.6243534   707.2701454
110.6080087   -2055.3016663   701.4729381
110.7155057   -2058.0079556   702.6779652
108.9952561   -2048.1088161   701.6039491
109.9847528   -1971.1384773   703.7550807
109.4250055   -2052.0205498   702.8684616
109.3367609   -2055.8273792   705.3597569
109.5459732   -1971.6591835   708.4333301
108.4185513   -2044.1904068   700.7408738
108.9721891   -1974.686861   704.2841911
108.6513969   -1976.9912958   702.345252
108.0642315   -2054.3131828   707.8462839
107.785699   -2049.9014854   706.1719298
108.4414693   -1975.9099483   707.945168
109.5934781   -2059.3185425   706.6059709
107.4015471   -2040.3518677   701.2935281
107.400206   -2044.4676876   703.7422061
107.3544594   -2046.8029976   705.457449
108.1152233   -1977.8643847   705.314517
107.8481945   -1980.3904295   702.9063702
107.6790663   -1979.0716171   708.2247734
106.8372699   -2037.1296406   701.0068297
107.329336   -1981.1681509   706.2499523
107.9866859   -2057.6467514   710.3669047
106.7393097   -2050.6412983   710.4200721
106.9150838   -1982.511878   710.4362845
107.0750328   -1983.8978052   703.8018107
106.5286072   -2047.2347736   708.8226676
106.8868908   -1986.5201712   702.0891905
106.4192923   -2044.2070961   707.051456
106.4331206   -2041.757822   705.3105235
106.4124378   -1985.4164124   707.7877522
105.8841916   -2037.9140377   704.9413919
106.2436076   -1988.335371   704.690218
105.9689494   -1992.3456907   702.6593685
105.1964136   -2025.3961086   700.9937167
105.7084175   -2031.8508148   702.036202
105.8103713   -2044.2347527   710.2333903
105.5269512   -2040.6117439   708.8876367
105.5552336   -1997.6686239   701.0945678
105.6493493   -1989.8093939   709.0190053
105.5578562   -1991.6453362   706.4452767
105.2310439   -2033.2801342   705.1234841
105.0336333   -2029.1435719   703.73559
104.9552234   -2035.7027054   709.0001702
105.0873371   -1995.8722591   705.7567835
105.0931784   -1993.4331179   709.3290091
104.741958   -1999.6116161   705.2559853
104.6166094   -2021.8544006   702.3106813
104.7249409   -2005.027771   701.7784715
104.607937   -2011.9318962   700.5435824
104.5695218   -2015.3179169   700.772047
104.4458123   -2030.2836895   708.8859081
104.3493422   -2025.1393318   705.7752013
104.435918   -2002.6302338   705.3604722
104.41902   -1999.6398687   708.6364627
104.1950556   -2018.3346272   703.7250996
104.2253347   -2007.879734   704.0202022
104.1138443   -2010.9012127   703.9663196
104.0631505   -2006.0586929   706.5396905
103.9693924   -2021.9490528   706.7946792
104.077098   -2014.5125389   703.9856315
104.0364774   -2003.5634041   709.5072865
103.8247021   -2009.5734596   707.3434591
103.8483354   -2019.8373795   707.241118
103.7439974   -2016.9217587   707.3646784
103.727636   -2013.3023262   707.3659301
103.5745414   -2015.4900551   710.3456259
708.8065865   -2062.9022121   700.688839
707.4166434   -2069.5447922   701.3204694
708.1476199   -2065.1593208   701.3292313
706.0104506   -2068.0122375   705.3240538
705.9958773   -2062.9496574   706.8425417
706.2782841   -2072.5791454   702.7558088
705.1854479   -2076.4493942   703.8104534
705.0418379   -2082.9920769   700.6084919
705.4557102   -2072.2563267   705.0504088
704.4846239   -2081.1626911   703.2830715
704.6249705   -2065.6251907   709.7074389
704.4720846   -2069.0555573   709.1017962
704.3598788   -2073.0717182   707.7450752
703.894225   -2079.6661377   705.8801651
703.8778412   -2076.4400959   707.6442838
703.4955668   -2086.1909389   703.1186223
703.303908   -2082.8626156   705.9006095
702.7779045   -2090.130806   702.1771669
702.7813765   -2081.0339451   708.7910175
702.7463587   -2078.1407356   710.47616
702.1094012   -2088.2332325   706.1673999
701.1913853   -2093.5733318   704.3870687
700.8088204   -2096.6408253   702.1241784
700.9023177   -2089.1017914   709.8510861
700.5547109   -2092.4596786   708.0144882
699.5451572   -2097.6877213   705.7179809
699.8612183   -2094.7995186   708.1504464
699.4018751   -2100.3167629   702.537775
697.9441764   -2102.0154953   706.1207294
697.8553431   -2100.1226902   709.3755603
697.7616297   -2104.3474674   703.0899525
697.1251266   -2107.424736   700.8010149
696.1468952   -2104.45714   710.0633383
696.7151883   -2105.2532196   706.1009407
695.3119981   -2111.415863   701.9990683
695.1191398   -2110.0831032   705.0307393
694.4553452   -2109.5039845   708.8593245
693.7206062   -2114.5188808   703.7193179
693.4211376   -2112.827301   707.7796459
691.8681609   -2120.0423241   702.8687
692.3195022   -2116.8417931   705.9181929
691.985962   -2115.6249046   709.3241811
690.4471266   -2119.6131706   709.2415094
690.8028247   -2120.880127   705.8159709
690.202226   -2123.8822937   703.8804293
689.9611922   -2126.0251999   701.8949389
689.2610761   -2124.0520477   707.1897984
688.7594732   -2128.269434   703.291297
688.5129558   -2123.8260269   710.3456259
687.7304586   -2127.6905537   707.8043818
687.0152923   -2131.5867901   705.2734494
686.6298961   -2135.1745129   702.1414042
686.0810789   -2131.509304   708.5357308
685.5456429   -2135.2026463   705.835402
685.0638139   -2138.535738   703.5029531
684.3152838   -2142.7326202   701.5740871
684.4785931   -2135.3704929   709.2288733
684.026328   -2139.0318871   706.3342929
683.2372295   -2141.556263   706.0981393
682.9999956   -2138.9331818   709.8360062
682.8461485   -2146.9187737   701.8617988
682.0955323   -2145.4427242   705.9445977
681.4957308   -2142.8689957   710.1783752
681.4108761   -2150.3984928   702.4277449
681.8755912   -2147.903204   703.9871812
680.7418289   -2148.8234997   706.5121531
680.1106455   -2154.5057297   701.0208964
679.2616146   -2153.4059048   705.5525184
678.9666908   -2149.838686   710.5203271
678.1843128   -2157.6843262   702.8644085
677.616735   -2154.5836926   708.9976668
677.099255   -2157.695055   706.4015865
676.7075258   -2161.6048813   700.9626031
675.9267049   -2161.6687775   703.928709
675.7343458   -2158.0586433   709.8659873
674.9114218   -2161.8592739   706.8464756
674.5936694   -2165.1160717   701.6291618
673.5572862   -2165.5256748   704.7128677
672.3225015   -2165.7698154   708.1801295
672.542085   -2168.2171822   702.2565007
671.2596016   -2168.8809395   705.5866718
670.1619076   -2171.5838909   702.8592229
669.8071706   -2169.5065498   709.0865374
668.7603714   -2172.349453   706.3180804
667.5665277   -2174.8993397   703.6290169
667.2137352   -2173.1438637   709.7516656
666.1942872   -2177.1450043   701.2067437
666.1295789   -2175.7888794   706.8802714
665.0112318   -2177.9236794   704.2136192
664.4310924   -2176.8689156   710.1974487
663.196628   -2180.1092625   703.215301
663.4059446   -2179.1110039   707.0709467
661.3207357   -2180.6163788   710.3633285
660.8483242   -2182.4214458   702.9813528
660.5529013   -2182.199955   706.649363
658.3721685   -2184.7217083   700.7032037
657.188748   -2184.7939491   710.1066113
657.5502502   -2185.1058006   705.068469
654.2702662   -2187.7343655   702.4561763
653.6323363   -2188.0259514   707.4261904
650.0375057   -2190.2182102   705.1842213
650.6137522   -2189.8448467   700.8060813
649.2842334   -2190.7861233   709.8631263
647.0796923   -2191.5647984   702.619493
645.6638025   -2192.5535202   706.9635987
645.4156684   -2192.8708553   710.2922797
642.9369757   -2193.5060024   703.5495043
641.1120566   -2194.7126389   708.0990672
639.8037384   -2194.9417591   704.5468688
639.9159367   -2194.5552826   700.8868456
637.0542357   -2196.4409351   707.6681256
637.1326493   -2195.9562302   703.2982111
630.961732   -2198.5602379   702.3056746
633.2629593   -2197.8626251   705.8566809
633.529448   -2198.148489   709.7711563
631.3545043   -2199.105978   710.4396224
630.4950985   -2199.0690231   706.2024474
627.9900941   -2199.9137402   703.1770349
145.2100547   -2198.6267567   702.2092938
143.1717547   -2195.7075596   702.2467852
147.2797664   -2200.9439468   700.5550861
144.3014117   -2197.7367401   706.4262629
146.9110223   -2200.925827   704.3304443
146.8186649   -2201.1244297   708.330214
141.8109509   -2193.8583851   705.6621909
141.4985629   -2192.9929256   702.0474672
140.175757   -2190.9818649   706.1992884
139.7813829   -2189.5296574   700.7867098
138.7462588   -2187.990427   706.6041827
137.4410065   -2184.3833923   703.1883597
136.9713219   -2183.7129593   708.2526088
136.0391649   -2180.2718639   701.5463114
135.5703148   -2179.5752048   705.8821321
134.633747   -2176.1534214   702.7781606
134.5584365   -2176.8131256   709.9055648
134.0860995   -2174.618721   704.6183348
134.0162726   -2173.7546921   700.6209493
133.4919008   -2173.2950211   709.9243402
133.1902715   -2171.7624664   705.8081031
132.303414   -2168.0884361   702.6456594
131.8391832   -2167.1915054   708.7497115
131.3235434   -2164.5722389   703.531146
130.9626373   -2163.6042595   707.3379159
130.5459114   -2161.4892483   703.1596899
130.1461729   -2160.4840755   708.6917758
129.7115656   -2157.9749584   703.3063769
129.6054097   -2158.0917835   706.9759965
129.2782696   -2155.919075   700.8686662
129.2346688   -2156.8880081   709.1908455
128.6697658   -2154.1516781   706.3325047
128.0612918   -2151.1058807   703.8657665
127.8283568   -2149.4178772   701.3224363
128.458825   -2153.8975239   710.2190852
127.516863   -2149.7614384   708.6698413
127.3082765   -2147.906065   704.8279643
126.7495724   -2145.8158493   706.0409188
126.2578937   -2142.7426338   703.2481432
125.9286674   -2142.6568031   707.06743
125.5863877   -2139.4479275   702.5974393
125.2936097   -2139.149189   704.9711347
124.4094344   -2137.4082565   708.6367607
125.1032623   -2137.0449066   702.1117806
124.3905398   -2134.7811222   703.8429976
123.5760423   -2131.6645145   703.5333514
123.1362494   -2132.6563358   708.55093
122.5125762   -2127.7871132   703.9076686
123.074946   -2132.2562695   708.1337571
122.4904629   -2129.6122074   707.0844173
121.2531599   -2122.9977608   701.4898658
121.6489645   -2126.7812252   707.7743411
121.2212118   -2124.0739822   706.0500383
120.7925054   -2124.9947548   709.9270225
120.231119   -2120.0706959   705.1147223
119.4582256   -2117.3605919   701.244235
120.3064593   -2121.9477654   708.3163261
119.2390593   -2118.1571484   708.9357972
119.1850277   -2116.5037155   705.4297924
118.1116077   -2112.5395298   703.296423
118.151364   -2113.3465767   707.8691125
117.6164421   -2110.814333   705.7760358
117.3342439   -2110.7215881   709.0591192
117.0484098   -2108.537674   702.1766901
116.6039976   -2107.6452732   708.9345455
116.5883812   -2106.8577766   705.5976987
116.268036   -2105.1471233   702.452004
115.8402535   -2103.6615372   706.6124678
115.5310544   -2103.345871   709.8755836
115.2013513   -2100.1262665   703.8106918
115.1548895   -2101.0468006   708.1335187
114.484814   -2098.0331898   707.9442143
114.5806881   -2096.2224007   701.9890547
114.2564984   -2095.9107876   705.4828405
113.652614   -2086.694479   701.0985613
114.0114041   -2092.5502777   702.1417022
113.890973   -2095.0493813   707.7720761
113.814381   -2095.2327251   708.6170912
113.4226295   -2077.3689747   702.4481297
113.7374314   -2076.6298771   700.9628415
113.3581372   -2092.6868916   708.1336975
113.5627004   -2082.1094513   701.534152
113.5517927   -2072.4143982   701.1992335
113.6052283   -2090.4297829   703.2168508
113.5178479   -2074.7237206   701.7853856
112.6033636   -2064.5403862   700.9959817
113.4449216   -2071.377039   701.1628747
112.8381463   -2088.5059834   706.8169117
112.7735647   -2083.9600563   705.3371668
112.6773926   -2079.4150829   705.6649923
113.0792173   -2069.2303181   701.6969323
112.9852208   -2074.3997097   703.7889361
112.3993667   -2068.2566166   703.5726905
112.3289736   -2071.7921257   705.4064274
112.5127348   -2075.4132271   705.4751515
112.5227781   -2073.9946365   705.239892
112.1691736   -2085.9379768   708.8643312
111.8154498   -2082.1771622   708.8893056
111.4691766   -2061.1073971   702.3723722
112.4252947   -2073.1909275   705.4394484
111.7072972   -2076.9815445   708.4700465
111.0437187   -2063.4381771   705.0654292
111.9501563   -2073.590517   707.036674
110.9279069   -2066.5884018   707.152009
109.7583147   -2063.1206036   708.2016468
627.2883499   -2200.4966736   707.365334
624.4667517   -2201.5013695   704.626739
624.3435378   -2201.8928528   710.0582719
620.5983153   -2203.3162117   708.3435655
618.5533395   -2203.9859295   705.9825659
616.0514737   -2205.1346302   708.7238431
616.8893883   -2204.5493126   704.2577267
613.5382271   -2205.7831287   702.8610706
613.4519736   -2206.029892   706.3400149
612.3345131   -2206.6323757   709.0638876
610.6099366   -2207.1547508   706.5885067
609.798099   -2207.2274685   702.6137114
608.446098   -2208.1305981   708.6935043
606.6571251   -2208.6670399   706.2181234
607.2087093   -2208.119154   701.6282678
604.5043171   -2209.656477   708.8894844
603.8527154   -2209.4757557   703.4153342
600.6068876   -2210.4492188   701.4177442
601.4884785   -2210.662365   707.7301145
598.4425713   -2211.5783691   705.9782147
597.5217838   -2211.5809917   702.5520205
594.1372582   -2212.6543522   702.3231983
594.8069909   -2213.0072117   708.1527114
592.0035196   -2213.9172554   708.0286145
589.3655378   -2214.5726681   706.4007521
587.3256801   -2214.8492336   703.8024664
587.7548976   -2215.4233456   709.5378041
583.9336301   -2216.2952423   707.2069645
586.5442241   -2214.6503925   700.7440925
583.1779708   -2215.9602642   703.4879327
578.2460431   -2217.8997993   707.0962787
578.6780268   -2217.0622349   702.9248476
575.1645295   -2218.2035446   704.2261362
572.0288167   -2219.6416855   707.5291276
575.0476355   -2217.7841663   701.8449306
572.052625   -2218.8823223   703.6113739
567.4495912   -2220.356226   705.1793933
568.652968   -2220.8168507   709.0640068
565.145188   -2221.9200134   710.0768089
563.4833416   -2220.8175659   702.6672959
563.070844   -2221.4977741   705.4535151
561.1397876   -2221.2636471   701.9485235
560.0398342   -2223.3150005   710.4865909
559.7162815   -2222.3773003   705.586493
555.5409091   -2222.7561474   702.1136284
554.7200898   -2224.4811058   708.9852691
556.8468394   -2223.4435081   706.9556713
551.583496   -2223.8585949   702.1530271
549.1534481   -2225.7692814   707.3851228
549.811584   -2224.8442173   704.264462
546.5796823   -2225.1014709   701.3097405
547.1120896   -2225.8634567   705.1103115
544.191462   -2227.0874977   706.5040469
543.5942831   -2226.4552116   703.1487823
542.1394753   -2228.3616066   709.0625167
539.7835346   -2227.8060913   703.77177
539.0293459   -2228.8737297   707.0515156
537.8120067   -2230.0612926   710.2130055
534.1140749   -2229.883194   704.4835091
535.2425659   -2230.2412987   707.3617578
532.2794663   -2231.3146591   707.6814771
530.5802944   -2230.3695679   701.6885877
530.9189381   -2230.994463   704.4740319
528.7439945   -2233.0515385   709.8380327
528.8968692   -2231.9178581   705.4989934
523.9207195   -2232.9893112   703.4839392
524.8310836   -2233.5102558   706.6452503
520.7848149   -2235.0614071   708.6679339
521.3968428   -2234.1208458   705.306232
519.5108252   -2233.697176   701.9171715
518.4774669   -2234.6646786   704.7729492
516.3713219   -2236.1569405   709.7147703
516.2626552   -2234.5676422   702.7250528
515.4759484   -2235.565424   706.2845826
512.8800096   -2236.4330292   708.5685134
512.4250176   -2235.6903553   705.0845623
508.2649785   -2235.8539104   704.302609
509.393652   -2236.7897034   708.6034417
504.8807012   -2237.1814251   709.2491388
502.7071061   -2235.3749275   701.5602589
502.4637627   -2236.8724346   707.6448798
499.9645623   -2236.1183167   704.3446898
497.0755401   -2236.6073132   706.8582177
497.0799955   -2235.6815338   702.8102279
494.4486889   -2237.0531559   709.6515298
494.2940744   -2235.1322174   701.0154128
493.5735809   -2236.000061   704.7974467
490.6026917   -2236.4361286   707.7312469
490.3190034   -2234.998703   701.3855577
488.807519   -2235.5163097   704.0358782
487.382521   -2236.2201214   707.8508139
485.7068854   -2234.7147465   701.7289996
485.420649   -2236.4962101   709.9750042
483.0254363   -2235.2733612   705.2534819
477.6735651   -2233.8907719   702.0077109
482.1682843   -2236.2568378   710.1695538
479.6388792   -2235.5282307   707.8968883
476.0746481   -2234.7514629   706.2676549
474.2650809   -2235.2800369   709.5784545
473.0036455   -2233.4377766   702.7817965
472.2546535   -2234.3752384   706.838727
470.3468876   -2234.6990108   709.2700601
468.8651758   -2233.5991859   705.9472203
468.8568311   -2232.5344086   701.8099427
465.9617665   -2234.1885567   710.1234198
465.5014994   -2232.3391438   703.2377124
463.7972685   -2233.0412865   707.2800398
460.1909193   -2231.0340405   701.6170025
459.2178436   -2232.3787212   707.9125047
458.7458345   -2231.3871384   704.233408
456.8719389   -2231.8863869   707.6873183
454.9249979   -2230.7682037   704.2649984
452.4443867   -2231.2505245   708.119154
450.0964107   -2230.1557064   704.2561173
449.0398439   -2230.9875488   708.8467479
445.4873773   -2229.6159267   702.7350068
446.3812532   -2230.4711342   707.2410583
445.4487684   -2231.0051918   710.2048397
441.9461759   -2230.3066254   706.7367435
440.4385062   -2229.701519   702.6820779
438.6552694   -2230.3042412   706.0348988
438.9130148   -2230.9031487   710.0076675
437.0271983   -2229.9296856   702.8600574
434.5633509   -2230.1874161   703.5036087
432.3077472   -2231.0962677   709.3631029
431.522009   -2230.1559448   701.1680603
431.7305657   -2230.5850983   704.798162
429.4335666   -2231.0695648   707.5679302
427.5777908   -2230.5693626   701.6134858
425.8568557   -2231.1375141   705.3909898
424.3355366   -2231.5769196   708.7973952
423.6371192   -2230.853796   701.0301948
420.2463897   -2231.5769196   705.4490447
422.2365441   -2231.1859131   703.1387687
420.0070324   -2231.1856747   701.2919784
415.3387966   -2231.7695618   703.1558156
414.809403   -2232.229948   707.7297568
411.372182   -2232.4368954   707.1108222
410.069448   -2232.2669029   703.6059499
407.5133326   -2232.8593731   707.9288363
407.8162136   -2232.5282097   704.2461038
405.6933197   -2232.5117588   701.9845247
403.3615413   -2233.3900928   709.8606825
405.4890545   -2232.8298092   705.2786946
402.1324786   -2233.0396175   704.2353153
399.4456353   -2233.6266041   707.8331709
398.5209437   -2233.140707   701.7806768
395.4411568   -2234.0090275   707.4154019
395.3477266   -2233.682394   703.9559484
393.923265   -2234.4195843   710.3913426
392.4212428   -2234.0188026   704.1466236
391.5331634   -2234.495163   707.9002857
388.4592625   -2234.1380119   701.801002
388.9955553   -2234.5650196   705.7011724
387.7795907   -2235.1238728   710.1757526
383.861837   -2234.6894741   702.7109265
381.904495   -2235.2187634   705.3841949
380.4672333   -2235.7304096   708.571732
380.1714899   -2234.8492146   702.1198273
377.7264329   -2235.6243134   706.2318325
375.583482   -2236.2253666   710.0272775
376.9228431   -2235.0473404   702.2460103
373.3887198   -2235.6283665   704.9721479
372.095299   -2236.1536026   708.1980109
368.524951   -2236.1290455   707.2993517
369.8341521   -2235.2292538   702.0385265
367.9193827   -2235.64744   704.2350173
363.0622449   -2236.041069   705.9957981
364.5829531   -2235.4774475   702.8576136
360.6481674   -2236.5114689   708.7240815
362.0964708   -2235.4431152   702.4034858
358.9840206   -2235.8884811   704.6306133
358.5244986   -2236.7539406   710.0331187
356.2217923   -2236.4017963   707.6716423
355.550346   -2235.458374   702.0636201
351.1626693   -2235.9189987   704.4684887
351.4029356   -2236.7427349   709.6657753
347.1549126   -2236.3200188   707.0083022
347.0854136   -2235.5577946   702.7525306
344.2056599   -2236.7813587   710.2829218
341.7771878   -2235.2530956   701.3394833
343.6427536   -2235.8429432   704.428494
342.6452848   -2236.3705635   707.8226209
339.5411047   -2236.4323139   708.8555694
339.6752747   -2235.7678413   704.5912147
336.9761678   -2236.0436916   706.8523169
335.3235396   -2235.2039814   702.2248507
335.9660777   -2236.5269661   710.4314566
334.1433676   -2235.7988358   706.1018348
332.1194323   -2236.3159657   710.3270292
331.8659636   -2235.3236675   703.5923004
331.0482474   -2235.7847691   706.8699598
327.9748829   -2235.9113693   709.1083527
329.3197723   -2235.4528904   705.1434517
326.915321   -2234.9796295   702.8582692
323.8761994   -2234.9889278   703.810215
321.5543302   -2234.431982   700.7645369
318.9239772   -2234.7681522   703.9813399
316.6222545   -2234.8871231   706.2712908
318.2583722   -2235.3127003   710.3241682
314.4588443   -2234.467268   703.4668922
314.7395524   -2234.9154949   708.4972262
311.3394352   -2234.4374657   705.5398822
309.3526634   -2234.4405651   708.7253332
310.5392428   -2233.9794636   701.7347813
306.8896803   -2233.9236736   704.0076256
306.5108629   -2234.1034412   707.5639963
306.8281683   -2233.5758209   700.8101344
302.9017123   -2233.2143784   701.3217211
302.348611   -2233.7274551   708.2793713
300.1858266   -2233.2851887   705.0663829
300.5156489   -2232.9101563   700.650394
296.0561784   -2233.0338955   708.2321048
296.3088425   -2232.8169346   704.3995261
291.9795784   -2232.5565815   707.8658342
289.7899123   -2232.0179939   703.4766674
290.3729948   -2232.483387   710.1659775
287.6159819   -2231.9726944   706.2295675
284.2900427   -2231.8022251   709.9377513
285.3672477   -2231.436491   702.1750808
282.960889   -2231.4798832   706.7795992
281.5375897   -2230.9167385   700.6483078
279.6198102   -2230.9575081   704.041481
279.4916304   -2231.1706543   708.2076073
278.2462808   -2230.5891514   700.9077072
276.5047523   -2230.7090759   705.7672739
274.0537199   -2230.2899361   703.2908797
273.8159569   -2230.5066586   707.3001862
271.3383707   -2229.8414707   701.0402679
270.9763321   -2230.1466465   706.365943
268.0906626   -2230.0724983   710.3617191
268.3818313   -2229.6533585   702.7198672
266.1501738   -2229.6414375   705.962956
264.5045193   -2229.1061878   700.7406354
265.0212916   -2229.7446728   709.6204758
260.0495192   -2229.1533947   707.451582
262.5766667   -2229.1808128   704.4365406
259.8486217   -2228.7487984   702.0709515
256.6665085   -2228.6469936   704.5168877
255.9205266   -2228.3666134   701.2948394
255.0188871   -2228.8117409   708.4783912
251.8890473   -2228.2013893   703.0544877
249.7200044   -2228.3730507   707.4871659
251.5442344   -2228.6698818   710.065484
247.8657337   -2228.0132771   704.0531635
244.971958   -2228.2481194   709.5228434
243.169603   -2227.9064655   706.011951
241.6217598   -2227.6208401   703.2650113
238.1284209   -2227.9610634   710.3762627
237.4874028   -2227.7255058   707.2743773
237.8625544   -2227.234602   701.0775208
236.5684184   -2227.4649143   704.4842839
233.4151836   -2227.4904251   707.0702314
233.5204156   -2227.1196842   702.2998929
230.0401302   -2227.4782658   709.5379233
230.5161329   -2227.2238731   705.5469155
229.2811247   -2226.9032001   702.4260163
226.3099226   -2227.2565365   709.2615366
225.6213697   -2226.9589901   705.9289813
226.2240323   -2226.708889   702.3952603
222.6172956   -2226.8326283   706.4834833
222.1826585   -2227.06604   710.144341
222.2432169   -2226.4516354   702.8425932
217.3877629   -2226.2363434   705.2912712
219.5631238   -2226.6764641   707.9230547
216.8830904   -2225.7876396   701.6412616
214.4692215   -2226.1712551   708.2083821
214.4255313   -2225.8226871   704.7682405
210.1058038   -2225.0320911   703.158617
210.3766473   -2225.5856991   707.6627612
204.9387964   -2224.8132229   707.7182531
202.4185034   -2223.7458229   703.2266259
201.666859   -2224.3881226   708.6786032
198.8765868   -2223.4790325   705.9416771
197.9560526   -2223.8202095   709.482491
194.6686181   -2222.8109837   707.192421
195.9806057   -2222.5131989   703.3929229
192.1919259   -2221.6582298   703.1610012
192.3190328   -2222.7120399   709.5679045
191.7629214   -2222.1858501   707.1977854
188.3376809   -2221.7879295   709.6737027
188.4698244   -2221.2736607   706.3990831
189.0076073   -2220.7584381   702.2771239
185.4000064   -2221.0917473   710.101366
182.7357086   -2219.8030949   706.9739103
180.3665134   -2218.2869911   701.7959952
178.1613501   -2217.8983688   703.9191127
176.2522431   -2217.7398205   707.1894407
174.0228804   -2216.2632942   702.206552
172.4845143   -2216.6609764   709.0697885
171.697435   -2215.875864   705.0895691
170.0491282   -2214.9915695   702.8612494
168.6568829   -2215.1186466   707.8620791
167.0535477   -2214.1928673   705.165863
168.3509918   -2214.1594887   701.1888623
165.1378842   -2213.6228085   706.7076564
165.3237911   -2213.1969929   702.5031447
162.2253331   -2212.6653194   709.171772
161.5981432   -2211.815834   704.3215632
159.1292592   -2210.2134228   700.6818056
159.0096625   -2210.916996   707.5309157
157.6355966   -2209.8503113   704.4967413
156.1412188   -2208.6348534   701.796174
155.7659479   -2209.0342045   708.160758
154.8542949   -2208.0595493   704.5267224
153.0393334   -2206.4011097   701.3593316
151.9236537   -2206.045866   706.8523765
149.5569619   -2203.589201   702.9346824
149.186221   -2203.7861347   709.8926902
148.777661   -2203.1359673   706.3316703
