1135.5213197   -1574.1975307   -1067.697525
1133.7076696   -1573.9167929   -1063.3723736
1133.0635222   -1573.3298063   -1065.2582645
1131.7877444   -1572.8080273   -1067.8113699
1131.6631707   -1574.0708113   -1060.8415604
1129.5894059   -1572.0481873   -1063.067317
1129.6034726   -1571.7588663   -1066.0939217
1129.0332945   -1575.2065182   -1012.406826
1129.1544112   -1574.416995   -1008.1384182
1125.4410418   -1571.660161   -1070.3861713
1126.2876066   -1572.0822811   -1059.8816872
1125.7850798   -1569.7461367   -1066.8394566
1123.6743601   -1574.3868351   -1054.631114
1124.0887912   -1569.7153807   -1062.3486042
1125.8459362   -1572.0564127   -1009.634614
1127.1180185   -1572.0254183   -1004.7022104
1125.1238259   -1573.356986   -1015.3881311
1122.8661808   -1568.995595   -1068.7015057
1122.880009   -1570.3449249   -1070.1329708
1122.6175698   -1573.8854408   -1071.6878176
1122.6507696   -1568.480134   -1005.3977966
1124.932495   -1569.4781542   -1000.5712509
1128.736523   -1573.0227232   -999.9979734
1121.9663294   -1573.9859343   -1020.5669403
1121.3817867   -1568.9703226   -1061.2351894
1121.3237318   -1571.6420412   -1057.3112965
1121.3024529   -1569.6605444   -1011.629343
1122.3258051   -1568.0134296   -1067.1341419
1120.8327683   -1571.6301203   -1016.4680481
1120.1628121   -1567.5177574   -1064.0182495
1119.8975118   -1569.981575   -1070.3597069
1119.4808158   -1573.7220049   -1052.1736145
1120.3820976   -1572.7694035   -1054.8017025
1118.7327775   -1566.596508   -1007.727623
1121.6939958   -1566.7167902   -1000.7731915
1118.0649074   -1572.010994   -1071.5199709
1119.050053   -1566.7762756   -1067.6476955
1118.6585101   -1575.0645399   -1048.3890772
1116.7521151   -1575.1481056   -1045.7730293
1118.487862   -1569.1212416   -1059.0728521
1120.1440962   -1568.2723522   -1069.2404509
1116.9523867   -1573.3150244   -1023.360014
1118.2688149   -1571.8377829   -1019.0688372
1117.1235713   -1571.1480379   -1054.926157
1117.3359426   -1569.6212053   -1015.534997
1116.4204153   -1567.0586824   -1011.4314556
1116.6308197   -1566.655755   -1061.386466
1116.4468201   -1565.9575462   -1068.6417818
1114.8548397   -1568.6632395   -1070.5268383
1117.430118   -1565.964222   -1068.0058002
1115.1292595   -1572.8706121   -1049.7124195
1113.5376962   -1567.5595999   -1057.8907728
1114.1041192   -1572.6395845   -1072.05832
1114.3108281   -1574.9224424   -1031.4971209
1113.4882244   -1573.6193657   -1027.4044275
1114.0913638   -1570.4449415   -1019.4164515
1113.0491766   -1573.8812685   -1044.2336798
1112.4866875   -1567.5084591   -1015.1357651
1111.8529113   -1569.7511435   -1052.9476404
1110.819486   -1571.2879896   -1023.6902237
1113.2693561   -1574.7948885   -1039.2001867
1113.9002713   -1565.6408072   -1068.8853264
1110.0661429   -1573.6355782   -1034.7346067
1110.1045879   -1571.2110996   -1048.0874777
1110.1594242   -1568.9897537   -1071.2658167
1110.9495433   -1573.4094381   -1030.2524567
1109.2492016   -1573.1343031   -1072.2450018
1109.3992861   -1568.7226057   -1019.2788839
1110.0254329   -1565.482378   -1069.6084499
1109.138337   -1566.9895411   -1055.3920269
1109.9030646   -1572.3381042   -1027.5371075
1109.2829379   -1572.8720427   -1040.2743816
1108.6711558   -1571.8560219   -1044.1272259
1108.2421812   -1566.5560961   -1016.3251162
1106.4693602   -1568.0464506   -1051.1977673
1107.1518334   -1571.898818   -1030.2073956
1107.2900566   -1570.9451437   -1026.2591839
1105.5654558   -1568.9148903   -1022.5906372
1105.7096394   -1565.3887987   -1070.5275536
1105.9120568   -1569.4284439   -1071.6489553
1105.786589   -1569.9380636   -1046.1455584
1105.5622967   -1571.6085434   -1037.4623537
1105.7264479   -1571.7874765   -1033.7662697
1105.9689196   -1567.0992136   -1018.6519623
1105.3388985   -1570.8673   -1041.8076515
1104.502705   -1572.8538036   -1072.2843409
1103.2280596   -1569.7211027   -1027.4606943
1102.0701202   -1569.9476004   -1030.8320522
1102.0556363   -1567.5076246   -1047.7383137
1102.6079329   -1566.5402412   -1071.0853338
1102.3412617   -1566.2549734   -1019.5435286
1102.4779352   -1569.5431232   -1071.7980862
1102.4456295   -1569.1430569   -1043.7811613
1102.8017076   -1570.5583096   -1035.0116491
1100.4509004   -1567.3707724   -1023.6190557
1100.478259   -1569.1375732   -1039.1420126
1100.1345786   -1571.9176531   -1072.095871
1098.3339223   -1567.9242611   -1028.1968117
1099.3028554   -1569.0418482   -1033.1225395
1099.0115675   -1567.5973892   -1071.483016
1098.4667214   -1567.0580864   -1044.3451405
1097.0480713   -1575.1727819   -1072.1361637
1095.2343615   -1567.1278238   -1036.4234447
1095.1479348   -1566.3605928   -1041.0577059
1096.5342792   -1566.1379099   -1024.4556665
1095.7284244   -1570.2843666   -1071.7735291
1094.5874127   -1566.9124126   -1031.607151
1093.7076481   -1565.8166409   -1027.2736549
1093.0288704   -1573.7205744   -1071.8106031
1091.1247703   -1569.2964792   -1071.4944601
1091.1019417   -1565.3408766   -1034.4980955
1088.8955268   -1565.8510923   -1071.0259676
1085.5389806   -1569.0598488   -1071.0351467
1082.1418735   -1565.6278133   -1070.6014633
1079.8816653   -1570.1624155   -1070.5804825
1077.2624584   -1575.2637386   -1070.4802275
1074.5270225   -1571.2990761   -1070.1243877
1071.527985   -1566.8002367   -1069.6960688
1068.3225068   -1573.2021332   -1069.6173906
1066.7785379   -1567.9194927   -1069.3401098
1063.9085146   -1571.2465048   -1069.1980124
1061.7058846   -1566.114068   -1068.8551664
1060.0270899   -1572.7264881   -1068.9043999
1055.8868321   -1571.2021589   -1068.5527325
1055.5851134   -1565.4447079   -1068.40837
1052.0764264   -1569.2350864   -1068.2498217
1048.0789217   -1569.5865154   -1067.9767132
1042.714444   -1574.0871429   -1067.6416159
1037.7724143   -1569.1636801   -1067.3139095
1031.9612297   -1574.783206   -1066.9385195
1032.3754521   -1568.5316324   -1066.9983625
1027.2482904   -1572.2305775   -1066.6604042
1023.0188938   -1569.0153837   -1066.4284229
1019.0345617   -1567.1453476   -1066.1964417
1017.7297267   -1573.0394125   -1066.0170317
1013.8597163   -1569.7920322   -1065.7858849
1007.5469884   -1573.5560656   -1065.2090311
1002.9832991   -1570.0552464   -1064.8934841
998.2564124   -1567.3671961   -1064.5263195
997.0124038   -1574.4071007   -1064.2385483
992.0864376   -1571.5475082   -1063.8099909
989.0448125   -1565.9940243   -1063.6208057
986.1436459   -1572.6448298   -1063.1432533
983.9749011   -1568.6072111   -1062.9918575
980.4640087   -1573.8743544   -1062.4603033
979.1829856   -1566.1832094   -1062.4774694
976.5045615   -1572.3583698   -1062.0129108
973.5325249   -1569.9498653   -1061.6949797
971.6691347   -1567.3948526   -1061.5135431
967.2723087   -1572.5582838   -1060.8334541
965.9032198   -1567.3855543   -1060.7578754
960.7093307   -1573.7292767   -1059.9337816
961.5620943   -1566.8272972   -1060.1788759
956.8408104   -1567.9103136   -1059.4997406
952.5247487   -1574.8628378   -1058.7821007
951.7426165   -1568.2080984   -1058.7747097
947.6692351   -1565.3561354   -1058.2512617
947.0477077   -1572.0834732   -1058.0487251
942.1774419   -1569.7984695   -1057.4046373
936.9312199   -1567.5582886   -1056.7208529
936.7141994   -1575.2096176   -1056.5859079
930.9398206   -1572.4290609   -1055.8387041
926.3623031   -1567.9793358   -1055.2904606
923.9802631   -1575.2660036   -1054.9019575
920.1101931   -1569.4618225   -1054.4644594
913.777587   -1566.3775206   -1053.7109375
914.4867929   -1574.0784407   -1053.7298918
908.9255603   -1572.7914572   -1053.0604124
907.021937   -1566.7196512   -1052.8626442
903.6995443   -1572.242856   -1052.4269342
902.2566947   -1567.5983429   -1052.2689819
899.1642269   -1571.6558695   -1051.8907309
898.1510969   -1566.4631128   -1051.7901182
895.8434435   -1575.0222206   -1051.5367985
895.2758285   -1570.920825   -1051.4471531
892.3579129   -1566.8756962   -1051.1244535
890.9815522   -1574.3734837   -1051.0183573
887.377617   -1570.2164173   -1050.585866
881.9234046   -1569.3916082   -1050.0150919
876.3404163   -1571.690321   -1049.5026112
871.1900087   -1570.8116293   -1049.003005
864.6221729   -1570.5835819   -1048.397541
859.3268665   -1567.7901506   -1047.850132
859.1709109   -1573.0625391   -1048.0231047
856.928912   -1570.9928274   -1047.7551222
854.4563027   -1569.1783428   -1047.5362539
854.8107716   -1573.712945   -1047.7472544
850.899336   -1565.7714605   -1047.2069979
848.9846858   -1572.583437   -1047.3773479
845.111725   -1566.6466951   -1046.9127893
844.1430005   -1571.5847015   -1047.0668077
839.7384407   -1570.4979897   -1046.8212366
836.5886035   -1567.3167706   -1046.5314388
833.4580334   -1570.5896616   -1046.602726
830.2183273   -1567.6232576   -1046.3461876
826.8031003   -1571.4244843   -1046.4974642
820.7667293   -1567.4833059   -1046.1702347
821.0195573   -1573.7301111   -1046.5741158
816.2093135   -1572.3096132   -1046.4309454
814.6271976   -1567.0059919   -1046.0731983
812.6396658   -1575.185895   -1046.6490984
811.275241   -1571.0337162   -1046.3300943
809.2828365   -1566.1004782   -1046.041131
808.8076981   -1574.493885   -1046.6240644
806.1495992   -1570.7631111   -1046.3821888
800.4100146   -1571.09797   -1046.525836
796.9453158   -1566.2964582   -1046.2722778
793.9921888   -1571.8803406   -1046.746254
791.2828895   -1566.52987   -1046.4389324
787.9001322   -1574.5366812   -1047.1616983
789.6623435   -1570.3328848   -1046.7375517
785.5124744   -1568.1447983   -1046.7334986
781.5216752   -1573.1520653   -1047.2471714
778.539774   -1567.8702593   -1046.9561815
776.0303589   -1573.3468533   -1047.4414825
773.7378301   -1570.9607601   -1047.3591089
767.8237977   -1569.9683428   -1047.5486517
762.9913362   -1567.4096346   -1047.5436449
762.6336487   -1571.6243982   -1047.8899479
758.4812912   -1569.134593   -1047.8582382
752.8958293   -1571.4402199   -1048.2712984
750.4422339   -1567.9194927   -1048.0663776
749.2140504   -1574.842453   -1048.7304926
746.5149137   -1570.1607466   -1048.412919
740.794492   -1572.5839138   -1048.8619804
741.5975901   -1568.3518648   -1048.4499931
736.8100407   -1568.547368   -1048.673749
735.5049225   -1574.2726326   -1049.2446423
730.9711101   -1570.9292889   -1049.110651
727.5436493   -1567.1205521   -1048.9304066
727.2994044   -1574.4981766   -1049.5915413
726.3649973   -1570.8528757   -1049.2817163
722.8832217   -1568.3780909   -1049.2297411
723.139477   -1573.1116533   -1049.6354103
718.8576432   -1571.4410543   -1049.6848822
718.5387435   -1567.3433542   -1049.354434
715.1796418   -1574.5536089   -1050.1732826
713.8142037   -1569.1298246   -1049.7486591
710.8443054   -1573.5868216   -1050.3048897
707.1147683   -1569.7720051   -1050.1481295
702.4402814   -1572.624445   -1050.6523848
702.9781239   -1569.1180229   -1050.2911806
699.2644193   -1569.0140724   -1050.4902601
697.2114938   -1573.8973618   -1051.0723591
692.9371553   -1569.1787004   -1050.8664846
691.6337507   -1575.2654076   -1051.5258312
687.1148022   -1572.0592737   -1051.4581203
687.1296512   -1566.7233467   -1050.983429
683.2550066   -1569.4684982   -1051.4428616
681.3127371   -1574.2202997   -1052.0225763
678.5757514   -1569.01443   -1051.7112017
674.6694865   -1573.5222101   -1052.3859262
673.0832877   -1567.8411722   -1052.000165
669.972037   -1571.3374615   -1052.5182486
666.7912575   -1566.744566   -1052.405715
665.7545688   -1572.6280212   -1052.9700518
661.7814722   -1569.9601173   -1053.0799627
661.5339416   -1565.5223131   -1052.7746677
661.6891148   -1574.3285418   -1053.4762144
657.6689156   -1572.7924109   -1053.7048578
657.2855534   -1567.461729   -1053.3194542
652.5857123   -1570.8005428   -1054.0226698
649.9013352   -1575.0118494   -1054.6520948
648.8682302   -1568.4305429   -1054.2112589
648.3187164   -1571.659565   -1054.5061827
645.0554477   -1574.1969347   -1055.0734997
645.2162834   -1569.6421862   -1054.686904
640.8957774   -1566.6971207   -1054.9916029
641.8568911   -1571.4187622   -1055.1879406
640.876499   -1574.5099783   -1055.5472374
637.2465799   -1571.8470812   -1055.7476282
634.3624527   -1565.7963753   -1055.6880236
630.6855576   -1571.6868639   -1056.4683676
628.4190053   -1566.4268732   -1056.3809872
624.7578124   -1574.3120909   -1057.3151112
626.2273388   -1569.9964762   -1056.8263531
624.4043494   -1567.1820641   -1056.8578243
622.8413033   -1570.1818466   -1057.2149754
618.8207334   -1572.6354122   -1057.8402281
619.975186   -1566.5868521   -1057.3396683
614.5624956   -1568.8494444   -1058.0729246
613.438637   -1573.764205   -1058.5106611
610.3843907   -1566.0046339   -1058.396697
609.8407573   -1570.8674192   -1058.7209463
609.5696511   -1574.8122931   -1059.0177774
605.8751559   -1568.0088997   -1059.022069
605.2343902   -1573.4938383   -1059.4311953
600.954162   -1569.6952343   -1059.694171
599.1163538   -1575.2689838   -1060.276866
597.3483697   -1565.8931732   -1059.9269867
596.008352   -1570.6979036   -1060.3197813
593.9715521   -1574.5632648   -1060.8072281
593.392273   -1567.3639774   -1060.4395866
591.2722694   -1571.1194277   -1060.8824492
589.3179193   -1566.5506124   -1060.8617067
585.7639425   -1570.9004402   -1061.4794493
585.2094773   -1565.8700466   -1061.2719059
581.229439   -1567.4948692   -1061.7678165
579.8386904   -1573.1116533   -1062.2500181
576.1604915   -1568.5063601   -1062.3369217
574.4954264   -1572.866559   -1062.7706051
570.5290931   -1569.4371462   -1062.9435778
570.3397422   -1575.1039982   -1063.3417368
565.9980765   -1572.4087954   -1063.5575056
565.8185585   -1568.1654215   -1063.3192062
562.0918172   -1569.7653294   -1063.7644529
561.6608104   -1574.3588209   -1064.1064644
558.770814   -1567.3427582   -1063.9603138
557.7623109   -1571.4843273   -1064.2851591
554.415037   -1567.6900148   -1064.4068718
552.3567247   -1573.1352568   -1064.9162531
549.2166104   -1568.1580305   -1064.9199486
547.3048585   -1572.2652674   -1065.3210878
544.129503   -1569.0175295   -1065.4263496
543.1015054   -1574.0976334   -1065.8317804
538.8320433   -1570.4935789   -1065.9873486
534.9099571   -1565.7483339   -1066.0920143
532.6377647   -1572.3198652   -1066.6328669
528.0137631   -1566.0260916   -1066.6718483
525.5152258   -1573.0286837   -1067.2490597
522.9602354   -1568.0468082   -1067.1391487
518.996385   -1571.1841583   -1067.6136017
519.4917741   -1565.9538507   -1067.2967434
514.4111487   -1566.5041208   -1067.6920414
514.0335458   -1571.8581676   -1068.0084229
511.0905813   -1575.2431154   -1068.4515238
509.7850012   -1570.3470707   -1068.2131052
505.4786774   -1574.1180182   -1068.7550306
505.3122538   -1568.9562559   -1068.4320927
500.0545802   -1570.2933073   -1068.860054
495.5339479   -1575.0339031   -1069.4657564
494.4619807   -1569.7497129   -1069.169879
490.3508993   -1567.0964718   -1069.247365
490.2528646   -1572.4329948   -1069.5984364
485.6102961   -1569.6678162   -1069.6766376
485.507858   -1574.9174356   -1070.0713396
481.2663542   -1565.849185   -1069.6703196
480.0694408   -1572.2218752   -1070.1867342
475.8304404   -1568.1644678   -1070.1110363
474.3224504   -1572.3487139   -1070.5214739
470.8748358   -1565.856576   -1070.20998
472.4661308   -1569.5198774   -1070.391655
468.846825   -1571.5810061   -1070.7720518
464.2567458   -1566.3551092   -1070.5755949
464.806539   -1572.7764368   -1071.1038113
458.9695307   -1570.8897114   -1071.2441206
454.63371   -1568.7478781   -1071.2394714
453.5137685   -1572.4995136   -1071.6811419
452.7037265   -1566.1206245   -1071.074605
450.7600041   -1569.0912008   -1071.4524984
448.6471387   -1572.8332996   -1071.9586611
449.341652   -1565.7898188   -1071.1899996
445.6942799   -1568.4393644   -1071.6178417
443.7898221   -1573.3984709   -1072.2585917
441.3185688   -1569.832325   -1071.9616413
439.7144886   -1572.7906227   -1072.3754168
437.3720708   -1569.8096752   -1072.1316338
435.6727126   -1574.5624304   -1072.7792978
434.8621043   -1566.6770935   -1071.8735456
432.6341572   -1570.2595711   -1072.3859072
429.8344376   -1574.3236542   -1073.0214119
429.9667152   -1565.8925772   -1071.9821453
428.0571016   -1570.2049732   -1072.5796223
424.0074279   -1567.237258   -1072.3911524
423.8005849   -1573.2570887   -1073.1699467
419.187543   -1570.022583   -1072.9655027
418.6848374   -1565.4488802   -1072.4098682
418.8512089   -1573.9600658   -1073.5038519
415.1192876   -1572.2699165   -1073.4730959
414.5987155   -1567.9374933   -1072.930932
411.9494977   -1575.1895905   -1074.049592
410.0640985   -1570.6321001   -1073.5447407
410.1315113   -1565.628171   -1072.8949308
407.8333946   -1574.3690729   -1074.1816759
406.1136516   -1567.5734282   -1073.3878613
404.6400162   -1571.5003014   -1073.995471
400.569764   -1567.3128366   -1073.7177134
399.3700715   -1572.9095936   -1074.5207071
395.7654955   -1569.72754   -1074.3383169
393.2171138   -1574.0208626   -1075.0595331
391.6634294   -1569.3573952   -1074.5590925
388.4525719   -1566.5262938   -1074.4156837
386.8774297   -1571.4808702   -1075.1384497
383.6736652   -1567.1344995   -1074.8093128
381.5289559   -1570.6585646   -1075.3815174
377.9332759   -1567.1093464   -1075.1918554
377.5691362   -1572.017312   -1075.7998228
372.2162666   -1570.3747272   -1075.9527683
368.4246214   -1575.1161575   -1076.7371655
369.1100451   -1567.2835112   -1075.8060217
365.6715276   -1569.9100494   -1076.3345957
360.6814118   -1566.4135218   -1076.2947798
360.3100302   -1570.9822178   -1076.8152475
357.5375798   -1574.1076469   -1077.3367882
355.0579371   -1569.2244768   -1076.9912004
351.7440977   -1575.1384497   -1077.8356791
350.9055647   -1565.6397343   -1076.9127607
348.7237068   -1569.6926117   -1077.4915218
345.3828516   -1573.7122297   -1078.1372786
343.2269069   -1569.2396164   -1077.8462887
340.9487578   -1572.7293491   -1078.3603191
338.2348987   -1569.5524216   -1078.2470703
336.9305106   -1573.779583   -1078.7537098
334.5980617   -1566.4651394   -1078.2089233
333.6767527   -1570.6287622   -1078.6918402
332.2077366   -1574.7159719   -1079.1816711
330.829409   -1568.0612326   -1078.650713
329.2810293   -1571.2833405   -1079.0770054
327.264634   -1575.1440525   -1079.5736313
326.4211687   -1567.6476955   -1078.9269209
325.2986344   -1571.6063976   -1079.392314
321.762112   -1574.4825602   -1079.8971653
322.2233327   -1565.7562017   -1079.0297985
321.7709037   -1569.5707798   -1079.4405937
317.2056349   -1566.5758848   -1079.4459581
317.7226456   -1571.45679   -1079.8918009
312.1251734   -1570.6275702   -1080.177784
311.7000135   -1565.3737783   -1079.6806812
306.8473312   -1567.0661926   -1080.1650286
306.1049255   -1572.0332861   -1080.7076693
301.5559288   -1569.1184998   -1080.7079077
301.5102419   -1573.7766027   -1081.1599493
296.0555526   -1566.3814545   -1080.7629824
297.0066937   -1571.5970993   -1081.2288523
293.1084307   -1574.3613243   -1081.707716
292.2829064   -1569.9454546   -1081.355691
291.0817834   -1566.3887262   -1081.0703039
288.395253   -1572.6184845   -1081.8310976
288.0944582   -1568.4914589   -1081.4642906
284.9794599   -1571.4819431   -1081.93326
284.1493758   -1567.3289299   -1081.5728903
281.253961   -1574.2639303   -1082.3560953
281.9944891   -1570.3821182   -1081.9888115
280.207512   -1567.2569275   -1081.7809105
276.4165374   -1570.6984997   -1082.3075771
271.3971706   -1566.4591789   -1082.195282
269.9866267   -1570.9875822   -1082.6963186
266.8102356   -1574.9195814   -1083.1967592
267.1932551   -1567.7661896   -1082.5675726
265.5888768   -1570.7554817   -1082.9290152
262.8835114   -1567.6000118   -1082.7974081
261.061159   -1572.7254152   -1083.3457708
257.5114938   -1567.8902864   -1083.1370354
254.2249831   -1572.4520683   -1083.7198496
252.4797889   -1567.4604177   -1083.4006071
249.8508068   -1565.3856993   -1083.3724737
248.7781616   -1574.87607   -1084.2306614
248.8425346   -1569.9887276   -1083.8342905
245.2251586   -1567.0180321   -1083.7850571
243.3808716   -1571.8897581   -1084.307313
240.2184578   -1567.1218634   -1084.0790272
239.7330972   -1575.2239227   -1084.7920179
236.7796274   -1571.2243319   -1084.6345425
235.4767593   -1566.5084124   -1084.2895508
232.3046299   -1573.3299255   -1085.0647688
230.7300242   -1568.7071085   -1084.7483873
227.2381159   -1573.728323   -1085.3672028
225.2942594   -1569.0995455   -1085.0803852
221.3776978   -1571.9163418   -1085.5298042
221.0187586   -1566.6954517   -1085.0958824
215.8589932   -1575.0994682   -1086.083889
216.4087864   -1569.2464113   -1085.5776072
212.61054   -1566.7966604   -1085.5835676
211.4026221   -1570.8230734   -1085.9974623
208.0952498   -1566.806674   -1085.8534575
205.8106037   -1571.4242458   -1086.3801241
202.4153443   -1566.8143034   -1086.2083435
199.6386024   -1571.9078779   -1086.8074894
197.3568472   -1567.1730042   -1086.5693092
195.6231567   -1574.078083   -1087.2381926
194.2265304   -1570.4544783   -1087.0480537
192.2229501   -1565.4063225   -1086.7612362
192.2333511   -1573.7633705   -1087.4351263
188.2451149   -1570.7441568   -1087.4618292
187.2194382   -1565.636754   -1087.1206522
185.3101226   -1575.1987696   -1087.9898071
183.2525405   -1567.3891306   -1087.5282288
182.1520301   -1572.1764565   -1087.9744291
179.0424856   -1568.9920187   -1087.9359245
176.2737604   -1573.2064247   -1088.4400606
174.6165725   -1567.7918196   -1088.1313086
170.4154583   -1571.8946457   -1088.7356997
169.3679663   -1566.2924051   -1088.3638859
166.1016317   -1569.5480108   -1088.8519287
165.925053   -1573.3202696   -1089.152813
161.4455255   -1571.3969469   -1089.3181562
156.9829556   -1566.9813156   -1089.2878771
155.4189297   -1572.5750923   -1089.8360014
151.2298854   -1568.6924458   -1089.8411274
150.1202258   -1574.0451813   -1090.3245211
146.2929817   -1570.5575943   -1090.344429
142.8877684   -1568.2797432   -1090.4130936
141.9614228   -1572.1068382   -1090.7648802
138.8023766   -1568.6995983   -1090.7194614
137.1500465   -1573.8379955   -1091.1998749
133.7045404   -1569.2719221   -1091.09056
132.1667405   -1573.6159086   -1091.4976597
129.712102   -1565.2961731   -1091.0373926
128.4297081   -1570.6391335   -1091.5162563
123.5240074   -1566.6791201   -1091.5284157
123.4696778   -1572.7057457   -1091.9480324
118.868527   -1570.0821877   -1092.041254
117.9191741   -1565.343976   -1091.7770863
118.9379366   -1575.2394199   -1092.3532248
115.072486   -1572.5677013   -1092.4011469
114.2514022   -1568.1501627   -1092.1754837
109.7143265   -1571.7204809   -1092.6209688
104.1762801   -1567.3978329   -1092.6506519
103.7159833   -1573.6227036   -1093.0143595
99.1180512   -1570.768714   -1093.0787325
98.246214   -1565.4127598   -1092.8239822
95.3169438   -1573.3027458   -1093.3747292
94.2274901   -1568.9564943   -1093.2039022
90.9621986   -1572.6982355   -1093.5263634
89.0479954   -1567.9630041   -1093.3725834
86.5742239   -1571.7039108   -1093.6552286
83.1213864   -1567.8608418   -1093.604207
82.4415954   -1573.8331079   -1093.9040184
77.3388418   -1570.6231594   -1093.9478874
78.6147984   -1565.8347607   -1093.6840773
74.5914849   -1565.8288002   -1093.8298702
70.7611116   -1569.939971   -1094.1398144
66.9117244   -1566.8039322   -1094.1280127
64.860669   -1570.7718134   -1094.3549871
62.8836425   -1566.264987   -1094.222188
59.6969398   -1569.9062347   -1094.4602489
56.3861998   -1573.143959   -1094.671607
54.5937689   -1568.6887503   -1094.5341587
51.0592135   -1573.7324953   -1094.8116779
48.6313375   -1567.2140121   -1094.6068764
46.0079583   -1572.0504522   -1094.8530436
43.0060299   -1568.5298443   -1094.7761536
41.6955026   -1573.5337734   -1094.9858427
39.7774252   -1565.4038191   -1094.7130919
38.0932959   -1569.750905   -1094.9050188
32.124606   -1570.315361   -1094.9999094
26.1583003   -1573.7155676   -1095.1515436
26.7020734   -1567.1378374   -1094.9463844
22.4250229   -1569.3628788   -1095.0447321
20.3219327   -1573.603034   -1095.1616764
16.9886025   -1568.1289434   -1095.0126648
16.2373456   -1573.5661983   -1095.1491594
13.2059725   -1571.7349052   -1095.0870514
10.7549699   -1567.6110983   -1094.9707031
8.9295777   -1573.0428696   -1095.0676203
4.3348344   -1568.117857   -1094.918251
3.7086876   -1575.267911   -1095.0317383
-1.5989868   -1571.6229677   -1094.897747
-1.0817377   -1565.741539   -1094.8125124
-6.2943427   -1566.6365623   -1094.7481394
-7.4864952   -1572.6083517   -1094.8040485
-9.517583   -1568.9628124   -1094.722271
-10.8093945   -1566.0847425   -1094.6547985
-13.474199   -1570.6000328   -1094.6428776
-19.3264214   -1567.1241283   -1094.4474936
-19.4279281   -1573.2241869   -1094.5053101
-23.851606   -1569.7543621   -1094.3399668
-27.3986784   -1566.2879944   -1094.1894054
-28.1706182   -1570.9342957   -1094.2052603
-32.0392577   -1574.7257471   -1094.0942764
-32.2668282   -1567.9447651   -1094.0259695
-36.43814   -1571.3372231   -1093.8898325
-36.5826813   -1566.8125153   -1093.8407183
-40.8581821   -1574.9679804   -1093.7342644
-40.3820602   -1568.4438944   -1093.6881304
-45.5289213   -1570.0442791   -1093.4656858
-51.1774746   -1570.9196329   -1093.2099819
-55.1963178   -1566.2685633   -1092.9449797
-55.7484952   -1571.6648102   -1093.0080414
-60.0825278   -1570.0756311   -1092.7827358
-64.3974868   -1574.6641159   -1092.6822424
-65.3361408   -1568.6000586   -1092.5177336
-69.3441955   -1572.1244812   -1092.4239159
-70.4026548   -1567.2831535   -1092.2679901
-73.2729761   -1575.1576424   -1092.3422575
-73.3839599   -1570.73915   -1092.2292471
-76.1276809   -1566.6450262   -1092.0141935
-77.6757327   -1572.6181269   -1092.1145678
-81.6321699   -1569.3403482   -1091.8750763
-83.5414854   -1574.9585629   -1091.9694901
-85.3941766   -1566.893816   -1091.6557312
-85.717949   -1570.7802773   -1091.7645693
-88.7828199   -1573.4966993   -1091.7364359
-89.1241757   -1569.3471432   -1091.5893316
-92.2655193   -1571.8039274   -1091.5482044
-93.1622712   -1568.117857   -1091.3854837
-96.9935385   -1572.3096132   -1091.3721323
-97.6470438   -1566.8257475   -1091.146946
-101.7761556   -1570.0918436   -1091.0791159
-101.5357105   -1565.87255   -1090.9342766
-105.3369967   -1567.7980185   -1090.8199549
-106.4448682   -1572.4942684   -1090.9456015
-109.7135273   -1569.7052479   -1090.6653404
-111.3686887   -1574.6684074   -1090.7795429
-112.5800339   -1566.9401884   -1090.400219
-114.0949456   -1571.1092949   -1090.4806852
-115.6234471   -1574.8516321   -1090.555191
-117.2578064   -1567.8536892   -1090.1712179
-119.2419855   -1572.0099211   -1090.2308226
-121.5899316   -1567.9113865   -1089.9302959
-125.4404513   -1571.3518858   -1089.8554325
-124.8395769   -1565.4274225   -1089.663744
-129.4556586   -1567.7754879   -1089.4979239
-130.9137074   -1572.9113817   -1089.6228552
-134.4268052   -1569.4596767   -1089.3146992
-136.103007   -1575.214982   -1089.4696712
-137.5283924   -1565.5013323   -1089.0530348
-139.9304   -1570.5968142   -1089.1191959
-141.402754   -1566.1305189   -1088.9196396
-144.5142952   -1568.5168505   -1088.8947248
-144.2882744   -1572.8002787   -1089.043498
-148.2864944   -1565.2920008   -1088.7440443
-149.1881339   -1571.5155602   -1088.8856649
-153.6450116   -1566.6220188   -1088.7006521
-155.3198425   -1572.4936724   -1088.8067484
-158.8284699   -1568.0360794   -1088.6746645
-160.6016485   -1573.0593204   -1088.7671709
-157.6642124   -1574.847579   -1005.8178902
-159.1590969   -1572.6474524   -1007.9498291
-158.2780806   -1570.2615976   -1004.1832924
-156.1471549   -1572.5075006   -1000.0855923
-163.5437337   -1568.6571598   -1088.6884928
-160.5468718   -1573.5112429   -1011.5356445
-160.1620046   -1568.452239   -1007.4423552
-161.1661641   -1569.9315071   -1010.8816624
-161.8522731   -1566.4359331   -1009.8921061
-159.6482722   -1566.3927794   -1004.3005943
-162.4319283   -1571.8086958   -1014.5295858
-165.9394828   -1573.6825466   -1088.791132
-163.3789865   -1566.9281483   -1013.7190819
-163.4823409   -1574.4503736   -1017.4589157
-165.405306   -1569.8080063   -1018.9363956
-168.9426628   -1567.7393675   -1088.7625217
-168.847057   -1571.2822676   -1025.0171423
-168.2389704   -1566.003561   -1022.331357
-170.6670848   -1572.5164413   -1088.8339281
-170.5834595   -1565.6242371   -1025.990963
-171.9494788   -1568.6610937   -1028.8361311
-171.2689129   -1572.0740557   -1028.5081863
-174.2325155   -1569.1189766   -1088.901639
-174.5086638   -1574.5216608   -1088.9482498
-173.8755433   -1572.9899406   -1031.6525698
-175.0983325   -1566.414237   -1032.3774815
-176.9813029   -1570.1838732   -1034.5183611
-177.2588817   -1574.3951797   -1034.8943472
-179.1013209   -1571.0865259   -1089.073658
-177.9652563   -1565.8341646   -1035.2480412
-179.8201529   -1571.138978   -1036.9216204
-181.0748307   -1567.6170588   -1037.8926992
-184.8302213   -1567.1166182   -1089.3279314
-183.5257141   -1573.6035109   -1089.2549753
-183.1888882   -1571.9203949   -1039.4704342
-184.0096442   -1566.529274   -1040.3461456
-186.1419407   -1569.3503618   -1041.8533087
-187.5041453   -1573.1093884   -1042.7874327
-188.7500612   -1571.269393   -1089.5127058
-187.2921316   -1566.0297871   -1043.022275
-189.6350709   -1567.0206547   -1089.5715952
-188.6365143   -1569.3558455   -1043.8740253
-193.105909   -1575.0522614   -1089.7729397
-191.1853281   -1566.5071011   -1046.2350845
-191.0719005   -1572.124958   -1045.7760096
-194.6877567   -1567.6116943   -1089.8879766
-194.7291223   -1570.1522827   -1049.1666794
-196.8474118   -1571.7974901   -1090.0043249
-198.4191862   -1574.767828   -1090.1213884
-197.6976124   -1574.1986036   -1051.4945984
-201.3584701   -1569.5129633   -1090.3570652
-198.6105172   -1568.4318542   -1052.723527
-201.2772886   -1573.7731457   -1054.4275045
-202.8002468   -1569.6988106   -1055.8936596
-205.8300702   -1574.023366   -1057.4593544
-209.166619   -1568.8509941   -1091.0235643
-206.624004   -1567.5219297   -1058.5206747
-209.7580162   -1573.9423037   -1091.0485983
-210.31979   -1571.9002485   -1060.1824522
-211.1717192   -1567.564249   -1061.0507727
-215.1882378   -1571.8787909   -1091.5898085
-214.3290368   -1573.8939047   -1061.8269444
-213.8850418   -1569.0129995   -1062.2723103
-217.3674432   -1565.6040907   -1064.0882254
-216.9543234   -1570.4185963   -1063.4174347
-217.896196   -1574.3336678   -1063.2314682
-219.3930475   -1567.871809   -1092.0410156
-223.5215632   -1570.8076954   -1092.5114155
-220.7736699   -1568.5290098   -1065.1267767
-220.7656828   -1572.4730492   -1064.5486116
-224.1472927   -1570.5989599   -1065.8848286
-224.1968242   -1574.472785   -1065.1767254
-223.9823667   -1567.1626329   -1066.362977
-228.8452116   -1574.1741657   -1093.1392908
-232.0804325   -1568.269968   -1093.5741663
-227.2354094   -1568.2977438   -1067.0118332
-228.1079022   -1572.5376606   -1066.3784742
-230.6375829   -1566.2105083   -1068.033576
-230.3571431   -1569.6018934   -1067.3140287
-232.5535146   -1572.170496   -1067.0182705
-234.7932187   -1573.7526417   -1093.9115286
-233.1359116   -1568.7838793   -1067.7865744
-235.0285975   -1565.3989315   -1068.5856342
-237.1020643   -1568.7607527   -1094.2358971
-237.1317474   -1570.4530478   -1067.5712824
-239.6586863   -1574.4224787   -1094.5732594
-239.432129   -1570.8320141   -1094.5523977
-239.4538251   -1565.7383204   -1068.6260462
-241.413149   -1566.6348934   -1094.8352814
-243.6554757   -1569.6288347   -1067.432642
-244.1704599   -1570.4898834   -1095.2225924
-249.7628061   -1572.5822449   -1096.0254669
-248.7045852   -1572.3280907   -1066.3024187
-249.0156618   -1567.516923   -1095.9260464
-252.2585718   -1574.9387741   -1065.5103922
-254.2993156   -1570.1117516   -1066.3944483
-253.572735   -1566.3701296   -1096.5895653
-256.7730276   -1570.2718496   -1097.063899
-256.7081181   -1575.1773119   -1065.2222633
-260.3642074   -1574.6743679   -1097.5841284
-260.6329647   -1570.74821   -1065.8866167
-263.7281743   -1567.2110319   -1098.105073
-265.1113597   -1565.6007528   -1066.5097237
-267.0241324   -1571.9771385   -1098.6022949
-267.8408948   -1571.8923807   -1065.033555
-269.8244182   -1566.0355091   -1099.0263224
-269.8431341   -1566.8400526   -1065.977931
-271.0446445   -1575.0941038   -1063.3859634
-272.881302   -1569.3745613   -1099.4918346
-273.943278   -1568.8802004   -1064.9390221
-272.9890076   -1572.7660656   -1063.824892
-276.8546072   -1572.1536875   -1100.0649929
-274.5477287   -1575.2567053   -1062.5463724
-278.0584422   -1566.1151409   -1100.2393961
-277.5001255   -1572.5903511   -1062.8824234
-279.2488066   -1568.4283972   -1064.0028715
-282.3555795   -1568.2994127   -1100.8526087
-281.0675231   -1574.1556883   -1100.6602049
-282.7388374   -1574.1057396   -1060.9635115
-281.0385553   -1570.905447   -1062.7243519
-284.6058337   -1568.3994293   -1062.7961159
-285.9713165   -1570.9722042   -1101.3485193
-287.4904601   -1572.3206997   -1060.4586601
-291.1737291   -1568.498373   -1061.4068508
-287.9743902   -1573.1447935   -1101.6023159
-290.5969349   -1569.9529648   -1101.9250154
-290.9409729   -1572.431922   -1059.8859787
-294.8761312   -1565.4011965   -1102.3890972
-295.2577201   -1570.8875656   -1102.4163961
-294.1487161   -1570.3428984   -1060.4577065
-295.3708497   -1573.0988979   -1059.3703985
-295.7241265   -1567.3501492   -1061.6071224
-297.6597277   -1570.8706379   -1060.6082678
-299.926552   -1566.6121244   -1102.8758287
-300.0716893   -1572.4577904   -1102.8044224
-298.5256044   -1574.4546652   -1059.3472719
-300.4380194   -1567.7547455   -1062.533021
-301.6630141   -1572.5486279   -1060.906291
-305.2523462   -1574.3056536   -1103.0956507
-305.2363721   -1567.9293871   -1103.1581163
-304.6830026   -1566.1751032   -1064.9037361
-304.2230336   -1570.245862   -1062.9872084
-306.3279716   -1574.6054649   -1062.3301268
-307.6642481   -1570.3685284   -1065.0061369
-308.9254824   -1566.2338734   -1067.5323009
-310.2940051   -1570.6087351   -1103.2868624
-310.1712791   -1565.8403635   -1103.0620337
-310.2981178   -1574.3160248   -1065.1744604
-311.3196222   -1570.7440376   -1067.4133301
-312.6118509   -1567.5309896   -1069.8709488
-313.7025563   -1567.7031279   -1103.027463
-316.6182963   -1571.9360113   -1103.268981
-313.2778136   -1574.4751692   -1067.6523447
-314.6044938   -1571.7893839   -1069.9104071
-315.5640689   -1568.1707859   -1072.2870827
-317.2878949   -1566.4540529   -1102.6041508
-318.1328503   -1572.4625587   -1073.2728243
-318.0297939   -1567.5387383   -1075.0510693
-320.7398383   -1568.5939789   -1102.3387909
-322.4628297   -1572.411418   -1102.8523445
-320.1046912   -1565.3401613   -1101.7751694
-319.8968498   -1565.7795668   -1077.8741837
-320.6429807   -1569.9270964   -1076.9020319
-320.313069   -1574.6723413   -1074.8407841
-320.2686635   -1572.5437403   -1075.5608082
-322.4556176   -1567.4488544   -1079.9571276
-322.8794066   -1566.2935972   -1101.4254093
-322.3688332   -1574.3715763   -1077.2162676
-323.5109774   -1570.8658695   -1079.7117949
-324.9274222   -1569.2766905   -1101.7754078
-323.9743439   -1565.8895969   -1082.7190876
-326.2489764   -1565.4261112   -1099.9990702
-324.5678274   -1574.2932558   -1079.554081
-324.6751157   -1568.8784122   -1081.8593502
-327.0390955   -1573.3370781   -1102.3104191
-326.647493   -1571.9025135   -1082.6603174
-326.8168894   -1568.4605837   -1084.4123363
-329.4864026   -1570.1863766   -1100.9349823
-331.3138214   -1567.7371025   -1099.0456343
-330.3267089   -1570.5220699   -1087.1295929
-329.290959   -1573.6513138   -1084.61833
-330.0115792   -1568.0719614   -1088.1361961
-330.1891414   -1566.2976503   -1090.7515287
-332.537922   -1574.7054815   -1101.7694473
-332.6351372   -1567.1432018   -1096.3687897
-331.9881288   -1573.1040239   -1087.1955156
-333.2912055   -1568.8788891   -1099.0122557
-333.3462206   -1568.1405067   -1093.310833
-333.1224648   -1569.6150064   -1090.2321339
-335.7591955   -1574.4019747   -1089.3330574
-337.3713223   -1574.200511   -1100.5473137
-336.3708583   -1570.2213049   -1095.7381725
-337.1396986   -1571.8940496   -1092.2840834
-337.5315992   -1572.3049641   -1098.1942415
-341.658744   -1573.9549398   -1095.7634449
-341.0419551   -1574.8767853   -1098.8804102
1130.609897   -1575.0700235   -916.7639017
1128.4618648   -1573.7017393   -936.5977645
1129.0541562   -1574.7917891   -945.0272322
1127.9876503   -1574.6699572   -949.55796
1126.3261112   -1573.051095   -910.6956124
1128.3559474   -1573.4195709   -925.9456396
1128.0161413   -1573.1291771   -930.0939441
1128.3656033   -1573.5353231   -989.4137383
1127.4387511   -1572.92974   -920.6643105
1128.0117901   -1574.011445   -984.4189286
1125.6963285   -1569.9255466   -994.81529
1127.9671463   -1574.9014616   -903.7697911
1125.8775862   -1574.3172169   -900.7469416
1125.7294687   -1572.26789   -915.7227874
1127.0081075   -1574.4732618   -974.9054909
1126.5392574   -1574.4228363   -956.1989307
1127.3204359   -1574.9787092   -959.1675997
1125.9544762   -1572.7784634   -981.4081192
1125.4219087   -1572.8981495   -977.9946208
1125.5079778   -1573.7601519   -970.3979492
1125.5122098   -1573.6194849   -952.0713091
1124.1001161   -1571.4572668   -939.2004013
1123.7282427   -1572.2237825   -947.1529126
1124.8905333   -1573.6013651   -965.9495354
1124.8443397   -1573.6237764   -962.9160166
1121.5914758   -1569.6558952   -933.878541
1124.9213489   -1570.928812   -984.7327471
1123.7901124   -1568.7286854   -988.9224172
1124.3682774   -1571.0754395   -923.8907695
1120.5193075   -1568.8682795   -926.6955853
1124.6604594   -1572.9966164   -904.432416
1123.1293353   -1570.6837177   -917.8012609
1124.5563301   -1573.4251738   -959.6009851
1122.6551803   -1571.1197853   -973.9759564
1123.0289014   -1572.3434687   -954.6980858
1121.1040886   -1570.0768232   -912.7812386
1120.652047   -1570.494771   -907.2721601
1122.3945292   -1569.7253942   -979.6333909
1121.5370568   -1572.288394   -899.6473551
1122.9160699   -1567.3582554   -997.7307916
1122.1614154   -1566.5733814   -991.946876
1121.9592365   -1566.2884712   -994.9383736
1122.7820786   -1574.125886   -895.1792121
1122.7522167   -1571.9789267   -951.2956142
1121.7403682   -1571.0412264   -968.3152437
1120.7680973   -1566.7577982   -984.2562079
1121.690658   -1571.4223385   -963.0751014
1119.6459802   -1570.7402229   -902.7644396
1120.3024062   -1570.5398321   -957.7558041
1120.427874   -1574.6903419   -889.9983168
1118.6290654   -1568.0682659   -922.2236276
1118.3653744   -1568.5573816   -941.7616725
1118.934122   -1569.508791   -951.1876106
1118.4807094   -1568.3300495   -917.6418185
1119.3772825   -1572.296977   -895.4546452
1119.5212277   -1567.8118467   -975.675106
1117.8493174   -1567.2030449   -970.7041383
1118.1150945   -1565.3526783   -979.0658951
1118.3775934   -1568.5101748   -965.7036066
1117.7425059   -1568.4189796   -961.2228274
1116.1743077   -1569.9687004   -898.2646465
1116.9654997   -1568.4924126   -908.9564085
1116.3267168   -1567.8640604   -911.7535949
1115.0600585   -1568.2615042   -904.2584896
1117.2014745   -1567.0876503   -930.5475354
1117.9499301   -1567.4997568   -926.0189533
1113.6820587   -1565.2890205   -938.9984608
1114.9118217   -1571.6632605   -890.740931
1116.3315447   -1567.5154924   -956.7013383
1114.0793832   -1568.2924986   -901.3581872
1116.9620427   -1565.2897358   -974.9091864
1114.0342029   -1565.8471584   -947.3829269
1113.9074834   -1565.7249689   -952.7500272
1114.5527633   -1566.0165548   -921.4102626
1114.1417297   -1573.8697052   -884.6358061
1113.7101921   -1566.173315   -915.6137705
1116.3013848   -1566.413641   -966.9089317
1115.4073747   -1566.0749674   -963.8772607
1114.2371567   -1565.4379129   -926.6006351
1114.7933873   -1565.9440756   -960.1520896
1113.5415705   -1566.693306   -910.202384
1109.892455   -1567.6054955   -895.8863616
1112.1981414   -1573.9511251   -882.3574185
1110.9422716   -1566.7737722   -901.5781283
1110.2790507   -1570.7746744   -887.4473572
1110.483733   -1569.3805218   -891.1291361
1106.607643   -1574.5500326   -875.6711483
1107.0636185   -1571.4855194   -882.4307323
1107.3377403   -1567.8482056   -891.297102
1105.9082421   -1569.0121651   -886.6634369
1101.8041643   -1565.5519962   -890.1988268
1102.1533879   -1570.677042   -879.4185519
1102.5373014   -1568.2066679   -884.7845197
1101.3598116   -1572.9329586   -874.1281033
1097.8179248   -1573.5471249   -870.0978756
1099.0752848   -1567.4558878   -882.6909065
1097.1867713   -1570.7690716   -874.6383786
1095.717934   -1566.9715405   -880.3958297
1095.0647267   -1574.5565891   -866.5602803
1092.0918258   -1571.2468624   -870.1187968
1094.0501364   -1567.5468445   -877.7847886
1093.1854519   -1569.2548752   -874.1041422
1090.7570692   -1574.2733479   -864.6218181
1090.9787389   -1566.3666725   -877.1822453
1087.6259478   -1570.3554153   -868.9190149
1087.1938141   -1567.3505068   -873.1369972
1084.4537886   -1572.9454756   -863.8614416
1084.3185457   -1569.2083836   -869.0098524
1080.039558   -1565.9176111   -871.5566993
1079.6930762   -1569.720149   -866.4351702
1078.6190303   -1573.0899572   -861.1557484
1075.4519673   -1566.991806   -868.2790995
1075.3566893   -1569.8292255   -864.4729853
1072.9922029   -1571.3056326   -861.0650301
1075.1660439   -1574.4786263   -857.0095301
1070.2394219   -1567.6281452   -865.1095629
1070.4113813   -1572.5346804   -857.3304415
1068.5165497   -1569.7883368   -860.8355522
1066.5028664   -1570.7932711   -857.6529026
1067.2471496   -1573.0773211   -853.4178734
1072.3652216   -1575.1620531   -853.5513878
1066.9732066   -1567.9227114   -862.8597856
1065.0297376   -1565.9297705   -864.6911979
1064.201084   -1568.1672096   -860.6568575
1062.31415   -1569.969058   -855.8011055
1061.005083   -1565.2880669   -863.1206155
1059.3386861   -1566.8967962   -859.2551947
1055.2939745   -1566.0815239   -857.3609591
1058.0081018   -1568.2207346   -855.5707335
1054.2422803   -1568.2225227   -851.9080281
1048.1431159   -1565.9796   -851.4887094
-122.7342216   -1574.783206   -902.3328424
-123.5054461   -1573.230505   -906.6426754
-123.1338707   -1571.6981888   -898.6451626
-123.820397   -1570.1681376   -902.2384882
-123.4938828   -1574.3287802   -859.8373532
-122.0000712   -1574.8412609   -854.5062542
-123.1763688   -1570.4802275   -892.8474188
-124.2605177   -1575.0485659   -914.1401052
-125.0354973   -1571.267128   -911.2234712
-123.8999096   -1567.8801537   -897.8734016
-123.558375   -1574.16749   -888.6968493
-123.4055487   -1568.2257414   -886.3869905
-123.4255163   -1571.1535215   -888.3074522
-124.0716306   -1565.5046701   -894.3762183
-123.8978831   -1566.0705566   -861.6130352
-122.8183237   -1568.4156418   -856.0999036
-123.7029759   -1571.7338324   -885.307312
-124.0036813   -1569.6727037   -880.143106
-123.8860814   -1569.7610378   -861.4383936
-124.3411628   -1573.0381012   -864.9533987
-125.0818101   -1568.2420731   -906.3019156
-124.1938797   -1567.9861307   -863.7328744
-123.9757267   -1565.341711   -876.7269254
-125.2047149   -1565.3499365   -901.5544057
-124.5707003   -1570.1810122   -873.1034994
-124.6432988   -1575.1553774   -877.0141006
-124.4684783   -1567.5883293   -868.911624
-125.9416071   -1572.295785   -916.0208702
-124.5524017   -1570.6186295   -868.2863116
-124.6900288   -1573.8922358   -869.4370389
-124.7366396   -1575.237751   -872.7290034
-127.0171729   -1573.2706785   -920.6607342
-126.9757477   -1566.172719   -910.1632237
-127.2353856   -1568.261981   -914.3449664
-127.7684895   -1569.6446896   -917.9316163
-129.2985407   -1571.8598366   -924.5299697
-129.5944182   -1568.6616898   -921.287775
-129.4210879   -1566.0418272   -917.2613025
-130.7027666   -1573.130846   -929.0021658
-132.1479408   -1567.835927   -926.0748625
-133.5519878   -1572.8377104   -934.138298
-133.3710281   -1569.4375038   -930.4976463
-134.8672835   -1566.021204   -929.6042323
-135.9070269   -1567.6400661   -933.496654
-137.429866   -1570.1099634   -938.5986924
-138.3396117   -1574.2430687   -942.8902864
-140.4429404   -1569.8524714   -943.339467
-140.6641928   -1566.0105944   -940.3787851
-141.1862699   -1572.9078054   -946.4037418
-142.3815814   -1574.9380589   -949.432075
-142.851266   -1566.3341284   -944.3355203
-142.6077215   -1569.404006   -946.385026
-143.7579123   -1571.0834265   -949.3624568
-144.8373524   -1573.8985538   -953.3081651
-144.6259347   -1567.2281981   -948.0113983
-146.7163292   -1568.4595108   -952.2671103
-147.6124851   -1570.0204372   -956.3410282
-148.4291283   -1573.379755   -965.2268291
-149.013075   -1565.5851364   -955.3947449
-148.4430758   -1571.039319   -960.5203867
-149.100813   -1567.690134   -958.78613
-149.189624   -1572.483182   -970.0660706
-149.5631663   -1568.5428381   -962.9068971
-150.4713026   -1567.6933527   -968.2805538
-150.3415433   -1570.3377724   -973.4733701
-150.9058205   -1571.637392   -979.182601
-150.7988302   -1565.4933453   -964.0681744
-151.7933933   -1571.6993809   -983.7701321
-151.7233578   -1573.9576817   -986.4289761
-151.8122879   -1566.0610199   -973.1557369
-152.3835985   -1566.7397976   -978.0322313
-152.308735   -1568.8281059   -981.7061424
-152.7378289   -1573.7785101   -990.1744723
-152.945253   -1570.8376169   -987.5732064
-153.2740919   -1568.1464672   -985.0521684
-153.5342065   -1566.0403967   -982.4145436
-154.2139975   -1573.3470917   -994.7834611
-154.2551843   -1569.9191093   -991.479218
-154.2829601   -1567.6522255   -988.4365797
-156.0374228   -1568.6894655   -995.9456325
-156.0203759   -1565.486908   -991.6988015
-157.9119889   -1567.5708055   -1000.5087852
1066.9177147   -1574.7935772   -847.8783369
1063.5069581   -1574.2586851   -844.4077969
1062.519935   -1572.2159147   -850.0868082
1060.8221861   -1574.7638941   -840.3485417
1058.4485503   -1572.3515749   -845.0508118
1059.0560111   -1569.945097   -852.6296616
1058.3474012   -1570.7222223   -849.634707
1055.2119883   -1574.036479   -839.5107388
1055.5021139   -1570.4542398   -847.6797342
1052.9567572   -1571.1946487   -844.1370726
1052.1724793   -1569.6047544   -846.9085693
1051.602331   -1572.4563599   -841.4563537
1050.6091984   -1573.941946   -838.9781117
1049.2270263   -1571.0612535   -842.8862095
1047.9863258   -1568.0160522   -847.5117683
1045.4098257   -1573.0701685   -839.2896056
1044.841704   -1569.3730116   -843.7746763
1044.1880199   -1566.4442778   -847.4795818
1041.9662865   -1571.9885826   -839.5904303
1040.7162877   -1567.9949522   -843.6248302
1037.1731194   -1568.1860447   -841.5631056
1037.0807918   -1571.6551542   -838.1129503
1033.5891219   -1572.7678537   -835.1471424
1033.3522531   -1566.6847229   -840.6832814
1034.7222658   -1569.8646307   -838.5397196
1031.444219   -1569.291234   -836.9070888
1030.1048132   -1574.8330355   -830.9072852
1029.9367877   -1571.256876   -833.9862823
1028.7019583   -1565.923214   -837.8016353
1027.8290483   -1568.3025122   -834.8473907
1026.2542935   -1570.0981617   -831.7094445
1024.0152451   -1572.5605488   -828.1828761
1022.5672396   -1569.2443848   -829.4186592
1021.4760574   -1572.4452734   -826.4555335
1020.285246   -1566.0101175   -829.8765421
1019.4456848   -1569.2629814   -827.0404339
1018.1848081   -1573.1757879   -824.0783215
1017.1060833   -1565.3640032   -827.9622793
1015.901533   -1568.9175129   -824.9921203
1013.6354538   -1571.8762875   -822.2762942
1013.6886211   -1565.3201342   -825.7623911
1012.5847729   -1568.0919886   -823.5299587
1010.4968222   -1575.0044584   -819.4801807
1010.7348534   -1565.639019   -823.8591552
1008.4701451   -1569.0960884   -820.8645582
1005.0494643   -1574.1120577   -817.1468973
1003.6549839   -1565.7304525   -820.0963736
1003.4868392   -1569.7934628   -818.0313706
1000.2953085   -1572.3047256   -815.4978752
999.7416707   -1567.9830313   -816.9972897
996.1424442   -1575.2694607   -812.7978444
996.2623688   -1570.54317   -814.2753243
995.364246   -1567.3149824   -815.2551055
993.2692321   -1571.8656778   -812.4989867
992.5580891   -1568.749547   -813.2912517
991.7668077   -1574.0735531   -811.2522364
989.5150932   -1570.7796812   -811.1670017
988.6113974   -1565.8442974   -812.7862811
987.9693659   -1574.6676922   -809.5585704
986.5098866   -1568.38727   -810.7804656
985.5080517   -1570.7782507   -809.4027042
985.3593382   -1565.5150414   -811.4007711
984.2430624   -1573.359251   -808.368206
983.3243462   -1567.6727295   -809.443593
981.0791882   -1570.0076818   -807.8348637
981.0113879   -1565.4369593   -808.8582754
981.5246435   -1575.0387907   -807.1428537
977.7467223   -1571.5941191   -805.9632182
976.6334566   -1566.1604404   -805.8449626
974.6077033   -1573.7069845   -804.4165969
975.0573608   -1569.0840483   -804.653585
973.6936065   -1565.6938553   -803.4256697
971.9010266   -1571.8747377   -802.5359511
969.5239934   -1569.0686703   -800.0712395
968.1271585   -1574.221611   -799.7328639
967.4904021   -1566.4401054   -796.9093919
966.583875   -1570.4891682   -797.2505689
965.1713642   -1574.1240978   -796.6742516
965.1326212   -1567.9804087   -794.6035862
964.5520123   -1571.2045431   -795.0791121
963.5014804   -1565.6893253   -791.3305163
962.9927846   -1573.6310482   -793.9547896
963.1233486   -1569.8660612   -792.7137017
961.0409113   -1569.0557957   -789.3212438
960.9496268   -1565.718174   -787.556529
961.1070129   -1572.254777   -790.8187509
959.1686102   -1572.1237659   -787.7498269
958.8051113   -1568.9476728   -785.764575
958.4433707   -1566.1498308   -783.9952707
956.8440291   -1573.0837584   -784.285605
956.4976069   -1569.9603558   -782.5704217
956.7005011   -1566.7254925   -781.5381885
954.4505747   -1574.2974281   -780.9715867
953.4904035   -1565.5186176   -776.7648101
953.8641842   -1570.681572   -778.9404392
952.1948966   -1574.72682   -778.1099081
951.0023566   -1571.3061094   -775.7345438
949.7947069   -1567.2909021   -773.418963
947.6187202   -1571.9037056   -772.5893855
946.4801522   -1567.9764748   -770.6961632
944.739488   -1571.5506077   -770.1451778
942.9092976   -1569.1422224   -768.3650851
941.7187842   -1573.1067657   -768.3522105
939.5726296   -1569.6109533   -766.2681341
937.2292431   -1574.6033192   -765.8821344
932.7175292   -1569.2199469   -762.0548606
929.7681721   -1573.0550289   -761.0929608
927.9119941   -1567.6214695   -758.8500381
927.1822842   -1571.2928772   -759.1855526
921.7540892   -1569.5613623   -755.6376457
915.0959226   -1568.6290264   -751.779139
914.6621796   -1574.587822   -752.8250813
910.1591381   -1575.0534534   -750.5631447
909.5624956   -1568.7789917   -748.8629818
905.1744016   -1574.7035742   -747.9237914
899.5906683   -1571.532011   -744.3488836
899.8987349   -1567.1120882   -743.5774207
898.0915817   -1575.001955   -744.4201708
894.335744   -1569.2867041   -741.2856817
893.9732286   -1574.4456053   -742.2431707
891.0672339   -1573.1891394   -740.5628562
890.1037546   -1569.0664053   -739.2348647
887.9635604   -1572.0435381   -738.8406396
886.1764344   -1567.0598745   -737.0255589
883.9959475   -1573.9865303   -737.4417782
881.7752572   -1567.9774284   -735.209167
878.782061   -1573.3231306   -734.9489927
876.865712   -1568.1936741   -733.0358028
873.9570352   -1572.7039576   -732.6577306
872.7593394   -1568.4056282   -731.1900258
868.7092932   -1572.1127987   -730.1672101
869.2128929   -1565.9412146   -729.0297151
865.0355311   -1566.5843487   -727.178216
863.6709424   -1571.4656115   -727.6856303
856.02012   -1569.41998   -723.4947085
855.8374914   -1574.0772486   -724.7272134
851.9120487   -1568.6819553   -721.3420868
847.2572836   -1568.226099   -719.0448046
847.9779931   -1572.2937584   -720.5682993
843.9534279   -1566.4483309   -717.0732021
842.6833423   -1572.5349188   -718.2618976
839.5939591   -1568.7625408   -715.7651782
833.3205553   -1566.6464567   -712.4465704
830.9193673   -1571.2547302   -712.7627134
824.4827362   -1574.057579   -710.7195258
824.7677209   -1569.2374706   -709.4268203
819.3520727   -1570.9969997   -707.4782252
599.0315406   -1570.866704   -709.9255919
594.7001835   -1572.8210211   -711.0318542
602.1395019   -1574.8332739   -709.2234492
595.0305604   -1568.8179731   -710.7721567
598.2669844   -1565.6446218   -709.7748518
603.8608952   -1570.3064203   -708.4239721
601.112308   -1568.0081844   -709.1312408
590.08913   -1570.3154802   -711.7412686
591.7245593   -1574.7277737   -711.6222382
588.6058945   -1575.1404762   -712.0812535
585.5008187   -1573.4366179   -712.4209404
583.9218521   -1568.8817501   -712.4900818
580.0818233   -1574.5267868   -712.8750682
577.9188564   -1567.7778721   -712.9895687
573.4864669   -1573.4727383   -713.1248116
570.9851226   -1565.8640862   -713.3589983
566.8454552   -1572.3502636   -712.8943801
563.1581033   -1566.9052601   -712.9095793
560.3475618   -1572.7951527   -712.0387554
556.4322817   -1567.3881769   -711.8458152
552.8418506   -1574.1173029   -710.2143168
549.9368171   -1566.5744543   -710.1638913
548.0705621   -1571.1534023   -708.9173794
548.1686676   -1574.4200945   -708.5862756
546.6175089   -1567.432642   -708.7473869
22.1592458   -1573.1362104   -764.4523382
20.8100947   -1569.2193508   -760.8000636
20.3644308   -1571.4253187   -756.6399574
19.0242203   -1573.1568336   -768.0004835
18.462685   -1568.0197477   -764.8034096
18.9026269   -1573.7051964   -752.4427176
18.6521681   -1565.9785271   -756.8364143
17.6070603   -1568.2866573   -753.3442974
15.0110396   -1574.8640299   -771.4621425
13.8949426   -1566.5234327   -769.1195011
14.5306262   -1573.8061666   -747.4796772
15.695897   -1569.7164536   -750.1015663
12.1432813   -1568.0749416   -746.9829321
9.3149217   -1571.323514   -772.9926705
9.4464692   -1571.2709427   -743.4166074
8.9989575   -1566.56003   -771.6187239
7.1656974   -1565.5558109   -743.2019711
4.8918995   -1574.0953684   -738.8813496
6.36175   -1569.715023   -741.1208749
4.3084892   -1566.3821697   -773.3077407
4.1005882   -1571.9501972   -775.2719522
3.6506923   -1568.1320429   -739.2080426
0.2407702   -1570.4219341   -735.8241677
0.8244785   -1569.3027973   -775.44415
-1.638445   -1565.9630299   -774.9269605
-0.5581108   -1572.9852915   -776.6170502
-0.1495806   -1565.4135942   -736.7672324
-2.4265376   -1569.6204901   -776.1897445
-3.63681   -1567.215085   -733.4033847
-3.1858412   -1571.7973709   -732.7331305
-5.6815473   -1571.8630552   -777.4312496
-5.1102368   -1568.076849   -776.2112617
-7.374498   -1569.3478584   -730.07828
-9.4693033   -1568.1289434   -776.9291997
-10.4528395   -1572.3286867   -778.1758904
-11.0631315   -1570.7321167   -726.7674208
-12.402269   -1566.7229891   -726.6226411
-14.1737191   -1574.8707056   -779.163897
-13.9945475   -1565.5360222   -776.243329
-14.3573014   -1570.3001022   -778.2331705
-13.8576952   -1568.7279701   -724.6961594
-14.1235916   -1571.7579126   -723.5099673
-16.3234202   -1574.0332603   -720.0983167
-16.1758391   -1569.6790218   -722.3974466
-19.4958178   -1567.8067207   -777.8414488
-18.0611936   -1572.9173422   -779.3351412
-19.4892017   -1566.5234327   -720.6130028
-18.8444582   -1569.9857473   -718.8649774
-19.2414252   -1572.9756355   -716.3367867
-22.5041834   -1573.4906197   -780.3278565
-21.8182532   -1569.319129   -715.8890963
-20.8266703   -1567.6926374   -718.2580233
-23.1349794   -1571.962595   -712.0408416
-24.7269002   -1568.3625937   -778.5266638
-24.3664113   -1574.945569   -708.2614899
-25.6843296   -1567.9035187   -712.7020359
-28.0947415   -1573.3270645   -781.4005017
-27.4043409   -1571.1561441   -707.4318528
-30.8496682   -1567.322135   -779.0119052
-31.0307471   -1571.5587139   -781.2883258
-29.1610686   -1567.8198338   -709.1128826
-32.7237574   -1566.1948919   -708.3246112
-37.9446474   -1568.3022738   -780.9628844
-36.8601409   -1572.9026794   -783.1280828
-40.0041667   -1572.2130537   -783.485353
-45.7345573   -1567.4555302   -782.1474671
-43.859574   -1565.5245781   -779.4294357
-47.4312035   -1574.539423   -786.978364
-50.9240953   -1570.9906816   -787.325263
-53.3145396   -1566.7272806   -784.2011452
-52.5673357   -1574.424386   -790.1841998
-55.4066626   -1571.2255239   -789.8905873
-56.8987457   -1568.169713   -787.8497243
-58.2027761   -1573.0522871   -793.0548191
-57.1618406   -1565.9711361   -784.6233845
-58.5300652   -1569.7296858   -790.4176116
-60.295972   -1567.0478344   -788.4427309
-61.9204966   -1569.3531036   -792.2052741
-63.7305704   -1572.2333193   -796.5427637
-65.3055636   -1565.5642748   -789.5190716
-65.529081   -1568.7140226   -794.2046523
-67.2700135   -1572.5187063   -799.4319797
-67.9704276   -1569.5602894   -797.1514463
-69.0283505   -1574.6282339   -802.1650314
-68.58519   -1566.9531822   -794.216454
-70.6447688   -1570.5965757   -800.5100489
-72.4768964   -1566.9306517   -797.4876761
-72.5983707   -1572.1806288   -803.2363057
-75.181636   -1568.6100721   -802.3247123
-76.7106739   -1565.535903   -799.4689941
-75.4565326   -1571.6577768   -805.2591681
-76.5684573   -1574.1456747   -807.9507351
-78.3392517   -1569.0842867   -805.5942059
-79.5969693   -1565.8065081   -802.7592301
-79.5714585   -1572.3685026   -809.2971444
-81.5818039   -1568.0245161   -807.4573874
-82.6350776   -1571.9945431   -811.8113875
-85.1667253   -1567.9408312   -810.847044
-87.0611993   -1570.8678961   -815.3076768
-88.7850849   -1565.5465126   -812.0403886
-90.9666745   -1572.0832348   -819.7020292
-91.0139409   -1567.6932335   -816.724062
-94.7390524   -1568.4216022   -820.9472299
-94.3277208   -1573.7146139   -823.6148357
-98.3896581   -1570.7656145   -825.62989
-99.1748301   -1565.7157898   -823.3613372
-101.8510786   -1573.3166933   -829.6816349
-103.0966369   -1567.2286749   -827.8716803
-106.5171091   -1570.64116   -832.3786855
-106.9990126   -1565.6157732   -830.6332827
-108.0551473   -1574.734807   -835.2096677
-109.9766818   -1566.3169622   -833.6268663
-110.5621187   -1571.1177588   -836.0398412
-113.1086079   -1567.0639277   -836.9335532
-114.0556065   -1571.4921951   -839.6473527
-115.9013835   -1566.9548512   -840.207696
-117.85731   -1571.2782145   -844.4204926
-120.0349656   -1574.5311975   -849.4675756
-119.6285812   -1569.3022013   -847.3829627
-120.8100048   -1566.4701462   -849.4690061
-121.2123362   -1570.9273815   -851.523757
815.8250126   -1567.6697493   -704.9055099
814.200935   -1574.0840435   -706.0360909
811.4158782   -1571.42663   -704.0413022
811.1335012   -1566.9496059   -702.6281357
805.4991188   -1572.1421242   -701.6375661
804.1851642   -1567.5041676   -699.7330785
801.9731017   -1574.5081902   -700.8714676
800.5879196   -1570.613265   -699.1616488
794.3406525   -1574.4343996   -697.8476048
796.3881912   -1567.4307346   -696.6710687
790.921283   -1566.5582418   -694.0771341
787.6815619   -1571.3340044   -694.1705346
784.224731   -1571.4505911   -692.7045584
783.5236164   -1568.2153702   -691.3250685
780.0637605   -1565.579772   -689.0432835
779.8944982   -1569.7014332   -690.1164055
779.1557135   -1573.5858679   -690.9970045
775.1192572   -1567.437768   -687.3791814
775.1238319   -1572.2477436   -688.7525916
772.1630754   -1569.9192286   -686.8714094
769.6781131   -1573.1742382   -686.6148114
768.7112214   -1566.7788982   -684.8065853
763.6299553   -1570.8252192   -683.7728024
761.0504898   -1567.0080185   -682.1218133
759.8104151   -1569.9853897   -682.2666526
758.1971111   -1574.3803978   -682.5951934
755.792615   -1570.7163811   -681.0522079
751.0648938   -1573.6145973   -680.0464392
749.5668503   -1568.1509972   -678.5296202
748.0813535   -1573.4783411   -679.0878773
746.8401017   -1570.6342459   -678.1572104
744.5521476   -1566.8363571   -676.9131422
741.8960454   -1572.655797   -677.154839
741.3956793   -1569.5902109   -676.5176058
740.0276037   -1565.6385422   -675.7164598
737.7537014   -1573.0160475   -676.2629151
737.4381544   -1568.6289072   -675.5437851
733.1712963   -1569.9318647   -674.9825478
732.0924821   -1574.8368502   -675.5142212
729.0078821   -1566.3614273   -674.0836501
727.8716239   -1571.6974735   -674.5172739
722.2624543   -1568.2020187   -673.6856699
723.2112857   -1574.480772   -674.4824052
719.3813594   -1572.9755163   -674.06106
717.277688   -1565.967083   -673.2236743
716.5949913   -1569.4947243   -673.5373735
715.3512435   -1572.5102425   -673.915863
713.2012444   -1566.5630102   -673.2296944
711.9091573   -1570.7006454   -673.6772656
712.2584405   -1574.4153261   -674.1738319
710.2947878   -1567.4849749   -673.3607054
707.7757838   -1574.516654   -674.2982864
707.6799171   -1569.8215961   -673.6863256
701.6910212   -1567.3946142   -673.8072038
702.9457735   -1572.832942   -674.2939949
699.2982822   -1571.5665817   -674.4214892
699.5954337   -1574.9173164   -674.8129129
696.0512372   -1568.9491034   -674.4750142
696.4034932   -1574.0567446   -675.0029922
692.1404945   -1572.4872351   -675.3146648
690.9907358   -1566.1802292   -674.8183966
686.8052455   -1571.4944601   -675.9601831
685.036351   -1565.9929514   -675.6327748
685.0633817   -1574.565053   -676.5589714
681.3273924   -1573.32623   -676.9677401
680.1226112   -1567.3698187   -676.4870286
676.0515841   -1569.5466995   -677.3641109
675.637153   -1574.531436   -677.9507995
673.6800569   -1565.3985739   -677.3411036
671.4095967   -1572.9192495   -678.4717441
672.5237491   -1568.6728954   -677.8533459
668.8399734   -1566.8272972   -678.3599257
666.2310036   -1572.0061064   -679.3425679
664.5718487   -1568.5944557   -679.3792248
660.9193432   -1570.6658363   -680.4490089
657.5629907   -1566.5296316   -680.9709668
654.7569456   -1570.5083609   -682.1682453
653.7985849   -1575.1776695   -683.1377745
650.8639353   -1572.9230642   -683.7468743
649.17243   -1568.1960583   -683.6746931
646.2903144   -1572.8243589   -685.4095459
645.651945   -1568.6671734   -684.984386
642.6465819   -1569.0103769   -686.1429811
640.3862173   -1573.654294   -688.023746
640.1123451   -1565.3921366   -686.6161823
639.0749673   -1568.7354803   -687.5715852
635.740337   -1569.7982311   -689.3080473
636.1319693   -1573.8238096   -690.0570989
633.7584416   -1565.9687519   -689.5157099
633.4536309   -1572.2385645   -691.0669208
631.0942108   -1568.2752132   -691.4865375
630.8696615   -1572.7308989   -692.7251816
627.8043362   -1570.6259012   -694.1824555
627.3964653   -1566.6829348   -693.4310794
625.2046684   -1572.5702047   -696.6070533
623.80517   -1567.5204992   -696.2200999
621.6075318   -1572.1801519   -699.1520524
620.2558754   -1567.9559708   -699.1289854
618.6576216   -1574.3775368   -701.7594576
617.9283718   -1570.296526   -701.3842463
617.2601907   -1565.340519   -700.7138729
615.2132703   -1573.4307766   -703.6642432
614.253846   -1568.5966015   -703.4117579
611.8667135   -1571.5464354   -705.1762938
610.305314   -1567.6935911   -705.4480314
608.3346056   -1571.3670254   -706.7821026
606.1170102   -1574.4488239   -707.870543
606.7342479   -1567.6665306   -707.0857882
544.0931181   -1573.7674236   -706.7859769
540.7202253   -1568.1358576   -705.7257295
539.4343781   -1573.0024576   -704.3824792
535.6487604   -1570.6377029   -702.6239634
536.4160026   -1566.4340258   -703.5813332
536.8246558   -1574.7867823   -702.7690411
532.548544   -1566.3509369   -701.5607357
530.5176834   -1570.3502893   -700.0052929
528.0335965   -1573.98808   -698.3394027
527.4912911   -1565.8452511   -699.3852258
526.1347266   -1570.0610876   -698.1630325
524.5590778   -1572.9241371   -697.152555
523.8520848   -1567.1688318   -697.8799701
522.1125381   -1570.1934099   -696.8821883
521.3646265   -1574.2663145   -695.99998
519.7875249   -1565.7500029   -697.0515847
516.8268951   -1571.1123943   -695.5754757
512.7562927   -1574.7293234   -694.375217
510.5626928   -1570.766449   -694.6855187
506.7414614   -1566.1150217   -694.755137
504.5039105   -1572.0733404   -693.5817599
502.0846026   -1568.2325363   -693.4385896
500.1855465   -1575.0049353   -692.2856569
500.3799098   -1571.4790821   -692.8105354
496.8446913   -1570.4870224   -692.2456026
494.3185719   -1573.874712   -691.3890839
495.6129464   -1567.0437813   -692.2856569
488.4997653   -1567.4935579   -690.7584071
483.6372929   -1571.6022253   -689.5006299
479.8126193   -1565.3238297   -689.0516877
478.9655405   -1570.4107285   -688.5762215
474.7693884   -1567.4384832   -687.8979206
474.8241278   -1572.3967552   -687.5353456
471.2516265   -1567.658782   -687.1516705
471.1629274   -1572.2101927   -686.768651
467.4385386   -1568.0482388   -686.3307357
467.1068387   -1573.3041763   -685.8648062
462.4084952   -1569.5195198   -685.21595
459.6353742   -1574.5593309   -684.3034029
451.8942507   -1571.6305971   -683.1431985
448.4405937   -1570.9745884   -682.5467944
443.3297338   -1567.0576096   -681.7512512
439.9413588   -1573.5474825   -680.8678508
437.4484839   -1566.6329861   -680.5524826
435.4786994   -1573.7164021   -680.0507307
432.2524937   -1568.4001446   -679.4669628
430.4299923   -1571.9501972   -679.143846
428.2031777   -1568.9578056   -678.6574125
426.4341714   -1572.5045204   -678.3533692
422.7318736   -1566.4049387   -677.5550246
422.7629872   -1572.8149414   -677.709043
418.0481853   -1568.2686567   -676.8474579
418.3257642   -1572.4885464   -676.9891977
414.2634543   -1572.0156431   -676.4190793
413.5541143   -1567.6909685   -676.2065887
410.8123454   -1574.5087862   -675.8544445
409.9763604   -1570.348978   -675.8120656
405.4783108   -1566.2790537   -675.3329635
406.6625955   -1571.7248917   -675.475359
402.1563651   -1570.7193613   -675.0580668
396.8542042   -1574.4720697   -674.4795442
394.75849   -1566.4894581   -675.0336885
393.3020952   -1571.574688   -674.7153401
388.2065984   -1566.8275356   -674.9968529
384.2330398   -1571.4864731   -674.8571396
381.6135796   -1565.9149885   -675.0307679
377.8608563   -1574.6979713   -674.8864055
374.3814649   -1568.2634115   -674.9235392
372.0237287   -1573.2172728   -674.9182343
366.7378398   -1567.6424503   -674.6649146
366.3192066   -1574.0168095   -674.8387218
359.7746911   -1570.5851316   -674.385488
353.9967211   -1567.299962   -673.1613874
352.3105951   -1572.4489689   -673.5924482
350.6614091   -1569.1899061   -672.834754
349.1470041   -1566.2941933   -672.0455885
347.0833423   -1570.4878569   -672.3810434
344.6522029   -1565.6831264   -671.0240245
341.7108031   -1574.4159222   -672.0514297
342.8891423   -1569.7728395   -671.4636087
340.020773   -1566.5096045   -670.2865958
338.611451   -1570.1296329   -670.7653403
333.0014022   -1572.8206635   -670.4557538
334.9199267   -1568.9338446   -669.9564457
330.2711519   -1567.7733421   -669.1006422
327.6915225   -1574.6692419   -670.150876
324.626443   -1568.6153173   -668.6840653
321.4916261   -1575.053215   -669.74473
318.5941847   -1567.7415133   -667.9887176
315.5283602   -1574.1645098   -669.2193747
313.415614   -1566.2864447   -667.376399
312.9121634   -1569.7524548   -668.1482792
308.7673458   -1573.4162331   -668.9701676
308.0812367   -1568.4206486   -667.745769
302.7327331   -1570.6548691   -668.2742238
303.031561   -1566.2796497   -667.1880484
298.1908592   -1565.4559135   -667.026341
295.5874177   -1573.7668276   -669.1071391
292.0523854   -1573.7760067   -669.1876054
286.8733677   -1569.3281889   -668.1858301
282.0313247   -1571.1380243   -668.8325405
282.6461764   -1567.6127672   -667.8595543
279.3745967   -1575.2693415   -669.9138284
278.8342508   -1566.4794445   -667.6767468
273.6555608   -1570.3488588   -668.7273383
265.6168612   -1565.8611059   -667.5153375
266.0363885   -1572.4260807   -669.1480279
262.0725306   -1567.8251982   -667.8709388
262.2611793   -1575.0932693   -669.4587469
259.5083388   -1569.8102713   -668.1541204
254.3015154   -1566.1048889   -666.7909622
255.1094266   -1571.8954802   -668.14816
250.7985207   -1571.9122887   -667.5561666
246.7668923   -1567.7700043   -666.1475301
246.3157745   -1572.9800463   -667.0180559
241.9276508   -1570.2934265   -665.7499671
236.2437519   -1569.4531202   -664.4670963
230.7565185   -1569.2511797   -663.1248593
226.710883   -1570.4064369   -662.324667
223.8764735   -1574.8156309   -661.9158387
222.2158881   -1568.8188076   -661.4242792
218.5768159   -1574.1755962   -660.9782577
216.9571491   -1570.0600147   -660.8390212
213.8750824   -1573.1641054   -660.4053378
212.7883109   -1568.4150457   -660.4803801
210.3313776   -1571.9635487   -660.0891948
208.074716   -1569.0422058   -660.0568891
207.2094949   -1572.7063417   -659.5869064
204.7790261   -1565.7888651   -659.8513722
204.1139277   -1570.4267025   -659.314096
199.9937268   -1567.5492287   -658.8558555
200.9279402   -1571.8317032   -658.374548
199.018118   -1574.5692253   -657.3032737
196.8893977   -1572.0980167   -657.2899818
195.6164809   -1567.9728985   -657.7201486
194.8488625   -1570.9005594   -656.912744
192.7640411   -1565.3164387   -657.3742628
192.7123936   -1573.3617544   -655.5116773
192.2245892   -1568.9221621   -656.4972997
189.8105117   -1566.2292242   -656.2376022
187.8108951   -1569.6238279   -654.6283364
182.5790378   -1572.3249912   -651.5386105
182.7003034   -1565.443635   -653.5854936
177.3435446   -1566.1264658   -651.0099769
176.6859265   -1572.3283291   -648.8825083
173.0077239   -1568.0091381   -648.8391161
171.6465326   -1573.5996962   -646.9039321
169.0880927   -1566.9946671   -647.9933858
166.8611141   -1571.7843771   -646.4618444
163.8977798   -1568.854332   -646.73841
162.2759076   -1573.4322071   -645.5821991
158.2886251   -1567.9357052   -646.768868
154.1449102   -1569.6408749   -646.3344097
149.6135565   -1569.9899197   -646.3476419
145.94951   -1566.5690899   -647.5551128
143.2078453   -1573.6234188   -645.3344226
140.8057185   -1567.1306849   -647.6093531
136.7948624   -1570.9235668   -646.6386318
136.8039521   -1565.9797192   -647.9578018
132.7550682   -1567.402482   -647.8807926
129.8713657   -1574.1760731   -646.1658478
126.6268464   -1567.5611496   -648.1409073
121.1701306   -1572.7885962   -647.4480629
118.4251877   -1568.9536333   -648.375988
114.6986159   -1572.3596811   -648.2785344
112.8774258   -1567.9175854   -648.753047
111.7283376   -1575.2509832   -648.4793425
107.8338595   -1567.4517155   -649.0151286
104.5981022   -1570.6996918   -649.3435502
102.1494242   -1575.0873089   -649.8044133
98.7991365   -1569.8114634   -649.7419477
97.5781652   -1573.815465   -650.0755548
93.5485931   -1571.3779926   -650.2218843
90.1886495   -1574.8950243   -650.858283
87.554005   -1570.2013969   -650.7161856
82.6818617   -1567.54601   -651.1911154
81.6905769   -1572.206378   -651.5173912
78.0303749   -1568.2369471   -651.899755
76.8190893   -1572.842598   -652.2898674
72.0959576   -1569.459796   -653.008759
67.6600011   -1572.9830265   -654.0739536
65.2133497   -1567.8013563   -654.509902
62.8757151   -1573.3457804   -655.27457
58.9407357   -1570.4895258   -656.3914418
55.6038889   -1574.1821527   -657.4764848
55.4518374   -1566.1176443   -657.3486328
52.8113516   -1570.2930689   -658.3580971
52.5413426   -1574.3917227   -658.49334
48.4910878   -1573.8551617   -659.7762108
47.3233136   -1568.5360432   -660.0526571
44.2445549   -1571.6533661   -661.0423923
43.5589822   -1574.9540329   -661.3164544
42.0902046   -1568.1370497   -661.6227627
39.6040352   -1572.7075338   -662.5250578
37.1214422   -1568.5970783   -663.0863547
35.4494723   -1575.1788616   -663.6382341
34.9943908   -1571.8816519   -663.7051105
34.8480018   -1565.4182434   -663.4383202
32.1160229   -1568.852067   -664.1893387
30.6667956   -1573.7694502   -664.5917892
28.3745202   -1567.0391321   -664.7133827
28.1879576   -1570.4462528   -664.8805737
24.4394811   -1573.2254982   -665.3311849
25.4883441   -1568.7047243   -665.1428938
21.5859684   -1568.7032938   -665.5254364
17.2556313   -1573.3268261   -666.0028696
15.9316929   -1565.3035641   -665.7856107
15.2291926   -1569.6864128   -666.0093069
10.7782754   -1573.1573105   -666.5777564
12.5065716   -1567.9607391   -666.1930084
9.0771588   -1567.9210424   -666.6874886
5.0530704   -1570.412159   -667.4719453
0.1220974   -1567.748189   -668.4899926
-0.0183908   -1573.7015009   -668.6294675
-5.015823   -1570.2852011   -669.6706414
-7.8424541   -1572.7699995   -670.5582142
-9.2249838   -1569.2567825   -670.7658172
-11.0377995   -1572.6678371   -671.4038253
-14.9399964   -1570.1155663   -672.2895503
-19.2841617   -1574.0699768   -673.7984419
-20.7505552   -1569.4303513   -673.9314795
-26.1869756   -1566.2041903   -675.4786968
-24.4120089   -1572.3009109   -675.1999855
-28.5823075   -1570.8038807   -676.2682796
-31.9537846   -1567.6293373   -677.3597002
-30.7879774   -1572.0075369   -702.2172809
-32.151374   -1568.5915947   -704.7585845
-30.6005207   -1574.7826099   -699.7922063
-31.4076868   -1572.0754862   -677.3401499
-32.9590169   -1575.1290321   -678.3820391
-33.3348838   -1572.7273226   -698.1537938
-34.5702497   -1569.9995756   -700.2180219
-34.6036879   -1570.9716082   -678.5523891
-37.4758569   -1566.0517216   -679.420352
-35.3774158   -1566.5386915   -705.0936222
-36.5553824   -1567.5374269   -701.9610405
-35.5304805   -1573.5290051   -694.4817901
-36.0555378   -1573.9401579   -679.3822646
-36.8508426   -1570.8914995   -696.3634491
-38.4349553   -1568.4950352   -698.3783245
-37.5942913   -1570.9549189   -679.7531247
-37.2985927   -1574.4795799   -691.2261248
-38.9579264   -1565.6406879   -703.4372091
-39.453539   -1571.6056824   -692.2985911
-38.994166   -1574.3145943   -680.8357835
-38.6137692   -1575.1507282   -688.6159778
-40.1914445   -1566.5683746   -700.2237439
-40.2780501   -1569.2938566   -695.0988173
-40.5431715   -1569.4046021   -680.9671521
-42.5678817   -1567.0661926   -696.7733502
-41.8795077   -1574.8784542   -684.3467951
-42.6977006   -1571.8894005   -682.6441884
-42.867097   -1571.6012716   -688.541472
-44.2356793   -1568.6491728   -691.8209195
-43.598148   -1567.9131746   -682.3648214
-44.0712301   -1571.756959   -685.4471564
-47.9926196   -1565.5311346   -694.7440505
-46.5063182   -1569.1536665   -687.5225902
-45.9369151   -1568.094492   -684.4685078
-49.9726263   -1566.1799908   -689.7618175
-48.46898   -1566.1993027   -686.860621
