83.3070918   472.8064108   -239.2469061
82.8137832   473.6601216   -239.4672706
82.4223102   473.661307   -237.5987508
81.5332109   474.5055189   -236.115196
81.9568905   474.4880557   -237.9453637
81.1088859   475.3010729   -236.4637462
80.7139138   475.2932952   -234.6642075
80.2777053   476.1015621   -234.984856
79.9030674   476.0829049   -233.1862298
79.1032234   476.8885862   -231.6342869
79.4522161   476.9097858   -233.4786542
78.6128605   477.7346683   -231.9350951
145.2209736   516.3054111   -240.2061783
144.1265663   517.1231711   -238.7272477
142.4539937   518.5323929   -239.8325604
143.1025976   517.8844298   -237.3201379
141.4213522   519.2536285   -238.3284059
142.1146482   518.5396638   -235.6750596
140.3773696   519.9724391   -236.7444832
141.0283156   519.3005344   -234.0299649
139.3314313   520.7073178   -235.1529992
139.9356172   520.1120846   -232.5475908
138.3206414   521.420639   -233.5913132
138.9317537   520.815067   -231.001596
137.3298978   522.1050196   -232.0655229
136.1708181   522.8866102   -230.6454694
137.3494231   522.1041974   -236.4792397
138.7546352   521.1573451   -237.5640544
136.8093199   522.5051563   -234.3675412
79.4030363   481.5398304   -233.3322202
78.2020063   481.9559013   -231.9123484
78.1900267   480.8622751   -232.6040709
105.2348173   501.6306571   -238.021979
108.2552334   503.2408633   -239.4094079
107.3695177   504.6625756   -237.5490464
79.0989972   477.748128   -233.6577989
83.2010071   478.0180764   -239.8647223
82.4656802   479.0557958   -238.3220353
81.8465794   478.0258667   -238.7045375
81.3429022   477.2895959   -238.5590763
81.9985848   476.2011806   -239.7261376
82.5318028   476.9891307   -240.1068187
78.3018404   478.7629394   -232.4266724
80.926877   476.6644002   -237.790348
81.6592425   475.4670179   -238.4691711
80.7586396   476.1113789   -236.6597136
82.4520823   474.489849   -239.6461659
129.7841751   526.4753546   -231.4577222
139.3922394   520.6991219   -239.7527067
127.3681393   525.9473144   -234.1750478
125.6134354   525.5834038   -234.2316504
126.9222264   524.9687829   -235.7950258
100.1984537   495.5838416   -238.3199141
97.4372803   493.795657   -237.4033736
98.8998543   492.7435396   -239.4274167
134.0284602   524.270513   -232.045583
132.175407   525.0915537   -234.1559306
133.8334662   524.2184003   -235.1229191
128.1720025   524.2784565   -237.480811
129.1700746   523.4686898   -239.3238442
130.2901054   524.4425838   -237.7085532
122.9020914   519.6631787   -238.8583309
123.345593   521.4471871   -237.5987712
121.5403618   520.3384461   -237.0414902
135.4510226   523.3107092   -236.0829252
133.8482521   523.8989239   -237.7139977
135.5726634   523.036778   -238.6414254
105.8162299   510.6081467   -231.603469
107.6800045   511.0193913   -232.9032194
107.7800538   512.9510268   -231.4825275
125.1514758   524.4168091   -235.6490008
81.0531343   482.6255095   -233.7067301
80.724357   480.9032474   -235.1000632
80.3269627   477.7470953   -236.8292745
79.9927707   478.9387506   -235.9370723
79.3192321   478.318187   -234.8449456
111.9918075   509.9559717   -237.4491049
111.4241097   511.6078019   -235.6669863
110.1346434   509.1004504   -236.5197929
126.3963567   523.8447084   -237.218313
124.6067179   522.9601916   -237.0608952
125.9901919   522.8045831   -238.3313662
126.1313666   527.4188386   -231.1013261
89.3400699   493.6879763   -230.722113
87.164692   491.5336785   -230.7196402
89.0575373   491.4487382   -232.3696757
79.9861048   477.0788002   -235.4984742
85.4838718   479.7611708   -239.9751316
86.6898518   480.8999677   -239.8192323
85.1004914   480.9855385   -238.5221342
77.40139   481.7081951   -231.2747074
78.7200702   479.5389147   -233.7767216
135.5981941   523.2873138   -233.4334025
127.7087505   526.7508997   -232.3527285
126.0001891   526.5695857   -232.7529011
115.6672695   515.5500875   -236.135834
113.4458242   514.422184   -235.1568426
114.0638249   512.7330229   -237.0378369
77.4712503   480.1406189   -231.5594821
132.1434608   524.6202599   -236.5998811
137.3427006   522.0104777   -239.4582857
132.3052203   523.9396831   -238.9706317
130.9314156   523.4844471   -240.0631847
77.1509444   481.1281082   -231.182207
131.9601077   525.4819817   -231.7398908
121.9977488   523.3571409   -234.531737
121.3583995   524.5660745   -232.7321778
119.9174812   522.673926   -233.4994484
122.7879261   526.2441568   -231.7298464
124.5656169   527.0558096   -231.4920836
129.1441526   526.03763   -233.8310984
130.7045855   525.8175979   -233.418198
84.2294759   481.7908763   -237.0823657
83.3652022   480.5101841   -237.6219447
95.093733   491.587973   -237.2037532
95.5842317   493.3832744   -236.1819736
130.5307225   525.3292467   -235.3309853
128.7477876   525.2601888   -235.7743401
117.971691   522.0984559   -232.4813121
118.2229541   520.394683   -234.1725796
97.2098612   501.215618   -231.3762859
99.4328097   501.2000423   -233.3287578
99.8440888   503.3224748   -232.0322169
124.8572405   521.5548764   -238.8091618
119.2272746   523.9184678   -231.7706542
117.4653717   523.1732819   -231.106249
116.2220179   521.6077927   -231.505703
114.5491695   520.9725157   -230.659976
114.8442098   519.5250333   -232.1381602
123.6073085   524.9487693   -233.9170749
89.0145909   489.196823   -234.2316692
90.7206593   491.4293838   -233.7415815
84.0561257   479.396873   -239.2293485
101.2805025   494.6085725   -239.985107
115.537053   512.2371972   -238.7003606
116.86047   511.7559552   -240.2363115
117.2508577   513.5834097   -239.0955405
134.0439321   523.3476645   -240.101312
114.6987096   510.0824749   -239.686139
120.4416832   525.7120461   -230.822353
111.2470316   505.6898558   -240.1224182
86.9781637   489.4050905   -232.3924805
85.3411968   487.928174   -232.3385462
86.5385495   487.1756717   -233.9852249
114.3894561   517.7484015   -233.2399722
113.0019733   517.5497778   -232.2336127
81.724768   480.0597046   -236.7656024
82.6696822   481.8535744   -235.7786055
79.5128602   480.206304   -234.5508362
80.5354067   479.7429765   -236.0190375
80.8680046   478.1713847   -237.5517248
81.8366026   486.2776742   -230.94938
83.7341633   487.2864295   -231.5970584
86.825993   485.1622535   -236.0253865
87.8436949   483.9311273   -237.9280967
89.3477907   486.0320893   -237.242007
79.2825494   483.2256632   -231.6555825
81.3284876   484.4515187   -232.2209438
93.1017007   495.1880067   -232.6525052
92.8715676   493.0993046   -234.1556937
94.9014852   495.5988288   -233.8469339
124.5309632   526.1536175   -232.8584472
97.2201612   498.2616821   -233.7128903
94.7313668   497.6209785   -232.0816682
120.353215   517.8913333   -238.1745212
126.5441897   522.068529   -239.6333504
121.8502692   517.6937754   -239.6656266
103.4764913   503.9859886   -234.6875294
101.5818514   503.7003691   -233.2579959
101.3507564   501.5578945   -234.7165996
84.9159777   489.4453623   -230.6560131
105.7279817   508.6229866   -233.0627399
102.6162568   507.9911304   -230.8208891
103.8863349   508.2418535   -231.7456554
84.7053498   483.3413745   -236.0050985
85.3665095   482.3492782   -237.448335
86.256582   483.4013231   -237.1724765
86.5908221   482.3089145   -238.4359864
88.3526369   482.3979104   -239.6991852
116.6683607   520.5241958   -232.80141
124.6148144   520.1835269   -239.9587708
112.9890421   519.2504384   -230.8141048
120.6177089   521.4032117   -235.2680418
119.2788202   519.1254052   -236.1631567
118.5234298   515.4304542   -238.6661688
120.3623195   515.9893732   -239.8030978
84.6926376   486.5925226   -233.0028726
81.1567957   478.9410065   -237.3022742
90.2147133   483.178227   -240.399583
89.7545257   484.4069031   -238.9718696
127.4328985   523.1770212   -238.8117433
96.7721269   495.661862   -235.3844575
99.3185679   497.1578293   -236.3769097
98.1804524   497.5670134   -235.0850254
91.9226409   496.2825585   -230.7606298
91.1484989   493.4805638   -232.4047834
91.6742407   490.2550485   -235.510654
90.0534683   488.0722405   -236.0412658
109.9340198   506.9230783   -238.0282399
110.075387   506.1971437   -238.7114936
101.0695884   499.6314711   -235.9576793
102.1667322   498.6911807   -237.6216052
96.6982141   499.3200549   -232.4308829
111.3950224   513.7025564   -233.9689886
113.0888147   515.9543575   -233.6030733
111.3321124   515.4822383   -232.493084
111.3184877   517.1981755   -231.1005838
109.608119   515.1236425   -231.3217889
109.5562257   513.2972491   -232.7241698
109.5102267   511.4150702   -234.1661878
113.7723616   510.7099185   -238.3858003
103.2095543   496.418383   -240.2579822
102.1851778   496.7673787   -239.1088579
112.5580607   508.5150839   -239.0581095
116.5063028   514.4145527   -237.7762074
117.0247151   517.947361   -235.2884225
116.0245504   518.8395456   -233.6952489
114.9469116   516.7615762   -234.5209801
83.2187543   485.6085725   -232.7057269
82.9521137   483.8407083   -234.1291253
84.8122679   485.2703809   -234.3133023
94.2122769   487.9793842   -239.3914867
96.1281388   488.5566965   -240.4304378
96.2544107   490.6009064   -238.9281784
92.0760134   485.19727   -240.0502117
123.6361864   523.6958294   -235.4912144
118.7592862   513.9415612   -240.1153047
94.1480386   489.616266   -238.017219
107.9388   507.1998255   -236.0881901
105.4679093   504.28074   -236.1910589
105.6574733   506.5677171   -234.5939784
104.0881144   498.5837227   -239.3605805
109.3349864   509.6955732   -235.3621827
90.7594453   485.837509   -238.4952939
91.9333657   487.8673519   -237.7027899
122.6573342   522.2913782   -236.178276
88.3361496   487.0896552   -235.5109107
107.6483975   509.105396   -234.3652169
125.7544231   521.0676764   -240.1177764
93.3321528   490.2462578   -236.8548961
93.8792106   492.0575878   -235.8327569
103.67477   506.1817064   -233.1619842
101.7139114   505.9568534   -231.6176018
99.419444   499.2074978   -234.8651649
106.1792694   500.3595359   -239.8133647
94.7902983   493.9342769   -235.0817265
97.7034721   499.7458208   -232.9652877
103.1267092   501.6272458   -236.2000993
117.9034866   516.7523782   -237.0336377
83.2636807   473.840989   -234.3804587
84.7224097   474.0638654   -234.5148137
84.4716016   472.963444   -235.9975637
89.6992032   479.5834244   -230.7084147
80.5314548   475.3876441   -232.8816812
83.8126001   472.745713   -236.5416454
82.6653166   473.5872248   -235.1831283
84.390866   471.852921   -238.702791
83.1742297   472.8803354   -237.3995218
82.0605647   473.9008309   -235.6889911
82.3563972   474.1044556   -233.8954218
81.639016   474.485396   -233.7132587
82.0655853   474.7989576   -232.6484464
86.574629   473.5991819   -236.0355257
85.573692   472.6767605   -236.7321632
86.8103002   472.1450549   -237.989308
87.6251609   472.8827337   -237.5036426
141.3147314   518.7295302   -231.4376087
150.2826385   509.7016595   -239.8749636
148.8733782   509.1526038   -237.7256791
149.1378472   510.6055103   -238.1824923
146.8411739   514.6899879   -239.4420141
147.1304685   513.5568181   -237.25791
145.6356014   515.4554598   -237.3896589
142.6574835   517.6293452   -232.8792679
148.3088515   511.9246323   -237.6130647
146.9910267   512.0846517   -235.4205577
145.0902376   514.7614542   -233.4496384
145.3817335   513.2032921   -232.9212617
144.3656827   514.7928426   -231.6902842
144.129938   516.0261002   -233.0668123
144.3236207   511.8860648   -231.1823804
145.87364   511.1419721   -233.452576
83.1203556   475.1199078   -232.4068614
95.1070353   475.4611175   -239.2921237
92.8989992   473.9362698   -239.6785089
93.2885459   475.5848012   -237.9480851
88.2620186   472.0393004   -238.944428
89.0689922   473.2759403   -237.9499433
90.4006471   472.2323389   -240.0823522
80.9176492   475.4557914   -231.7158675
83.9377272   472.0767546   -239.3895387
114.8777741   487.5017292   -237.1462356
117.2207796   488.7819368   -237.0558831
116.4348447   487.0069942   -238.7797501
84.4968224   475.6331537   -232.3499886
85.572851   470.902892   -240.2287512
85.9922152   470.9146221   -239.6867929
81.2429036   474.6549087   -234.5502574
79.6705072   476.1998741   -231.6523738
80.0186632   475.9895999   -231.1431669
97.5262536   478.6172505   -237.0132968
95.6660911   478.3872997   -236.0788778
97.3898233   480.2419937   -234.9004259
144.3969994   508.8831514   -232.6722757
143.5293942   510.0687286   -231.0430523
144.8801141   510.2959974   -232.3699227
93.8389083   481.281445   -231.2697092
99.2863367   476.8545438   -240.345956
99.5284245   478.6062255   -238.3459389
101.2265636   478.5629899   -239.5202514
85.9913192   471.8804238   -237.994846
85.2413948   471.812361   -238.0919814
144.2294014   513.6253541   -230.8029825
85.9186621   476.3998537   -232.2284792
86.5523623   471.1443191   -239.3314657
87.5805074   471.2702866   -239.544694
87.8800345   475.0531696   -235.077864
87.6366699   476.4899113   -233.1964671
89.5814442   476.5550962   -234.3603988
143.6613299   517.0793092   -235.0131451
136.1752812   503.7234174   -231.5161744
144.3961842   516.6573531   -236.6137836
147.5806748   508.1229019   -236.49646
147.2330261   509.8963921   -235.4690059
150.203018   507.783111   -239.6650637
113.764438   484.5905401   -240.0937575
87.3237503   478.104026   -231.0205213
143.3159727   516.2268093   -231.0015622
144.9403684   515.6840456   -235.005387
142.1830948   504.7941053   -234.515687
143.8672091   506.2312528   -234.3851935
143.7488105   504.8711494   -235.5875652
145.9883878   514.1224111   -235.1296635
91.4985687   479.5060477   -231.9718594
108.2802503   485.7482761   -235.0736959
108.4806019   487.6926321   -232.7424889
111.1687554   487.8672158   -234.2771142
91.4865118   476.7720872   -235.3276635
91.8513031   475.7660976   -236.7855901
89.8368428   475.0565491   -236.3260642
145.4069104   505.9709562   -235.9466226
145.2579817   507.7218542   -234.3611849
137.4911649   500.7743262   -235.8116701
140.0349857   502.9563433   -235.0323945
140.1893997   501.1549219   -237.1414569
148.2498276   513.0718258   -239.2420802
148.2249661   510.7368376   -236.7835151
140.2946354   504.7896175   -233.1983049
142.3362171   506.3786159   -233.0277989
149.3865988   511.5078006   -239.4669215
110.1756854   490.2025683   -230.6757526
107.5327572   488.6865432   -230.8605646
124.4786618   497.0708297   -231.6124927
122.7186841   494.9002351   -233.0851268
121.2242568   495.6298013   -231.2076717
97.2645176   477.0021988   -238.8327377
103.5205222   479.6973253   -239.6064537
104.6773348   481.6375531   -237.923736
106.1685405   481.1470321   -239.5161015
146.3601025   505.0561619   -237.5624577
146.4645414   503.4567894   -239.1162049
144.5230355   503.8572275   -237.2138824
89.4863982   478.0299988   -232.4990044
138.5273188   497.8004721   -239.9007161
140.6431997   499.0206681   -239.8510832
149.8397904   505.8463287   -240.0902681
148.6277646   504.0353825   -240.3318442
147.9153392   505.3619628   -238.690131
100.1559399   480.5879484   -236.2822811
100.3209381   482.316949   -234.215148
101.5004064   482.0623587   -235.3101179
86.080081   475.1110646   -233.9046449
95.3802558   477.0282503   -237.5614856
113.2674406   487.8292191   -235.6900248
116.4259359   489.6550705   -235.4479111
101.9980871   480.2002759   -237.9793569
112.0928826   489.9305456   -232.2774398
109.735818   484.364848   -237.774849
110.4791683   486.0261942   -236.1549163
112.2411995   485.9530026   -237.3917067
88.059175   473.869423   -236.5906487
145.7951119   509.426431   -233.8409656
146.5555037   508.5277546   -235.1222818
140.7537112   506.6039793   -231.5980061
138.5984593   505.0747631   -231.6813245
142.6312711   508.1783763   -231.5943043
135.0264909   500.3180185   -234.701128
132.3333349   499.3398853   -234.0754757
134.4696721   501.5796869   -232.8560537
127.1332876   491.379319   -240.2674859
147.1283297   506.5233049   -237.0721663
137.491589   502.7702919   -233.5191973
142.6492368   502.1954886   -237.5955221
144.0534259   501.8657905   -238.9477367
141.7142874   500.5674183   -238.7959018
121.0200341   491.7142434   -235.8861808
123.8389743   493.9643054   -234.969959
123.4021649   491.809664   -237.330155
148.6824456   507.1492037   -238.2242352
132.2963924   500.6912972   -232.4568258
139.6774974   499.4555003   -238.7300857
128.8165841   499.4401846   -231.6468544
132.4050049   494.2181891   -240.2257139
92.8332454   478.0620902   -234.6281394
93.5741918   477.2108698   -236.1540162
98.1443965   482.2913758   -232.8152496
100.3495472   483.7588712   -232.4077463
91.1735788   474.2733331   -238.1389571
102.0085793   485.5906784   -231.1704276
98.8979264   484.3453553   -230.7065975
94.6618354   478.972674   -234.6986005
93.2416188   479.4010619   -233.2387142
137.1727857   498.6663325   -238.0354677
107.2788162   482.9681726   -237.9427436
96.9377391   475.5604953   -240.374681
113.7562251   485.85887   -238.4919876
102.5414148   484.3663603   -233.0740196
105.0528145   486.6972422   -231.7602156
124.3459819   490.5783917   -239.4577783
127.1455991   493.2177689   -238.0390065
129.7963218   493.5443336   -239.3524863
134.8964471   498.7111322   -236.505585
133.6115668   496.5144605   -238.2631928
130.9720903   500.7228579   -231.5474219
119.6902031   489.5281929   -237.734581
91.3480855   478.0502312   -233.6737225
95.6118089   480.7632175   -233.0785573
130.7009655   495.5086665   -237.5683629
131.6496031   494.9564876   -238.8409768
133.2694388   498.6211659   -235.5343661
131.2225902   497.3300616   -235.7300798
116.1625884   491.6772161   -232.750299
117.8226668   493.289795   -231.8391878
117.3259488   491.602099   -233.6056289
119.3006718   487.588612   -239.9067587
146.4562056   507.3889765   -235.7539227
143.7856021   507.5019093   -233.154618
129.5735822   497.5185622   -234.4325805
128.6031248   495.5935425   -236.1056832
126.9147816   495.8599904   -234.6823409
127.9763731   497.7162163   -233.1479638
126.7175925   497.9612133   -232.0208876
119.9303912   493.357861   -233.1408065
96.4744079   482.4449108   -231.5221261
111.4760259   484.2512945   -239.0433908
108.8121235   482.625473   -239.3701999
106.1429712   483.6563872   -236.3266622
103.1604318   482.2961249   -236.0953073
105.1608088   484.7962479   -234.2405309
119.1268814   491.6144697   -234.7656889
118.6988302   490.2561959   -236.1748355
121.7490048   489.564851   -239.0287065
108.358107   484.5340334   -236.6634721
142.3109528   503.3415049   -236.1325859
121.3357561   493.1115596   -234.3634159
125.4515309   496.2502119   -233.2475641
133.2705148   502.5136607   -230.9673755
115.0221175   491.7958149   -231.8588465
102.5374923   483.1680302   -234.5868059
135.6532836   496.1716057   -239.9781998
132.7556826   497.3451667   -236.7125917
124.3420106   490.6829277   -239.3267434
107.5368437   486.1316543   -234.1023839
106.2951075   486.7268544   -232.5359225
130.3270938   499.2377245   -232.8849849
125.9900072   494.0924336   -236.2199538
114.4873442   490.0414898   -233.7019406
