87.315348   -1696.4277029   -860.0354195
87.345806   -1689.172864   -860.5247736
88.0847248   -1686.38134   -859.8581553
85.4784521   -1693.0192709   -861.3523245
84.3447717   -1685.688138   -861.4381552
83.5825475   -1690.0421381   -862.3872399
84.2588814   -1699.8987198   -859.7267866
82.1171077   -1696.762681   -861.8397117
80.444363   -1680.8996201   -861.2781763
80.4882916   -1686.8640184   -863.5286093
80.7749899   -1684.7407818   -862.7973199
81.5009149   -1692.9852962   -862.827599
80.3684267   -1701.7079592   -860.3476286
79.4607075   -1690.2661324   -864.0775084
78.0250701   -1694.1560507   -864.0514612
78.1546506   -1698.3647346   -862.6158834
77.5054964   -1683.8504076   -864.1865253
76.6575011   -1677.9723167   -860.6866598
76.95165   -1680.3337336   -863.0341887
76.607612   -1687.3592138   -865.2830124
75.1968297   -1701.8045187   -861.8946671
75.94606   -1690.5705929   -865.4183149
74.6367248   -1697.2478628   -864.2504811
73.6474069   -1693.0985451   -866.0468459
72.5505622   -1680.9072495   -865.7646179
73.8984021   -1684.7593784   -866.1054969
73.5575231   -1705.2402496   -859.7839475
73.2963952   -1678.2408953   -863.4184599
71.0019144   -1676.4541864   -863.3601069
71.8394192   -1688.0831718   -867.3949242
71.1313757   -1699.9602318   -864.3003702
70.5498131   -1703.9085627   -861.6192937
71.1766156   -1696.1158514   -865.9188747
70.714918   -1675.1928329   -859.9885106
70.8995136   -1683.6286783   -867.721796
69.228259   -1692.7874088   -867.7865267
70.4724463   -1678.1240702   -865.0767207
68.3616074   -1680.0374985   -867.9027557
70.2976259   -1675.3669977   -861.5991473
69.9490579   -1675.5504608   -862.6201153
66.9642361   -1697.5600719   -866.8470979
66.9485005   -1702.422142   -864.0366197
68.0613788   -1674.7906208   -861.9469404
66.1230358   -1706.1505318   -861.0242605
67.8084167   -1676.513195   -865.4047251
68.2988437   -1675.5656004   -863.6888266
64.5235451   -1692.9796934   -869.4503903
63.8366612   -1673.5184193   -863.211751
63.9385851   -1676.3831377   -867.8364158
60.9914335   -1672.9047298   -860.4741693
62.8320249   -1701.1847496   -866.0313487
61.383632   -1696.8616247   -869.2241907
63.2962855   -1704.4466734   -863.4659052
60.487059   -1707.4103355   -861.1006737
62.2874769   -1673.3942032   -863.8634682
59.9053176   -1675.1437187   -869.1943884
60.3683265   -1673.8220453   -866.3939238
59.6136721   -1704.2239904   -864.6742702
58.6766275   -1701.3748884   -867.618382
58.5134896   -1672.3617315   -862.6853228
55.8564337   -1706.4133883   -863.5350466
54.895428   -1708.4292173   -860.198319
55.7441982   -1673.3310223   -869.0753579
55.7650002   -1671.9453335   -865.7997251
56.078163   -1703.8147449   -866.1972284
55.4243001   -1672.1576452   -860.7781529
53.7282499   -1701.7786503   -868.9267635
52.3044737   -1671.4953184   -864.0189767
51.8510016   -1671.2810993   -868.3832884
52.4459156   -1705.0639391   -866.0111427
51.3401898   -1707.5623274   -862.8653884
51.1181029   -1672.0280647   -860.1162434
49.1357716   -1703.5551071   -868.5221076
48.2896837   -1706.1252594   -865.5792475
47.7196249   -1670.2518463   -866.7595387
47.3028096   -1670.8135605   -862.9347086
47.3869117   -1707.9920769   -862.8439307
45.0541051   -1705.108285   -868.0272698
43.9112457   -1708.4053755   -861.7159724
44.3126234   -1707.1100473   -864.9504185
42.1777042   -1669.398427   -865.8707738
43.525544   -1670.9685326   -861.6370559
40.9001382   -1706.0490847   -867.3855066
40.2488979   -1707.9678774   -864.1245961
39.3257412   -1670.6925631   -861.7143631
37.2320088   -1668.1890488   -869.0063953
35.953966   -1669.3196297   -865.0664687
36.0235842   -1707.0822716   -866.6785955
36.6615924   -1708.0805302   -863.2298708
34.8689231   -1708.3637714   -860.373497
34.2541011   -1671.1171865   -861.1387014
32.1870121   -1667.8261757   -868.4759736
32.6776775   -1707.7581882   -864.01546
30.6890281   -1706.9801092   -867.2940135
30.4990681   -1669.2662239   -864.3180132
29.7739776   -1707.6659203   -861.5671992
29.263583   -1671.7865467   -860.2921963
28.1037959   -1707.3456049   -864.8147583
26.5944275   -1667.76824   -867.9243326
26.1127027   -1706.843257   -867.7685857
24.3088873   -1670.1636314   -863.1415963
25.7997187   -1707.113266   -862.7128601
23.6327323   -1706.8730593   -865.4487729
20.8426984   -1667.6241159   -867.7184582
22.127417   -1706.5558434   -868.2670593
21.5699347   -1706.4694166   -862.6765013
20.3525694   -1705.4638863   -860.037148
20.1983126   -1673.1439829   -859.8760962
17.7970203   -1670.2996492   -863.8076186
18.1799801   -1706.1696053   -866.6315675
15.7661708   -1705.1033974   -862.6611233
15.1892575   -1667.7770615   -867.7937984
14.4024762   -1673.7734079   -860.4027033
11.8299993   -1705.431819   -866.4159179
11.9540962   -1670.3698635   -864.5241261
11.6320523   -1703.1947374   -860.7209921
10.3143128   -1704.1099072   -863.7160659
10.8947428   -1667.5311327   -868.0661917
10.113624   -1675.6807566   -859.565556
10.004011   -1673.0086803   -861.6856337
7.8893574   -1700.9874582   -859.6847653
7.5214776   -1668.9065695   -866.4670587
7.8829201   -1671.4918613   -863.6113405
5.7652267   -1704.0320635   -866.2469387
6.6229375   -1702.6114464   -862.605691
6.1676773   -1674.6996641   -861.3288403
2.9490265   -1700.3451586   -861.4698648
3.887442   -1671.2251902   -864.606142
3.1653317   -1667.6492691   -868.4208989
3.150669   -1677.8615713   -859.9930406
1.6228827   -1701.9866705   -864.5396233
0.8656653   -1674.7442484   -862.501502
0.7010373   -1703.1191587   -867.295742
-0.436875   -1697.8088617   -860.2186441
-1.8767444   -1670.6579924   -866.2840128
-1.1512367   -1678.7977219   -860.5946302
-2.4115769   -1699.640274   -863.2352948
-3.7182895   -1701.6937733   -866.6869998
-4.5469729   -1675.5404472   -863.1829023
-6.5481392   -1696.3012218   -861.9072437
-5.9947101   -1679.9160242   -861.3102436
-8.6955754   -1672.2227335   -866.3226962
-7.9676238   -1698.9697218   -865.2456403
-7.1547357   -1692.9767132   -860.231936
-6.9395629   -1683.9855909   -860.2311015
-7.0673553   -1687.2961521   -859.8371148
-9.2816678   -1700.6713152   -868.573308
-9.4329444   -1689.7844076   -860.5103493
-9.5937578   -1677.0714521   -863.6317849
-10.5455247   -1681.334734   -862.1319532
-12.1467439   -1692.756176   -862.208128
-12.3317567   -1696.1525679   -864.5839095
-11.26537   -1685.7491732   -861.2247109
-13.1504265   -1698.5888481   -867.1729565
-12.8598539   -1674.9566793   -865.4472232
-13.977739   -1671.8064547   -867.7971959
-13.972911   -1688.6953115   -862.0570898
-14.6646825   -1678.6501408   -864.0945554
-14.6817891   -1682.7952862   -862.7825975
-15.2463643   -1685.7504845   -862.5264764
-17.4609748   -1693.4049129   -864.9920821
-16.626331   -1690.4474497   -863.3913994
-16.436669   -1696.5075731   -866.4259911
-16.9756738   -1675.0657558   -866.1624789
-17.7696673   -1697.9033947   -868.981123
-18.3939663   -1687.1148348   -863.56318
-18.5056058   -1671.5601683   -869.0173626
-18.4063045   -1681.2081337   -864.2038107
-19.0440742   -1678.0024767   -865.2880788
-17.6225034   -1684.1744184   -863.4160161
-20.5278126   -1695.2855587   -867.7390218
-20.7139579   -1689.9023056   -864.7726774
-21.5944377   -1675.2890348   -867.192924
-22.9475824   -1692.2057867   -866.7216897
-20.9868876   -1683.7550402   -864.6151423
-23.0064122   -1686.6865158   -865.0563359
-22.9714242   -1679.7273159   -865.9133911
-25.568339   -1694.103241   -869.330287
-25.1196948   -1688.9842749   -866.3429022
-25.2285925   -1683.4541559   -866.0145998
-27.4072615   -1676.0423183   -868.4244752
-27.7912942   -1690.9381151   -868.2004809
-27.5282589   -1680.5095673   -867.2087789
-26.5777437   -1686.1590147   -866.4186001
-29.3101398   -1687.7282858   -867.5433993
-29.8998085   -1683.7221384   -867.6552176
-31.7972032   -1679.4573069   -868.6276078
-31.7755071   -1689.3974543   -869.1824675
-33.6782662   -1686.3429546   -868.9385653
-35.0458948   -1682.4191809   -869.2330718
