1263.7485536   -1771.8708515   -573.569119
1265.5282887   -1776.3521671   -574.9056935
1262.0983394   -1768.6415911   -576.3818622
1262.3728784   -1768.3652639   -572.1863508
1261.4553841   -1765.7245398   -569.78333
1260.085431   -1763.0933523   -572.6743937
1259.7372206   -1763.556242   -578.3683062
1258.0262693   -1758.7804794   -575.3796101
1257.304159   -1756.2139034   -571.0688829
1254.9638423   -1751.7476082   -575.5309463
1254.3994459   -1751.2108088   -579.2378783
1253.903118   -1748.8261461   -573.2157826
1251.9611391   -1744.3727255   -572.103858
1249.8329552   -1740.7729626   -577.7941942
1249.4340809   -1739.3157482   -572.7655888
1247.0816048   -1735.2604866   -570.5162287
1246.8999895   -1735.2007627   -576.946795
1243.4985312   -1729.9696207   -575.253129
1242.408243   -1728.7307978   -569.843173
1240.5016097   -1726.380825   -572.3361969
1239.2024072   -1724.6433496   -577.3974061
1236.6326126   -1722.5620747   -572.1800327
1235.8642491   -1721.2672234   -577.8775215
1232.544628   -1718.652606   -576.0844946
1227.4564179   -1715.0666714   -575.3058791
1223.5414656   -1712.0791674   -579.1426301
1221.3357361   -1711.9630575   -573.3501911
1216.2468108   -1710.513711   -569.796443
1216.0449895   -1709.1648579   -574.9744773
1212.6251134   -1706.8235874   -578.9635181
1211.5350636   -1707.8814507   -573.166132
1206.3469561   -1705.103159   -577.4591565
1206.054953   -1707.1962357   -570.3200102
1203.0527862   -1705.2890062   -573.9374757
1200.286475   -1703.8629055   -576.6275525
1199.6013197   -1705.5580616   -571.4199543
1195.4918178   -1702.059269   -579.4523954
1196.2089809   -1703.6575079   -575.1419067
1193.7205466   -1704.5828104   -572.0251203
1191.8859156   -1702.6128769   -576.3272643
1189.5803484   -1703.5388947   -573.5097528
1187.7606782   -1702.1393776   -576.4472485
1185.633448   -1703.3214569   -573.4879971
1182.8946146   -1704.7672272   -570.7452297
1183.0853494   -1701.4403343   -577.3686767
1181.6015514   -1703.0562162   -573.8000274
1177.2358092   -1700.5319595   -579.0578127
1178.7708672   -1702.1965981   -575.4861832
1177.5349649   -1704.1822672   -571.9416142
1174.3240627   -1702.3925781   -575.3054619
1172.813383   -1704.4750452   -571.8688965
1172.3633083   -1701.2062073   -577.647686
1169.2005666   -1703.5315037   -573.7926364
1169.4345745   -1706.0987949   -569.7957873
1166.4773496   -1701.3653517   -578.0497789
1165.6025323   -1705.8284283   -570.6435442
1164.6964224   -1703.7569284   -574.0147829
1161.0014113   -1702.9377222   -576.1314034
1161.2584265   -1705.5675983   -571.7231631
1156.2991413   -1705.0273418   -573.5935569
1156.2117609   -1702.3508549   -578.4450769
1153.6053094   -1707.4968815   -570.3351498
1153.359619   -1703.9631605   -576.2401223
1151.2593897   -1705.806613   -573.6163259
1145.4686793   -1706.9165707   -573.6626983
1142.7526744   -1704.7096491   -578.8674355
1140.518752   -1709.4557285   -571.3787079
1140.6854662   -1707.1117163   -575.3242373
1138.4591135   -1706.1587572   -578.256309
1136.4081176   -1708.7130547   -574.6890903
1136.5741762   -1711.3595009   -570.1262355
1132.7119144   -1711.5159035   -572.0329881
1132.193652   -1709.4050646   -576.0892034
1129.4942173   -1708.8680267   -579.1266561
1129.3952736   -1714.0133381   -570.1449513
1128.5324367   -1711.6379738   -574.7972131
1126.4506253   -1710.5840445   -578.4245133
1124.9505552   -1715.1346207   -571.8785524
1124.9707016   -1712.5684023   -576.2565136
1121.8196424   -1714.4260406   -576.3110518
1119.8553713   -1718.1783915   -572.2613931
1117.2980937   -1716.8748379   -577.6019096
1115.9712347   -1718.8893557   -576.0852695
1115.9995469   -1720.766902   -573.2614398
1114.1471537   -1723.9747047   -571.4358091
1113.300589   -1722.3523855   -575.2578974
1112.4559315   -1720.990181   -579.1081786
1111.9545969   -1727.5381088   -570.442915
1111.9932803   -1725.0231504   -573.8202929
1110.9290393   -1724.1398096   -577.3345828
1109.9881204   -1727.380991   -574.8132467
1109.3999418   -1730.7962179   -571.893394
1108.6045178   -1726.6594172   -579.1462064
1107.6179417   -1730.5258512   -576.5199661
1107.5102957   -1733.2966328   -573.273778
1283.4962281   -1837.0445967   -570.9549189
1283.3624157   -1840.2631283   -570.6954002
1283.2580479   -1834.580183   -572.6076365
1282.3447856   -1825.3434896   -570.6239939
1282.3556932   -1827.3929358   -574.2237568
1282.8910025   -1838.7513161   -575.6599903
1282.3627862   -1846.0594416   -571.9302297
1282.7610644   -1842.6289558   -574.9151707
1282.5534018   -1832.5314522   -578.4425735
1282.4557694   -1842.1068192   -578.3536434
1282.1035656   -1845.7942009   -577.8204799
1281.729606   -1824.2405653   -579.2284012
1281.3892039   -1820.4439878   -570.5763698
1281.2975319   -1850.0807285   -576.808691
1280.9857997   -1851.2715101   -571.8979836
1281.238881   -1821.1131096   -575.3913522
1280.703214   -1818.0501461   -573.9706159
1279.6606692   -1813.8867617   -572.8400946
1280.3188237   -1816.8045282   -577.0819187
1279.5669111   -1855.0838232   -576.1418343
1278.9289626   -1811.3176823   -574.0202665
1277.7473601   -1858.2977057   -573.8997459
1277.2715362   -1859.7055674   -578.7062645
1276.6472968   -1859.4207764   -570.8038807
1277.5629433   -1806.7121506   -573.3282566
1276.8600257   -1803.9239645   -570.8378553
1276.4197858   -1804.0713072   -578.6711574
1275.8037718   -1861.4480495   -574.9074817
1275.4855426   -1801.0184765   -575.281918
1274.5374116   -1863.7521267   -579.282403
1274.4468721   -1797.1359491   -570.0144172
1274.6904167   -1862.0390892   -571.6469884
1274.7880491   -1799.7139692   -579.1659355
1272.9380401   -1864.4045591   -574.9919415
1272.780207   -1794.2858934   -576.7971277
1272.3328146   -1863.6418581   -569.8722601
1272.2862037   -1791.8169498   -570.7883239
1270.6482681   -1787.4904871   -569.5441365
1268.5715231   -1867.0295477   -573.2610226
1270.4600366   -1787.864089   -573.3162165
1270.0010213   -1787.3878479   -576.7232776
1265.5129107   -1869.9052334   -579.2486668
1268.4209617   -1782.3826075   -570.8895326
1267.7549394   -1781.6109657   -574.8274922
1262.5863227   -1869.3151474   -573.9088655
1258.9252862   -1870.4711199   -576.0803223
1258.6069974   -1869.5374727   -572.6767778
1256.7389878   -1871.4842796   -579.3329477
1255.8448585   -1870.2909946   -575.0356913
1253.5292181   -1871.0452318   -578.1341195
1252.1222504   -1869.9654341   -574.6541619
1250.3311308   -1868.7186241   -570.8717704
1249.6494921   -1870.8934784   -579.3699026
1247.9740056   -1869.2814112   -574.7324228
1246.0534247   -1867.4616814   -569.8444843
1245.0263175   -1869.5774078   -578.401804
1244.0833124   -1868.1981564   -574.575603
1241.3801225   -1866.6682243   -572.3305941
1239.8771318   -1867.62321   -577.5324106
1238.4192022   -1864.8409843   -569.8654056
1237.7714785   -1865.6369448   -573.5741854
1234.9998029   -1865.2979136   -576.2752295
1234.0314659   -1863.5112047   -571.8180537
1232.1841391   -1864.8802042   -578.7038803
1230.8333787   -1863.2802963   -575.7189393
1228.4735116   -1860.9358072   -571.7943907
1228.6189469   -1863.53302   -579.3499947
1226.418105   -1861.4165783   -576.264143
1223.8193425   -1857.9872847   -569.7096586
1224.3383797   -1859.4964743   -573.5544562
1222.121683   -1859.4703674   -576.6738653
1220.6620248   -1857.5564623   -573.255837
1219.6081551   -1856.0212851   -570.2340603
1217.8385528   -1857.2635651   -576.5778422
1216.0164984   -1854.9749851   -572.6904869
1213.3510383   -1855.0534248   -576.8266916
1211.5000161   -1853.000164   -573.8279819
1208.7717923   -1852.7253866   -577.0531297
1207.1672948   -1850.4927158   -573.1467009
1203.4518989   -1850.1194715   -577.4844289
1201.1541995   -1847.1854925   -572.6815462
1198.2953223   -1847.3205566   -577.0832896
1196.1082491   -1843.9881802   -570.789516
1196.4983615   -1845.3806639   -574.3169785
1193.6478289   -1844.9620008   -577.0945549
1193.1332024   -1843.49823   -573.789537
1190.85404   -1841.3245678   -570.7083344
1188.4087595   -1841.9196606   -575.8869052
1184.4944628   -1838.4482861   -571.3039637
1182.0115121   -1839.1225338   -576.6687989
1178.7888082   -1836.4933729   -573.4590292
1176.2226494   -1836.8846178   -577.9274106
1175.8111986   -1834.3478441   -571.3496804
1174.6270331   -1834.8561525   -574.3145347
1171.3733348   -1834.2680931   -576.8790245
1170.9307703   -1832.3031664   -571.8603134
1166.5683063   -1831.843257   -576.1042237
1165.5124696   -1830.0073147   -572.2301006
1161.4732417   -1827.2920847   -569.5132613
1161.423293   -1829.1883469   -575.0596523
1157.0006283   -1828.5775185   -578.8624883
1155.5924686   -1826.0916471   -573.5453367
1151.9785198   -1826.0493279   -578.1140924
1152.5326642   -1823.9337206   -571.2059736
1149.6627005   -1823.7036467   -574.2989182
1148.6659916   -1824.498415   -577.9461265
1144.3690928   -1820.6121922   -571.9225407
1144.8657783   -1822.786212   -578.0131221
1140.7004269   -1820.1860189   -575.8684874
1138.889459   -1818.2474375   -572.1506476
1135.9696659   -1818.220377   -576.8367648
1134.3587311   -1816.0178661   -572.067976
1132.0564421   -1815.8085346   -575.5168796
1130.0908598   -1813.7167692   -572.2576976
1128.5984191   -1814.1530752   -576.8567324
1126.3845237   -1811.7238283   -573.7032294
1103.9171489   -1760.73277   -570.0766444
1125.0339421   -1812.1608496   -578.5378814
1123.8156231   -1808.8142872   -571.1083412
1123.3369382   -1809.8944426   -575.5674243
1120.7163008   -1807.0561886   -574.8086572
1117.7290352   -1803.3411503   -574.06497
1115.5811819   -1801.8895388   -578.0010223
1114.818302   -1798.9782095   -573.646903
1113.1424578   -1798.5141277   -579.4271231
1113.1537827   -1795.3242064   -571.3323355
1103.6206158   -1754.2352676   -571.4533329
1111.232427   -1791.9750214   -572.0667839
1109.669474   -1790.6836271   -576.8338442
1109.6138629   -1788.6195183   -572.6457238
1108.6813482   -1785.2109671   -570.8686113
1108.1940206   -1786.2701416   -575.3507614
1107.1604761   -1782.4083567   -573.7503171
1106.7351373   -1783.2796574   -578.0549645
1106.2394651   -1778.9889574   -573.3323097
1106.0763272   -1780.2160978   -576.3189197
1111.9922074   -1795.0469255   -575.6328702
1103.7134799   -1767.4548626   -574.1303563
1103.296903   -1758.7063313   -572.7084875
1104.7293218   -1770.9262371   -571.210146
1103.5862239   -1769.1816092   -577.0888329
1103.3516201   -1742.8331375   -577.1031976
1104.1206988   -1749.759078   -570.4818368
1105.0806912   -1776.4074802   -576.6564608
1104.3937477   -1771.7834711   -574.4641423
1102.8127345   -1750.7739067   -575.2280951
1103.1382354   -1767.3238516   -578.5893202
1103.0515703   -1764.544487   -576.2682557
1105.6957515   -1775.4923105   -571.3294148
1117.3659237   -1801.1074066   -569.681704
1102.4836572   -1755.3756237   -576.3806701
1103.5543951   -1763.1633282   -572.6000071
1103.6042245   -1746.393919   -573.9958882
1102.1972569   -1746.9371557   -579.3190002
1102.42745   -1760.6854439   -578.0928135
1106.4246567   -1739.996314   -569.7761774
1106.5426739   -1736.199379   -572.7850199
1102.7537855   -1764.6358013   -579.2582631
1105.9491309   -1734.3286276   -576.4287114
1105.7508858   -1732.1559191   -579.3937445
1104.7910126   -1738.710165   -575.6990314
1104.6151193   -1742.6786423   -573.0891824
1104.4891747   -1766.9579983   -569.7829723
