882.7895495   -1773.8842964   -577.5512457
881.4160796   -1773.6319304   -572.845757
878.9687427   -1771.4380026   -576.4513016
886.9046839   -1776.8855095   -573.7598538
877.6197108   -1770.804286   -572.2458363
875.42775   -1768.8103914   -574.1362572
873.7208518   -1767.5577402   -569.8592067
870.2333244   -1764.3133402   -574.4563341
868.2272705   -1762.3383999   -569.7408319
865.3639229   -1760.7012987   -577.3763061
864.9589392   -1759.3463659   -570.6634521
861.5981611   -1757.2215796   -574.9143362
859.5730337   -1754.868269   -571.556747
857.4917289   -1754.6725273   -577.0459771
855.3685816   -1751.7734766   -572.2135901
853.3563884   -1752.2121668   -577.5750279
850.1604768   -1749.1981983   -574.5338798
850.9830209   -1751.6229153   -579.3348551
845.7775684   -1744.9554205   -569.9876547
847.8816124   -1749.9564886   -578.8978338
844.4258841   -1747.3582029   -576.5443444
841.0951766   -1744.3435192   -573.1886029
839.0004756   -1746.055603   -577.4029493
835.8212682   -1742.8827286   -573.5260248
833.4930959   -1745.7593679   -578.437686
827.5315138   -1742.8251505   -575.1450658
825.2748819   -1739.1542196   -570.8768964
823.7879696   -1746.6742992   -579.1776776
819.6497532   -1743.1346178   -575.0955939
820.3721466   -1738.1238937   -569.9509382
816.4537074   -1747.2606897   -578.2523155
815.3389665   -1739.1982079   -570.8633065
814.0755417   -1742.9825068   -574.102819
813.1641271   -1747.7362156   -577.872932
811.0094937   -1741.6776419   -572.4885464
808.8847967   -1745.3151941   -575.0040412
806.6557618   -1748.3967543   -576.8951178
804.7048422   -1743.4440851   -572.7434158
799.7415932   -1748.462081   -575.3342509
799.4505586   -1743.1385517   -571.3584423
798.356873   -1754.6195984   -579.436183
794.529778   -1749.0848303   -574.3374825
795.9295782   -1751.6473532   -576.5736699
793.7713834   -1744.4601059   -570.8350539
794.333634   -1754.1532516   -577.8465867
792.4456569   -1751.9725561   -575.6874084
790.335727   -1749.0898371   -572.999239
790.9582826   -1755.2347183   -577.4340034
789.7346439   -1758.6700916   -579.4093609
786.4549878   -1746.1714745   -569.642961
788.3963557   -1752.8822422   -574.8883486
787.0659056   -1756.5315962   -576.8511891
786.0186818   -1750.4719496   -572.3648071
786.4366593   -1759.526968   -578.6365271
783.6080166   -1754.4292212   -574.0454197
784.2936786   -1761.6440058   -579.2564154
783.7002846   -1758.6138248   -576.8914223
781.1581167   -1750.186801   -570.2499151
781.8920883   -1762.4608278   -578.7889957
780.1210257   -1758.1186295   -575.0104189
779.0672752   -1754.6685934   -572.2560287
777.7684452   -1761.7709637   -576.485455
775.5723717   -1757.9507828   -572.919786
774.1698446   -1766.0073042   -577.8658986
774.4171145   -1761.9370222   -575.1203895
771.9343426   -1768.5682774   -578.6421895
770.6727358   -1757.3121786   -570.2697039
771.0344615   -1760.0655556   -572.2968578
772.0701071   -1764.6220922   -575.9372711
769.0970572   -1763.4376287   -573.7589002
768.3117064   -1767.1347857   -576.0118961
766.3459452   -1772.5338936   -578.9074302
767.446098   -1761.1920834   -571.4542866
765.0551768   -1764.6275759   -572.7644563
763.4720626   -1769.3192959   -575.3558874
763.7418481   -1760.8577013   -569.5323944
760.758874   -1773.0875015   -576.8197179
761.2876417   -1763.4691   -570.2157617
759.4522955   -1767.0583725   -571.9027519
758.7563219   -1770.953536   -574.3727088
754.2234036   -1774.1179466   -574.6181607
754.4943365   -1770.0976133   -571.8284845
749.965963   -1771.7671394   -570.9924698
750.1053336   -1779.2165279   -576.5219331
744.9969771   -1774.4210958   -570.6627369
738.2467809   -1777.5571346   -569.8812008
743.4148016   -1779.2369127   -573.5121369
1045.3709634   -1857.1014404   -569.565475
1045.6357273   -1861.2902164   -570.4354644
1045.2433201   -1863.8931513   -574.4130611
1045.4358729   -1870.2919483   -570.5305934
1045.3939708   -1868.0123091   -573.2577443
1045.0510057   -1859.7954512   -573.3865499
1045.0140806   -1872.4001646   -574.8800635
1044.9756058   -1868.0670261   -577.3553848
1044.1654893   -1853.1142473   -571.3143349
1044.2663702   -1856.4834595   -574.824214
1044.3881723   -1860.2660894   -577.6231289
1044.536558   -1877.1388531   -574.6405721
1044.0556975   -1881.1587095   -572.8794932
1044.0112325   -1880.4788589   -577.0939589
1043.1782278   -1853.0435562   -576.1227608
1043.0176231   -1849.1083384   -570.8589554
1042.3884066   -1849.712491   -574.5640993
1043.3727475   -1885.5315447   -571.9735026
1042.8892346   -1887.481451   -577.0091414
1042.9204079   -1889.985323   -569.9572563
1041.6639122   -1850.3689766   -579.0095329
1041.4183112   -1846.1925983   -572.8942752
1042.0185896   -1894.9999809   -576.7935514
1042.1473058   -1895.0309753   -573.8642216
1040.5661138   -1846.4722633   -577.10886
1041.7773398   -1899.0010023   -572.3744035
1041.4381298   -1902.5199413   -571.8109608
1039.5331355   -1841.4734602   -571.4759231
1041.4189371   -1900.5463123   -575.9854317
1040.8721837   -1908.755064   -571.0517168
1040.9970852   -1905.1290751   -575.1349926
1039.6075817   -1843.2028294   -575.1391053
1040.5749949   -1908.9852571   -576.3434768
1040.088919   -1915.1184559   -575.4703879
1038.2404002   -1842.2402143   -579.4611573
1039.765534   -1920.5089808   -571.6792941
1039.297578   -1924.4109392   -577.1824718
1037.7822491   -1839.4095898   -575.2822161
1037.5386449   -1837.5972509   -572.3583698
1036.0343429   -1837.2088671   -579.3081522
1036.3910171   -1834.7198963   -571.4462996
1035.9182032   -1835.1225853   -574.990809
1034.3328389   -1830.8449984   -573.1016397
1033.7145003   -1832.1098089   -579.4183016
1033.0159637   -1829.2126656   -576.2042999
1032.2889658   -1826.4303207   -573.3825564
1032.308993   -1825.1814842   -570.4395771
1031.6823991   -1827.5444508   -578.9170861
1029.8977765   -1823.0791092   -577.0276785
1027.3444029   -1818.1211948   -575.7436156
1027.5334986   -1816.3799047   -570.9847808
1024.0908834   -1811.5987778   -570.4259872
1025.8159312   -1814.9629831   -573.4416246
1024.0445109   -1813.9283657   -576.5420198
1020.0109156   -1809.776783   -577.3591995
1018.9812454   -1807.3402643   -572.9569793
1016.4854797   -1804.3078184   -569.6104765
1017.1848806   -1806.883812   -576.710999
1014.7285732   -1804.4941425   -575.124383
1012.1956142   -1802.0278215   -572.2210407
1008.289692   -1801.0126352   -578.4653425
1008.8590058   -1800.2102375   -572.4056363
1005.9101256   -1798.6249924   -569.9936152
1005.4050656   -1799.1925478   -576.1620998
1001.0464164   -1797.470212   -574.5186806
994.7085949   -1795.9352732   -569.4887042
995.1760741   -1796.1925268   -576.1833787
989.6117123   -1795.4651117   -571.66785
987.138656   -1795.2219248   -576.9153237
985.0381883   -1794.9179411   -572.9933381
981.5961691   -1794.3451405   -571.6592073
981.4018878   -1794.4421768   -576.1179924
976.9022437   -1793.5997248   -572.9091167
975.0195118   -1793.3635712   -578.8515806
970.9169241   -1792.5063372   -574.1838217
967.1397778   -1791.8541431   -578.971982
966.9223698   -1791.4011478   -570.9106326
966.6803452   -1791.6245461   -574.5812654
961.7007049   -1790.4239893   -574.2288232
954.8417004   -1788.3552313   -570.7201958
955.9747549   -1788.9906168   -576.0333538
952.6671442   -1787.9993916   -575.5986571
949.7286352   -1786.9737148   -572.7812052
946.2688538   -1786.1427069   -573.2340813
942.6667365   -1785.2580547   -578.3956051
942.7662762   -1785.2878571   -575.1048923
936.0648962   -1784.0051651   -575.9174824
937.1075901   -1784.5562696   -569.989562
930.854586   -1783.7998867   -573.1108189
931.4904483   -1783.3446264   -576.9192576
927.4641546   -1783.2943201   -575.5577683
922.9528876   -1784.054637   -572.1374154
922.6292642   -1782.9259634   -577.1694183
918.0629226   -1782.8117609   -577.1250725
916.9226261   -1784.3391895   -571.5131164
911.6782518   -1783.8169336   -572.8510022
911.3945039   -1782.4186087   -577.8698921
904.7552916   -1782.1452618   -576.2401819
906.7067774   -1783.9974165   -570.4275966
901.5638503   -1783.2499743   -569.7037578
901.4816257   -1780.7347775   -579.1112185
899.4750353   -1781.7288637   -573.7615824
899.1697701   -1780.7116508   -577.3007274
896.363643   -1781.5594673   -570.5161691
895.6351253   -1780.3655863   -574.5872259
895.2431353   -1779.2356014   -578.5285234
891.949025   -1779.6468735   -571.4011192
892.0268985   -1778.7179947   -575.7548213
749.5178702   -1782.656908   -578.8781643
744.8582175   -1782.8248739   -576.8988132
743.3495792   -1786.0198021   -578.6382556
738.8889315   -1781.8686962   -573.374331
738.105041   -1785.0021124   -575.3849149
738.6641624   -1789.0255451   -578.7103176
735.5262312   -1787.7417803   -576.2336254
732.9991134   -1780.828476   -569.8632002
733.6544963   -1785.3829861   -573.5405087
734.7909632   -1790.7550335   -578.1747699
732.8621867   -1793.3282852   -579.1906118
729.6714904   -1792.4587727   -576.8887401
729.7027978   -1786.3630056   -572.3723769
725.4765155   -1795.4797745   -576.8590569
725.5031439   -1792.1022177   -574.4310617
726.6600849   -1786.7158651   -571.1255074
721.823168   -1791.7399406   -572.1341372
721.8961092   -1794.719696   -574.2702484
720.7009169   -1798.4088659   -576.1327744
720.1983752   -1803.632617   -579.254806
716.0263257   -1795.9724665   -571.5988874
715.9158336   -1801.4999628   -575.0712752
715.9544425   -1807.6468706   -578.7603855
715.0780457   -1805.0398827   -576.6375065
712.0941999   -1813.7791157   -579.4397593
712.2338014   -1810.6715679   -577.8439641
711.3907831   -1801.5151024   -572.0745921
711.0570567   -1808.203578   -575.6841302
712.2921469   -1804.3838739   -574.3376613
708.0227482   -1805.6827784   -572.168231
708.0754983   -1811.8872643   -575.5026937
705.9475156   -1817.173481   -576.7781138
707.0325511   -1802.2315502   -569.6772933
707.8063386   -1808.9929819   -573.8081932
705.7254212   -1821.8274117   -579.0973306
703.4381749   -1824.9713182   -579.2701244
703.9887878   -1809.7857237   -571.5940595
703.9406943   -1813.8952255   -573.7250447
700.4763605   -1822.4350214   -575.9405494
700.8931907   -1817.2223568   -573.4060407
700.9567814   -1813.7091398   -571.6719627
698.8466429   -1812.0551109   -569.6507096
700.0102746   -1826.9879818   -578.0881643
697.5937756   -1831.3649893   -578.8498521
697.1888664   -1815.6813383   -570.561111
696.4715319   -1820.1143742   -572.3656416
696.0133212   -1827.4235725   -575.8199692
695.2441531   -1824.067235   -573.7081766
692.2713789   -1832.4666023   -576.3249993
692.2969716   -1818.4447289   -569.6276426
692.4887495   -1822.6530552   -571.6912746
690.5695098   -1827.5148869   -573.1044412
688.6494505   -1837.8671408   -577.0615935
687.7840581   -1823.0561018   -570.0155497
686.4760863   -1833.1503868   -574.0144253
685.358149   -1843.7508345   -578.2650709
683.9562925   -1829.1755915   -571.2559819
682.0084202   -1838.5024071   -574.5658875
681.3124242   -1833.2682848   -572.0176101
681.5126958   -1847.1997976   -578.1748295
679.3858158   -1844.1383839   -576.0297775
680.9284361   -1850.2957821   -579.2903304
676.580471   -1835.5301619   -571.2798834
675.7479282   -1840.8265114   -573.3172894
677.1654534   -1849.0766287   -577.3243308
674.1002249   -1845.5671072   -574.6923685
673.8680425   -1853.5382748   -577.8270364
671.967906   -1849.8221636   -575.566113
671.2372648   -1838.3969069   -570.5882907
670.7662987   -1842.8994417   -572.2796917
670.929228   -1857.814908   -578.2710314
669.4279733   -1846.9748497   -573.3842254
669.2338037   -1853.738904   -575.9642124
667.9209294   -1862.0848656   -578.6533952
668.0394086   -1850.4580259   -574.1974115
667.4343544   -1841.0599232   -570.2254772
666.2171008   -1857.7910662   -576.25103
666.3541543   -1844.6468115   -571.2658763
665.2284162   -1848.6514091   -572.342515
664.869641   -1865.8125401   -578.7457228
664.3153401   -1853.2761335   -573.7336278
663.2600697   -1861.9331121   -576.5373707
661.9273397   -1846.3748693   -570.1365471
661.3455536   -1857.9243422   -574.1924644
661.9157987   -1869.0286875   -578.6480308
661.3579886   -1850.2879143   -571.3415146
660.9099033   -1865.5987978   -576.8788457
658.7911072   -1854.0620804   -571.6505051
660.0020798   -1872.528553   -579.2400241
657.8555229   -1862.2324467   -574.2297173
655.9470343   -1875.4581213   -578.8090825
656.2908413   -1868.9140081   -576.0695338
657.5102406   -1857.9592705   -572.4592805
655.3778174   -1854.8467159   -570.3814626
654.0829512   -1859.0296507   -571.2903738
651.4661136   -1864.0116453   -571.9539523
650.2678106   -1879.3711662   -577.7182579
651.1139097   -1873.3680248   -575.7109523
650.6412374   -1869.0599203   -573.6504197
653.1263637   -1855.8342457   -569.6648955
647.9048366   -1890.8139467   -578.4394145
649.1040746   -1898.8262415   -578.9780617
647.3892974   -1867.6487207   -571.4523196
645.5548266   -1884.5061064   -576.7780542
646.3161381   -1907.1242809   -577.404201
647.0248523   -1913.0651951   -577.6208043
647.0842706   -1902.173996   -577.8979659
647.0537717   -1871.6344833   -573.177278
646.8001316   -1875.7902384   -574.9088526
645.3034813   -1879.4932365   -575.5392313
647.2921344   -1895.3636885   -578.1547427
645.1548236   -1898.340106   -577.0235658
643.9284692   -1893.7950134   -576.5400529
643.4053379   -1889.4203901   -576.1913657
642.8931104   -1869.9995279   -570.6300139
643.0474194   -1902.3133516   -575.878799
643.894841   -1874.0417957   -572.9038715
643.2537334   -1910.8111858   -575.8247972
642.8387436   -1914.8991108   -575.5357146
646.1167308   -1918.2356596   -577.0723224
643.3733674   -1877.045989   -573.8920569
640.4533582   -1906.6886902   -574.5226145
641.0115147   -1880.5978298   -573.9631653
640.2271102   -1886.2301111   -574.5416284
640.2016962   -1897.1612453   -574.6156573
639.8078474   -1891.4246559   -574.506104
640.0662819   -1875.3165007   -571.8342066
639.5396302   -1911.7289782   -573.9728212
638.8680833   -1901.8111229   -573.8373399
638.9929327   -1916.1911011   -573.6299157
642.0177305   -1918.8261032   -575.0673413
636.2799751   -1883.1248283   -572.3267198
636.9284997   -1878.6840439   -571.590662
636.6665857   -1908.5216522   -572.6208091
635.63604   -1903.976202   -572.1970201
635.850125   -1888.2671595   -572.6203918
635.5650062   -1893.4170008   -572.5014806
635.2092261   -1898.6920118   -572.1346736
635.3007937   -1874.8486042   -569.5425272
635.1854364   -1912.8235579   -571.8195438
635.7725719   -1917.7424908   -572.0288157
638.6634754   -1920.7389355   -573.3951926
632.1866634   -1879.5577288   -569.7416663
632.8264336   -1907.3175192   -570.7578063
631.893971   -1885.2905035   -570.5522895
631.6475319   -1890.1464939   -570.622623
630.245098   -1900.9795189   -569.609642
631.2159608   -1895.0992823   -570.3470707
630.5529522   -1911.4278555   -569.5685744
632.1069943   -1916.7122841   -570.24616
1568.3505806   -2056.1118126   -570.6478953
1565.8097538   -2049.074173   -570.8381534
1565.8989223   -2053.4768105   -576.734066
1568.0181059   -2058.1374168   -576.0136247
1570.0092586   -2061.0158443   -572.9250908
1569.6277889   -2062.2475147   -578.3692598
1563.5795268   -2047.8374958   -578.1315565
1563.4430917   -2043.9310074   -574.1040707
1562.211481   -2038.403511   -573.8109946
1561.9215044   -2031.6822529   -571.4145303
1561.8887218   -2035.0410938   -572.8583336
1560.8636411   -2026.2641907   -572.4995732
1560.9126958   -2036.9312763   -577.3215294
1560.5746778   -2033.121109   -576.1649013
1560.0499781   -2029.6964645   -576.358676
1558.7342652   -2014.0132904   -573.3100176
1559.3056353   -2020.9145546   -575.2180815
1558.744398   -2026.088953   -579.0036917
1556.7496093   -2008.2285404   -572.6370215
1556.43442   -2009.9966526   -576.2060285
1554.0719303   -2003.3304691   -573.0867386
1554.3791922   -2006.4613819   -578.0290961
1551.5384348   -2001.6202927   -578.2728195
1550.6305965   -1998.165369   -573.128283
1547.2344431   -1993.2005405   -570.7140565
1547.6599606   -1995.0653315   -575.117588
1544.6976098   -1992.2100306   -576.9171119
1543.047336   -1989.2494678   -572.067678
1540.1236089   -1987.8773689   -577.5417686
1539.2798456   -1985.7181311   -571.5458989
1535.9376939   -1983.7895632   -575.3382444
1535.5556878   -1982.6204777   -570.2874064
1532.7258381   -1981.0447693   -572.9774833
1532.4232253   -1981.5545082   -577.3186684
1532.160786   -1980.2627563   -569.6256161
1528.4765037   -1978.6396027   -575.9699345
1528.7669571   -1978.2742262   -571.4309812
1524.5824727   -1975.835681   -572.5215077
1523.3428749   -1975.6753445   -578.3081055
1519.7478207   -1972.8126526   -570.8553791
1516.6125568   -1970.8770514   -572.2711682
1512.5921043   -1968.3362246   -575.5714178
1513.3587392   -1968.7472582   -570.7566738
1509.8275813   -1966.3300514   -571.1314678
1507.4720653   -1964.7364616   -576.7679811
1501.7967495   -1960.6385231   -573.8553405
1497.8152188   -1957.9681158   -576.6373277
1495.1983961   -1956.4346075   -572.4881291
1491.457549   -1954.2025328   -577.4044991
1492.7623542   -1955.2354813   -569.6085691
1490.4370578   -1953.9192915   -572.6216435
1487.3122247   -1952.1304369   -578.9443254
1486.1823591   -1952.11339   -572.9622245
1481.387225   -1950.7616758   -570.1822639
1481.9270643   -1950.3645897   -577.0685673
1478.0233177   -1949.6747255   -574.3697286
1477.8629216   -1949.1970539   -579.4038773
1474.7671755   -1949.4473934   -570.6467032
1472.7798375   -1948.6427307   -578.3597827
1468.0134925   -1948.4481812   -577.0545602
1467.1528014   -1948.7315416   -571.8106031
1463.2265838   -1948.2388496   -576.7657757
1459.5832499   -1948.2032061   -570.8241463
1458.8362249   -1947.9379654   -578.5648823
1457.3307308   -1947.9211569   -575.5064487
1454.636124   -1947.7152824   -577.67874
1449.3682655   -1947.2374916   -574.8357773
1450.2380165   -1947.2904205   -569.9147582
1446.4330348   -1947.0258951   -578.7744522
1446.7429789   -1946.9240904   -572.4992752
1441.8846639   -1946.4030266   -569.6212053
1441.036609   -1946.4603662   -576.7909288
1437.604812   -1945.8162785   -571.0340738
1433.477548   -1945.5324411   -573.6310482
1433.1276091   -1945.8322525   -578.8722038
1428.5253557   -1945.1116323   -570.2953339
1426.8638762   -1945.2137947   -576.6885281
1422.7779182   -1945.0612068   -572.1949935
1421.5451153   -1945.194602   -576.1967301
1417.3303517   -1945.364356   -572.5898147
1410.8673605   -1945.9986687   -576.3630271
1412.5358733   -1945.8913803   -571.1430907
1406.5355333   -1946.6346502   -570.6099868
1404.6332511   -1946.6418028   -577.0371556
1400.0285538   -1947.2646713   -569.9836016
1399.8194011   -1947.1251965   -574.1149783
1396.4618119   -1947.2385645   -577.8775215
1395.2394994   -1947.4732876   -573.1570721
1391.186622   -1947.9014874   -569.570601
1391.2071856   -1947.7286339   -575.8234262
1386.7887529   -1948.2200146   -573.3284354
1381.0441168   -1949.1977692   -573.6769438
1379.8261555   -1949.4041204   -579.3114305
1376.0660561   -1950.3862858   -576.4891505
1375.8729967   -1950.4933357   -572.1004605
1372.5475939   -1951.5639544   -574.0910172
1372.4215897   -1951.5509605   -577.9643655
1369.761196   -1952.5220394   -576.5668154
1369.1081079   -1952.8871775   -572.8158951
1366.0885962   -1953.918457   -576.865375
1365.5341538   -1954.2931318   -572.6558566
1361.5323576   -1956.0514688   -570.4768896
1361.063567   -1955.9987783   -576.4163136
1357.7763709   -1957.6548338   -569.9298978
1354.3796214   -1958.8932991   -574.8496652
1354.2956384   -1959.1790438   -570.214808
1349.390653   -1961.4967108   -571.2013245
1345.5614122   -1963.7145996   -570.1676607
1345.8882841   -1963.1643295   -575.5331516
1343.5484441   -1964.3189907   -578.4088373
1341.2880572   -1965.7684565   -574.3149519
1339.0770825   -1967.2642946   -569.8340535
1340.0526317   -1966.2655592   -577.5170326
1337.5022086   -1967.861414   -574.1483569
1334.0319069   -1969.4529772   -579.1674852
1335.0537094   -1969.3961143   -570.5953836
1334.1963562   -1969.7346687   -573.3936429
1328.9107951   -1972.807765   -570.4808831
1330.1440152   -1971.8122482   -576.2394667
1324.3636163   -1974.7549295   -575.8552551
1321.983126   -1976.2330055   -570.5885887
1320.2035102   -1976.4071703   -579.1916847
1316.5333541   -1978.4778357   -572.77596
1310.5334314   -1981.0518026   -573.1313229
1307.9044493   -1981.9056988   -577.2125721
1306.513873   -1982.9746485   -570.11801
1303.521243   -1983.9555025   -574.929595
1299.3836673   -1985.4568243   -579.1774392
1299.8674782   -1985.7182503   -572.5679994
1296.7679175   -1986.8892431   -575.5890608
1295.9111603   -1987.4578714   -572.5033879
1293.9109477   -1987.9391193   -579.0906549
1293.6494025   -1988.3593321   -574.2201805
1287.7671989   -1990.9094572   -575.7533312
1288.3295687   -1990.9021854   -570.0039268
1284.5722111   -1992.5158024   -570.3434348
1283.6202057   -1992.7282333   -575.8817792
1281.7539247   -1993.6338663   -573.0930567
1275.7807644   -1996.1385727   -572.3991394
1274.5660218   -1996.4770079   -578.2672763
1273.1787833   -1997.2711802   -570.4863071
1269.2442211   -1998.7643957   -575.3458142
1269.233373   -1998.8834858   -570.7941651
1265.7642039   -2000.105381   -578.6985755
1264.8288878   -2000.5905628   -574.5986104
1258.7934407   -2003.1113625   -573.5641718
1254.1784915   -2004.9550533   -577.0934224
1250.2666982   -2006.7093372   -571.908772
1249.4486841   -2006.9155693   -577.9252648
1245.8151849   -2008.5144043   -574.7261643
1243.7360557   -2009.2892647   -579.3915391
1243.2620796   -2009.673357   -571.1502433
1240.0397929   -2010.9357834   -574.5159984
1235.2952632   -2012.9821301   -571.6617107
1233.0624732   -2013.7543678   -579.249382
1232.1713837   -2014.1994953   -575.2620697
1232.3568138   -2014.1949654   -572.0411539
1227.5763424   -2016.0381794   -575.7112503
1223.4154018   -2017.8055763   -569.6895719
1221.1574586   -2018.5372829   -575.5355358
1218.5475501   -2019.5963383   -571.7398524
1215.7464894   -2020.5411911   -575.8304
1215.0743874   -2020.8492279   -569.817245
1211.2052711   -2022.2051144   -574.309051
1208.1079753   -2023.2894421   -579.2760849
1207.5808915   -2023.3762264   -569.8507428
1206.7819508   -2023.7753391   -575.1267076
1203.9225968   -2024.8091221   -579.4462562
1202.4783167   -2025.128603   -572.7846622
1200.1906308   -2026.1271   -577.8312087
1197.2459229   -2026.9486904   -573.9625096
1193.8275965   -2028.0430317   -571.0645318
1192.7163275   -2028.4934044   -575.0522017
1189.7750171   -2029.5751095   -571.1029768
1187.5888976   -2030.315876   -575.4867196
1184.3035492   -2031.9113731   -570.12707
1182.1117076   -2032.3796272   -576.1813521
1178.0908378   -2034.5973969   -571.3595748
1175.9538325   -2034.7166061   -578.3524513
1172.147003   -2037.2858047   -573.2548237
1166.0999926   -2040.9390926   -573.3727217
1162.324396   -2041.2273407   -579.133749
1162.1439131   -2044.655323   -571.6164112
1162.1997031   -2042.9961681   -574.8365521
1158.3116921   -2045.4354286   -575.3560066
1159.0096625   -2047.8284359   -570.702672
1155.1368507   -2051.4712334   -570.641458
1156.6321524   -2048.255682   -572.7936029
1154.3126973   -2048.8097668   -574.6955276
1153.9316448   -2046.9675064   -578.2231688
1151.5917452   -2053.0481339   -572.5619197
1152.302173   -2059.1745377   -569.7165728
1150.4946025   -2050.0910282   -577.4498582
1148.2179435   -2053.7416935   -575.3781199
1147.6216587   -2058.8834286   -572.7247
1144.1796096   -2057.0213795   -575.7331252
1138.4306224   -2059.8483086   -577.6532888
1145.916787   -2062.9324913   -572.6086497
1039.4714149   -1923.8471985   -570.9129572
1038.8064953   -1930.0605059   -575.7938027
1038.5432216   -1932.6734543   -570.8481073
1038.5374697   -1933.0545664   -578.7045956
1038.5037335   -1932.9582453   -574.8566985
1038.11982   -1936.0406399   -574.0801096
1037.7787324   -1938.7302399   -575.7179856
1037.3941334   -1940.985918   -573.0183721
1037.3220714   -1942.28971   -578.415215
1036.5441712   -1945.9673166   -574.4937658
1036.4235612   -1947.1007586   -577.5383711
1035.7884439   -1949.2888451   -570.1240897
1035.6932553   -1950.2243996   -575.5722523
1034.8091694   -1953.6374807   -570.550859
1034.4414683   -1955.7783604   -578.4992576
1034.3357893   -1955.7410479   -574.3589401
1033.7393852   -1957.9665661   -572.0385909
1032.4761542   -1962.9085064   -575.4772425
1031.9633754   -1964.4503593   -570.2332258
1030.8589908   -1968.5431719   -571.793139
1030.5184396   -1970.2343941   -576.094985
1029.6362611   -1973.0325937   -572.4013448
1029.0794047   -1975.6520987   -576.6192079
1028.2561453   -1979.0571928   -578.0544281
1028.5414132   -1977.234602   -572.5468397
1027.1953615   -1982.196331   -572.0327497
1027.1368893   -1983.2051992   -577.4713159
1026.2913676   -1986.9039059   -579.2320967
1025.8160504   -1987.518549   -573.5234022
1025.0574621   -1991.297245   -578.6110759
1024.0803035   -1993.1564331   -571.2469816
1023.5302719   -1995.9224463   -576.9885182
1021.5550932   -2001.4674664   -576.8774152
1021.1715373   -2001.8370152   -572.2040534
1018.531737   -2008.4385872   -575.2575994
1018.9284953   -2007.7030659   -578.6404014
1018.2911726   -2008.9485645   -570.1792836
1016.0683962   -2013.5800838   -577.2638917
1015.5123147   -2014.936924   -572.5958347
1013.8353678   -2017.7519321   -579.0348649
1012.6866969   -2020.5368996   -572.1090436
1011.6223367   -2022.0241547   -576.2883425
1010.2114948   -2025.1209736   -571.0713863
1009.0098353   -2026.5364647   -576.5531063
1006.5296563   -2030.6415558   -576.7585039
1005.3382786   -2033.244133   -572.4440217
1001.4422508   -2039.4895077   -573.6197233
1000.0090571   -2041.0683155   -578.2850981
998.4738501   -2043.7738895   -576.6913891
998.2462498   -2044.6782112   -573.394537
996.5181323   -2047.8570461   -570.8913803
995.6400367   -2048.1553078   -576.9899487
993.3106574   -2053.1430244   -569.591403
991.9224354   -2053.9546013   -576.3120651
991.4510223   -2055.836916   -570.2139735
989.1988608   -2058.0461025   -576.0366321
988.1203445   -2060.9469414   -569.6220398
664.2690348   -2051.8941879   -577.0810246
664.9729731   -2057.8424931   -577.0243406
661.7245647   -2046.775341   -573.5929608
661.7469984   -2040.4920578   -577.4059892
663.8839292   -2055.7425022   -574.0199685
662.8197329   -2052.9346466   -572.4256635
664.0693965   -2060.5180264   -572.4538565
660.2300005   -2036.0968113   -577.8477788
659.1150137   -2041.8684483   -572.740674
658.690353   -2038.0077362   -574.7227669
658.6669209   -2045.1097488   -569.8387027
657.2716879   -2033.5972309   -575.9669542
654.8456448   -2028.4800529   -576.371789
655.9567796   -2038.9049053   -571.0020065
655.3838971   -2035.6402397   -572.7257729
654.9644219   -2032.0661068   -574.5619535
653.2130177   -2022.5391388   -577.8898597
651.2513729   -1979.1461229   -579.2554617
649.8508053   -1951.9001245   -578.3484578
652.8008515   -2032.1762562   -572.465539
650.1968103   -1963.7527466   -578.4278512
652.820007   -2036.4003181   -569.6973801
650.5393284   -2026.2877941   -573.5952854
651.6357595   -2014.9288177   -579.1833401
649.3756893   -1922.046423   -578.6030889
651.4467346   -1937.8255606   -579.3218017
648.2536877   -1940.3886795   -577.8130293
649.3649232   -1973.6171961   -578.1103373
649.5078998   -1990.5651808   -578.6557198
650.4420275   -2019.0062523   -576.6738653
649.8547355   -1957.9364061   -578.3033371
649.7534151   -1934.8624945   -578.5899758
647.9035998   -1984.1891527   -577.4080753
649.7999439   -2032.2914124   -569.707334
647.7730358   -1968.5856104   -577.2510171
648.2207785   -1926.9515276   -577.9768825
647.7696272   -1946.4923143   -577.4902105
647.9575532   -1931.1288595   -577.7838826
648.9215168   -1995.8024025   -578.3817768
648.1005559   -2013.3047104   -576.2399435
645.8580317   -2006.0398579   -575.5545497
647.308291   -1999.9531507   -577.2436261
645.4752842   -1978.0615568   -576.1349201
647.0787945   -2020.5309391   -572.8576183
646.2673927   -1960.2959156   -576.5856504
646.1451063   -1964.6435976   -576.4636397
645.9726068   -1954.9863338   -576.4850378
645.0739364   -1949.6598244   -576.1592984
645.5491903   -1934.4251156   -576.5568018
644.850229   -1994.3478107   -575.6232142
645.1979997   -1988.5263443   -575.9074688
643.4476274   -1923.7860441   -575.6896734
644.8198976   -1972.3529816   -575.8029819
643.808988   -1944.2695379   -575.6006837
641.7867402   -1938.2933378   -574.6847391
644.5178921   -1929.5068979   -576.1247873
644.2727158   -2016.2367821   -571.5796351
644.7446915   -2011.7356777   -573.364377
642.0271518   -1983.6308956   -574.28056
643.4991928   -1967.5525427   -575.2113461
642.2119225   -2000.7779598   -573.1804371
644.0114016   -2021.3975906   -569.516778
642.7372108   -1962.6228809   -574.8510361
642.5600844   -1957.5219154   -574.8512745
642.1430493   -1952.61693   -574.7135878
641.0511071   -2007.0347786   -571.0471272
641.3295241   -1932.6545   -574.5370388
642.0187736   -1974.9305248   -574.4307041
640.8628645   -1978.2983065   -573.8007426
641.170186   -1989.7344112   -573.4849572
640.9246261   -1947.9874372   -574.183166
639.2114209   -1994.6960211   -571.7933178
640.7189155   -1970.9941149   -573.8140941
641.2320184   -2012.6540661   -569.6370602
640.8773186   -1928.4209013   -574.3681192
639.0081728   -1943.1816339   -573.2823014
638.7196305   -1965.6881094   -572.9464293
637.8429803   -1925.6030321   -572.9261637
638.9484005   -1959.7079754   -573.11064
639.1397575   -1954.8442364   -573.2283592
639.2620588   -2003.1757355   -570.3675747
637.6838023   -1999.8600483   -569.7631836
639.0178325   -1951.0041475   -573.2299089
636.9389119   -1986.3963127   -571.2061524
636.5611302   -1979.9774885   -571.4402199
638.3954073   -1974.7394323   -572.5842714
638.0954618   -1934.866786   -572.9323626
636.5724849   -1938.6543036   -572.1544623
637.3927752   -1930.6199551   -572.6373792
638.1141888   -1990.5656576   -571.5333223
636.320171   -1947.7561712   -571.9403028
636.8890452   -1970.4327583   -571.9994903
636.4067505   -1952.2336721   -571.9507933
635.5680982   -1956.189394   -571.5283751
634.5123062   -1942.7489042   -571.1138248
634.8547759   -1961.2932205   -571.1966753
633.3125914   -1966.9589996   -570.3266859
633.877323   -1922.0074415   -571.0345507
633.4308321   -1973.6799002   -570.1150298
633.5242102   -1934.294343   -570.7079768
632.8296708   -1927.9134274   -570.443213
633.9645246   -1983.1302166   -569.6969628
632.5998092   -1939.0214682   -570.2248812
631.8933936   -1951.7377615   -569.814682
632.302423   -1946.1827278   -570.0176358
632.1120495   -1957.4898481   -569.8869824
630.7708817   -1924.3444204   -569.4848895
1660.0623401   -2196.0716248   -573.7079978
1658.3407196   -2191.6344166   -576.157093
1663.0739244   -2202.4576664   -574.3886828
1657.3995622   -2191.8826103   -570.6614852
1656.791118   -2188.1370544   -578.2798529
1655.6799682   -2187.3822212   -573.5222697
1654.2172702   -2183.8068962   -577.7382255
1652.6958021   -2182.8746796   -570.712626
1649.9259742   -2176.9797802   -577.57622
1649.3934663   -2177.4618626   -570.1603293
1647.1734317   -2173.0868816   -575.8777857
1645.7095417   -2170.6171036   -579.3530941
1646.2862762   -2172.4891663   -570.7387924
1643.7379392   -2167.9735184   -576.6699314
1642.2564062   -2166.6054726   -569.8336959
1641.6158947   -2164.9501324   -576.2133598
1638.8203176   -2161.3354683   -570.9934235
1636.7180618   -2157.6550007   -577.4763823
1636.3752159   -2157.5405598   -571.5956688
1635.0375684   -2155.1346779   -579.3430209
1633.9040073   -2153.7861824   -571.769774
1631.5703662   -2150.1517296   -577.8357387
1630.6642564   -2148.8702297   -573.3718872
1627.9938491   -2144.9351311   -575.4326582
1623.7273487   -2138.5726929   -572.8022456
1624.6840032   -2140.327692   -577.8899193
1620.9658655   -2134.0727806   -570.2192783
1621.1500438   -2135.30159   -576.9867897
1616.7645725   -2129.1856766   -577.1201253
1616.1756786   -2127.1719933   -571.9509721
1613.8599189   -2124.5462894   -575.1359463
1610.1568016   -2119.2486286   -575.9579539
1608.7343963   -2115.5529022   -570.8171725
1608.1332239   -2117.3069477   -579.0681243
1605.4593595   -2112.4048233   -577.142477
1604.7672304   -2109.72929   -572.4974275
1602.3224863   -2107.0463657   -576.3582587
1600.9186777   -2103.6527157   -573.4407306
1599.4617017   -2102.5459766   -577.4054527
1596.9478162   -2097.7389812   -575.5875111
1595.9331068   -2094.9008465   -570.119679
1594.5438417   -2093.4092999   -573.5037327
1592.237738   -2089.8530483   -571.4357495
1592.8987535   -2091.2599564   -576.8540502
1590.8965143   -2088.4344578   -579.3080926
1588.0033048   -2084.6586227   -576.7582059
1589.2488631   -2086.0249996   -570.682466
1585.313526   -2081.5894604   -573.1322765
1583.9703354   -2080.2137852   -575.7692456
1583.0750736   -2079.0743828   -571.7025399
1580.4049047   -2076.4334202   -576.2677789
1579.9151333   -2075.4234791   -570.7711577
1578.1673463   -2073.7059116   -573.5509396
1576.4237913   -2072.0191002   -576.6745806
1576.355842   -2070.7638264   -570.3576207
1572.8898915   -2067.0456886   -576.2791038
1572.5688609   -2064.797163   -570.0771213
1571.1853179   -2063.8251305   -574.4082332
1148.9782604   -2062.4861717   -571.0052848
1149.2359313   -2067.2693253   -569.8105693
1146.7638286   -2070.7705021   -570.1721311
1145.1911601   -2066.3785934   -572.1448064
1143.4921297   -2074.8357773   -570.3310966
1141.3478526   -2070.3148842   -572.6509094
1141.0699757   -2078.527689   -569.8362589
1138.4600075   -2064.9352074   -575.4085779
1137.2400197   -2074.8710632   -572.4922419
1136.692253   -2069.8497295   -574.4351149
1137.0851072   -2080.4417133   -570.1417327
1135.7864412   -2062.0954037   -577.7978897
1133.0283555   -2067.8272247   -576.3016343
1133.1078681   -2064.371109   -577.7721405
1133.4082755   -2083.4972858   -569.5387721
1131.8661841   -2078.574419   -572.2952485
1133.9968117   -2071.6953278   -574.6532083
1132.1367892   -2074.226141   -574.1456151
1130.7818564   -2071.5677738   -575.5285621
1129.3165358   -2082.5686455   -570.6729293
1128.8556727   -2066.9448376   -578.1926513
1126.7285617   -2074.283123   -575.3924251
1127.0759376   -2079.7228813   -572.660327
1127.0777258   -2069.4379807   -577.4041414
1124.8839172   -2083.49967   -570.373714
1125.0704201   -2067.8904057   -579.0507793
1121.6848763   -2071.1166859   -578.1414509
1122.6356896   -2079.2133808   -573.6843944
1122.392443   -2075.751543   -575.6365657
1120.5190691   -2083.0094814   -571.2712407
1118.4653314   -2078.1779289   -574.8909116
1117.6232966   -2081.7115307   -572.612226
1116.301802   -2072.8652477   -578.8702369
1116.3600954   -2084.8381519   -569.7873831
1114.0880259   -2080.4765224   -573.8748908
1114.2900857   -2077.1551132   -576.3454437
1113.4649786   -2083.7800503   -571.0026026
1110.285786   -2078.151226   -576.615274
1109.0109023   -2083.1422806   -572.4101663
1107.3826822   -2075.8628845   -579.4363022
1105.1458987   -2080.6879997   -575.7449269
1103.3910783   -2083.8122368   -572.3358393
1103.2625111   -2078.4966946   -578.4637332
1099.1167101   -2083.4245682   -574.4370818
1099.8060378   -2080.1036358   -578.2036185
1098.7611683   -2085.0961208   -570.6620812
1093.3761271   -2081.7785263   -579.1077614
1093.6894091   -2084.3000412   -574.0044713
1093.2014259   -2085.7117176   -569.7252154
1088.5863873   -2083.6846828   -577.1993995
1089.7428962   -2085.1588249   -573.1787086
1088.2813903   -2085.8883858   -570.7863569
1084.8751637   -2085.5898857   -573.9758015
1083.3347114   -2084.5048428   -577.5083303
1081.8461152   -2086.8241787   -569.8477626
1078.4829529   -2086.1957073   -574.8045444
1076.8454047   -2087.5790119   -569.722116
1072.3329755   -2085.9775543   -578.6798
1073.1800767   -2087.3911381   -573.3614564
1072.3351213   -2088.1648064   -570.0129271
1069.7308155   -2088.4301662   -572.0837116
1069.3690153   -2087.8703594   -575.0828385
1066.2365826   -2088.201046   -577.6460171
1066.3839253   -2089.4756317   -571.7620254
1062.9612478   -2090.2838707   -574.572742
1058.9284273   -2092.0789242   -574.6552348
1054.3893846   -2095.0262547   -570.3108907
1053.154883   -2095.1476097   -573.9643574
1047.5536855   -2098.2563496   -572.6832151
1049.3901344   -2096.6575146   -576.8589973
1045.850155   -2098.5207558   -577.5147676
1043.2160767   -2100.4340649   -574.4259953
1042.2250601   -2100.5373001   -578.2557726
1040.3370532   -2102.0789146   -574.5002031
1038.0547913   -2103.2884121   -569.8933601
1037.4386581   -2103.6639214   -577.4697065
1036.3157662   -2104.4325829   -572.5343823
1033.2193347   -2106.5564156   -577.5506496
1032.0874723   -2107.0384979   -573.695302
1029.3484601   -2109.2536449   -578.640461
1027.2800299   -2110.0316048   -574.1357207
1024.4350704   -2112.1160984   -577.1118999
1023.3607861   -2111.8154526   -572.6212859
1020.2787193   -2114.0332222   -575.7459998
1018.8398036   -2113.7235165   -571.5019107
1017.5886127   -2115.9107685   -578.6057711
1016.2086161   -2115.7348156   -574.9438405
1013.8290497   -2115.6275272   -570.6676245
1013.9251622   -2117.4442768   -578.3763528
1012.6579972   -2117.2099113   -574.8813748
1009.9274787   -2118.8158989   -577.5983334
1009.3865069   -2117.885828   -572.9683638
1004.8303279   -2119.8303699   -576.1213899
1005.9178146   -2118.2374954   -570.7329512
1002.3843022   -2119.0292835   -571.1987019
998.7401935   -2120.5248833   -574.9223232
994.5027503   -2118.976593   -571.7281699
993.9005347   -2120.685339   -577.2759914
990.5524822   -2119.2371845   -575.1313567
990.8676716   -2117.9320812   -571.077168
988.0764755   -2117.525816   -573.1577277
986.5920814   -2118.5719967   -577.6925087
986.1895712   -2062.4914169   -574.9227405
984.1962429   -2115.3063774   -573.5601783
984.6523079   -2065.464735   -571.6122985
983.1919345   -2066.1129951   -577.0213604
982.1400913   -2111.6976738   -569.519043
980.7472797   -2070.5742836   -573.4145641
980.4204079   -2114.5348549   -577.6735544
980.4544421   -2112.6439571   -574.1154552
978.6366197   -2109.5166206   -572.2535253
977.9219898   -2076.1780739   -572.5044012
977.8235229   -2074.3644238   -577.3950815
976.7858657   -2104.55513   -570.8379149
977.3936542   -2111.594677   -577.9287219
976.2930544   -2107.7494621   -575.676322
976.156381   -2081.4437866   -571.662426
974.975315   -2079.8399448   -578.7448287
975.7261547   -2099.9093056   -570.2583194
975.3087731   -2086.6539478   -569.8789954
974.3000539   -2104.5672894   -577.3137808
974.4203063   -2101.2063026   -574.4473338
974.5254191   -2092.1254158   -571.2378025
974.1501483   -2085.1061344   -575.6773949
974.0530523   -2097.0811844   -573.4251142
973.7470122   -2089.2243385   -574.6405125
972.5484522   -2093.4679508   -577.5014162
972.6074906   -2088.7186527   -579.0274143
665.120733   -2063.8942719   -576.0217905
664.9744781   -2072.473526   -574.9542117
664.6941724   -2068.9923763   -572.781682
664.768097   -2078.5791874   -576.2332678
664.0482964   -2064.9960041   -570.6588626
664.5383584   -2076.6596794   -572.3767281
664.0211838   -2085.1390362   -575.1870871
664.2709049   -2080.4533958   -571.8697309
663.5183739   -2088.2446766   -573.1089711
663.1866889   -2090.4655457   -575.3209591
662.9188331   -2091.9132233   -571.8457103
662.5357913   -2093.569994   -578.6584616
662.2875678   -2095.3876972   -574.3967295
661.2272682   -2101.1788845   -570.89746
659.8503041   -2105.6082249   -576.1967897
659.9763753   -2107.1581841   -570.7541108
658.7616401   -2110.7447147   -575.5109787
658.5907834   -2113.1248474   -572.312355
658.4764095   -2110.0850105   -578.9179802
657.4293645   -2114.7506237   -578.5111189
656.9271805   -2119.9026108   -573.6258626
655.9795337   -2125.374794   -571.3639259
654.8516425   -2126.3308525   -578.0275464
654.7048809   -2129.8248768   -573.0361342
654.6586054   -2131.8264008   -570.0603127
653.4316028   -2132.0858002   -578.8286924
653.6400253   -2134.9787712   -572.6584792
652.5084013   -2140.0215626   -573.2674599
652.5237719   -2137.157917   -577.4676204
651.1406461   -2145.6878185   -574.4122267
651.2615467   -2142.6517963   -578.3097148
649.9457108   -2154.4926167   -571.4973807
650.1494991   -2150.901556   -574.5717883
649.0334394   -2154.9446583   -579.1105032
649.4652266   -2155.5187702   -574.2163062
649.3954072   -2158.6322784   -571.1720586
648.8651159   -2162.3466015   -571.7526674
649.0048888   -2158.6499214   -574.7396946
648.5734703   -2159.1882706   -578.6297321
648.2876437   -2162.5599861   -578.0370235
648.3171368   -2167.927742   -572.2020268
647.974697   -2167.5488949   -576.5898824
648.0156752   -2177.2887707   -570.946157
647.9019458   -2172.9729176   -574.344039
647.8209692   -2181.0178757   -571.9029903
647.5346582   -2197.8447437   -570.9043145
647.7366137   -2189.2807484   -571.1463094
647.6090635   -2186.0809326   -573.1224418
647.4089409   -2194.668293   -573.481679
647.3672847   -2200.7808685   -572.1032619
647.4556635   -2180.6175709   -576.5573978
647.1282067   -2189.8639202   -578.4292817
647.1716473   -2185.8615875   -579.1581869
647.0634202   -2199.4721889   -576.6711235
1714.9659666   -2334.9409103   -578.2684088
1716.8500694   -2342.0410156   -576.9912601
1720.2260765   -2345.2680111   -579.3009996
1710.4202779   -2328.2608986   -576.1572123
1713.0787643   -2340.2502537   -574.1301775
1711.5149768   -2334.8734379   -574.6923089
1710.5845483   -2337.8427029   -572.9427338
1710.0925716   -2341.1095142   -571.6976523
1714.9030241   -2346.5194702   -573.5202432
1711.5998539   -2344.7356224   -571.7786551
1708.1407579   -2322.2362995   -576.1692524
1706.5290483   -2316.3890839   -576.8275261
1708.054808   -2333.2624435   -572.4603534
1707.2172435   -2338.0563259   -570.7076788
1706.6948684   -2324.6231079   -574.0519762
1703.709987   -2327.2721767   -571.0436702
1704.2640718   -2320.8067417   -573.1300712
1704.0425809   -2333.6110115   -569.7539449
1705.0257   -2307.4603081   -579.1522861
1703.540829   -2310.3504181   -576.0005116
1700.5616697   -2313.9784336   -571.9895959
1702.3350271   -2305.1335812   -576.7840743
1700.9697231   -2300.3337383   -577.295661
1699.1883787   -2320.6350803   -569.6163177
1700.0935348   -2307.5511456   -573.4571218
1699.6242078   -2292.8731441   -579.2919397
1698.0414661   -2295.9713936   -575.4697919
1696.6463598   -2300.4589081   -572.306335
1697.0312866   -2307.9271317   -570.7349777
1697.7814706   -2316.1270618   -569.5801973
1697.0067295   -2291.2461758   -576.2264132
1694.2699226   -2286.8599892   -574.3504763
1694.7627338   -2292.2968864   -572.8657842
1693.3268579   -2297.3310947   -569.9210763
1694.269565   -2278.6302567   -579.2174339
1692.2122511   -2278.9957523   -575.1613379
1691.4248737   -2274.3763924   -576.7797232
1690.2345689   -2270.3688145   -577.6264668
1689.8297342   -2277.993679   -571.9230175
1689.4145282   -2272.731781   -574.0994215
1688.5208162   -2265.812397   -577.9242516
1687.9879507   -2269.0384388   -573.9242435
1687.0507272   -2272.069931   -570.5388784
1685.9424385   -2261.4483833   -575.7986307
1686.3842281   -2265.5334473   -573.2940435
1685.7369217   -2267.9629326   -570.5481172
1683.0494674   -2258.507967   -571.7425942
1683.7564977   -2255.4209232   -576.5374899
1680.6189092   -2250.0443459   -573.182404
1681.5177473   -2254.8971176   -571.1872578
1678.7041696   -2244.156599   -573.6284256
1678.6378893   -2241.0879135   -577.1538615
1677.3035797   -2240.2758598   -573.3619332
1676.5162023   -2242.0442104   -569.5562363
1676.9926818   -2237.3607159   -575.8818984
1675.703195   -2232.363224   -578.6204338
1675.2815517   -2236.8614674   -570.7090497
1675.0748428   -2233.3703041   -573.8570094
1673.1680902   -2227.4570465   -575.078547
1673.2375892   -2231.5628529   -569.8667765
1670.3526052   -2219.5661068   -576.3628483
1669.8360714   -2221.919775   -570.1472163
1667.9888042   -2216.0551548   -571.3196993
1667.0584949   -2210.4337215   -578.7881017
1665.9524711   -2210.5674744   -571.7966557
1665.1124033   -2205.5065632   -579.419136
1665.2429374   -2207.3509693   -574.9015808
1664.5249399   -2207.993269   -570.1999068
647.1460807   -2207.4410915   -571.0647106
646.8634429   -2204.7038078   -576.5343308
646.5821797   -2209.2294693   -575.6874681
646.6577473   -2211.2607956   -572.9811192
646.4119377   -2214.1232491   -572.4105835
646.1136425   -2213.4935856   -576.3683915
645.8917382   -2217.509985   -573.9521384
645.5417732   -2222.3374844   -570.9085464
645.4408477   -2217.7932262   -578.463912
645.2364149   -2221.155405   -576.2244463
644.9081758   -2226.6848087   -572.3821521
645.0835253   -2223.6776352   -574.6041536
644.7132389   -2230.2558422   -569.6468949
644.6390348   -2224.7252464   -577.919364
644.4067145   -2227.5042534   -576.6302943
644.2006873   -2234.2998981   -570.222497
644.2038278   -2230.8058739   -574.5409727
643.4735926   -2234.8928452   -576.7843723
643.4088694   -2237.641573   -574.0453005
642.8386728   -2243.2599068   -572.7112889
642.92992   -2237.5469208   -578.6418915
642.3565084   -2242.2642708   -578.296423
642.364976   -2248.3363152   -571.2752938
641.6375721   -2248.3184338   -577.5614381
641.6078406   -2254.5080185   -571.0291266
641.2906247   -2251.6217232   -576.6382813
640.5397552   -2256.8042278   -577.1919489
640.0393369   -2262.1393204   -575.8146048
640.4475281   -2265.5153275   -570.3971386
640.3703848   -2263.8680935   -572.1826553
639.7785219   -2266.9024467   -573.8911629
639.2850997   -2272.0909119   -573.7694502
639.3546099   -2264.7590637   -578.4062743
639.1590955   -2276.9215107   -571.959734
638.8707655   -2268.666029   -578.5493255
638.6502544   -2287.6455784   -569.8010325
638.218687   -2281.0266018   -575.6442547
637.9654156   -2283.7638855   -575.8243799
638.3710252   -2276.5185833   -577.1279931
638.1955902   -2292.4749851   -569.8834658
637.610999   -2295.5384254   -571.611762
637.8560597   -2288.6021137   -573.9001632
637.1107521   -2294.9249744   -574.9091506
636.953068   -2292.4938202   -577.2798061
636.9870613   -2298.416853   -573.6423135
636.4384154   -2302.1826744   -574.7107267
636.1572491   -2306.4365387   -573.8505125
636.1421245   -2310.6667995   -571.3781118
635.679123   -2316.0364628   -570.4966784
635.5252238   -2304.1124344   -579.0148377
635.5576413   -2310.3942871   -574.9846697
634.9652047   -2309.2639446   -579.3448091
635.3067616   -2313.6179447   -574.2536187
634.609432   -2320.4441071   -573.1184483
634.7181024   -2317.4841404   -574.8893023
634.7129727   -2323.2693672   -570.3194737
634.8356652   -2312.507391   -577.8826475
634.3114796   -2326.7400265   -569.8970556
634.4112056   -2315.4194355   -578.1920552
633.707163   -2321.2380409   -577.537775
633.7377439   -2324.1331577   -574.9130249
632.8047412   -2333.1699371   -572.6054907
633.1338184   -2334.6712589   -570.010066
632.9543302   -2329.1749954   -574.7109652
632.9854587   -2323.7848282   -579.4407129
632.5380737   -2328.4938335   -577.8134465
632.5215632   -2337.0306492   -571.598947
632.3451298   -2342.63587   -569.8679686
632.0665898   -2332.6840401   -577.2113204
632.0553022   -2336.0197544   -574.8557448
631.8213875   -2340.0168419   -574.1204619
631.4325901   -2338.0219936   -578.0909657
631.3763196   -2342.4441814   -576.6146183
631.6900263   -2343.9819813   -573.7683773
1769.0599235   -2479.637146   -577.5718689
1768.0428299   -2470.4957008   -575.7259727
1767.811087   -2475.2578735   -574.8218298
1767.7690061   -2462.7363682   -576.6415596
1767.6853212   -2466.4900303   -575.5335689
1767.4919637   -2457.5357437   -577.6922107
1767.135528   -2479.4239998   -573.3075142
1767.8253921   -2482.8925133   -574.9540329
1769.281772   -2485.5010509   -578.3946514
1766.8167623   -2450.037241   -579.349339
1765.9155401   -2472.5236893   -570.9775686
1766.4463791   -2468.1491852   -572.5082159
1765.8500942   -2475.8780003   -570.8064437
1766.3260969   -2464.091301   -572.9937553
1766.1543163   -2459.9249363   -573.5833645
1766.3127454   -2452.7368546   -576.5638947
1765.5260833   -2455.6562901   -573.4852552
1765.5931982   -2479.624033   -570.4177618
1766.0656246   -2483.1593037   -571.5965629
1765.3229507   -2448.5692978   -576.0816932
1764.8159536   -2465.7058716   -569.7606206
1764.7583755   -2441.7746067   -578.787446
1763.8261589   -2437.5522137   -579.4368982
1764.6761211   -2461.5695477   -570.1412559
1764.4144567   -2451.3435364   -572.8441477
1764.5697864   -2457.9997063   -570.8604455
1764.2233642   -2444.4334507   -575.7476091
1763.4878429   -2454.4932842   -569.7793365
1763.4470733   -2447.0911026   -572.5976825
1762.7302679   -2439.8732185   -574.9325156
1762.1748718   -2432.3439598   -579.0464282
1762.5553878   -2443.4742928   -572.5476742
1762.0493444   -2435.6281757   -576.1979222
1761.6702589   -2445.2581406   -569.9000359
1760.3750499   -2440.8054352   -569.7277784
1760.3655132   -2435.7922077   -572.5779533
1760.6777223   -2432.7471256   -575.2050877
1760.1231607   -2429.5880795   -576.2864947
1759.3233856   -2423.7680435   -579.4574022
1757.211593   -2419.2669392   -578.7528753
1758.3406242   -2430.5143356   -572.0714331
1758.2659992   -2425.2843857   -575.722158
1755.730656   -2425.4002571   -570.6852078
1755.673674   -2421.503067   -573.5619664
1753.690389   -2412.6238823   -577.308774
1753.7397417   -2417.0367718   -573.5426545
1751.6646656   -2407.1557522   -578.4295201
1751.6913684   -2413.0382538   -573.0282068
1750.697759   -2415.2867794   -569.5540309
1750.1113685   -2408.8265896   -573.7621188
1748.0176958   -2401.9887447   -576.0987401
1749.9194416   -2411.5593433   -571.1101294
1748.6707243   -2409.4834328   -570.813477
1746.3542493   -2406.3265324   -569.9412823
1745.3508648   -2394.2344189   -578.5955787
1745.2014955   -2401.7817974   -571.8718767
1743.3727058   -2397.3670006   -572.7941394
1742.1514066   -2388.8058662   -577.9734254
1742.1983751   -2392.4412727   -574.996233
1739.7443327   -2392.7593231   -571.5478659
1739.9113449   -2389.2889023   -574.2743611
1738.9978441   -2385.1206303   -576.1560798
1738.1402525   -2380.0806999   -578.9692402
1735.9724315   -2387.6080513   -571.0857511
1735.3413375   -2381.336689   -574.3444562
1734.6078428   -2376.3206005   -576.79528
1733.3251508   -2371.6778755   -578.5872936
1731.936601   -2382.8606606   -570.4519749
1731.8396839   -2378.166914   -572.832346
1731.1679395   -2373.7690449   -574.6774077
1731.7651781   -2367.898941   -579.3286562
1730.3420576   -2369.4863319   -576.3677359
1728.6771806   -2379.9276352   -569.7488189
1728.8449081   -2375.9441376   -571.626544
1729.3503555   -2365.1869297   -578.0126452
1727.3197445   -2371.4537621   -572.601378
1727.1942171   -2366.6160107   -574.8685002
1726.4459404   -2362.3931408   -576.4604807
1724.9232801   -2357.6169014   -577.63201
1724.3149551   -2367.2857285   -572.3204017
1722.7902683   -2371.0246086   -569.9671507
1724.6697219   -2364.0737534   -574.0975738
1723.0206998   -2360.4941368   -574.3839741
1723.649052   -2353.2972336   -578.8196325
1720.7114967   -2355.2303314   -574.8176575
1721.537021   -2363.9006615   -571.9668269
1721.0905822   -2367.1615124   -570.5230236
1721.6816219   -2350.509882   -578.0565739
1718.4855016   -2359.8914146   -571.5484619
1718.1785377   -2349.4641781   -575.1270652
1717.6494869   -2346.583128   -575.8543611
1718.0111679   -2356.215477   -572.5799799
1714.2765792   -2357.9628468   -569.9073076
1714.7449525   -2353.3639908   -571.4869499
1710.2763923   -2349.603653   -569.8196888
680.4696666   -2481.6250801   -577.2882104
675.671612   -2479.0518284   -577.1195889
684.2703196   -2483.1373692   -579.1450739
676.7632114   -2480.6070328   -573.0417371
681.5495165   -2483.320713   -572.7185607
673.7035113   -2478.5997868   -574.1312504
670.8853515   -2476.5965939   -575.2258897
665.9591841   -2472.5193977   -578.6498785
665.4101061   -2473.913908   -570.4153776
659.8203378   -2469.3076611   -573.2052326
656.2118503   -2465.685606   -576.8923759
654.4000106   -2465.1379585   -571.9242692
653.0953767   -2463.1876945   -576.2677789
651.1768112   -2462.10289   -572.8566647
649.818183   -2459.9597454   -577.1150589
648.9274139   -2460.010767   -572.2836256
647.1188711   -2458.3547115   -570.5118179
646.8725028   -2457.4854374   -574.2316246
646.3177139   -2456.035614   -578.3673525
644.7053003   -2455.3720951   -571.7825294
644.7120319   -2454.843998   -575.2732754
643.7052088   -2453.1114101   -577.8858066
642.2914351   -2451.9319534   -574.0787387
641.2475417   -2449.4915009   -579.2348981
640.8122415   -2450.1638412   -571.5176463
639.3162953   -2447.548151   -573.8372207
638.0960243   -2444.6847439   -578.7472725
637.2701349   -2444.4286823   -569.8390007
636.7801438   -2443.0389404   -574.2211342
635.5290199   -2439.9647713   -578.1101584
636.0484744   -2441.8420792   -571.5768933
635.0290934   -2439.4676685   -573.1869936
633.4820176   -2435.2929592   -575.8854151
633.6666691   -2436.0823631   -570.2600479
631.5973038   -2429.3615818   -578.2621503
632.1175667   -2431.153059   -571.6542602
631.8126666   -2405.8876038   -570.3222156
631.6830786   -2353.8677692   -571.1385608
631.2354776   -2400.0618458   -572.4309087
631.8056519   -2411.9782448   -569.547832
631.335673   -2409.0437889   -572.6617575
631.8024965   -2347.3131657   -571.9076991
631.4780387   -2358.2730293   -570.7354546
631.0812468   -2425.6799221   -572.5292563
630.7818899   -2404.9003124   -574.8481154
631.2723393   -2414.3218994   -572.0168948
631.3666376   -2347.7666378   -575.9966373
631.1882222   -2357.9304218   -574.1404295
631.187805   -2354.7353745   -576.6128898
630.9482316   -2387.4015808   -569.7107911
630.32337   -2393.9826488   -575.5959153
630.3096461   -2389.20331   -574.316442
630.5333833   -2423.7589836   -577.6153207
630.8230544   -2420.0134277   -573.1310844
630.7533058   -2367.1894073   -571.0054636
630.9995661   -2361.8881702   -573.1908083
631.0786503   -2352.2424698   -579.1094303
630.7202885   -2411.5598202   -575.4423141
630.326354   -2408.6947441   -577.362895
630.6215944   -2414.9880409   -575.6356716
630.2116709   -2400.2468586   -577.5017142
630.6578005   -2360.6677055   -578.8657665
630.3178082   -2381.6356659   -572.0973611
630.3868154   -2365.5426502   -575.7736564
630.0661685   -2373.7857342   -573.7565756
630.3106817   -2419.878006   -577.6913762
630.0511593   -2369.2278862   -575.9401917
630.0047944   -2413.2871628   -579.1690946
629.7002631   -2378.3071041   -576.6380429
629.6344707   -2372.2586632   -578.5294771
629.67001   -2374.8426437   -577.01087
1768.0589231   -2491.5385246   -576.4631629
1767.3688205   -2497.4427223   -576.2699246
1767.2345909   -2486.7124557   -574.0711093
1767.1172889   -2506.2315464   -578.0153275
1766.3773569   -2502.4089813   -575.5480528
1765.9336599   -2494.594574   -573.0362535
1765.9300836   -2490.2696609   -572.2382665
1765.5464681   -2510.8962059   -576.3947368
1765.1832374   -2499.0062714   -572.8145242
1765.5625614   -2486.8302345   -571.1274147
1765.5586275   -2518.6009407   -579.0860057
1765.3546604   -2506.452322   -574.8500228
1764.8706707   -2515.4247284   -576.798737
1763.8284238   -2523.1380463   -577.6108503
1763.833073   -2503.7562847   -571.8685389
1764.207271   -2492.9058552   -570.089519
1764.1282352   -2496.2904453   -570.7262158
1763.7688192   -2518.5651779   -576.0541558
1763.4395631   -2508.8801384   -572.6625323
1762.5514539   -2514.7218704   -573.2188821
1763.1436857   -2531.0492516   -579.4031024
1762.8819021   -2499.4428158   -569.7535872
1762.7250227   -2527.6727676   -577.4618983
1761.1791166   -2536.2787247   -578.209579
1761.6421255   -2520.8537579   -573.7791061
1761.091617   -2526.153326   -574.6201277
1760.6548341   -2510.5996132   -569.9642301
1760.8809742   -2531.0547352   -575.8549571
1759.272364   -2518.106699   -570.3459382
1760.4027065   -2541.4385796   -579.2757869
1758.6961063   -2524.2722034   -571.2551475
1758.2185539   -2545.8235741   -577.8987408
1758.2639726   -2535.1259708   -573.6371279
1758.1019672   -2540.5375957   -575.5760074
1758.2495483   -2529.8101902   -572.1612573
1755.1447424   -2550.9285927   -575.853765
1755.0450834   -2556.8852425   -578.186214
1755.6004795   -2539.0074253   -571.2941885
1754.8275264   -2544.863224   -572.7220774
1752.7135881   -2554.2676449   -573.4539032
1752.6414665   -2549.7457981   -571.2204576
1751.3114484   -2560.5196953   -574.5056272
1748.6183914   -2568.0377483   -574.8364925
1748.3040365   -2573.4136105   -578.8289309
1749.4931491   -2563.8954639   -570.9359646
1746.9302686   -2571.7186928   -574.796319
1745.6862005   -2572.6132393   -569.6272254
1745.369819   -2575.2367973   -574.9164224
1742.6127466   -2580.5959702   -570.2335835
1743.2099851   -2580.6274414   -575.8293271
1739.900616   -2585.7312679   -573.5899806
1737.7659353   -2589.474678   -576.190412
1738.4262355   -2588.6428356   -570.322752
1735.9227213   -2593.9917564   -569.5911646
1735.1203235   -2593.8837528   -574.1676688
1735.8784946   -2592.8738117   -578.173399
1733.3271774   -2596.7032909   -578.5297751
1733.7223562   -2597.0857143   -571.837604
1732.1409258   -2599.1663933   -574.6206045
1732.2224649   -2599.8678207   -571.5019703
1729.751614   -2602.067709   -578.9422393
1729.3617996   -2603.9011478   -572.8523135
1727.0514043   -2608.1290245   -570.7221031
1725.2109321   -2609.1799736   -574.4486451
1723.772076   -2611.7129326   -571.8163848
1721.4219841   -2612.8299236   -577.2337914
1722.0273288   -2613.4073734   -572.6298094
1716.8338569   -2617.910862   -575.2190351
1715.1865038   -2620.8047867   -570.2117682
1711.2019333   -2622.0088005   -578.5099268
1711.5153345   -2622.4184036   -575.5565166
1711.4776643   -2623.9709854   -569.6548223
1708.1634077   -2624.8252392   -576.9804716
1707.3116573   -2626.7080307   -571.58494
1584.2238339   -2621.1047173   -569.9013472
1580.675033   -2618.2398796   -572.3726153
1581.9499763   -2621.6049194   -575.5581856
1586.2969431   -2625.1506805   -573.1733441
1578.604904   -2614.5288944   -571.1894631
1583.4636959   -2624.8550415   -578.2057643
1575.0724944   -2609.4048023   -571.6625452
1570.4847845   -2603.7414074   -570.450902
1570.753065   -2605.4050922   -576.3867497
1567.1907338   -2602.617979   -579.3100595
1567.9462226   -2602.5443077   -574.8432875
1565.8878358   -2600.8696556   -571.7993379
1565.0899085   -2600.6655693   -576.0990381
1561.7445382   -2598.921299   -574.2445588
1557.9118403   -2598.7913609   -570.7266927
1556.3357147   -2599.1792679   -576.4112473
1553.6968382   -2599.4138718   -571.3813901
1549.268392   -2600.7087231   -574.6517181
1545.3182133   -2602.72789   -577.906847
1543.1201728   -2603.3320427   -573.5498667
1537.690905   -2606.0676575   -571.7309117
1533.7249311   -2610.1081371   -578.873992
1535.4321273   -2608.1547737   -575.1812458
1533.921388   -2608.7400913   -571.4234114
1532.0148142   -2610.7788086   -573.4169483
1529.2974385   -2613.6174202   -575.3670335
1528.7838849   -2613.5182381   -570.599854
1527.2676619   -2616.5652275   -578.0733228
1526.1592539   -2617.6893711   -571.7394948
1524.6852311   -2621.199131   -577.6361227
1523.7903269   -2623.8298416   -571.3567138
1523.2141288   -2625.951767   -575.740099
828.5813006   -2623.2266426   -571.3717937
825.5603137   -2619.6177006   -572.2410083
826.5303942   -2622.3421097   -575.5499005
824.0437182   -2619.0767288   -576.0551691
824.7532817   -2621.3796139   -578.7619948
829.1954073   -2626.1560917   -575.4790306
822.7382573   -2616.3301468   -573.4507442
821.3509741   -2613.7280464   -570.6236362
821.7955204   -2616.4214611   -577.0778656
819.2073079   -2612.5075817   -576.0250688
819.0547647   -2610.8739376   -571.2705255
816.9148537   -2608.4649563   -573.2537508
815.7886686   -2608.1104279   -577.195704
814.5075562   -2605.0853729   -571.0793734
814.6880391   -2605.9436798   -574.7371912
812.5569346   -2604.0465832   -577.8864622
813.2787915   -2604.1193008   -574.1195679
811.2096908   -2601.5334129   -572.7514625
808.754799   -2599.4226933   -576.9523382
807.5045171   -2597.7323055   -573.7389326
806.3749196   -2596.9929695   -577.4657726
806.2347146   -2596.2605476   -571.4981556
804.2289885   -2594.7713852   -574.0062594
802.3087504   -2593.1758881   -577.1308541
802.6924404   -2592.8969383   -570.0393319
801.3453605   -2591.9501781   -573.4099746
799.6609183   -2589.8962021   -571.924448
800.0617596   -2590.8026695   -575.9570003
798.1945994   -2587.9361629   -570.483923
797.5794943   -2588.080883   -577.6665211
796.9840141   -2586.8587494   -574.621439
795.1937141   -2583.7991238   -573.2269287
794.9057343   -2584.9144459   -578.5242319
793.2033064   -2581.7072392   -576.2282014
792.5487133   -2579.6694756   -572.1226931
790.8692481   -2578.6347389   -576.8329501
789.6953794   -2575.9072304   -573.2225776
787.5816645   -2574.8345852   -578.2808065
788.4860011   -2573.4419823   -569.6585178
787.2371348   -2572.6091862   -573.2733011
785.4261073   -2569.3557262   -569.633007
784.4630303   -2569.8385239   -575.5673051
782.3788794   -2566.4019585   -572.7206469
782.0178988   -2567.5263405   -577.1445632
780.5854502   -2564.0075207   -571.643889
779.4550928   -2563.7586117   -575.0136375
779.4857296   -2565.3238297   -578.5419941
778.2386216   -2561.1066818   -570.3117847
776.4665904   -2562.1840954   -579.4337392
776.2995484   -2560.3058338   -574.8338699
773.3979645   -2556.684494   -572.6441145
773.6162963   -2558.6228371   -578.0724287
769.8331895   -2555.0348759   -578.4522891
770.6480595   -2553.4081459   -570.1315999
768.9153375   -2552.765131   -573.9561915
766.4170536   -2551.7385006   -577.9364109
765.0047662   -2549.5426655   -574.5378137
764.696938   -2548.4366417   -571.1604953
762.8901573   -2549.1306782   -578.9373517
763.5003301   -2547.1394062   -569.4844723
761.1608329   -2546.3194847   -573.3955503
762.3526724   -2547.9245186   -576.3139725
759.874818   -2546.561718   -578.29386
757.5419667   -2543.0669785   -570.8352327
755.5728378   -2542.9940224   -576.6134858
753.9908858   -2540.733099   -571.9094872
751.0150494   -2539.3254757   -575.3834248
751.0888996   -2538.3048058   -570.7373023
747.156051   -2535.0470543   -570.0889826
748.4219494   -2536.9355679   -573.7080574
746.7114898   -2536.6127491   -578.5397887
746.1174401   -2535.2039337   -574.349761
743.0691095   -2532.3443413   -572.8327036
743.7358769   -2534.1792107   -578.802526
739.8281368   -2530.3022861   -575.8756995
740.0573315   -2529.4802189   -571.5426207
736.4798012   -2526.6690254   -572.1322894
736.211774   -2527.5366306   -577.8125525
733.0210628   -2523.7219334   -572.9671121
732.9953732   -2524.9786377   -579.2493224
728.6492112   -2520.8449364   -578.6381364
728.7883582   -2519.8311806   -571.6049075
726.4549407   -2518.2151794   -575.1339793
725.297344   -2516.8054104   -571.0275173
725.2689572   -2517.7638531   -579.0758133
724.0133705   -2516.0777569   -575.3000975
721.5489569   -2513.7438774   -571.3584423
722.3775359   -2514.8282051   -577.3428679
721.1033525   -2513.9775276   -579.0569782
718.8845696   -2511.7561817   -576.6577721
716.4608958   -2509.8588467   -569.7647929
714.2715203   -2507.8663826   -576.5628815
709.176709   -2503.5960674   -573.361814
706.0071277   -2499.6876717   -577.7078271
702.8981494   -2497.6534843   -572.4138618
702.8310495   -2496.4540005   -576.8915415
701.6735794   -2494.6455956   -578.6893368
700.3223198   -2494.9946404   -573.692441
697.2472193   -2492.130518   -574.7828484
697.5882249   -2491.3156033   -578.0336857
696.8229609   -2493.0987358   -570.5080628
694.8709237   -2489.7708893   -576.7456889
693.1374045   -2489.7904396   -572.7509856
692.0265677   -2487.6470566   -577.7415037
686.7846894   -2485.5368137   -574.9604702
684.592438   -2485.3847027   -571.0641146
1704.3268951   -2628.0252934   -575.5586028
1701.456097   -2630.5646896   -572.9554892
1694.8578628   -2634.9580288   -569.7561502
1694.1944631   -2635.0154877   -574.40871
1690.379289   -2636.7740631   -577.7554512
1689.0865835   -2637.5467777   -571.7516541
1686.4145073   -2638.5083199   -576.7264366
1683.8357719   -2639.3473148   -573.8842487
1682.6322349   -2639.8847103   -579.1928768
1680.3628477   -2640.245676   -571.603179
1680.3669008   -2640.3765678   -575.2643347
1679.0522607   -2640.9642696   -578.6557198
1676.8969568   -2641.1249638   -574.1332769
1675.4598888   -2641.1261559   -569.7585344
1672.8253635   -2642.3978806   -578.104794
1673.4776767   -2641.7014599   -573.0009079
1669.410375   -2642.1835423   -571.4797378
1670.7737716   -2642.374754   -574.7557878
1666.6089567   -2643.332243   -575.6704211
1664.2469438   -2643.0842876   -571.8675852
1661.2748178   -2644.3548203   -575.7334828
1661.0607179   -2643.2180405   -570.2382326
1660.0733074   -2643.6407566   -571.7185736
1656.1724218   -2645.4603672   -577.6464343
1655.3766998   -2644.5300579   -573.4316111
1651.8981727   -2645.250082   -575.5112767
1649.4996818   -2644.5293427   -572.9153156
1648.2469114   -2645.9774971   -577.7390599
1645.1192173   -2643.4717178   -570.7722902
1646.1307081   -2644.8953152   -574.714005
1643.0236372   -2645.7722187   -578.063488
1641.4879831   -2643.9113617   -573.3430386
1637.6846107   -2644.6974277   -576.4814615
1636.6784843   -2642.8670883   -571.8326569
1636.533645   -2645.8222866   -579.2092681
1633.305219   -2643.6355114   -574.6087432
1633.6674961   -2645.1449394   -578.1649351
1631.6628727   -2641.9312954   -570.1832771
1630.8087381   -2644.3595886   -576.6636133
1630.3810152   -2645.399332   -578.9027214
1629.3746503   -2643.2988644   -574.1898417
1626.9161972   -2642.2767639   -571.6745853
1627.3453506   -2644.6464062   -577.3373842
1625.0171932   -2643.1159973   -573.835969
1623.2289346   -2641.5786743   -569.7749853
1623.6410411   -2644.163847   -576.0743022
1621.1509975   -2643.5203552   -574.3951797
1620.3710111   -2642.6627636   -572.1934438
1619.4291385   -2644.5641518   -576.3503909
1616.8247732   -2645.7116604   -577.9933333
1612.9626306   -2641.8056488   -570.3671575
1615.2377399   -2644.2689896   -575.0402808
1613.5684522   -2646.3971138   -578.4083009
1611.4005121   -2644.0753937   -574.8646855
1608.7442907   -2640.7654285   -571.0090399
1609.6986803   -2642.1165466   -572.370708
1607.1026596   -2644.4809437   -577.668786
1607.8909906   -2642.983675   -574.8440623
1605.3440841   -2638.7193203   -570.7778335
1604.6552929   -2641.3328648   -574.893713
1601.8609079   -2638.3669376   -573.2155442
1600.902942   -2640.7549381   -577.2320628
1599.6840271   -2635.6470585   -571.8568563
1598.069218   -2637.565136   -575.8656859
1599.6402773   -2641.3834095   -579.2862177
1598.5349687   -2640.1391029   -578.7934661
1596.8290838   -2633.4974766   -572.0629096
1596.459535   -2631.071806   -569.5899129
1593.1227478   -2634.5062256   -578.0331492
1593.4374603   -2631.742239   -573.779285
1593.0124792   -2628.7503242   -570.1501369
1589.8105177   -2631.0079098   -577.463448
1589.6946462   -2628.5150051   -573.8182664
1589.9502905   -2625.9720325   -569.6468353
1586.6408619   -2628.3035278   -577.9396892
1525.5552205   -2654.5929909   -570.0405836
1525.5604657   -2659.2280865   -570.5933571
1524.9445709   -2661.6024971   -573.1249452
1524.8092683   -2657.1109295   -574.6004581
1524.1034897   -2665.4877663   -574.4431019
1524.5188149   -2649.5714188   -573.3336806
1524.8305472   -2653.5692215   -573.8382936
1524.0224274   -2643.610239   -569.7086453
1524.1844925   -2660.4690552   -577.3386955
1522.9110988   -2670.5811024   -574.1562247
1524.155763   -2653.0206203   -577.3282647
1523.3034762   -2647.6831436   -579.3145299
1523.4101089   -2645.1685429   -576.3251185
1523.3173045   -2663.8231277   -579.2912245
1523.0838331   -2638.7531757   -572.1520782
1522.7226885   -2631.269455   -571.8411803
1522.4834951   -2629.4572353   -577.9138207
1522.3033103   -2635.5478764   -576.2873888
1520.9751996   -2675.7781506   -574.3166804
1519.7276744   -2680.3832054   -571.125567
1518.8258561   -2678.2305241   -578.2049894
1516.1658796   -2686.8789196   -570.0161457
1516.196278   -2683.9396954   -576.3601065
1513.932732   -2688.2026196   -574.570775
1513.5445865   -2689.8579597   -571.8078613
1511.056033   -2692.1710968   -574.3037462
1507.5016292   -2696.2168217   -575.0071406
1506.1953934   -2698.438406   -572.9676485
1503.6458644   -2699.5081902   -578.6057115
1500.8071931   -2704.1335106   -574.113071
1498.7529787   -2706.7830563   -572.9852915
1496.555415   -2707.919836   -578.0098438
1495.8485635   -2710.2470398   -572.5795627
1492.6207932   -2712.86273   -577.5544047
1492.81123   -2714.2801285   -571.0974336
1490.2564558   -2717.6539898   -569.7957277
1489.4377264   -2717.5111771   -575.4215121
1490.3886589   -2715.1825428   -579.2199373
1487.1161255   -2721.4086056   -570.5757737
1485.014108   -2723.079443   -575.6637454
1484.2704805   -2724.7180939   -570.8539486
1483.1828149   -2725.5866528   -573.633492
1481.3067587   -2727.27108   -576.6971707
1481.9428595   -2727.2222042   -571.428597
1479.3838533   -2729.788065   -572.9926825
1476.240662   -2732.5406075   -577.7006149
1476.0360988   -2733.1199646   -571.5544224
1473.3538302   -2735.4152203   -575.0806332
1473.4998616   -2735.3994846   -571.2785125
1471.2363752   -2737.2496128   -572.0723867
1469.1612395   -2738.8556004   -576.4095187
1466.695753   -2740.6122684   -571.2028742
1462.7247723   -2743.480444   -578.0842304
1462.4595317   -2743.5348034   -572.8651285
1457.9608711   -2746.4020252   -573.245585
1455.5647644   -2748.1017113   -578.9217353
1453.491536   -2749.1152287   -571.7290044
1454.0763172   -2748.9423752   -575.7696033
1452.2605213   -2750.171423   -579.4606209
1450.563279   -2751.0390282   -574.498713
1447.3424228   -2753.2234192   -579.3189406
1445.8648237   -2753.8568974   -572.514832
1442.5537261   -2756.0787201   -576.2633681
1440.9501823   -2756.765604   -570.2981353
1441.0114559   -2757.1132183   -577.8970718
1437.153128   -2759.3283653   -574.5795369
1433.2381161   -2761.8947029   -576.7145157
1427.7494224   -2764.8808956   -573.3071566
1426.2902411   -2766.3202286   -579.4403553
1424.6917637   -2766.4620876   -571.7682838
1249.1509589   -2763.2124424   -576.1164427
1253.2036575   -2764.8053169   -578.2101154
1247.2046288   -2763.5774612   -571.3895559
1246.4679154   -2762.5033855   -573.9786029
1252.1632584   -2765.4328346   -573.5191107
1241.8746027   -2759.226799   -577.1560073
1242.1060475   -2761.7716789   -569.7413683
1238.4557398   -2759.6652508   -571.1300969
1235.3144559   -2756.6928864   -575.4247308
1234.7488078   -2758.1503391   -570.7733035
1232.0681485   -2755.0046444   -576.0058165
1231.6807779   -2756.3619614   -572.0226765
1227.2798093   -2753.6792755   -574.0346313
1227.8566035   -2752.3665428   -578.1497955
1227.6995452   -2755.2659512   -570.5065131
1223.0778011   -2750.4003048   -577.5133967
1222.9360016   -2753.3028126   -570.127964
1220.5294045   -2751.2142658   -572.5092888
1218.6749848   -2748.8667965   -576.1717558
1216.159192   -2748.8520145   -573.1981397
1213.4860428   -2747.0216751   -574.500978
1208.0049785   -2744.9588776   -573.0192661
1205.1142725   -2741.9338226   -576.8544078
1202.8531107   -2742.8562641   -571.8442202
1200.1560601   -2739.164114   -577.3493648
1199.2731365   -2741.2550449   -571.2689757
1197.1309455   -2738.9783859   -573.9915967
1195.7726153   -2740.0557995   -569.6681142
1191.6165622   -2734.7762585   -576.0170221
1193.4483918   -2737.7848625   -571.8604922
1190.8083232   -2736.328125   -571.3988543
1187.5964078   -2733.1938744   -573.2093453
1185.821143   -2729.6836376   -577.3967505
1183.0994757   -2730.0264835   -572.0300078
1182.0135983   -2726.9735336   -575.6909251
1179.2505654   -2726.4990807   -571.695745
1177.9604229   -2722.8853703   -575.7265687
1176.0400208   -2723.4802246   -571.2459087
1175.3126653   -2719.4664478   -577.037394
1173.2478412   -2719.5131779   -573.2012987
1172.7506789   -2715.7356739   -578.9495111
1170.1017293   -2715.4519558   -574.5397806
1170.1035174   -2717.0419693   -572.0082521
1167.2071489   -2714.2047882   -571.6530085
1167.4999865   -2711.6081715   -576.2450099
1166.5679487   -2708.6629868   -579.2362094
1164.595333   -2710.5052471   -572.8600025
1162.763265   -2706.7623138   -575.1238465
1161.9246276   -2708.353281   -571.5246797
1161.025134   -2701.2703419   -579.4705749
1160.0069674   -2703.119278   -575.1815438
1159.9239977   -2705.5721283   -571.9133615
1156.2375101   -2697.8988647   -575.09166
1154.6014222   -2692.6119328   -578.343749
1153.4109982   -2697.5128651   -570.5075264
1152.0361575   -2693.2575703   -572.8475451
1151.2016924   -2686.7518425   -578.5203576
1149.7605117   -2688.6093616   -573.6374855
1146.9968828   -2680.9122562   -576.2324333
1147.2881111   -2684.8208904   -572.7046132
1146.0629972   -2675.9917736   -579.2893171
1144.0278562   -2680.0131798   -570.7170367
1144.3915638   -2677.2289276   -574.3845701
1142.2651085   -2669.0132618   -578.3107877
1142.3812183   -2672.7995872   -574.395895
1142.6409157   -2676.3417721   -571.2230206
1138.5358246   -2662.2638702   -579.120636
1139.1803893   -2666.1558151   -574.225843
1138.4744915   -2668.3194637   -569.5861578
1136.1074122   -2660.9666348   -574.627161
1136.2302574   -2663.5024548   -570.2600479
1133.5915598   -2657.1164131   -577.0210624
1132.9774531   -2658.5259438   -570.5083609
1129.6384009   -2654.2534828   -572.3377466
1129.7566565   -2653.5401344   -576.8934488
1126.9000443   -2651.3717175   -578.8874626
1127.2321614   -2651.9203186   -574.6358633
1125.6755861   -2651.3054371   -570.2427626
1123.9305409   -2649.7271061   -574.8292208
1123.3762177   -2649.3136883   -579.3644786
1120.7670244   -2648.1192112   -569.92805
1119.142023   -2647.4075317   -575.945735
1114.1847046   -2645.359993   -569.8479414
1114.3394383   -2645.942688   -575.9720206
1111.2750443   -2645.8332539   -579.2654753
1110.8046445   -2645.0738907   -574.2853284
1108.4880503   -2644.2844868   -570.7862973
1105.5773171   -2644.9911594   -575.8020878
1099.7696193   -2644.9859142   -573.42273
1101.2014421   -2645.6522942   -577.1113038
1097.3915728   -2646.6844082   -578.2455206
1093.3869156   -2646.2900639   -572.9819536
1087.7679857   -2647.7191448   -571.6894269
1088.8275179   -2649.5859623   -578.7972212
1086.8815752   -2649.2409706   -575.2032399
1082.6491388   -2650.018692   -572.3528862
1076.1282714   -2653.1276703   -573.112905
1074.2751332   -2655.9109688   -578.8792968
1072.2103985   -2653.7723541   -569.6287751
1070.7584294   -2656.1720371   -574.7544169
1066.026059   -2657.8433514   -572.8183389
1061.6573068   -2660.9730721   -575.7478476
1054.3729635   -2663.1116867   -571.2269545
1055.4325255   -2664.5445824   -576.7938495
1050.9329411   -2665.9030914   -573.9037395
1048.0134162   -2668.646574   -576.9820809
1045.4547378   -2670.7808971   -578.7141919
1047.8194924   -2667.3951149   -573.3025074
1044.6640524   -2668.5142517   -571.5304017
1044.3169149   -2670.3400612   -575.8129358
1040.8059629   -2673.0091572   -577.4442554
1039.2760905   -2671.8020439   -571.9020963
1034.8675223   -2674.9660969   -573.1606483
1031.8318876   -2678.383112   -577.0868063
1029.200879   -2678.1916618   -572.1617341
1026.7758044   -2681.8640232   -577.4508119
1024.4279476   -2680.9520721   -571.064353
1019.8768052   -2684.4711304   -572.7959871
1017.4901756   -2688.3740425   -578.7778497
1015.072492   -2686.5589619   -570.371151
1015.3667899   -2687.9832745   -574.9282837
1013.3792432   -2690.3054714   -578.1422853
1011.7533775   -2689.4729137   -573.6021399
1008.4291371   -2692.2030449   -576.9990087
1007.3184641   -2691.0674572   -572.0893145
1005.147663   -2692.7497387   -574.5992064
999.3436011   -2693.6039925   -570.9773302
1001.2733313   -2694.7264671   -577.3351789
993.6067136   -2696.141243   -577.5131583
993.6569902   -2694.6337223   -570.5100894
989.2091127   -2696.0363388   -574.6509433
986.9719716   -2696.4254379   -575.7576227
984.9497648   -2695.5106258   -569.5763826
981.6066893   -2696.8791485   -576.5383244
974.049774   -2697.6072788   -578.6085725
975.9412082   -2696.8507767   -574.0562677
972.9892584   -2696.8355179   -572.838366
969.1591235   -2697.5626945   -576.0995746
963.0043181   -2698.3213425   -578.4483552
964.891729   -2697.5691319   -574.3821263
960.1497325   -2698.0435848   -575.571835
957.2659405   -2697.8359222   -573.5656023
950.4044028   -2697.5142956   -571.4908838
950.1685175   -2698.9905834   -578.6758661
945.3220936   -2698.6162663   -577.1414638
942.4894723   -2697.0672607   -571.2710619
939.1325685   -2698.4019279   -577.8332353
936.0398027   -2696.6519356   -572.1125007
931.6544803   -2696.9504356   -575.2004385
924.9710413   -2695.0001717   -571.9358325
921.8212041   -2695.1234341   -574.0181804
918.6392995   -2695.0786114   -575.6146312
914.1078862   -2692.7075386   -571.3573694
912.8956171   -2694.4999695   -577.1443844
907.4385735   -2690.9282207   -570.8850026
906.7292186   -2693.7243938   -578.8260102
902.9206308   -2691.6024685   -575.4332542
899.7092815   -2688.896656   -571.200192
898.7989398   -2691.0841465   -577.0786405
893.9912888   -2688.8623238   -575.2428174
888.2669779   -2686.2812042   -573.8245249
882.6912316   -2685.926199   -577.9495239
883.4703537   -2683.6073399   -571.954906
879.4034394   -2680.942297   -570.135951
879.6111616   -2683.0837727   -574.3018985
876.8968257   -2683.5317612   -578.0702829
875.8139285   -2680.9697151   -573.6011863
872.2164305   -2680.8412075   -577.1929026
872.2716542   -2678.8063049   -573.0167627
870.5566796   -2676.3443947   -570.3211427
868.1798252   -2677.3879528   -575.0426054
866.9116768   -2674.2961407   -571.1275935
863.3868071   -2676.0950089   -578.4955025
864.73569   -2674.5436192   -574.2360353
863.9138015   -2672.4059582   -571.941793
861.9974526   -2669.8319912   -571.0201859
861.6569611   -2672.1584797   -574.7331381
858.3641919   -2672.0395088   -579.1922808
858.2760068   -2667.8903103   -574.0358233
856.7334982   -2663.3291245   -570.7452297
855.1318618   -2667.8600311   -578.5357356
853.9434048   -2664.4463539   -576.1581063
854.8764559   -2660.1185799   -569.6357489
853.2786342   -2660.8729362   -572.8317499
852.1604212   -2657.340765   -570.5667138
851.0003658   -2661.1273289   -576.0644674
850.558755   -2658.7593555   -573.998034
849.7418436   -2653.1956196   -569.7172284
848.6148091   -2655.7536125   -573.5527873
847.9435714   -2658.536911   -577.1345496
845.5846878   -2651.3795853   -573.5468268
846.067545   -2655.0943851   -576.2205124
845.0612696   -2656.3785076   -578.8815618
844.547567   -2646.7335224   -570.859313
843.4948298   -2653.2027721   -578.0106783
842.5260755   -2645.1818943   -572.1088052
841.3995179   -2649.0795612   -577.2560835
844.0132114   -2645.1776028   -570.0214505
840.7000574   -2641.1142349   -571.544528
839.4797417   -2645.1165676   -576.8405199
839.1334685   -2642.2224045   -574.9726295
838.9808955   -2637.3031139   -570.4551339
837.0235833   -2637.9432678   -574.5572448
836.9772854   -2642.2448158   -578.4541368
836.5344676   -2634.1044903   -571.1652637
835.0083651   -2638.2548809   -578.4519315
834.3631747   -2633.3091259   -574.4858384
834.2781337   -2635.4663372   -577.1153569
833.8842364   -2630.4650307   -571.5711713
832.5766744   -2632.7364445   -577.375114
831.8812671   -2629.832983   -575.0362873
831.2931778   -2626.9950867   -571.7824101
1421.1189421   -2768.7234879   -574.8645067
1416.1939295   -2771.1901665   -574.3523836
1408.5945161   -2774.9612331   -576.1785507
1404.0731462   -2777.146101   -578.4147382
1405.6338342   -2775.8469582   -573.163867
1402.2754105   -2777.1766186   -572.9041696
1397.5559147   -2778.7952423   -571.8425512
1398.6798199   -2778.9151669   -575.8641958
1396.1487087   -2780.0002098   -577.0995617
1391.0448226   -2781.0518742   -571.7557669
1388.799754   -2781.6991806   -570.9215999
1387.7255591   -2782.5739384   -574.8439431
1385.1195248   -2783.9334011   -578.5865188
1382.7023777   -2783.5197449   -569.7895288
1381.2164339   -2784.6632004   -574.9185085
1374.4394454   -2787.2700691   -578.764379
1375.9500655   -2786.0059738   -572.9640126
1370.9081086   -2787.7037525   -574.4701624
1369.1392811   -2787.6267433   -570.006609
1368.5557517   -2789.0403271   -578.8500905
1365.2634891   -2789.1237736   -573.078692
1363.5260137   -2790.5464172   -579.0199637
1360.7664975   -2790.8835411   -576.5032172
1356.1973842   -2791.0451889   -571.103096
1355.8123978   -2792.0043468   -576.1280656
1351.1451753   -2792.0570374   -572.4592209
1351.0018262   -2793.3380604   -579.0415406
1349.6284159   -2792.8695679   -575.5529404
1347.8247794   -2792.0017242   -570.3856945
1346.5642603   -2793.7412262   -578.9308548
1344.4559845   -2793.0490971   -574.6170878
1340.9583243   -2793.8787937   -578.7908435
1339.7190841   -2792.9480076   -573.8389492
1337.7515348   -2792.0320034   -570.0156689
1336.9314941   -2793.410778   -576.5943527
1334.5476659   -2792.4957275   -572.7940202
1333.286074   -2793.2889462   -577.2044659
1328.3780488   -2792.4895287   -575.6238699
1329.0626677   -2791.4066315   -569.935739
1323.8142999   -2791.0168171   -571.0374117
1321.6644796   -2791.5773392   -576.3556361
1319.9609192   -2790.574789   -571.6969371
1315.9348043   -2789.9444103   -571.818769
1313.1927522   -2790.0583744   -578.0329108
1312.2775825   -2789.0205383   -569.7176456
1311.8517073   -2789.3936634   -573.5626221
1309.5771941   -2789.2081738   -578.0052543
1308.7967309   -2788.5761261   -571.2381005
1303.9265545   -2787.6608372   -572.8527308
1299.5772036   -2786.6408825   -576.6445398
1296.0744771   -2785.7267857   -572.6655722
1292.1587499   -2784.1799259   -577.1551728
1290.7012375   -2784.0070724   -573.6479163
1287.6336845   -2782.4225426   -577.1700144
1287.9925641   -2783.1125259   -572.706759
1286.4668044   -2782.7346325   -570.2669024
1285.1696285   -2781.9194794   -573.3478665
1283.9392098   -2780.9185982   -576.3385296
1283.3063873   -2781.5210819   -569.8338151
1281.9675478   -2780.4937363   -573.4875202
1280.7799848   -2779.1552544   -577.820003
1279.1105183   -2779.7808647   -569.6355104
1278.1663807   -2778.7218094   -573.3129978
1277.258304   -2777.695179   -576.3921142
1273.7012776   -2776.3574123   -574.0501881
1272.1519145   -2776.3938904   -570.0275302
1269.3633112   -2773.3359337   -578.3989429
1266.9795426   -2773.3058929   -572.0927715
1265.1461633   -2771.8031406   -575.0676394
1264.3614682   -2771.9466686   -572.2424388
1263.9911445   -2770.4536915   -578.7988305
1260.7485922   -2769.8163986   -573.5937357
1258.705345   -2767.5318718   -579.1093111
1255.3113969   -2767.7533627   -570.3845024
