67.0084628   -2309.2486858   -576.4869452
68.8682469   -2309.035778   -570.2227354
461.5005227   -1774.1277218   -579.3924332
458.409545   -1771.3671923   -577.2709846
459.3823823   -1775.863409   -575.124383
462.9754546   -1778.7690163   -577.9131651
456.0943963   -1766.2354708   -578.3366561
457.0626291   -1772.9959488   -574.4845867
454.705027   -1770.0470686   -574.085474
455.545065   -1774.8378515   -571.6426969
452.2716375   -1761.6527081   -577.3599744
451.8667283   -1765.6844854   -574.2918849
451.5626254   -1771.2790966   -570.4487562
458.6048844   -1780.3301811   -571.2340474
451.8685164   -1768.2595253   -572.6285577
448.3022811   -1760.0640059   -574.5235085
449.2007317   -1766.0639286   -571.78092
447.5401761   -1751.490593   -579.1345835
446.5958299   -1762.0378733   -571.8699694
444.7355541   -1754.6434402   -574.0040541
444.1181245   -1757.4027777   -571.8744397
445.4610171   -1750.7512569   -577.1699548
442.7752467   -1748.1911182   -575.7840276
442.1984973   -1751.9824505   -572.8164911
442.0123818   -1756.7222118   -569.9719191
439.5616474   -1748.5431433   -571.8015432
438.6109831   -1743.3257103   -574.3716359
438.6742236   -1737.9336357   -578.9430737
436.7736103   -1745.8643913   -570.3632832
436.1843737   -1740.4177189   -573.7369657
435.4558112   -1735.9676361   -576.752305
433.9499148   -1741.3061857   -570.4340935
431.0256513   -1734.2606783   -573.2552409
432.7360811   -1732.5524092   -576.6658783
429.7964843   -1729.4362783   -576.4610171
428.4704896   -1726.2934446   -577.9980421
427.0369234   -1730.9004068   -572.4564195
424.4602891   -1728.136301   -572.8097558
424.5061698   -1724.5326042   -576.2854815
425.236282   -1732.1434021   -569.5437789
421.8019965   -1720.6703424   -577.5845647
420.5564084   -1724.9755859   -572.9282498
417.0110198   -1718.1082964   -576.6718388
417.4137088   -1722.0520973   -573.6111999
414.8560288   -1712.8880024   -579.1015029
417.2461154   -1725.3358364   -570.4030991
413.7909236   -1723.2095003   -570.3942776
413.5271134   -1719.5343971   -573.4819174
413.1712886   -1716.1191702   -575.9756565
410.4147675   -1713.4090662   -576.3581991
409.0892496   -1709.5698118   -578.0135393
409.1695818   -1720.7270861   -570.1379776
410.1255956   -1716.511488   -574.0634203
406.8653556   -1705.1241398   -579.2389512
406.726298   -1713.1154537   -574.547708
405.7097705   -1717.0848846   -571.2811351
403.6560925   -1707.6650858   -576.0371089
402.6276442   -1703.4199238   -577.7727962
401.7842533   -1713.9253616   -571.1803436
401.2737843   -1698.8075972   -579.2596936
399.7158679   -1705.6034803   -574.7298002
398.3747336   -1709.3598843   -571.8003511
397.9983749   -1701.7822266   -575.5237937
398.8356116   -1695.2633858   -579.2572498
397.5510123   -1697.9010105   -577.0602822
396.111426   -1705.5287361   -572.2230673
395.4770537   -1694.8266029   -576.8123269
394.4504531   -1698.5623837   -574.1782784
393.6729106   -1701.5974522   -572.1254349
394.3660083   -1688.3391142   -578.6913037
393.306491   -1691.093564   -576.5800476
393.3199468   -1685.6486797   -578.9221525
392.815602   -1704.334259   -570.0674057
392.086831   -1694.672823   -573.7911463
391.0856219   -1697.119832   -571.5774298
391.5309878   -1687.2600317   -576.6758919
390.4724988   -1682.723403   -577.6403546
389.7605958   -1689.9590492   -573.5667348
389.9641456   -1694.2946911   -571.6093183
388.4954872   -1685.2425337   -574.624896
388.0073401   -1678.9945364   -576.9396424
387.1970894   -1674.4273901   -577.809751
387.4419453   -1681.6877127   -575.2151608
384.3173953   -1670.1509953   -577.6515007
388.0056413   -1692.2740936   -570.271492
386.507568   -1686.1976385   -571.7358589
386.8283155   -1689.4520521   -570.1619983
385.9352144   -1683.0483675   -572.8666782
386.6651329   -1679.5104742   -575.448215
385.1853433   -1676.8298149   -575.1922727
385.5137499   -1679.792285   -574.0554929
381.936607   -1665.6801701   -578.4080625
383.888823   -1674.0400791   -575.4166245
384.2115673   -1683.6335659   -570.248723
383.4850015   -1679.8887253   -571.5218186
381.7537548   -1672.482729   -574.2263198
381.7626806   -1669.267416   -576.6255856
381.7420127   -1663.2810831   -579.2451501
382.0055845   -1675.2769947   -572.453618
381.598291   -1666.9454575   -577.6358843
381.4459267   -1668.1169271   -576.9537091
379.8181536   -1669.934988   -574.2017627
380.8695646   -1668.3967113   -576.3909817
380.3965273   -1668.7297821   -575.7083297
378.0156644   -1662.3408794   -577.6478648
379.4967654   -1666.0017967   -576.6886473
377.9168697   -1659.2279673   -578.9836645
380.1795664   -1667.8673029   -576.1054158
378.5726997   -1667.2173738   -574.9893188
377.5971057   -1670.2443361   -571.1803436
377.0388337   -1664.9551392   -575.0675797
375.6741258   -1657.1111679   -578.6350369
375.5632611   -1666.184783   -572.1564293
374.7588965   -1662.4678373   -574.5614171
375.0417801   -1660.1817608   -576.4758587
374.1198155   -1665.8713818   -570.8777308
373.1775256   -1658.5273743   -575.9451389
371.634719   -1662.4577045   -571.0822344
372.4255534   -1654.6763182   -577.701509
370.4791489   -1652.3281336   -577.6059628
369.6599873   -1655.8836699   -574.3355155
365.5703189   -1659.2975855   -569.5278645
367.6071139   -1650.3087282   -578.3833265
366.8481829   -1652.6603699   -575.7621527
362.5102016   -1654.1705132   -572.5411177
363.8036969   -1651.0230303   -576.3924718
358.3308431   -1650.3791809   -575.8379102
357.1775677   -1652.9396772   -571.8665719
353.0772897   -1648.4130621   -578.2594085
354.098198   -1650.7205963   -573.9756227
354.5219424   -1653.6685228   -570.0950623
350.8060845   -1651.3884068   -572.3585486
350.2883139   -1649.5093107   -575.3917098
348.5515835   -1648.0562687   -578.9394379
348.6379953   -1648.7448215   -576.7563581
345.7176062   -1652.4909735   -569.9746609
347.0421704   -1650.2271891   -573.5683441
344.6791592   -1648.2982635   -578.0824423
343.9588817   -1649.8084068   -573.9485025
341.4418074   -1651.2846947   -571.1168647
341.0284194   -1648.7652063   -576.6338706
340.9090313   -1649.9426365   -573.743701
338.6791321   -1651.4546871   -570.723474
336.5264805   -1649.5712996   -575.0944018
335.357246   -1651.6003609   -570.8528757
335.7934328   -1648.4994888   -579.0340304
333.1083628   -1648.868084   -578.789711
331.9582018   -1650.1739025   -574.4380355
332.8359099   -1649.8216391   -575.255096
333.411363   -1652.1193981   -569.7367787
332.0597979   -1652.0657539   -570.6081986
330.4008516   -1649.6084929   -577.7286291
329.3696018   -1651.0977745   -573.9549398
329.2715224   -1650.0804424   -577.0232081
326.9871744   -1650.9202719   -577.1900415
325.6818923   -1652.6862383   -573.895812
326.7568024   -1653.6598206   -570.7030296
325.0595602   -1651.6041756   -578.5831213
326.1467489   -1654.2569399   -570.1650977
325.7927569   -1654.8030376   -569.8419213
324.558911   -1654.3647051   -572.1167326
324.4135054   -1652.4307728   -576.5513778
323.1053027   -1655.9811831   -571.5702772
323.3984979   -1652.7535915   -577.7261853
323.1543871   -1652.6708603   -579.4042349
322.3436745   -1653.7917852   -577.1271586
321.2580951   -1655.5119753   -575.314343
320.7155737   -1657.9347849   -572.2455978
320.3223022   -1660.2327824   -569.8570013
319.0154108   -1657.7464342   -575.5132437
317.4384507   -1663.6248827   -569.908917
318.1545111   -1660.4315042   -572.6844668
316.9662925   -1658.7100029   -578.1468153
316.2539872   -1660.6515646   -575.7609606
315.7173964   -1662.9493237   -573.2924938
313.3480223   -1666.7983532   -572.3516941
314.4506785   -1661.0443592   -579.2910457
313.7633475   -1663.577795   -576.0579705
311.8144246   -1664.1560793   -579.3343782
311.4348622   -1666.2617922   -576.6206384
310.3731247   -1672.2503901   -571.0055828
309.348044   -1669.6171761   -575.6806135
308.1507953   -1676.857233   -570.1882243
307.6789054   -1673.5846996   -574.0604401
306.4691695   -1672.8521585   -577.2266984
305.3511652   -1678.6292791   -573.4662414
304.3505522   -1686.1698627   -569.4957972
304.7832223   -1676.4669418   -576.7716765
302.9923411   -1683.1387281   -574.3971467
302.6061627   -1691.288352   -569.5815682
303.3414754   -1679.5399189   -576.8208504
302.8514358   -1678.0118942   -579.2448521
301.7722937   -1688.2245541   -573.5740066
299.7618588   -1686.9679689   -578.2863498
300.5708428   -1691.0771132   -574.0656853
298.6226054   -1694.2950487   -573.7342834
295.105693   -1697.2259283   -575.7391453
293.9013215   -1700.425148   -571.7654824
292.6432165   -1700.2664804   -574.4658113
291.2521931   -1700.363636   -576.7548084
290.1121946   -1702.3978233   -573.9759207
290.2545901   -1703.4473419   -570.8801746
288.5753783   -1702.3359537   -576.8732429
286.5604731   -1704.8698664   -573.6815929
285.8029278   -1706.7122459   -569.6048141
284.1578992   -1705.0149441   -577.193439
282.3838862   -1707.3794603   -573.5617876
281.1644944   -1706.4734697   -577.7240992
278.1414064   -1708.4239721   -576.4974356
279.4975313   -1709.2359066   -572.5631714
276.3499888   -1710.5278969   -572.6102591
273.4868201   -1710.1290226   -577.1269202
271.5204033   -1712.0046616   -573.4380484
268.5604068   -1713.7461901   -569.9053407
269.5527347   -1711.4030123   -577.4432421
266.7621049   -1712.9166126   -574.85497
263.7798461   -1713.8476372   -573.0226636
261.1503872   -1713.2570744   -577.827096
260.0260945   -1715.1722908   -569.7341561
259.1853412   -1714.3646479   -574.2081404
256.1815652   -1714.7511244   -575.3647089
255.9012743   -1715.5742645   -571.8795061
252.9460462   -1714.6953344   -579.4124603
251.5063258   -1715.8330679   -576.0222673
244.6738156   -1718.6505795   -574.4559169
237.5220033   -1721.7377424   -574.7660995
237.5184866   -1720.2391624   -579.3901086
233.9735004   -1722.1157551   -578.7043571
231.0419651   -1725.5120277   -573.1961727
230.7229014   -1723.6258984   -578.8234472
226.0487648   -1727.2955179   -576.6681433
225.5559834   -1729.3335199   -572.4902749
222.5136431   -1730.0884724   -575.9880543
221.3009866   -1733.5646152   -569.9774027
216.7206677   -1735.6549501   -574.3749142
212.4498459   -1740.9108877   -570.5728531
213.2392796   -1735.4649305   -579.1643262
211.6712304   -1738.6637926   -576.0313272
210.1485702   -1737.7260923   -579.2868733
208.4499868   -1741.8990135   -574.6753812
207.5354131   -1744.7475195   -570.6228614
208.6311849   -1739.8427725   -577.7907968
205.4644796   -1741.88447   -578.1214237
204.5448395   -1744.8475361   -574.4931102
204.1224214   -1747.081399   -570.9922314
202.6476534   -1743.4386015   -578.602612
201.0527226   -1749.8056889   -569.8091984
201.9524249   -1747.4461794   -573.0863214
201.086429   -1746.2351322   -575.9643912
200.2530964   -1744.6373701   -578.9741874
198.7833949   -1749.0152121   -573.9688277
198.0086835   -1747.089982   -577.5095224
197.6194652   -1751.3506413   -571.1723566
195.946333   -1749.304533   -576.1408806
195.4442235   -1751.3022423   -573.5717416
194.7579356   -1747.9393482   -578.8370371
193.843511   -1754.0568113   -570.4879165
192.5905617   -1750.926137   -576.4998198
192.5293776   -1753.4433603   -572.8362799
189.9154755   -1756.1130524   -570.7893372
189.3448802   -1753.82936   -574.8416781
188.3936199   -1751.3701916   -578.6657333
186.3119873   -1756.3838959   -573.3875036
186.1129972   -1754.2748451   -576.4433742
184.119341   -1752.8960705   -579.11098
181.3253435   -1759.778738   -571.9764233
182.3944124   -1756.5624714   -575.7245421
180.8206113   -1754.3195486   -579.1330934
177.451131   -1764.2834187   -572.1361637
178.5563799   -1759.4834566   -575.0045776
178.7763806   -1756.6560507   -577.7871609
173.0254563   -1767.039299   -577.7534842
173.9768358   -1772.9181051   -573.841393
175.5401465   -1774.0918398   -570.155561
175.4400703   -1777.6938677   -569.7387457
172.1740635   -1775.0837803   -578.3108473
173.8744351   -1780.8498144   -574.7805238
172.3058196   -1778.2665491   -578.4319639
62.3971494   -2297.6622581   -570.7333684
471.2452786   -2067.9552555   -569.4754124
470.1627242   -2064.5186901   -573.1047392
467.0670377   -2072.4387169   -572.3932385
468.3933529   -2067.5992966   -573.6274123
467.6478701   -2064.4915104   -576.5981674
465.5014994   -2068.477869   -577.0712495
463.5499688   -2077.3012638   -573.9991069
462.6003774   -2073.2176304   -577.9721141
463.2856073   -2081.8798542   -571.2988377
459.7777399   -2081.3238621   -576.3145089
461.1791196   -2077.1296024   -577.3064494
460.3322568   -2085.4344368   -572.6957321
459.0949687   -2089.9240971   -571.0813403
456.315321   -2087.7897739   -576.3784647
455.3005966   -2093.2579041   -573.5958219
453.6652537   -2098.5085964   -571.6975927
452.8939398   -2092.4453735   -577.5159597
452.0119103   -2096.165657   -575.8447647
451.2690129   -2102.9012203   -571.4241266
449.4989189   -2100.4397869   -575.9935379
449.2120566   -2106.8012714   -571.1131096
448.0269524   -2105.0713062   -574.3589997
445.6605437   -2104.3112278   -578.4355998
446.8911263   -2110.7711792   -571.0873604
446.0029574   -2113.4252548   -570.0587034
444.9323984   -2110.6877327   -574.2055774
443.2967427   -2116.7259216   -571.3068247
442.6664235   -2109.6749306   -578.6310434
441.0502734   -2116.9118881   -574.8197436
440.8423426   -2113.900423   -577.9377222
440.4281946   -2120.9592819   -571.9950795
437.7441528   -2118.6523438   -578.7562728
439.0365305   -2120.5377579   -574.6972561
438.4965571   -2124.2125034   -571.9878078
436.6594227   -2129.3833256   -569.5912242
436.2334134   -2123.4152317   -576.5891075
434.4660612   -2128.2215118   -574.4779706
432.554585   -2134.7329617   -570.0922608
431.8341287   -2132.2515011   -574.3210316
433.0622824   -2126.686573   -578.5975456
431.811315   -2129.9614906   -577.1013498
427.1817031   -2136.8846893   -576.7219663
426.3934018   -2140.1152611   -573.7516284
423.988116   -2142.441988   -574.8651624
423.524064   -2145.9863186   -570.004344
423.3598533   -2140.4266357   -578.997314
421.791655   -2145.3616619   -574.529171
420.1117577   -2145.0378895   -578.510344
417.5162139   -2151.2269974   -572.4477172
417.7897247   -2148.8850117   -576.5453577
413.5417017   -2152.3005962   -578.543365
413.0268814   -2155.1427841   -572.6140141
407.6664122   -2157.954216   -576.5923858
403.5666557   -2162.4970436   -571.729362
400.8035185   -2162.3814106   -577.8490305
397.9407372   -2165.3938293   -574.311614
395.6481489   -2167.6821709   -571.6667175
393.7792303   -2167.9234505   -575.5013227
390.8597948   -2170.4084873   -573.287189
390.9985843   -2169.3818569   -578.1898499
388.5715576   -2171.4403629   -577.0001411
384.6132728   -2174.6308804   -575.5432248
381.6381665   -2177.0460606   -571.0262656
379.1385712   -2179.3773174   -574.7122169
378.816274   -2180.7878017   -579.4656873
375.5320581   -2183.0015182   -574.0644932
373.1528344   -2189.1376972   -579.32657
372.3128857   -2187.1225834   -574.3522644
371.7696043   -2185.7728958   -570.0888038
369.8834898   -2190.6487942   -574.0123391
369.7956922   -2195.7314014   -578.9111257
367.5240549   -2194.334507   -573.5726357
366.4977672   -2197.6211071   -574.7396946
363.6519136   -2199.2723942   -571.4065433
365.34853   -2201.1814117   -575.7286549
144.5747884   -2097.4829197   -577.8656602
144.4774242   -2092.3135281   -578.5104632
144.4444331   -2100.7800102   -575.298667
144.4949182   -2095.7391262   -572.7595687
144.3223926   -2104.8972607   -577.542603
144.1575559   -2088.8783932   -572.9705691
144.3788084   -2100.2547741   -571.6351867
144.1920372   -2109.1902256   -578.8641572
144.1911133   -2087.389946   -577.1439075
144.1937955   -2104.8226357   -571.6771483
144.0364393   -2083.3477974   -579.428792
144.1655131   -2107.0685387   -575.6199956
143.9845832   -2109.5252037   -574.0491748
143.8349458   -2113.6808395   -576.4970779
143.7959643   -2082.4832916   -574.0818381
143.8671025   -2115.8447266   -579.4110298
143.7759372   -2079.8017979   -578.8504481
143.5026499   -2118.6788082   -577.0622492
143.6430188   -2113.0013466   -570.4210401
143.4684666   -2116.4321899   -572.7025867
143.4351774   -2076.7686367   -573.6687183
143.4452208   -2078.7477493   -570.2047348
143.3196636   -2072.6573467   -577.5600672
143.1840035   -2120.0141907   -572.7509856
142.762688   -2124.1145134   -574.4148493
143.1984278   -2072.728157   -572.6641417
142.2890993   -2128.3619404   -578.7763596
143.09105   -2066.6220188   -577.7747035
143.0502208   -2069.5137978   -573.1979609
142.8081664   -2122.3051548   -570.4522133
141.5465745   -2129.5785904   -572.4205375
140.2826282   -2134.0448856   -576.3796568
139.62653   -2134.4609261   -569.9905157
138.3772465   -2138.6816502   -577.5590539
138.1224664   -2138.4348869   -572.6697445
135.978994   -2142.7872181   -575.0143528
134.6698376   -2145.4479694   -578.9547563
134.0548369   -2145.3249454   -570.7806349
132.7987584   -2147.926569   -574.5486021
130.2286955   -2152.2536278   -576.8846869
129.6222778   -2152.4145603   -570.8991289
127.9395791   -2156.1667919   -579.3773532
127.6852759   -2155.9150219   -574.4616389
126.3800236   -2157.3781967   -570.1216459
124.2295178   -2161.4370346   -575.0860572
120.6805976   -2167.3047543   -577.3258805
120.2449175   -2167.242527   -571.8109012
118.4275719   -2171.0691452   -579.2039633
117.8480657   -2171.2880135   -574.3716955
116.1723407   -2174.2880344   -577.1886706
114.6269711   -2175.9700775   -572.611928
113.3621009   -2178.7405014   -578.1590939
110.7881936   -2181.6802025   -572.060883
110.676256   -2182.6238632   -576.7602324
108.1544133   -2186.214447   -575.5221844
107.2860035   -2186.5801811   -569.8949099
105.6787046   -2189.388752   -572.4509954
105.1719459   -2190.8504963   -576.2575865
103.6311062   -2192.4452782   -572.4865794
102.08523   -2195.4245567   -575.9532452
101.0834845   -2195.7070827   -569.6734786
99.4500192   -2199.9828815   -578.741312
99.1425785   -2199.3460655   -573.2812285
60.7539686   -2296.3118553   -575.9574175
60.707775   -2292.5260067   -571.9428062
61.2851056   -2300.2617359   -578.8708925
62.3047622   -2299.8931408   -574.4814873
511.6379755   -1866.7992353   -570.0997114
510.6180506   -1870.6017733   -572.0924735
510.499497   -1863.3052111   -572.3034739
509.8553496   -1867.5423861   -573.9480853
509.6680941   -1857.8985929   -571.7498064
509.5645609   -1875.3459454   -573.2931495
508.6869644   -1881.5127611   -574.4246244
509.1107684   -1887.8420591   -572.2993016
509.1585936   -1899.3401527   -569.7554946
508.6510899   -1871.3053465   -576.556325
507.8589442   -1865.3732538   -578.338623
508.5182088   -1860.2613211   -575.5980015
508.3120587   -1853.025794   -571.2518692
508.0928551   -1904.1317701   -570.2392459
508.4008696   -1896.609664   -573.0472207
508.128752   -1892.4455643   -574.9750137
507.5359987   -1855.6582928   -575.6863356
507.4106204   -1876.8643141   -578.8061619
507.1399408   -1900.8020163   -574.8224258
507.0430609   -1886.7123127   -579.0529847
507.2261216   -1908.2839489   -569.9363351
507.1833926   -1881.5140724   -578.8679719
506.2795701   -1848.2437134   -570.1087117
507.2260099   -1896.2761164   -576.6415596
505.8784234   -1850.2037525   -575.2692223
505.6128102   -1907.1048498   -574.9698281
505.38895   -1912.9593372   -571.5120435
505.0632777   -1903.35989   -578.9007545
504.0681335   -1919.5586443   -570.074439
503.2801973   -1844.060421   -573.7007856
502.7343082   -1912.5404358   -578.2892108
502.8605732   -1916.7995453   -574.9784112
501.1150139   -1840.2956724   -570.4781413
500.9464892   -1840.8058882   -577.9146552
500.510891   -1839.5843506   -573.9447474
501.1840212   -1917.2194004   -578.8418055
497.8598403   -1835.6821537   -571.3763237
499.0633624   -1837.2603655   -576.2426853
496.7595907   -1833.4078789   -577.2322416
494.2894103   -1830.2131891   -573.7022758
491.8215769   -1825.7391453   -576.90382
490.5755045   -1826.0113001   -572.4645257
488.7224632   -1822.2588301   -574.7870803
487.3935627   -1818.980813   -577.5518417
484.7216132   -1818.1993961   -572.7030635
485.1199137   -1815.0097132   -578.6796212
481.7649471   -1813.2857084   -573.9234686
482.076061   -1810.4639053   -578.5637498
477.5049361   -1808.3250523   -573.0985999
475.3268259   -1799.5063066   -578.9587498
475.6688672   -1803.1322956   -575.5465627
472.3747569   -1802.1258116   -571.967721
473.6810075   -1800.4252911   -575.2619505
471.1279096   -1797.0808744   -574.7069716
469.0385657   -1791.62395   -576.6103268
466.2969085   -1794.1161394   -570.9830523
467.3150229   -1787.3197794   -577.8337121
465.277073   -1788.5147333   -573.6500621
464.7664251   -1783.7690115   -576.6637325
465.2501615   -1781.6714048   -579.280138
461.9317623   -1784.8860025   -571.8916059
461.3427641   -1780.1662683   -574.4835138
176.5930923   -1804.502964   -569.5956945
176.3220998   -1797.5569963   -570.9397197
176.1915358   -1801.2121916   -571.746707
175.6952377   -1788.5917425   -571.3095665
175.4170331   -1793.8927412   -573.7597346
175.800887   -1808.2157373   -572.3856091
175.5713495   -1804.1799068   -574.1052628
175.7815453   -1812.3590946   -570.632875
175.3389212   -1783.3799124   -570.5714226
175.1340004   -1799.3373871   -575.5708814
174.9301525   -1811.6737604   -575.1332045
174.7795912   -1807.8076839   -576.6629577
174.7669252   -1815.8787489   -573.8694668
173.9072176   -1789.5290852   -577.7108669
174.5408448   -1785.3986025   -574.4001269
174.2815944   -1803.9083481   -578.5365105
174.087313   -1820.9906816   -573.7112761
174.120036   -1795.1254845   -578.2601833
173.8236519   -1811.2123013   -579.3858171
174.0518781   -1814.5225048   -577.7280927
173.5689612   -1818.3369637   -578.0776143
173.5082241   -1784.6816778   -577.5194764
173.4858128   -1825.5505562   -572.4300146
172.7568182   -1823.1592178   -578.9203644
173.2675406   -1824.2108822   -575.5191445
173.1612357   -1828.3451796   -569.519639
172.6420792   -1782.0292711   -579.0567398
172.5353869   -1827.1131516   -576.9577026
172.3562451   -1830.5892944   -573.6092329
171.4065047   -1831.6586018   -578.8317323
171.6003986   -1834.6687555   -572.6202726
171.3387641   -1834.3806267   -576.0802627
171.0846695   -1837.7286196   -569.8539615
170.7252534   -1838.1780386   -574.9774575
169.8836359   -1843.3350325   -572.4056363
169.7074743   -1842.1301842   -578.4987807
169.0051826   -1847.1816778   -577.2694945
168.78697   -1849.3529558   -572.794497
168.2941588   -1851.9552946   -576.9318342
168.07085   -1853.7027836   -573.4105706
167.5131293   -1857.2667837   -577.0648718
167.4252423   -1857.2952747   -571.1254478
166.9249209   -1861.0548973   -573.5355616
166.7605015   -1862.562418   -577.3990154
166.1934229   -1866.0478592   -573.5530257
165.6659814   -1870.7919121   -575.9472251
165.3017374   -1871.2418079   -570.8133578
164.995608   -1875.5252361   -574.4083524
164.7443744   -1879.2577982   -578.5464644
164.0978428   -1881.6592693   -572.3106861
164.0745672   -1885.2801323   -578.5823464
163.3348735   -1888.0553246   -572.3496079
163.3064421   -1891.332984   -577.0407915
162.6095148   -1893.617034   -571.8761086
162.7009781   -1895.9283829   -576.0346055
162.2739109   -1900.6438255   -578.1003833
162.0032164   -1898.8513947   -572.3062754
354.0636124   -2225.4505157   -574.4524598
161.3684269   -1904.1621685   -572.9034543
161.5488502   -1905.9376717   -577.3373842
350.3184589   -2233.2262993   -574.9765038
160.610226   -1910.0724459   -573.7328529
160.2399322   -1914.552927   -577.4825215
354.0904345   -2218.7154293   -570.1829195
159.2951985   -1916.4360762   -572.0388293
159.4763967   -1918.035388   -576.2386918
74.9298009   -2241.0817146   -572.9849935
74.3143233   -2241.2114143   -569.5156455
347.7663668   -2236.2854481   -573.8841891
73.6059221   -2244.0361977   -572.4191666
73.2794078   -2246.9215393   -578.9644718
73.1408867   -2246.2348938   -575.3467679
72.3861726   -2247.1773624   -572.6162195
346.8268635   -2240.644455   -576.813519
71.766642   -2249.8829365   -576.3229728
70.9151896   -2250.3135204   -571.3456273
70.7508596   -2252.859354   -578.6944628
69.8151859   -2254.3551922   -575.5435824
345.3900786   -2235.4533672   -569.6556568
69.0196427   -2254.4064522   -569.9064136
68.1815418   -2257.4951649   -573.0183721
67.7235993   -2259.688139   -578.0882835
66.6300925   -2260.9858513   -572.5989938
342.293975   -2242.7790165   -572.3811984
65.7676729   -2263.7829781   -575.8956075
64.8604306   -2264.9378777   -571.5162158
64.4908818   -2267.1480179   -578.1132579
64.406124   -2266.7222023   -574.6331811
341.4481553   -2247.41292   -576.4673948
63.210276   -2269.3750858   -572.0946789
63.4382042   -2269.4334984   -575.8261681
62.0536479   -2273.1113434   -575.2263665
61.2837347   -2275.6795883   -578.2312155
336.4932211   -2247.969389   -570.0697303
61.4871653   -2274.6038437   -570.8258152
60.5202588   -2278.4023285   -575.3561854
60.5441602   -2280.2650928   -569.8917508
60.0499781   -2280.112505   -578.8775682
336.711851   -2252.6357174   -576.446712
59.8966154   -2283.0851078   -574.827373
60.268608   -2284.8610878   -570.4879165
59.7384246   -2287.7318859   -574.3328333
60.4743036   -2288.50317   -569.904983
334.4301554   -2256.5443516   -578.981936
59.4091686   -2291.4915085   -578.2174468
332.2941335   -2253.0214787   -570.7538724
329.6644064   -2257.2717667   -573.1805563
330.849466   -2258.7645054   -577.4025321
326.1756273   -2261.5242004   -574.7995973
322.8761526   -2266.4427757   -577.8779984
321.5189549   -2263.9694214   -571.800828
318.1235167   -2271.2008953   -577.9687166
319.5117982   -2268.0466175   -575.2613544
313.5554763   -2271.343708   -571.32411
314.1006204   -2274.7929096   -576.9745708
310.3447529   -2275.9010792   -572.8241205
307.417688   -2280.4200649   -573.8050938
306.8427416   -2285.0587368   -577.8280497
362.036285   -2205.6744099   -573.5651851
305.2204224   -2279.7710896   -569.6097016
304.9735101   -2284.1432095   -573.934257
302.8143617   -2289.9355888   -576.1445165
301.7977449   -2295.4087257   -579.3085694
302.8316172   -2285.6960297   -572.1227527
361.6847368   -2210.2131844   -576.0326385
299.6808561   -2299.5116711   -579.2748332
299.8461398   -2291.7149067   -572.8589892
299.4743558   -2296.0124016   -576.0757327
297.0435592   -2303.9441109   -578.4016252
360.8910116   -2203.7701607   -570.5676675
296.1883517   -2296.2064743   -570.6735849
296.3755699   -2299.6590137   -573.9380717
295.5098721   -2306.5950871   -577.9664516
293.310103   -2307.1279526   -574.7593641
293.3905097   -2311.4175797   -578.2479048
359.9537732   -2213.1159306   -575.26052
291.7865487   -2315.4101372   -578.7267685
290.3633686   -2311.1891747   -573.1212497
290.5073436   -2306.743145   -569.8065758
287.6074883   -2319.7000027   -575.3388405
288.7313934   -2315.8540726   -574.1382241
358.7756427   -2218.2540894   -576.6960979
286.3986763   -2322.7176666   -575.7493973
284.3804034   -2320.1797009   -570.3556538
282.7314111   -2331.155777   -576.4994621
283.1621441   -2326.9760609   -573.8402605
282.1253511   -2335.7679844   -579.3883801
358.2794192   -2208.7295055   -569.9068904
282.2171422   -2324.7661591   -570.4343319
280.2554043   -2330.6417465   -571.9203949
279.6649905   -2335.0589275   -574.5999813
279.1628512   -2339.8766518   -577.9332519
277.6775631   -2337.2614384   -573.043704
358.1017377   -2222.7180004   -578.6287189
275.8255871   -2343.7223434   -575.5525231
274.6998044   -2340.6116962   -570.7706213
271.8810114   -2345.8464146   -570.5597997
111.3429042   -2340.3291702   -572.0303059
108.7793382   -2339.3330574   -578.0206323
357.0233407   -2215.6193256   -572.5203156
105.8423492   -2336.4884853   -573.5161304
112.3219403   -2342.0317173   -578.1729817
116.9660958   -2344.4635868   -570.2057481
116.2278625   -2344.5782661   -574.9009848
101.918188   -2333.1429958   -570.2891946
356.632513   -2226.7358303   -579.2769194
100.3741892   -2333.1699371   -577.1004558
98.8528701   -2331.6190243   -573.3858943
98.5612842   -2330.8384418   -570.0979829
97.4940928   -2331.1502934   -576.0190487
97.3474654   -2202.4412155   -575.2153993
353.8379791   -2222.479105   -572.1346736
96.7383655   -2204.0407658   -578.3851743
96.5925428   -2202.7313709   -571.1867213
95.8918007   -2329.6024799   -573.2671022
92.464027   -2327.7769089   -575.445652
94.8648723   -2206.0775757   -574.5319128
92.7249166   -2209.8212242   -576.3150454
92.0850607   -2209.815979   -571.9345212
89.9125608   -2214.0209675   -575.3713846
88.3322033   -2324.9125481   -574.5604038
87.6311334   -2218.174696   -577.3496628
86.2496766   -2219.1319466   -572.0291734
85.679737   -2322.7593899   -571.0461736
84.7083601   -2323.4295845   -578.5227418
83.6048397   -2322.1416473   -574.8781562
85.7554945   -2221.2097645   -577.1520138
83.3913358   -2224.8139381   -575.3802061
82.130638   -2320.4367161   -570.6956983
80.1963481   -2320.789814   -578.9971352
79.0821584   -2319.177866   -573.9947557
81.2408002   -2227.6616096   -571.9522834
80.2829536   -2230.779171   -576.4045119
79.2467269   -2231.0578823   -570.8627701
77.9691609   -2236.1056805   -578.4365535
77.7941617   -2234.9114418   -573.5191703
75.4438909   -2317.4479008   -577.6658654
75.106767   -2315.8471584   -572.4595189
76.2174996   -2238.9647961   -575.3561854
75.9651335   -2238.07621   -571.2159872
74.5643648   -2243.1044579   -576.4451027
271.4255425   -2350.3513336   -574.2793679
270.4466852   -2355.6227684   -579.0529251
266.928223   -2356.3063145   -573.3100772
263.8383778   -2361.2320423   -574.8642683
262.4818059   -2359.9054813   -570.2723861
263.2104727   -2363.2237911   -577.1513581
259.2651518   -2365.8313751   -574.5031834
255.420086   -2371.4110851   -579.1723132
255.529848   -2367.8998947   -571.641326
254.0588947   -2370.193243   -573.8661885
250.9339424   -2374.1908073   -577.7158141
250.0023516   -2372.1501827   -571.2540746
245.815781   -2376.8405914   -575.8913755
244.7802397   -2375.4165173   -570.7780719
242.5651523   -2379.5387745   -578.0621767
242.0829805   -2377.286911   -571.4816451
237.8737601   -2379.7290325   -572.0381141
236.2036677   -2381.9143772   -575.7457018
231.5926226   -2382.6606274   -572.3404288
231.0439619   -2384.2828274   -576.1936307
227.060047   -2385.8745098   -576.4425993
222.3495217   -2387.8922462   -577.8851509
221.4753302   -2385.7131004   -571.2473989
220.944372   -2387.1405125   -574.8183727
216.8661626   -2387.9125118   -574.1424561
211.0029729   -2390.0415897   -577.2102475
210.8500274   -2387.5677586   -570.5752969
205.4587873   -2391.0703659   -578.8777471
205.5661651   -2388.5655403   -572.204411
199.5763751   -2389.4276619   -574.6378303
195.5891224   -2387.1874809   -569.7950721
195.1613399   -2390.7895088   -579.3517828
194.5316764   -2388.8707161   -574.3819475
190.4202672   -2387.0966434   -571.2428093
188.8070675   -2389.4033432   -577.9800415
183.6901578   -2386.6763115   -573.1318593
184.3644055   -2388.5297775   -577.6299238
179.4512542   -2386.929512   -575.9760737
179.8752817   -2388.027668   -578.7731409
177.9443892   -2384.9852085   -571.8346834
175.6104501   -2387.108326   -579.1609883
175.4282685   -2385.7755661   -575.5047202
171.7638346   -2383.7668896   -572.9798675
172.48517   -2385.6818676   -577.7238011
169.2307564   -2384.7641945   -578.3571005
165.7606634   -2380.9399605   -571.0935593
165.0820347   -2382.0245266   -575.0256181
161.824015   -2380.4855347   -574.8274922
161.1747416   -2378.9021969   -571.0186362
162.0964678   -2381.8070889   -578.7093639
157.7244671   -2379.5185089   -578.6463618
157.1716341   -2377.5639534   -573.1991529
155.1145884   -2377.3503304   -576.2578249
152.7570757   -2376.6992092   -579.0820718
152.9974612   -2375.3943443   -574.0615726
149.6238085   -2372.3156452   -571.4740157
149.6855887   -2373.8088608   -576.166749
145.2346715   -2370.2213764   -575.4621029
141.9303092   -2365.6592369   -569.5191622
141.1681744   -2367.9921627   -579.3193579
141.0346898   -2366.4832115   -574.9572515
138.075647   -2363.6782169   -574.3613839
137.6354965   -2361.9353771   -569.611609
138.0484077   -2364.5112514   -577.2189498
135.6165978   -2361.6917133   -575.1856565
134.6069249   -2361.7858887   -578.7463784
132.8853043   -2357.9058647   -570.0960159
130.6606504   -2357.6331139   -576.9159198
128.4192773   -2354.598999   -572.7661848
127.6358934   -2354.6309471   -576.1538744
124.9364289   -2351.1376381   -570.7968473
124.9754997   -2352.0903587   -575.5466819
120.5387982   -2348.0370045   -574.3626356
118.0379959   -2346.7502594   -578.9594054
66.1638054   -2305.2992821   -570.3552365
63.7211474   -2303.5850525   -575.3890872
63.7933286   -2301.5408516   -571.5559125
502.1113949   -1925.1004457   -571.1456537
501.159926   -1921.4646816   -575.9575963
499.9367046   -1935.2463484   -570.1135397
500.9034248   -1929.8462868   -571.0583329
499.8105662   -1927.0402193   -575.4978061
498.6469569   -1932.0703745   -575.0034451
497.4102201   -1941.0336018   -572.5134015
497.8660765   -1943.9759254   -570.0753331
497.3519789   -1936.7418289   -575.1410127
496.7099624   -1934.0696335   -578.4037709
495.9964948   -1945.9463358   -572.9241371
494.8586421   -1950.68717   -572.920084
495.7883032   -1940.1471615   -576.6851902
494.7833093   -1943.8010454   -576.8001676
495.4177784   -1937.6215935   -579.2309046
493.849543   -1963.2151127   -570.3401566
493.3890077   -1958.0162764   -572.7030635
494.0686049   -1954.1553259   -572.9640126
493.3747249   -1948.4593868   -577.1614909
492.7791851   -1969.161272   -570.4794526
492.1537089   -1953.9874792   -576.8148899
491.4173158   -1979.352355   -570.1771379
492.1365502   -1961.556673   -573.7369657
491.0543086   -1964.8822546   -574.5058656
490.2927997   -1974.4307995   -573.0093718
490.4470267   -1960.1011276   -577.4220228
489.3803941   -1969.6583748   -575.8479238
489.3369051   -1985.0250483   -572.0309615
489.00525   -1997.3778725   -569.7650909
489.3840598   -1989.611268   -570.9438324
487.8412681   -1979.863286   -575.4380822
487.6462715   -2007.7638626   -569.5065856
487.9556718   -1993.1359291   -572.276473
486.8144216   -1974.1504192   -578.7299871
487.3163375   -2002.2644997   -571.2091923
487.4126139   -1989.2622232   -573.9652514
487.3863208   -1969.7586298   -579.2517066
485.1522269   -1986.443162   -578.0260563
486.1999574   -1997.2026348   -573.9907026
485.5380254   -2017.1587467   -570.5742836
485.3629442   -2011.7869377   -572.0286965
485.2715852   -2023.1528282   -569.6601868
485.4501309   -1992.3746586   -576.1658549
484.4497117   -2006.2263012   -574.6086836
484.6208888   -2001.0135174   -575.4997134
483.1897961   -1996.7927933   -578.5554647
483.3693551   -2015.1052475   -574.2624402
482.300778   -2020.1363564   -574.727416
482.6122793   -2011.0435486   -576.2899518
482.5848611   -2035.7382298   -570.5996752
481.7876267   -2040.6770706   -570.0581074
482.1494939   -2026.5512466   -573.5847354
481.2470647   -2032.0937634   -573.6525655
482.179557   -2002.48909   -578.8180232
481.6292124   -2007.0650578   -578.6175132
481.0295226   -2015.294075   -577.7211189
479.3671566   -2037.7209187   -574.6907592
479.1990417   -2024.3988037   -578.4580112
479.6253639   -2019.1690922   -578.9765716
479.7290313   -2029.0205479   -576.6375661
478.218277   -2043.7879562   -573.8524199
478.3121692   -2033.0233574   -577.7238011
477.7167412   -2049.5920181   -571.5348721
476.5609848   -2055.5257797   -569.6771741
477.1684977   -2040.7021046   -576.7569542
474.967991   -2048.2292175   -576.1995316
475.0597673   -2043.3933735   -578.5788894
474.7827622   -2052.4642467   -574.0038157
472.6732048   -2056.5891266   -574.4988322
473.274638   -2061.5794659   -570.5905557
472.0538082   -2052.3715019   -577.9180527
469.3982052   -2056.7333698   -579.0041089
470.0159775   -2060.8050823   -575.5944252
158.4885689   -1922.1857786   -575.0924945
157.0956977   -1928.7344217   -577.1752
156.8439277   -1927.0199537   -571.0893273
155.5180522   -1933.1243038   -572.5591779
155.8324369   -1933.6271286   -577.2147179
154.7742458   -1937.5246763   -576.1286616
153.7202271   -1939.8891926   -571.2513328
153.811303   -1941.6153431   -576.2791038
152.935979   -1945.0091124   -574.8852491
152.2750231   -1945.9754229   -570.7463622
152.4321409   -1948.1601715   -577.2943497
151.9688936   -1949.1872787   -574.1964579
151.7091068   -1951.7105818   -577.5980949
151.2168618   -1950.6602287   -570.3257322
150.9417566   -1954.0297985   -573.7812519
150.9066197   -1955.768466   -577.6511431
150.2831551   -1958.1449032   -575.1127601
149.9889465   -1957.8359127   -571.5962648
150.0174078   -1960.9904289   -579.4382095
149.3541273   -1962.2322321   -572.458744
148.8588127   -1967.2093391   -574.8313069
148.4951349   -1966.9932127   -570.5744624
148.3226987   -1972.5506306   -576.2172341
147.9929062   -1972.0908403   -570.4681873
147.9114266   -1976.7022133   -577.4304271
147.7755579   -1977.101326   -573.1880665
147.5001546   -1980.6493521   -576.1966109
147.3313542   -1981.4693928   -572.2507238
147.0051082   -1983.9633703   -579.4530511
146.9711336   -1985.5042696   -575.4680037
146.8731435   -1984.9250317   -569.8775649
146.681157   -1987.9590273   -572.3711252
146.2405594   -1991.371274   -576.6342878
146.0054191   -1994.3721294   -571.3118911
145.6250223   -1998.2858896   -573.0804205
145.4217108   -1998.9830256   -577.2215128
145.0302871   -2005.0883293   -571.0450411
145.0318667   -2004.3036938   -575.6611824
144.759533   -2008.7819099   -573.748529
144.453791   -2010.7126236   -578.427434
144.4886895   -2013.1061077   -574.5394826
144.2945572   -2015.9025192   -569.8507428
144.2459496   -2016.9374943   -576.2469769
144.1794606   -2019.3533897   -572.7044344
144.0234157   -2022.5684643   -576.1586428
143.8591453   -2026.7279148   -571.269691
143.8286873   -2027.4615288   -576.6079426
143.8204023   -2029.6916962   -573.9431381
143.6538669   -2031.7599773   -569.7339177
143.7212797   -2032.8080654   -575.8316517
143.5699733   -2037.255764   -572.337389
143.496004   -2039.3602848   -576.4725804
143.4028419   -2042.7978039   -572.8754401
143.3666619   -2042.4845219   -576.7526031
143.240002   -2045.7115173   -577.0074129
143.1901129   -2048.5115051   -572.7441311
143.0236074   -2053.299427   -577.0066381
143.09558   -2052.9296398   -570.1724887
142.9417702   -2057.561636   -573.3570457
142.9498764   -2060.5018139   -576.6726136
142.8401741   -2065.5653477   -570.3386068
71.6545852   -2314.0308857   -576.3551593
71.4102062   -2312.2293949   -571.4841485
