600.2237536   -2026.6196728   171.9889939
600.1115824   -2031.0406685   172.6994663
601.9197023   -2029.1762352   179.5988232
600.7796917   -2034.4471931   175.597325
599.2530799   -2028.9435387   169.5867181
599.7238988   -2035.122633   172.1230149
598.1679   -2034.2867374   167.5702035
598.636962   -2031.6236019   168.359831
598.3210667   -2026.9370079   166.7380929
597.5098797   -2030.3368568   165.408656
596.8904263   -2027.2357464   163.5536999
595.7658906   -2033.9252949   162.2622311
595.1892841   -2030.1878452   160.8119309
593.9994511   -2027.5971889   158.5170329
594.2160425   -2032.6430798   159.4196111
592.2568938   -2032.8445435   156.6316485
589.7036594   -2030.0171375   153.1996131
589.9559549   -2033.2093239   153.8106352
587.7240901   -2027.1537304   150.6786495
587.7443033   -2034.0528488   151.5660584
586.1873795   -2029.1950703   149.4885683
586.0267012   -2025.7430077   148.7802416
585.1110202   -2032.636404   149.0349919
584.1210029   -2030.1964283   147.8012055
583.4871913   -2026.5040398   146.6545761
582.1145503   -2033.7469578   146.7738003
581.3158723   -2029.6871662   145.558998
580.1199079   -2026.283741   144.1955715
578.5576348   -2032.2384834   144.002676
578.6819831   -2029.0675163   143.6163634
576.9656897   -2027.176857   142.2572583
575.5825164   -2030.4329395   141.8399066
575.1053309   -2034.2137814   142.2141343
572.8511056   -2027.6055336   139.9779618
571.6800867   -2033.1778526   139.9254948
570.0744922   -2030.0421715   138.7168318
569.5009744   -2026.0016918   138.0086988
569.358374   -2034.5582962   138.8577372
567.1861014   -2028.4311771   137.147665
566.7927834   -2032.2184563   137.2671276
564.4433694   -2029.4733047   135.872215
564.0122081   -2033.4553719   136.055246
562.3652647   -2026.4332294   134.7195208
561.1208519   -2031.1162472   134.4791502
558.7960082   -2026.1316299   133.2531273
557.6114515   -2030.6444168   133.003056
555.5703985   -2026.6499519   132.0485026
554.8551651   -2033.4842205   132.1670711
553.3161397   -2030.1775932   131.4670146
549.9823476   -2027.6064873   130.3921938
551.0557378   -2033.7696075   130.9368461
550.0512915   -2030.1008224   130.5355579
546.5850579   -2031.6410065   129.9220324
545.4219589   -2026.3879299   129.3460131
544.094571   -2034.9647999   129.6630353
542.4278276   -2029.8347473   129.1094273
541.0359847   -2034.3294144   129.2177439
538.2857072   -2026.8995762   128.3525676
538.1094898   -2030.9607983   128.7492663
537.6506532   -2034.1017246   128.9173961
533.6961793   -2029.301405   128.1726062
534.6001657   -2025.7871151   127.7965009
534.8004112   -2032.510519   128.598094
530.9249396   -2032.7699184   128.2736659
530.6413705   -2025.6464481   127.348721
528.1294855   -2030.2212238   127.6726276
526.3662385   -2032.6075554   127.8026402
525.7119658   -2028.3811092   127.2085607
521.2136703   -2031.6421986   127.1313429
521.5369286   -2025.6450176   126.6595721
517.989208   -2034.2211723   127.0808727
516.2811326   -2029.2365551   126.7882288
512.6272189   -2033.7827206   126.9017309
513.7375342   -2026.3097286   126.9122064
511.3423812   -2029.2434692   127.041176
510.7442933   -2025.449276   127.3315996
508.4844875   -2032.2654247   127.2171587
506.9182786   -2028.5089016   127.6860535
504.1390183   -2033.693552   127.6934147
502.2851946   -2028.9814472   128.3676475
499.6771412   -2033.3619118   128.3173114
499.0259456   -2029.2601585   128.8262159
495.0031015   -2032.5007439   129.0095299
494.3348589   -2025.9859562   129.7774166
488.3544119   -2031.5978527   129.8567504
486.9807037   -2026.7527103   130.3181052
483.8384586   -2029.104948   130.208239
481.1727675   -2032.3309898   130.0106794
483.5060062   -2025.4290104   130.4415315
478.9210307   -2027.8933048   130.2278787
478.6598357   -2027.2424221   130.2494556
474.1082387   -2033.4362984   129.8199594
472.79453   -2026.2567997   130.1804632
469.2953201   -2034.0383053   129.6779811
466.6283178   -2028.8147926   129.8243105
464.7167595   -2035.1045132   129.4371784
465.9304591   -2030.2233696   129.7354549
460.8151438   -2034.7650051   129.3878555
459.9341127   -2026.4863968   129.7430843
455.1957818   -2032.081604   129.5487881
451.7267766   -2033.8003635   129.7012866
452.279416   -2026.0233879   129.9944669
449.4221332   -2028.2707214   130.1226616
446.4055421   -2029.0606022   130.4699928
443.2704123   -2032.6550007   130.9024543
443.8614967   -2026.1542797   131.0138553
441.739616   -2028.8801193   131.2778145
437.7142163   -2032.4206352   132.1135759
437.1589991   -2028.5050869   132.3288679
433.1441792   -2030.6465626   133.3738416
430.5807325   -2026.6001225   134.3157738
430.7658794   -2034.1601372   134.0284497
426.6717406   -2031.6464901   135.391131
426.7545166   -2035.1912975   135.2324039
426.5820953   -2026.247263   135.7643306
423.5270443   -2032.8397751   136.3175362
422.5904318   -2029.1142464   136.8016601
420.5811741   -2033.1449509   137.1882111
419.547719   -2026.2653828   137.8979236
417.1867641   -2030.7917595   138.308242
413.9742079   -2025.8162022   139.5825595
412.7737405   -2032.9141617   139.451012
413.5152819   -2029.614687   139.4476891
409.9392565   -2028.8798809   140.5385286
410.1083847   -2025.608778   140.7417804
407.2065326   -2031.4967632   141.1077231
405.5620255   -2027.7371407   141.8691128
404.1925492   -2032.1128368   141.800195
402.6899608   -2028.8472176   142.4172521
398.9188793   -2032.1037769   142.9126412
398.3699205   -2027.9695988   143.4302777
393.071604   -2034.7692966   143.7134147
394.3993273   -2031.5172672   143.7630504
395.3490379   -2027.1611214   144.0877318
390.9593942   -2028.2189846   144.8530406
388.4829553   -2034.3835354   144.6009129
387.2164609   -2027.107954   146.0047811
386.7102834   -2030.1663876   145.5105841
383.607057   -2032.8264236   145.8070129
383.3903196   -2028.3689499   146.7349231
381.2192651   -2026.0426998   148.0409503
378.161219   -2031.1322212   147.608906
380.9039267   -2034.8882675   146.1521983
376.0308149   -2027.099371   149.5300829
373.8950314   -2030.0126076   149.3743211
372.7032664   -2033.465147   148.7960219
371.7124137   -2026.8888474   151.3734013
370.9176602   -2030.714035   150.3137648
368.7976869   -2033.3786011   150.3369957
367.7813234   -2025.5606174   153.8242996
367.6325055   -2029.807806   152.1401256
365.133253   -2033.5605145   151.967153
364.6611246   -2029.3650627   153.8405567
364.2641725   -2025.3388882   155.922696
361.6986098   -2033.1029892   154.0018618
361.7660078   -2028.9964676   155.7479352
360.9340163   -2025.2962112   158.1883132
358.3638939   -2032.2771072   156.4783603
358.1110062   -2028.4554958   158.5773826
354.6825918   -2031.6140652   159.5692039
355.4509255   -2027.8375149   161.1148268
352.3802134   -2029.2038918   163.0595624
352.0133617   -2035.1674557   159.8898023
350.7450642   -2033.4644318   161.9543135
350.1820388   -2027.515173   166.5521413
349.0091684   -2031.0266018   165.2788818
350.1316728   -2029.2477608   165.3315425
348.4676155   -2026.7226696   169.3795174
347.3942848   -2035.2668762   164.2759293
346.9201299   -2032.3984623   166.8289453
347.3008396   -2029.2778015   168.8032746
344.8905768   -2028.5496712   173.0572432
345.0038257   -2032.0148468   169.7852015
342.0642587   -2034.0311527   172.6051718
341.011283   -2030.1859379   178.1878173
343.2369056   -2027.3339748   177.0766526
339.1572507   -2034.5759392   177.4236411
607.0005047   -2033.5884094   259.4175637
606.8131673   -2032.5419903   253.9787292
606.6473723   -2033.4320068   251.3593733
606.810079   -2030.8814049   257.7020824
605.9987424   -2034.9261761   269.7716057
606.4575017   -2031.3038826   263.5637522
606.2742276   -2033.5228443   266.8768764
606.4084284   -2028.585434   261.259675
606.5901667   -2028.4986496   254.6223104
606.3255333   -2026.0503292   258.6369216
606.0708212   -2032.599926   247.1395582
606.2571789   -2029.1626453   249.8257011
606.0718689   -2025.6276131   249.6156842
605.8528955   -2030.5190086   267.0502961
605.8041677   -2029.1316509   246.1951077
605.2604784   -2031.938076   242.2227114
604.6548589   -2035.0949764   275.483638
605.1808196   -2029.7057629   269.8665559
604.6288573   -2026.6647339   270.3502178
605.2147206   -2027.3251534   242.8579032
604.2861734   -2029.096365   273.296833
604.8985776   -2034.3863964   238.9257103
604.8254278   -2026.7395973   240.0387675
604.8072083   -2030.4927826   238.8563603
604.8650518   -2034.3835354   199.1669238
604.7951421   -2034.4817638   202.6187927
604.8340062   -2035.0646973   196.2270737
603.6260846   -2034.3379974   278.4223855
604.616303   -2035.1865292   206.5846026
604.3522777   -2032.7737331   235.3314608
604.4907524   -2032.2005749   194.3047941
604.5750287   -2030.3888321   199.9434829
604.3433668   -2025.6769657   236.4346236
604.321369   -2030.1110744   205.2287161
603.9017458   -2030.7331085   189.7555143
603.4910707   -2026.7021656   274.8365104
604.0766891   -2032.4273109   210.8878791
603.9219881   -2033.8478088   232.6815575
603.5869941   -2031.3146114   276.8551111
604.3583528   -2027.9316902   197.2086877
604.343962   -2027.5821686   200.8139044
604.1127248   -2027.7535915   193.1633055
603.951226   -2028.4054279   233.1062406
604.0076483   -2026.02005   205.8306336
603.8615164   -2027.8539658   209.8747045
603.818005   -2030.4863453   213.5626972
603.596177   -2035.217762   228.1459421
603.4681183   -2026.2115002   187.9738122
603.5089661   -2030.1318169   229.6603769
603.2611905   -2031.1460495   185.9461516
602.5476801   -2032.7825546   182.3897213
603.6341973   -2025.3093243   211.3948613
603.4841221   -2026.3516903   214.732036
603.5148474   -2031.4412117   218.1520611
603.3298746   -2028.0547142   217.5006866
603.3270983   -2030.3478241   221.0691124
601.5714566   -2029.7896862   281.9230258
603.374878   -2031.9168568   225.7491201
602.4916768   -2028.4609795   278.8238525
603.3747327   -2029.7088623   227.7515084
603.2188693   -2028.853178   224.0768075
602.6783353   -2026.9880295   183.2461655
602.0054724   -2025.9673595   179.4005185
601.9069339   -2034.1312885   179.6875596
600.9787685   -2032.6106548   284.3516767
599.624605   -2026.1204243   285.4262292
598.7913623   -2028.5978317   287.8581882
598.6958733   -2033.3416462   289.1402543
597.8675103   -2025.6135464   289.0804708
597.392852   -2028.7041664   290.5930877
596.8205845   -2032.6662064   292.3115492
596.2274541   -2026.0162354   292.2751904
595.5748679   -2029.6857357   293.9373553
593.5061386   -2031.6419601   297.3690331
593.952044   -2027.957201   296.3300049
591.9632649   -2032.8018665   299.6076345
592.3499721   -2029.106617   298.7632453
590.1264862   -2033.8814259   302.0446897
589.6290789   -2029.8810005   302.3757041
590.215071   -2026.473999   301.3959229
588.2156736   -2026.7853737   303.9035499
587.6445813   -2031.8911076   304.8326075
585.3205361   -2027.5373459   307.0856333
583.942073   -2030.9996605   308.6336851
582.1208069   -2027.0028114   309.9369407
580.0753506   -2033.9961052   312.0086789
579.0030864   -2029.491663   312.489897
578.935951   -2025.5644321   312.2010827
576.6184479   -2033.2512856   314.378202
576.0448361   -2026.5603065   314.0916526
575.6746987   -2029.8888683   314.6177232
573.299733   -2031.8243504   316.0969913
572.1232118   -2028.2709599   316.2793517
569.7484734   -2033.4777832   317.7970052
568.4183455   -2026.2136459   317.2044158
567.0437096   -2030.4305553   318.2312846
566.117893   -2034.9841118   319.121629
563.5582107   -2027.8189182   318.4161782
563.8871054   -2031.8672657   319.1179335
560.3447529   -2031.5198898   319.4482923
558.7306442   -2027.9164314   318.7015653
557.4117536   -2034.7695351   320.3699589
556.2572116   -2031.0657024   319.5177615
554.2587797   -2028.3412933   318.7729716
552.0111965   -2032.9596996   319.9025095
551.1159571   -2025.2854824   317.8492188
550.5406456   -2028.9959908   318.8530505
546.75774   -2034.9957943   320.5763102
547.2107092   -2031.014204   319.4326758
547.1712547   -2027.1294117   318.3935583
542.5413484   -2028.5241604   319.0247118
542.5263318   -2033.1187248   320.3859329
543.6106706   -2025.6509781   318.066597
540.9446666   -2030.5204391   319.7604418
538.7251238   -2033.6863995   320.9686279
538.2303195   -2028.8915634   319.6884394
535.0943031   -2025.980711   319.3474412
535.1386266   -2029.3343067   320.3296065
533.4000299   -2031.8522453   321.3070035
531.1198915   -2028.2392502   320.6780553
528.9196642   -2029.9708843   321.4960098
530.7381275   -2033.3323479   322.1757412
527.7534919   -2027.3005962   320.9172785
525.1490819   -2030.7850838   322.4183619
522.6220908   -2025.7019997   321.3071227
519.0115543   -2028.5196304   322.5364983
514.5006301   -2028.1689167   322.7435946
511.6217556   -2029.3960571   323.2871592
507.546817   -2028.2719135   323.0490983
502.050017   -2026.0109901   322.1181333
493.7284263   -2026.7205238   321.3948309
497.9853155   -2028.4590721   322.7258325
490.7068136   -2028.181076   321.5751648
495.0286346   -2031.5036774   323.7616718
487.3625609   -2026.8661976   320.2553391
487.5543164   -2030.0664902   321.8940198
483.8363948   -2028.2011032   320.1739192
483.1356453   -2030.919075   321.4811385
484.1791513   -2034.0707302   323.3352005
481.1939942   -2028.3679962   319.778651
480.2943888   -2033.1192017   322.2007453
478.4614044   -2027.848959   319.1217184
478.4546169   -2030.7357311   320.5809593
475.9380268   -2028.878212   319.2711174
476.1944907   -2033.0739021   321.6584921
472.9468199   -2026.1256695   317.7518249
473.272455   -2030.0586224   319.6157217
469.7558182   -2027.8363228   318.302691
469.7558703   -2031.2488079   319.9340999
470.9856408   -2034.2833996   321.6844499
466.7495834   -2029.6058655   319.0133274
467.0450362   -2032.9070091   320.6226528
466.5502059   -2026.068449   317.3947334
460.9909626   -2030.837059   319.5670247
463.4131911   -2027.6231766   318.094641
459.7690823   -2026.7424583   317.8348243
456.8566652   -2028.4528732   318.4939921
455.0812068   -2031.0518742   319.4422722
456.6030475   -2034.3053341   320.8807707
455.8861526   -2025.3267288   317.1609342
452.5835934   -2027.752161   317.9806471
452.6621225   -2034.0099335   320.5200732
450.6584974   -2030.8668613   319.1297948
446.7110457   -2032.340765   319.5468783
449.0342411   -2027.479887   317.6673949
445.406315   -2026.6878605   317.161411
442.2827335   -2030.005455   318.3996975
441.456032   -2032.5984955   319.4564283
440.2957382   -2026.6451836   316.8942034
437.7630474   -2029.6897888   318.1266189
437.6029196   -2033.3306789   319.6411431
435.3945377   -2025.6991386   316.3365424
433.1475618   -2030.8771133   318.4553385
431.3400062   -2026.5312195   316.5422976
429.8038455   -2031.7213535   318.8134134
428.0958595   -2034.9197388   320.2690184
425.5053224   -2032.6354504   319.2741871
426.0528507   -2027.5216103   317.1000481
422.2133728   -2031.3692093   318.6800182
421.9016554   -2027.664423   317.1279728
419.0877201   -2031.3768387   318.5663223
417.7568378   -2027.4710655   316.9140518
416.2790301   -2034.6095562   319.5880055
415.8001664   -2030.9042931   318.1761503
413.1232174   -2027.4085999   316.5531754
412.438226   -2031.8918228   318.2381392
409.0902778   -2028.9690495   316.6269958
409.2182489   -2025.482893   315.2439892
409.2808785   -2032.638073   318.0430532
406.5225097   -2034.995079   318.325758
404.9605402   -2031.2576294   316.5774345
405.7528796   -2026.7009735   315.0168359
401.665059   -2027.7645588   314.2972887
400.237036   -2031.9404602   315.4143691
397.8152993   -2029.0930271   313.4270906
396.9129296   -2032.2778225   314.2571151
395.4950394   -2026.999712   311.5784228
394.6243199   -2034.5137119   314.0031993
394.1623392   -2030.6909084   312.345475
392.0883211   -2027.182579   309.7890615
392.0869949   -2033.8068008   312.333405
390.5229243   -2031.5489769   310.4804158
389.4802304   -2025.6874561   307.4315488
388.5578784   -2029.1185379   308.0880642
387.5115337   -2032.8395367   308.6163998
386.5666958   -2026.5572071   305.3191304
384.7531202   -2031.7139626   305.4468632
384.5494809   -2025.4569054   302.8104603
383.9477869   -2028.2840729   303.2196164
382.3011639   -2032.1996212   302.7179539
381.4167502   -2025.7935524   299.1274893
381.4499053   -2029.8883915   300.7083237
380.3671422   -2034.2411995   300.901413
379.090366   -2028.8181305   296.954006
377.9346468   -2032.4270725   296.6277003
377.8035613   -2025.9988308   293.9644754
376.0707947   -2032.1531296   293.9639688
375.7156702   -2029.1011333   292.2835648
374.5131465   -2026.7231464   289.7553444
373.5499652   -2029.9601555   289.8513973
371.7545988   -2032.6166153   288.6048853
371.7693808   -2029.5968056   287.4170244
370.1205524   -2034.9862576   287.4850035
369.1458227   -2031.6121578   285.0072086
370.2422502   -2027.8396606   284.750104
368.5880872   -2027.2088051   282.3702395
366.6977706   -2032.2391987   282.3731303
363.8158264   -2028.7368298   277.4928808
364.0222075   -2033.0414772   279.6108723
362.8242733   -2026.0488987   275.2383947
360.8190241   -2032.3967934   275.8941054
359.9392297   -2028.6896229   273.2573152
358.2467409   -2026.1921883   270.0320184
357.2060736   -2033.5144997   272.6982534
355.8986457   -2030.5869579   269.772619
355.8699759   -2026.3047218   267.26982
353.4591021   -2034.3809128   269.1504359
353.8279506   -2030.4927826   267.3240006
352.8430136   -2027.2717476   264.1507387
350.9196761   -2031.7795277   264.6293044
349.5408418   -2027.9643536   260.2505982
347.5150736   -2030.1685333   258.9291036
348.123339   -2033.9205265   262.3817623
347.151679   -2027.1298885   256.0451329
345.6710698   -2026.1523724   252.6195049
345.5697569   -2033.9782238   258.6246431
345.4644503   -2031.2099457   256.3332617
344.436002   -2030.1504135   253.4592748
343.4502902   -2029.7031403   250.7425547
343.6783674   -2034.0604782   255.1241815
343.1306156   -2027.9438496   248.0420321
342.6442715   -2032.7253342   251.4918447
342.6572504   -2026.4070034   244.7382808
341.70751   -2031.9976807   247.8425056
341.4983871   -2028.0399323   179.6055138
341.2815305   -2026.0426998   182.6352477
340.715644   -2031.8787098   243.5734421
341.0761329   -2028.5413265   240.3296977
340.8052596   -2027.3730755   236.752212
340.3854045   -2035.1865292   246.5568632
340.4488238   -2026.968956   233.7474078
339.0583368   -2032.0615768   180.298686
339.5865532   -2029.5646191   182.0699573
339.5281108   -2026.6275406   186.2473488
339.8029479   -2031.334877   236.7901355
339.3534096   -2027.8131962   228.5222411
338.8159844   -2032.8202248   232.7770591
338.7834998   -2026.0193348   223.1786996
338.1210538   -2026.7341137   190.4591322
337.3290571   -2029.8340321   187.9809797
336.8221196   -2032.2823524   185.862273
337.9507037   -2029.7210217   223.6083895
337.8428193   -2032.6025486   226.4262289
337.8099772   -2035.089016   230.1876247
337.8292593   -2028.1713009   220.9037989
336.5628096   -2027.3516178   196.4937747
336.8037912   -2028.0520916   193.2542771
336.8318947   -2028.4397602   216.1618471
337.1877643   -2025.5405903   213.2589221
336.2581702   -2026.9181728   200.8652836
335.8042809   -2031.1501026   191.4720386
336.5113112   -2033.9744091   221.3913202
336.6911682   -2031.0723782   218.8871056
336.1872407   -2026.7865658   206.2702924
336.2182053   -2027.7607441   211.0899538
335.7615443   -2031.3222408   214.4773602
334.3513878   -2034.8191261   190.563634
335.1196321   -2031.4588547   194.3536252
334.4338509   -2031.8408012   198.7077743
334.9372121   -2031.0707092   208.3741874
334.9892768   -2030.0173759   202.8804868
334.3628617   -2035.1648331   212.3623788
333.3232077   -2034.6448421   203.1260133
333.1834944   -2035.0418091   198.1530339
522.4622833   -2033.8110924   323.6983418
517.7710178   -2035.0036621   324.5492876
517.9720344   -2031.5725803   323.5384524
514.3381628   -2034.1649055   324.5857358
509.4612213   -2033.0593586   324.5886862
505.5219503   -2034.5711708   325.2482414
505.8888095   -2030.6389332   323.8753378
501.1825832   -2034.4805717   325.3467381
501.7929497   -2030.8558941   323.9615262
498.3774322   -2031.6317081   324.106127
497.0218884   -2034.8427296   325.3776729
492.8472983   -2034.9535942   325.1360357
488.3197444   -2035.2044106   324.650526
