988.192794   -2634.0239048   8.9572417
987.8261956   -2644.2372799   16.0649456
986.8011745   -2640.4354572   14.5534771
988.1615313   -2659.1768265   29.9425907
988.2596108   -2651.4766216   22.2065281
987.8035756   -2648.1020451   19.7104141
987.8356429   -2653.8183689   25.3914408
986.8598553   -2656.058073   29.5031536
986.3019558   -2629.4915676   8.9005427
986.0955747   -2635.8733177   12.4329254
986.4152344   -2643.8987255   18.2050839
986.9891378   -2651.4956951   24.832733
984.7632321   -2647.8550434   25.6144311
984.7417744   -2632.0006847   11.9701894
984.769729   -2650.5901814   28.3801965
985.7511791   -2653.9647579   29.7785699
984.3503209   -2644.6614265   22.7714237
984.5001372   -2639.3313408   17.1339307
984.205273   -2642.6324844   20.8796822
983.51523   -2627.9654503   11.3526378
983.3895238   -2634.9473   15.5243175
982.6077195   -2645.7128525   27.7683865
981.3883873   -2629.5397282   14.9629768
982.8608903   -2639.8813725   20.5715001
981.4789566   -2636.2030506   19.4089152
981.0996326   -2640.0702   24.1962224
980.8955761   -2641.7396069   26.6835969
980.0854894   -2632.2462559   18.5495093
979.9167486   -2636.9202137   22.929633
978.6875816   -2633.5780621   22.0301822
978.4198674   -2628.4275055   18.537987
978.9572331   -2641.7729855   30.9838746
987.6201721   -2720.9105492   109.4252616
987.7989861   -2685.7907772   70.3988597
987.6336726   -2709.0623379   99.0989432
987.433997   -2684.5140457   64.3571615
988.03961   -2735.373497   125.0587851
988.2212254   -2675.0633717   44.1377908
987.5423881   -2666.7098999   37.2695439
987.6317354   -2714.766264   103.9016098
986.5613254   -2691.110611   85.1959214
988.1173941   -2679.5806885   50.7059246
987.991211   -2664.6931171   34.9778272
986.2151118   -2687.599659   79.5296729
985.9277876   -2686.3665581   76.2468725
985.9692725   -2711.4059925   101.9874737
988.1225499   -2661.9050503   32.4234739
987.8290566   -2742.5355911   141.6808516
985.6670173   -2688.8186932   82.3729858
986.4617559   -2730.0238609   120.2749163
985.9755012   -2726.2551785   116.5942699
985.5222376   -2722.769022   113.2860631
985.2904948   -2705.0859928   97.2030163
987.6396926   -2741.3389683   137.4966502
985.8863624   -2716.6585922   106.7395285
985.5838986   -2681.9536686   59.7776212
985.5596098   -2683.1314564   63.0745739
987.7428683   -2738.3525372   152.2478908
987.4089035   -2739.9237156   134.3798637
988.0784722   -2741.3113117   149.1002291
987.4939891   -2729.1507721   169.8007435
987.7971383   -2733.7887287   162.5104994
987.2938367   -2740.2839661   145.3288645
985.1000281   -2695.7056522   90.5539021
984.975216   -2693.0463314   88.1767571
986.0341521   -2680.0324917   54.9925081
984.4897362   -2700.6020546   94.3277404
986.0820743   -2732.2351933   124.3880764
986.2019988   -2670.0084209   42.2011577
986.5199598   -2672.4960804   43.9631343
985.0176545   -2684.2095852   68.1675673
987.7245101   -2735.142231   158.6568207
985.1153167   -2685.2283478   72.6249218
987.3290034   -2735.6159687   154.4719785
986.2855347   -2666.4876938   39.3859521
985.8453842   -2677.3257256   50.7539287
986.3240691   -2675.1558781   47.1257418
986.4312383   -2736.9055748   131.2379092
986.043063   -2734.4071865   127.649948
986.8969592   -2729.7096252   164.192155
986.0364171   -2657.5062275   32.7170044
985.4812893   -2660.1996422   36.1916125
987.1908399   -2738.3539677   148.7794369
986.5963729   -2739.3648624   140.2599663
985.8924719   -2729.0985584   157.6313525
985.8084293   -2727.8130054   159.8464996
986.3795313   -2735.0182533   149.4554132
986.125079   -2730.7262421   155.7196677
986.581144   -2726.51577   168.0571288
986.2746867   -2723.3397961   171.5466529
987.9915985   -2727.9474735   175.2953231
985.9803291   -2737.7588749   136.2566948
983.9079352   -2707.930088   100.3300324
984.4171377   -2713.3619785   104.7665402
983.9633378   -2717.6909447   109.4880998
983.827171   -2720.3552723   112.5077978
985.6071147   -2731.6408157   150.6230086
985.7399436   -2735.1913452   145.2845335
986.0806438   -2726.6423702   164.1492248
985.0496026   -2655.2946568   32.6837301
985.3199097   -2735.6915474   141.1148757
985.6882664   -2722.9492664   168.3276296
984.2696758   -2733.1643105   131.5998137
983.2537743   -2688.9052391   84.1830149
982.131687   -2690.6034946   87.1652067
983.6871   -2671.226263   47.124546
983.6857291   -2728.6431789   123.9255965
983.4052893   -2726.0050774   120.41495
983.6437973   -2674.5955944   50.6341308
984.2955145   -2661.0434055   38.9683843
983.5267933   -2667.1283245   44.1305339
983.4277304   -2663.6245251   42.0170203
985.373077   -2719.6412086   171.8290895
986.6512986   -2722.6111889   175.1317084
983.3741459   -2686.0079765   78.3768222
982.4727448   -2686.9359016   81.4306885
984.5896932   -2734.3261242   133.8603199
985.41334   -2729.1285992   153.9868116
983.8261279   -2730.7846546   127.5500655
984.8972829   -2724.2324352   160.6556624
984.4313236   -2720.8178043   163.9674604
983.2082363   -2676.8937111   54.3651283
982.8567179   -2678.8563728   58.1590757
983.6199554   -2732.1097851   137.1236145
982.6663705   -2722.5444317   117.0187369
982.5335415   -2710.1979256   103.3426598
981.8060669   -2684.5090389   75.6454021
984.7376915   -2726.064682   156.0489982
982.8602942   -2714.6644592   107.4438244
983.2188459   -2651.1116028   32.2608799
984.3462976   -2731.5397263   144.1363692
984.6180352   -2719.1588879   167.9561138
984.1068061   -2726.7611027   150.7197022
983.9868816   -2728.7595272   146.9020844
982.0046993   -2680.2885532   62.3018183
984.3704375   -2716.0484791   171.4421809
985.5495962   -2716.6554928   176.6291857
982.0673438   -2703.9685249   98.1598422
981.8813773   -2696.3326931   92.4135819
981.5912815   -2698.7159252   94.364576
981.7749532   -2683.375597   71.6078952
982.1487638   -2693.4702396   90.0526419
983.1864508   -2654.3366909   35.8255766
983.0993982   -2657.0267677   38.2567123
980.7203086   -2681.3447475   67.0805126
983.7794574   -2723.4218121   155.1285237
983.4511849   -2715.8513069   166.53274
983.2086834   -2719.2251682   159.3417227
981.8349751   -2712.1031284   105.8582887
982.1018847   -2718.120575   112.2420579
983.4919246   -2711.6155624   173.1049269
982.9949709   -2712.3038769   169.6795821
982.8893515   -2728.9252281   141.0607249
982.7232631   -2726.9451618   143.7103897
981.6286238   -2661.7970467   43.7694974
981.4214977   -2657.3154926   41.4013155
982.1082624   -2728.6221981   130.7966411
982.2510751   -2729.1071415   134.2658848
981.9629761   -2672.3589897   50.7805049
982.3755892   -2724.0126133   146.7081457
982.7796789   -2722.2204208   151.4798254
981.5037223   -2648.6909389   33.524856
981.2765392   -2646.1861134   31.064542
982.172397   -2728.3625603   137.4642104
981.2432798   -2715.480566   110.2684885
982.4103089   -2718.6419964   155.7282805
980.0939532   -2706.4921856   101.9160971
980.6629988   -2700.340271   96.1116254
981.7655357   -2727.0417213   127.2859722
981.2934371   -2668.6410904   48.6099795
981.5068515   -2725.1706123   123.9923164
981.2995466   -2664.1025543   45.6123799
981.7995103   -2709.25951   168.2091206
982.4334057   -2706.9745064   174.2949784
984.7160252   -2712.0294571   177.8622568
983.2561287   -2706.9716454   177.4717569
981.777248   -2714.1537666   159.8504335
982.4882718   -2712.9218578   165.9790725
980.9297296   -2722.7077484   121.0281625
979.6437892   -2685.1873398   80.3221315
979.3075594   -2687.330246   84.6587569
981.2391373   -2650.4180431   36.0767916
980.9600087   -2673.630476   53.6509305
980.8541211   -2676.1500835   57.1218356
981.253949   -2653.6765099   39.0594564
980.4706844   -2718.583107   115.569517
981.3634726   -2725.6271839   139.4416392
980.2176627   -2712.6171589   108.2703322
979.8697206   -2677.4134636   60.5736487
981.541005   -2718.2044983   151.7830193
981.1831387   -2718.7662125   148.8297284
981.038359   -2722.8932381   142.5627023
980.1850887   -2720.2687263   118.7655553
979.3865653   -2709.4328403   105.7056189
981.1549159   -2709.4869614   164.3896848
980.7566377   -2710.5431557   160.4300439
980.6843968   -2719.8271751   145.123288
981.2894138   -2726.585865   136.1020058
981.05329   -2726.4175415   133.5401088
981.3139411   -2715.0409222   155.8324397
979.1773828   -2690.5386448   88.7472928
979.0497395   -2693.9327717   91.9119641
978.9359244   -2702.3892403   99.0792215
980.1088842   -2724.3855   130.7208836
979.9724492   -2716.0608768   113.0064279
979.2760285   -2678.8156033   63.9448538
979.1250499   -2669.4951057   52.5626689
979.6689125   -2697.1297264   94.2243189
978.7868234   -2682.3682785   73.8410354
980.2502962   -2706.5727711   164.3958539
981.1334284   -2704.7088146   171.6644913
979.8008474   -2703.4420967   167.1646535
980.1929566   -2710.644722   157.1347564
980.2236529   -2723.9816189   126.8940717
979.0476831   -2657.3450565   45.1592356
978.9045127   -2660.0263119   46.8456373
979.8627766   -2713.561058   150.669381
980.0956818   -2716.3681984   147.3314166
979.5465144   -2721.94767   124.4295314
980.3668531   -2647.6194859   34.6706398
978.9458188   -2664.2456055   49.1601303
980.0182255   -2667.6065922   49.8370528
978.4672829   -2652.6141167   43.0769958
979.8561009   -2723.1562138   135.7291192
979.6305867   -2721.2190628   138.6322379
979.7641309   -2711.4493847   153.5023451
978.8511964   -2644.9978352   34.9318944
979.6287688   -2650.5584717   39.4582897
978.7319573   -2713.3488655   111.5006655
979.1934463   -2647.7923393   37.6294069
980.118719   -2707.5269222   162.1457636
980.3194674   -2700.353384   174.1115153
979.3942245   -2700.7648945   169.3456173
981.7392799   -2703.2237053   176.0271341
979.5771512   -2719.5789814   141.055122
978.8859161   -2719.6249962   121.6123998
979.5833202   -2708.3675861   157.7169597
979.2944761   -2716.561079   143.6517686
978.3946546   -2717.4263   118.7115684
978.6132845   -2695.1293945   174.2063165
979.5488688   -2695.7376003   177.3150116
981.2476905   -2699.6304989   178.5455346
979.0082248   -2704.9999237   160.4645699
978.6435338   -2721.0505009   128.0667931
979.0936383   -2713.6898041   146.4990675
978.6118837   -2719.7158337   135.9475702
978.373495   -2692.0890808   177.3902625
988.2333847   -2655.1167965   229.2767018
987.5698658   -2669.3475246   221.0841477
987.1296557   -2631.5851212   230.1496714
988.0942079   -2685.8372688   209.6989453
987.6847538   -2662.5885963   225.4224271
987.9573854   -2638.7631893   231.2550992
986.9745346   -2649.8556137   228.7866473
987.0749982   -2681.1306477   211.2116665
987.5080856   -2645.5368996   230.4059863
987.9369708   -2674.0128994   218.3928192
988.1834956   -2693.5138702   204.4501901
987.2009131   -2676.9144535   214.6631777
987.3732897   -2694.0410137   201.8416524
986.2063202   -2641.3075924   228.7563235
987.1094795   -2699.2499828   196.771726
986.6659912   -2696.1123943   198.2709318
987.7429875   -2724.3552208   179.1328937
986.6027506   -2686.7833138   205.6414932
986.8419441   -2658.2074165   226.0997742
988.0014034   -2717.386961   186.3670647
986.9862171   -2627.9284954   229.7263443
987.8239306   -2721.091032   182.9701811
987.6615974   -2713.1011486   187.6322329
987.4234768   -2703.0074596   194.479093
987.506208   -2706.8724632   191.5022731
986.0609444   -2636.0378265   228.7283242
986.4427122   -2664.8073196   221.9815999
987.3217317   -2709.8309994   188.689068
987.0400997   -2689.7406578   204.4605166
985.5881008   -2653.5387039   225.5823612
986.7837401   -2673.6862659   216.3353115
985.8996543   -2683.3856106   206.9387287
986.8707629   -2717.877388   181.4105809
986.5618023   -2714.0603065   183.1274182
986.9626435   -2721.3797569   178.423509
985.8829053   -2670.5775261   216.8034166
986.150411   -2693.8233376   198.8692135
985.5107339   -2660.7387066   222.4688828
985.939649   -2710.060358   183.934778
985.0267144   -2666.4202213   218.0811018
985.2922829   -2645.5526352   226.9989997
985.9641167   -2703.0670643   189.9917275
986.1656102   -2707.0808411   187.1060282
986.0751303   -2699.8941898   193.2411939
984.8485859   -2676.7134666   209.7988278
985.193369   -2673.0649471   213.4032845
984.5799776   -2628.841877   226.303488
985.2744909   -2632.5998306   227.6045978
985.6284829   -2695.7194805   195.953548
985.0342544   -2697.0949173   193.1729764
984.2992397   -2679.153204   206.6978812
985.5045351   -2690.4895306   200.1047581
985.0100251   -2687.1976852   201.6344666
984.3976172   -2649.0864754   224.679336
984.4742092   -2656.550169   222.3746777
984.4635995   -2684.8835945   202.2587955
984.5934483   -2662.8148556   219.5273638
983.9990111   -2638.6072636   225.5235463
984.1558608   -2642.326355   225.4662663
985.2019521   -2704.2248249   186.6117716
984.4651791   -2705.3732872   183.2130104
984.1468605   -2692.1486855   195.4565048
984.5671328   -2699.21422   189.6809191
983.6885902   -2633.9242458   225.0547707
984.1350885   -2701.4036179   186.1671954
983.719823   -2681.2036037   203.734681
983.3736988   -2668.1144238   213.0693644
983.9487346   -2695.1162815   192.1593547
983.3488139   -2652.2636414   221.8728811
983.5051867   -2659.3225002   219.1657126
983.2041236   -2687.2301102   197.5555867
984.3518706   -2707.9658508   180.4139763
983.1851991   -2645.1089382   223.5408425
983.2518669   -2701.8454075   182.8288436
983.3168658   -2672.2700596   209.7985595
982.8639003   -2662.6520157   215.786919
983.2639071   -2684.0472221   200.3056258
982.7106269   -2674.8812199   206.3783705
982.6567145   -2630.869627   222.9853272
982.4433895   -2627.8650761   222.170949
983.3284887   -2698.4903812   186.842069
982.4093255   -2655.151844   218.8712955
982.3071035   -2648.1533051   221.1158872
982.2798046   -2641.0450935   222.3994583
982.5369688   -2692.2287941   191.4103329
982.0042821   -2689.0866756   193.1308508
982.0162328   -2697.5998878   183.6704314
982.1972223   -2636.9593143   222.4311531
981.722829   -2694.0386295   187.2214675
981.8803938   -2677.2258282   202.6269287
981.8073186   -2680.7720661   199.7023821
981.1285111   -2633.3928108   220.2029824
981.6324385   -2657.9091549   215.7557309
981.8947884   -2667.8693295   209.6765637
981.4682873   -2663.6416912   211.6238624
981.4019772   -2651.0050297   218.3741629
981.7076298   -2671.1473465   206.7638934
981.3412102   -2682.5399399   197.3454356
980.7096394   -2684.7860813   193.8993782
981.4695688   -2644.3729401   220.2313542
981.0799035   -2660.1541042   213.0263299
980.9586676   -2673.1231213   203.463763
981.155959   -2630.2051544   219.7380215
980.9442135   -2689.7695065   189.7900999
980.6292626   -2653.7270546   215.4565752
980.5740985   -2646.9938755   217.7546173
980.819461   -2639.9359703   219.6602076
980.7831319   -2635.9548569   219.6540087
980.9097322   -2667.5658226   207.2627842
980.0294908   -2694.3306923   181.1164916
980.475274   -2687.0996952   191.2065893
980.7848903   -2677.5429249   199.8107135
979.9450608   -2674.7381687   199.8070329
980.100778   -2680.8934212   195.8185136
979.7666045   -2677.6375771   197.4968016
979.6022745   -2688.8129711   186.797604
979.2142185   -2690.4060841   183.378756
980.17585   -2669.2056656   204.1587979
980.3488525   -2663.8760567   208.2583308
979.8845323   -2656.2793255   212.0463252
980.3824695   -2627.4108887   216.4277285
980.1164838   -2643.7249184   217.433691
979.9791845   -2660.1581573   209.8089159
979.7535809   -2649.6145725   214.9355561
979.7088178   -2631.5767765   216.5256292
979.9564453   -2638.2350922   217.7511007
979.385403   -2670.9260941   200.9948194
979.472992   -2685.7497692   189.7646189
979.431835   -2665.0004387   204.794988
979.6345504   -2635.0564957   216.9208676
978.5715612   -2681.7760468   191.0685003
979.2900952   -2652.2498131   212.5896662
979.2469414   -2641.0286427   215.8254385
978.9507362   -2645.0126171   214.2329514
978.7166389   -2629.7581196   213.189736
978.7884029   -2660.1912975   205.9064955
978.6540838   -2666.9559479   201.4200389
978.3845516   -2677.8590679   193.8590258
978.4482094   -2690.5276775   179.9877435
978.7405702   -2656.7194462   208.1100792
978.7006351   -2637.4926567   214.6883309
978.3927473   -2652.9242992   209.3868405
978.4883829   -2633.8279247   213.8786465
987.7194735   -2479.4170856   16.7268086
988.2043274   -2481.287241   12.2830793
986.4623221   -2475.2066135   24.0298007
985.3862794   -2476.639986   20.1193374
986.6655441   -2479.5200825   15.2434697
986.6041812   -2473.190546   27.835615
984.7034486   -2479.2191982   13.8336588
983.5888418   -2480.6427956   9.428109
987.2604581   -2482.5043678   8.3438661
985.0896569   -2478.1863689   16.6531503
983.5166904   -2473.2766151   24.2725536
984.0531024   -2471.2941647   27.9962216
982.2814139   -2476.6390324   16.5942572
981.9870862   -2474.3742943   20.5745082
981.4432236   -2478.5351753   11.7560104
984.5957132   -2482.0070267   6.9575603
980.1549884   -2471.4660645   23.116244
981.5862449   -2470.1285362   26.8052239
981.9131466   -2481.3961983   5.6109629
979.8791083   -2479.3660641   7.8922817
979.059753   -2473.4327793   18.5795482
978.9831909   -2480.4141521   4.2424556
981.5499457   -2482.4821949   2.2350778
984.3503805   -2483.1309319   3.7361484
982.3983284   -2467.3113823   31.4784758
978.7190231   -2481.6448689   0.5663818
980.1073345   -2483.2687378   -1.8433838
986.720738   -2469.8805809   33.1630036
987.4145957   -2462.5983238   162.41014
987.8327819   -2439.3451214   145.6335634
987.9556867   -2449.7559071   152.8597027
986.9721504   -2453.5508156   155.843839
987.19987   -2457.0362568   158.3212167
987.2612032   -2422.068119   134.261176
986.1759814   -2476.0556221   172.2571701
987.6299771   -2453.8128376   55.3359836
986.907241   -2455.8999538   51.5602343
987.4507161   -2432.7366352   141.4249688
988.1561371   -2431.281805   78.9132938
986.8825945   -2433.6497784   74.7639909
986.451176   -2467.2060013   36.6322771
988.3213314   -2440.8175945   70.9395781
987.5366958   -2442.3186779   68.1067482
986.2819286   -2428.630352   139.4786835
988.1328615   -2403.9549828   114.4840494
988.3519682   -2404.0830135   101.39063
986.733404   -2467.7557945   166.3482785
986.8378314   -2413.4759903   127.740249
988.0236658   -2415.3833389   91.1249667
985.9954389   -2442.7492619   148.702383
987.1732863   -2405.0953388   118.5210198
988.234994   -2402.4848938   108.1016809
986.9407686   -2458.7111473   48.1345728
986.4781471   -2445.4257488   63.1945208
985.6255921   -2447.4024773   59.5498346
986.0907169   -2460.981369   44.108171
985.0375923   -2470.3681469   168.2500094
987.6713725   -2421.2014675   86.066924
986.4695939   -2416.6297913   86.6030753
986.5955981   -2443.454504   65.3852075
987.428573   -2424.5319366   82.9874948
987.6220795   -2401.7148018   111.4034802
986.145136   -2416.749239   131.2299669
986.6285297   -2419.4149971   132.8046173
986.6833361   -2427.9019833   78.9525509
984.6261712   -2446.5441704   151.656583
986.4186915   -2409.7955227   124.8914674
985.16458   -2459.2382908   160.2586061
987.7218279   -2401.4358521   103.015922
987.3750778   -2400.2699852   105.7191193
987.1546002   -2406.481266   94.5481285
987.2873696   -2403.1691551   97.7778658
985.7707592   -2435.7910156   71.120888
986.4885779   -2407.0086479   121.8951195
985.3112372   -2435.1680279   144.1238672
984.4274791   -2423.9246845   137.6777589
984.8189028   -2450.1626492   55.0246015
987.1072742   -2410.1107121   91.9805095
987.3393448   -2401.1688232   100.6127223
986.0201152   -2439.2924309   68.4270561
986.8797632   -2399.4710445   109.0412885
985.3447052   -2430.5775166   74.6060535
986.3925847   -2399.9028206   113.07206
985.4871007   -2401.1645317   117.2725186
986.0019656   -2411.2882614   88.5749236
984.7904118   -2450.1624107   154.0464163
984.7934517   -2465.1455879   164.5476222
982.9696985   -2438.6241436   147.1699625
986.5161153   -2398.2188702   102.5112197
986.0919984   -2420.5849171   83.2092389
984.9162074   -2453.5703659   51.1812009
985.1913127   -2440.8929348   65.5601919
983.9843186   -2430.9978485   142.229259
985.6990846   -2425.5919456   78.9266005
984.3785437   -2421.6413498   79.1460052
982.7817651   -2462.0406628   162.4544114
983.3624633   -2473.443985   170.3562587
985.8712228   -2396.5761662   106.7414731
986.2767728   -2399.0790844   98.3542129
984.2273863   -2462.4202251   39.7129878
985.3776666   -2401.1111259   93.370609
984.1205748   -2418.9250469   134.6003264
983.8259491   -2455.8722973   158.0867022
984.5625135   -2403.4173489   121.1668774
985.7641133   -2406.5599442   90.6760767
982.6638075   -2452.327013   155.9008956
984.977332   -2456.597805   47.7047153
985.6195124   -2397.012949   110.1313755
983.9027794   -2410.0186825   128.1171739
984.0476187   -2413.3341312   130.5892915
983.4007593   -2467.6933289   166.4012223
984.5363172   -2427.40345   75.5501762
983.8530692   -2441.8487549   62.5020266
985.2950545   -2398.7772465   114.7663295
985.1764115   -2395.2364922   99.5781124
984.9830242   -2393.9840794   103.3956707
983.5326644   -2406.0053825   125.1506805
984.9455031   -2416.5859222   83.349213
983.9709374   -2411.7209911   83.8793218
982.2552773   -2463.9775753   35.3614017
983.0901595   -2427.331686   140.5059546
984.8314794   -2396.2268829   95.9095731
982.601014   -2476.498127   172.3933667
984.4182404   -2479.1090488   174.2886603
984.2859479   -2396.0163593   112.9939407
983.6297902   -2415.6811237   132.7008009
983.240542   -2417.6414013   79.2826638
983.2908782   -2436.7318153   66.3186982
984.5375391   -2407.5875282   87.0674551
982.1520122   -2442.7449703   149.9495655
984.4339462   -2394.2415714   109.5929816
984.4250949   -2393.1212425   106.6167429
983.1515523   -2432.6004982   69.464609
984.0942594   -2403.2905102   88.3233845
982.5681122   -2423.5405922   74.6349692
982.3230179   -2397.0222473   118.3111444
982.5997325   -2399.4503021   120.3731075
983.4759506   -2395.6356049   91.8726474
983.519909   -2399.2106915   89.3155783
982.7503236   -2428.7290573   71.5826899
980.9977981   -2433.4914684   144.9036449
983.6741658   -2390.8102512   100.108631
984.1586324   -2393.2971954   97.2297043
981.0098978   -2458.4646225   160.148412
983.1147762   -2457.9677582   43.3750562
979.938862   -2469.9463844   167.8563058
983.3900305   -2390.1979923   104.7079414
983.0515357   -2454.4568062   47.2531691
982.4020537   -2412.6677513   79.9373761
983.0081435   -2451.2178898   50.8971661
983.2432839   -2392.7800655   93.793422
982.0152494   -2446.5799332   54.5354746
980.3827079   -2465.3382301   164.8041159
981.6199812   -2448.748827   153.7878662
982.9194518   -2444.1912174   58.559455
980.9250804   -2445.574522   151.9689709
981.8286272   -2401.9520283   123.6170754
982.7081534   -2405.3635597   83.7560967
982.9753014   -2390.7647133   108.5289866
982.5634929   -2392.2009468   112.127088
981.1641546   -2420.5317497   137.4353766
980.078158   -2424.3564606   140.228644
981.5301868   -2419.5995331   74.950397
982.1743342   -2394.037962   115.1286438
981.215653   -2459.5017433   38.9590114
983.0512079   -2390.7744884   95.8057046
982.0073517   -2416.0776138   134.1711134
979.9430939   -2417.7241325   136.462152
982.3988947   -2400.3660679   85.5947286
981.8069013   -2410.8667374   130.7171732
981.6573533   -2413.4912491   132.7009648
980.5226596   -2428.9288521   142.6134109
981.8225773   -2408.7433815   80.1727697
980.3326698   -2407.1791172   129.1327327
979.8219772   -2454.7417164   157.8257829
981.7082556   -2385.6475353   102.4291068
981.9650026   -2386.9628906   97.3149687
980.3801151   -2403.6443233   126.4008582
982.0201667   -2396.0564137   87.3219967
981.6574129   -2391.9816017   89.4119963
981.668708   -2387.1431351   106.8893
978.8654419   -2474.8411179   170.9760576
981.5117391   -2433.6123466   66.1179647
981.2757941   -2437.7381802   62.1687882
980.8787676   -2415.48419   75.4826814
980.4572435   -2394.3595886   118.291609
980.5771085   -2430.1590919   67.0248643
980.2015396   -2454.8025131   42.6932052
981.1280342   -2452.3146152   46.8028784
981.4536246   -2388.2982731   92.4685225
981.1422499   -2441.814661   58.1475794
981.1359318   -2449.0520954   50.4193753
980.6741747   -2388.0081177   111.0077202
979.8814925   -2440.1807785   149.0368247
978.4036251   -2436.8898869   147.5412548
980.1070067   -2425.9941578   68.8964054
981.1516675   -2401.5033245   81.6374794
980.8766218   -2404.5553207   79.5290694
978.8329872   -2451.0071278   155.5986106
980.0731214   -2479.1266918   173.8652736
980.4083081   -2399.222374   122.7841228
980.2455875   -2396.946907   120.9385991
979.5556041   -2421.5931892   70.2119619
979.9862476   -2390.6159401   115.1338816
980.6715222   -2410.9563828   76.765649
980.7570549   -2397.0985413   83.1255838
979.2073938   -2461.3873959   34.3770236
980.1398488   -2392.4555779   84.5411494
979.3795022   -2414.8190022   134.9371076
980.6066724   -2382.7512264   98.4406769
980.4437431   -2383.9752674   94.0091535
978.9732071   -2400.6237984   125.2072155
980.249879   -2407.0162773   76.9914091
978.8050922   -2410.7611179   132.6105893
979.9424382   -2382.737875   105.2855626
980.1472994   -2382.0559978   102.9490232
979.8856052   -2384.8669529   108.5728779
979.8798534   -2387.9532814   87.2743428
979.1750284   -2417.2298908   71.1179897
978.821096   -2435.8234406   59.8855652
979.962078   -2385.0781918   90.2585685
979.2112979   -2439.5222664   57.135947
979.2020889   -2457.4198723   38.5654569
979.9204739   -2401.4701843   78.3345178
979.6211096   -2398.162365   79.2288929
979.3113443   -2443.2020187   53.8222454
979.2327257   -2450.1595497   46.3376977
979.2743   -2446.8827248   49.9368124
978.9228412   -2412.6882553   72.0007569
979.3059202   -2403.6581516   75.7282749
979.1561934   -2394.2382336   80.3952739
978.4627827   -2387.6485825   114.5190001
978.6157878   -2407.365799   72.6711825
979.3043705   -2379.740715   95.1289237
979.0368649   -2378.3864975   98.3209908
978.3964428   -2427.5150299   64.8995638
978.9161059   -2381.3788891   90.1011452
978.4287783   -2381.5171719   107.6290384
978.7084731   -2388.8425827   82.9940289
978.7209304   -2391.2887573   81.2168196
982.6064976   -2481.5626144   175.7736951
979.6314212   -2482.7127457   176.090017
978.9059731   -2384.0968609   87.251015
978.5836311   -2399.5354176   75.545013
986.3015088   -2482.5451374   176.7900139
982.5122925   -2484.4100475   177.6075661
988.2428619   -2556.1079979   -13.2372286
988.1781312   -2484.6498966   2.7984285
987.8415438   -2569.4587231   -3.8720942
987.456915   -2537.2581482   -40.9751274
988.3638891   -2531.018734   -52.3788258
987.5975224   -2562.8046989   -7.7380491
987.6652332   -2495.2740669   -39.398402
988.0963834   -2549.5214462   -19.3974543
987.2533055   -2486.947298   -5.6084692
986.7010089   -2488.0008698   -9.9166436
987.8900322   -2543.1106091   -28.1211138
987.3374375   -2485.7723713   -1.5602408
987.3341592   -2535.1657867   -44.9144319
987.1088537   -2491.3449287   -21.9451673
988.1269606   -2496.9263077   -48.2336096
987.2783693   -2498.8434315   -60.3928156
987.1213111   -2498.3208179   -56.7657128
987.8715845   -2611.959219   2.1718764
986.6683754   -2616.2536144   4.2858175
987.661806   -2494.3065643   -34.4277136
986.1797961   -2539.989233   -33.1841558
985.9333607   -2607.2027683   3.0848261
986.8457886   -2591.3524628   1.1696814
986.6345795   -2586.8251324   1.6289474
985.141364   -2596.319437   2.7990891
985.8922335   -2495.978117   -44.7197035
986.3651963   -2582.1676254   1.3979236
985.8254465   -2497.4975586   -52.8082848
987.0632561   -2527.2734165   -54.9757853
988.2910224   -2534.147501   -48.0327122
986.6701635   -2531.8300724   -49.4800732
985.557166   -2488.9395237   -14.276024
986.9804057   -2483.5319519   5.1591001
985.8951541   -2492.1343327   -26.3621975
985.3104623   -2559.0288639   -9.757028
985.6544109   -2621.1938858   6.6509745
986.1533614   -2545.5393791   -23.330979
985.4546162   -2547.5099087   -20.4912368
988.0793365   -2523.3416557   -62.5455678
985.5080219   -2553.4014702   -14.5987766
984.6748384   -2550.331831   -17.0718934
986.1716302   -2571.5901852   -2.0833018
986.0250624   -2574.9125481   -0.50411
985.5777892   -2541.5055752   -29.5349713
984.8746928   -2489.8476601   -18.4032507
988.3186194   -2508.6817741   -68.0474192
983.4033521   -2602.1461487   4.8517468
987.1325763   -2529.3591022   -52.4775237
984.5529767   -2492.8767681   -31.220844
988.2164272   -2519.6890831   -64.8384839
985.0451621   -2537.0769501   -38.9755368
984.2582615   -2538.1081104   -36.2175293
982.8797551   -2578.2830715   2.4849619
984.918383   -2543.2031155   -25.9944443
986.8040951   -2501.0991096   -64.2553642
987.8933998   -2504.3437481   -65.9783408
987.7808663   -2502.3992062   -65.3970689
987.7800914   -2512.9332542   -65.5921474
987.4507459   -2516.5519714   -63.8655573
984.3080314   -2533.0901146   -45.3886911
986.7217215   -2505.5272579   -64.6023601
986.2948629   -2509.4637871   -63.3463785
984.5330986   -2501.1508465   -62.3177998
983.168331   -2555.6466579   -11.9274417
986.9859191   -2519.6096897   -61.344143
986.4820512   -2523.3066082   -57.7787682
985.1899119   -2496.737957   -49.5971292
984.9103066   -2565.6816959   -4.7168061
987.0492788   -2503.4379959   -64.760901
984.0936633   -2611.7174625   5.7085915
986.5632924   -2515.3040886   -62.1024333
984.4948026   -2493.9613342   -36.3269038
982.7148589   -2494.4586754   -41.0239287
983.0079051   -2562.199831   -6.5718801
984.0227338   -2485.3365421   -3.3296759
984.2157336   -2484.2820168   0.3414606
983.7748977   -2498.5177517   -59.0153076
983.4690066   -2486.3996506   -7.3045818
985.216883   -2526.9811153   -53.0270934
983.9579137   -2528.5921097   -50.1564518
984.2244955   -2497.6556301   -56.0268722
982.5621518   -2490.2164936   -22.5818325
985.5564209   -2504.9438477   -63.5433719
985.4119094   -2520.7707882   -57.4936084
985.6947931   -2517.4620152   -59.7884655
984.4210418   -2523.8773823   -54.8390187
982.7157827   -2590.3892517   5.1940992
983.0981763   -2569.1552162   -1.9891609
983.0507012   -2487.3390198   -11.2743573
982.9676422   -2530.5011272   -47.2360216
982.8919741   -2616.3556576   8.0400705
983.0436977   -2584.7277641   4.2164284
984.9582883   -2513.2873058   -60.8246177
985.4240092   -2515.389204   -60.4783259
983.8966998   -2505.109787   -61.9471185
982.8859838   -2510.974884   -59.7668514
982.4596914   -2534.9926949   -40.5499414
982.5243922   -2539.6838188   -31.0055539
982.4630293   -2538.5525227   -33.7880813
983.0250116   -2573.1492043   0.1934362
982.1112128   -2544.8665619   -22.0698267
981.8336638   -2607.0067883   7.0459726
982.7631684   -2491.4438725   -27.3541752
982.1163984   -2495.5086708   -48.2287817
983.0901893   -2495.0506687   -43.879576
983.0249222   -2515.7432556   -57.9552501
983.6442443   -2519.8097229   -56.576129
982.2437736   -2620.2058792   9.8531088
983.3361181   -2624.2439747   10.0351758
985.5308505   -2626.4097691   8.4620146
982.7795001   -2541.2304401   -28.1510055
980.2829   -2487.5123501   -15.8455633
982.195166   -2552.7832508   -14.1012063
981.9894405   -2547.6741791   -18.8045651
980.1654788   -2558.378458   -9.0295216
982.0547076   -2524.5890617   -51.776737
982.8008982   -2496.366024   -51.6519509
979.5424315   -2597.4843502   8.2855951
980.6548031   -2541.9771671   -25.5166311
980.663714   -2565.5565262   -3.3904556
979.8033508   -2492.0053482   -34.4536193
981.2203618   -2491.5623665   -30.0855897
981.7830595   -2501.4696121   -60.7307516
982.0236238   -2493.5986996   -38.1528996
981.9930764   -2521.4025974   -53.9988726
980.1107319   -2536.5748405   -35.7126258
981.3442501   -2537.6625061   -34.7566046
981.6376539   -2496.4547157   -53.7148975
980.9836718   -2497.6625443   -56.7234606
979.8450442   -2611.4447117   10.0736823
980.7392331   -2484.5380783   -4.7618975
981.3447269   -2526.9067287   -49.0330048
981.1115237   -2530.5323601   -45.1839566
981.2854799   -2519.1555023   -54.6376444
979.4319841   -2485.2821827   -9.2019634
980.3616973   -2532.7506065   -41.7860001
979.66477   -2602.9691696   8.6910855
980.9853109   -2494.4975376   -45.2096425
979.9483689   -2555.6035042   -11.296194
979.9277755   -2569.835186   -0.38229
979.5718762   -2586.8425369   7.1257041
979.3980392   -2574.0118027   2.2511373
980.2180501   -2512.5949383   -56.8595976
978.8305434   -2516.1821842   -53.7857488
979.141024   -2562.1061325   -5.6281555
979.369131   -2617.2113419   12.143869
978.8248809   -2494.6920872   -51.04452
980.0872775   -2540.0443077   -28.845638
979.6908768   -2490.1063442   -26.6073886
979.8358651   -2538.2630825   -32.250911
980.2959534   -2621.9518185   12.6708448
978.4689518   -2552.1223545   -13.7693919
978.8806709   -2520.4851627   -51.4021292
979.2025956   -2524.4979858   -48.7884767
979.1170927   -2492.3951626   -38.2328816
979.7332259   -2527.6992321   -46.6032438
978.6948534   -2606.5249443   10.2801863
978.9181622   -2534.03759   -38.486138
979.0845188   -2493.0763245   -42.5765216
978.6128672   -2499.153614   -56.7912944
979.6679886   -2623.8775253   14.2186545
981.1029705   -2625.5269051   13.1513476
978.9030524   -2625.4730225   15.9774106
988.0962642   -2582.9331875   222.5400805
987.8784987   -2522.0687389   199.6577531
987.5637265   -2493.0844307   184.160158
987.7854856   -2503.9365292   190.8843219
987.4549779   -2600.3594398   227.2096574
985.8674081   -2605.4313183   227.1675915
986.3949092   -2565.8476353   216.0573304
987.438229   -2552.4482727   211.2420946
986.8580373   -2555.8104515   212.3744041
986.0500964   -2527.4267197   201.4289051
988.054243   -2509.8059177   194.1688061
987.8551336   -2622.0161915   230.0719321
986.3399538   -2592.2312737   225.0870168
986.4921244   -2573.5838413   218.934238
985.6916638   -2614.6147251   227.4005115
987.4729189   -2496.4609146   186.3460541
987.5397059   -2586.1938   223.5615104
987.6015755   -2561.473608   214.6597803
986.0665473   -2557.8582287   212.9779756
985.9436127   -2507.3566437   192.3373491
987.0129498   -2542.25564   207.2844803
986.2228306   -2546.0715294   208.5816413
986.6719814   -2513.0860806   195.4884827
987.299827   -2498.9976883   187.8985465
985.7401522   -2609.9627018   227.1503061
987.3462292   -2535.8588696   204.9093395
987.687287   -2580.5780888   221.6262817
985.9894487   -2516.5429115   196.9469935
985.6988164   -2539.3536091   205.9214115
987.1644946   -2619.156599   228.8740724
984.7065779   -2596.6703892   225.2775282
985.4794713   -2486.3586426   179.3210059
985.6105717   -2501.478672   188.9374107
985.7099625   -2519.6852684   198.263064
985.5469736   -2588.4411335   223.7875909
985.2615269   -2489.9618626   181.6918403
984.6578511   -2579.9090862   220.7943052
983.4368797   -2550.2355099   209.5981985
984.8328801   -2532.7699184   203.2556236
983.2908782   -2570.8341599   217.2598839
984.8697158   -2584.97715   222.5407213
984.0604039   -2510.9229088   193.7586814
983.1880602   -2522.9203701   199.0976334
985.3890809   -2622.1916676   227.1190733
986.2613948   -2625.0298023   228.5105735
983.6921664   -2504.7483444   190.2903914
982.9386147   -2561.123848   213.574335
984.9491986   -2495.4295158   185.1311624
983.6277338   -2493.2031631   183.4245622
984.1044816   -2498.4855652   186.763227
982.72222   -2601.0406017   224.7708738
982.4997159   -2553.3027649   210.5435133
984.806207   -2536.2513065   204.5672387
985.1523312   -2618.0212498   226.3076454
982.9589399   -2542.7742004   206.6867352
982.822326   -2557.01828   212.0058089
982.4216934   -2515.0420666   195.4268515
981.7379685   -2575.1860142   218.5295522
980.255154   -2565.4072762   214.6660537
983.4592017   -2590.4517174   223.6137986
982.4790331   -2593.3766365   223.7474322
982.1680161   -2546.6709137   208.0045789
980.9857281   -2530.4570198   201.6459554
981.5723272   -2526.6170502   200.2758235
982.7473732   -2518.8875198   197.3009408
981.6986593   -2508.2380772   191.675663
983.7955805   -2607.8939438   225.5527824
982.2054776   -2607.0024967   224.1500914
983.514783   -2611.2854481   224.9975055
981.9843443   -2538.5539532   204.9137503
984.1289195   -2615.2765751   224.284783
981.5819236   -2502.0546913   188.1151497
982.5101169   -2587.6536369   222.5969285
981.4371439   -2487.9760742   179.662481
983.6775037   -2618.8755035   222.7862924
984.0854975   -2624.9997616   225.114584
981.8194779   -2491.1506176   181.7278117
981.9356176   -2496.029377   184.7151369
982.1107062   -2584.2945576   221.5897143
981.4004572   -2534.863472   203.4008056
980.5751415   -2596.7600346   223.0920792
979.9381467   -2582.1352005   220.2133685
980.9827777   -2579.1971684   219.7078913
983.3510789   -2621.4809418   221.9856381
982.7035638   -2613.9805317   221.566081
979.8631641   -2499.0968704   185.8679205
979.7568592   -2512.0489597   193.1912005
980.1722141   -2493.7050343   182.8379333
981.7655953   -2610.1000309   221.845299
980.6215139   -2590.5835629   222.4085331
979.5144471   -2552.2806644   209.548533
979.2591902   -2549.2265224   208.361119
981.9524261   -2618.4859276   218.654424
982.1831854   -2622.1563816   219.1817909
982.4915203   -2624.7713566   220.7683474
979.6700152   -2521.1317539   197.6340115
979.2772504   -2524.6040821   199.0211755
978.4014793   -2545.4463959   206.7884654
979.3021055   -2558.7992668   211.9448781
979.4805022   -2561.7597103   213.1103873
979.9526604   -2555.2017689   210.7313424
979.926792   -2518.034935   196.2962896
981.5215143   -2612.3428345   219.9418098
979.6601804   -2601.508379   222.62761
981.0072156   -2614.323616   217.8305089
978.9116355   -2586.823225   220.920071
979.7290536   -2593.3914185   222.2999781
979.5746478   -2604.8583984   221.7259258
980.8089706   -2622.7943897   216.0229683
981.5484556   -2625.7371902   218.6613083
979.9030694   -2606.8866253   221.0503072
980.4308685   -2617.8011894   215.4494822
978.8520011   -2496.3870049   184.0054393
978.5371097   -2491.0171032   180.8015108
980.1916154   -2609.8527908   218.9431787
980.4314943   -2611.9902134   217.9357857
978.813407   -2533.7889194   202.5150806
979.6907278   -2621.3395596   213.5452777
980.0643595   -2612.6563549   216.8200612
979.4058176   -2612.172842   215.7321572
979.3046685   -2618.2374954   213.1388038
978.3986779   -2615.0429249   212.5017941
978.7413152   -2619.7245121   211.7562592
979.0637168   -2625.2543926   212.3878002
