-51.4144209   359.2319469   -1382.7053197
-45.648202   346.6118957   -1383.9209094
-28.5975103   359.0085212   -1381.536586
-20.0066166   356.4149992   -1380.9784087
-47.0827364   344.6496845   -1383.3378129
-104.938259   372.0062474   -1382.3238701
-103.4935132   371.3385259   -1382.1340266
-105.0821364   371.0154899   -1382.1563266
-146.2178418   397.5909125   -1381.5166312
-90.6625631   362.6828277   -1380.9543937
-105.0950265   380.5238972   -1380.8736134
-101.5032027   367.4380994   -1381.3349473
-100.2199093   366.4145012   -1380.9680645
-102.6530614   367.706059   -1381.2198551
-103.2222099   367.6666659   -1380.8232246
-98.6967065   366.0754714   -1381.1222332
-81.1622933   357.2052321   -1381.1817969
-84.2539124   362.8343478   -1380.7962495
-70.620417   361.1073699   -1381.152028
-71.6727636   362.8805081   -1380.6942538
-46.2891198   349.0176918   -1384.2510128
-45.5952893   347.8196127   -1384.1164315
-62.0825626   348.2372989   -1383.124721
-53.7569915   351.0883343   -1384.3683362
-51.7629474   351.2809988   -1384.3883067
-52.9052281   350.0021708   -1384.4970093
-61.8165863   355.2842902   -1383.0468177
-59.01246   351.4465971   -1383.8603673
-58.428687   350.0386188   -1383.9618663
-66.4843883   359.924013   -1381.6492716
-62.2058861   357.2321774   -1382.5949589
-60.510102   359.0286928   -1382.2590929
-60.2212178   356.9090299   -1382.8124375
-58.2592069   356.57265   -1383.0336157
-47.2945035   363.0978307   -1381.670743
-45.732002   362.94388   -1381.7115134
-51.3385561   362.7887529   -1381.6677276
-53.6559118   361.9261174   -1381.8304265
-52.7552348   364.3371273   -1381.1347262
-52.4656834   360.3799112   -1382.3419692
-50.8064498   360.8316709   -1382.26883
-51.5594214   353.2716531   -1384.0861658
-46.3452992   359.2412015   -1382.6960218
-45.1953266   360.9335695   -1382.2372547
-43.1880026   360.9521172   -1382.1597168
-44.6419428   358.7461743   -1382.7436816
-60.9000504   361.1204277   -1381.6640465
-53.0623793   358.0424141   -1382.9663581
-45.3046749   356.344812   -1383.2828666
-46.4019517   357.6023037   -1383.0800714
-43.8646901   362.9301051   -1381.6849861
-66.2861487   355.1272352   -1382.743649
-64.9616883   362.227898   -1381.1159129
-71.5761233   355.5758213   -1382.2284742
-74.004791   355.3784814   -1382.0528026
-73.024392   357.5133101   -1381.7982975
-119.4892046   378.2107207   -1381.8311026
-153.6865174   403.7862994   -1380.6704217
-123.6689965   384.5036917   -1382.4818945
-125.8710562   384.7682762   -1382.5912038
-124.9440754   385.5374971   -1382.4593373
-103.4095633   369.6177835   -1381.8500466
-103.9582244   368.61422   -1381.3261401
-105.3823923   369.9763763   -1381.7430066
-81.6945594   360.1192187   -1381.0249522
-82.8310621   358.6230911   -1381.0045102
-25.4011572   357.6023976   -1381.4065521
-84.0739391   360.8307342   -1380.9140817
-128.2655907   383.7042897   -1382.2598092
-129.5958409   383.9309138   -1381.7390078
-116.4106329   375.8085569   -1381.3229468
-129.5269527   384.4565936   -1382.2979238
-122.2174287   387.0654335   -1381.777457
-121.728355   385.4047264   -1382.1329455
-123.9090132   386.4845859   -1382.1411546
-130.2389989   383.9914316   -1380.7988974
-77.2266554   354.6518699   -1381.7271932
-75.5015435   354.0657271   -1382.0055014
-75.2607705   357.3859188   -1381.6813894
-76.3245951   355.7865947   -1381.780696
-105.6957545   369.2639729   -1381.0662478
-101.5207394   368.4822812   -1381.6885408
-102.6377501   368.304887   -1381.5540513
-99.4715961   370.5968866   -1381.6569582
-59.4736609   353.089189   -1383.6268828
-35.5651374   344.3199649   -1381.7143007
-37.4961178   344.1733963   -1381.820401
-92.6050123   370.4440177   -1380.7005113
-17.7507395   353.4028962   -1380.7096308
-59.8633381   354.9325602   -1383.2713863
-16.4984533   355.9290203   -1380.6753016
-18.2577634   357.494205   -1380.8224853
-16.4668047   358.5961349   -1380.6938025
-94.1109727   372.1130924   -1380.6760151
-54.3608119   356.0070851   -1383.4203451
-101.7995915   366.8760857   -1380.6808089
-100.1526014   372.3762772   -1381.6515705
-101.4372943   373.3650427   -1381.7517907
-99.9505068   373.618683   -1381.4544658
-58.0552153   364.0005505   -1380.9684598
-102.0372278   376.750511   -1381.212102
-107.1275114   370.4493649   -1381.5001289
-105.9814952   376.2601672   -1382.0769773
-107.6949006   376.6683611   -1382.2618057
-138.6737954   396.9647303   -1380.9755007
-140.2367629   396.324603   -1381.3719273
-128.0180456   387.134753   -1382.4335402
-43.9262592   343.5072101   -1382.1529527
-20.1505087   350.0780221   -1380.8069988
-99.8065347   368.617735   -1381.6694115
-33.3059889   354.6441134   -1382.374823
-30.4530153   361.2349186   -1381.3596346
-21.642221   349.2614534   -1380.9460276
-32.4191767   360.8899559   -1381.5299147
-31.4835192   362.666824   -1381.172577
-132.9825752   386.2168226   -1381.6242652
-113.2176961   378.9780133   -1382.5010268
-28.9174974   362.3490267   -1381.1009438
-28.1119147   364.048451   -1380.7783748
-101.576627   370.0091605   -1381.8789973
-111.7118121   380.1139107   -1382.1096692
-113.9893528   380.8577968   -1382.2225349
-134.4034813   386.9183738   -1381.2268861
-135.7412027   387.68933   -1380.7907495
-90.4467635   363.650396   -1381.0580588
-91.6602149   363.5261412   -1381.0570356
-91.3925333   364.4383515   -1381.1354938
-110.2310542   372.2775816   -1381.7694964
-108.4913511   371.6522428   -1381.9451445
-95.6610801   364.459097   -1380.8286546
-51.3227204   355.2731584   -1383.6844503
-52.6382124   356.1732415   -1383.4565175
-21.2747181   361.8354357   -1380.7793598
-19.1375646   362.6342102   -1380.6337605
-127.8946314   385.7845934   -1382.5916828
-93.6038737   368.2411886   -1381.1226219
-94.6767791   366.907366   -1381.2886916
-92.0273932   367.134532   -1381.0704372
-93.2021764   366.242344   -1381.2031617
-89.993971   361.5438639   -1380.7322124
-89.3359467   362.6039965   -1380.9416121
-91.724193   365.6146212   -1381.1391259
-90.3981616   364.952679   -1381.0576938
-89.0317648   365.7798132   -1380.8577085
-89.045378   364.0219713   -1380.970058
-109.4966982   376.9619537   -1382.4595222
-24.5615409   364.0485736   -1380.6433062
-26.0491803   364.5197456   -1380.6193088
-109.3071403   383.3542837   -1380.8408965
-110.4346465   381.9517418   -1381.4432302
-111.0327949   384.1627298   -1380.8743496
-112.4593541   382.2765524   -1381.665729
-134.9159154   392.469161   -1381.7209859
-129.6563746   391.8006579   -1381.3307932
-119.2075691   385.5395645   -1381.7412206
-136.783786   392.3047345   -1381.8845512
-27.4393049   346.6642982   -1381.5127336
-40.8355225   360.8543373   -1382.0523956
-84.4884503   364.437987   -1380.6261863
-87.4327178   364.7163137   -1380.8002226
-108.9523853   371.0927218   -1381.0286266
-41.3355606   358.079128   -1382.6722989
-43.319034   357.1463598   -1382.9990215
-42.6714866   359.138181   -1382.5517927
-76.0391899   350.5117097   -1380.9463306
-73.4563334   353.3742734   -1382.3296471
-71.9376099   352.2899668   -1382.5943711
-75.0726515   351.119976   -1381.9970205
-38.2884588   342.032649   -1380.6199382
-149.6217901   398.7592445   -1381.0472772
-149.4999238   403.6397436   -1380.6135258
-149.6988694   402.5354589   -1380.9325513
-148.1785532   402.2664028   -1380.8070467
-111.8265209   378.4119654   -1382.4935671
-95.8885217   365.4383881   -1381.1993608
-114.9745662   379.3903347   -1382.5373703
-113.1024977   384.0379717   -1381.2567099
-114.3596678   382.7525518   -1381.8202356
-106.2625826   378.1708715   -1381.708208
-105.1119008   377.1542555   -1381.7487781
-106.2782346   372.2213   -1382.3745248
-105.3679066   373.3436022   -1382.3483275
-104.2151228   376.0274092   -1381.8078116
-104.2265855   374.3546599   -1382.0979945
-105.3964149   374.9267751   -1382.2049416
-151.6654945   401.1455059   -1380.9436324
-150.8494329   399.8826083   -1380.94195
-138.4599405   392.3801547   -1381.9323194
-138.9622598   391.5731857   -1381.8378152
-139.846595   392.7706816   -1381.887563
-120.7103478   379.4231385   -1382.1489969
-119.1010519   378.9813523   -1382.3334694
-112.5664194   377.5164967   -1382.6638288
-108.47264   381.8870013   -1381.1317194
-115.880043   380.9765018   -1382.387603
-116.3037207   382.8239566   -1382.049475
-117.9264459   381.5037452   -1382.4563117
-123.0895329   379.8685879   -1381.0866971
-123.8291679   381.2984386   -1382.066329
-30.1389211   359.1454711   -1381.6339206
-29.5771508   357.2097469   -1381.7961296
-118.9888482   388.1643794   -1380.8853387
-120.7290753   386.9210515   -1381.5873309
-121.3924545   388.6199061   -1381.1550618
-106.7871646   371.2639297   -1382.1005861
-111.8863404   373.3782402   -1381.845712
-125.2008128   388.5088703   -1381.7549143
-126.1995256   386.5865311   -1382.3624461
-143.1466175   398.3201856   -1381.1805127
-145.4505627   398.626024   -1381.3509787
-113.1984237   373.662713   -1381.0330613
-150.8868341   403.5707428   -1380.7923974
-152.1791823   403.5891585   -1380.8309527
-152.0300625   404.6679812   -1380.6083771
-115.7397369   378.2213096   -1382.5680518
-140.6904456   398.0797199   -1380.933311
-141.5333313   397.1481018   -1381.3172912
-125.5562998   381.4033678   -1381.191957
-130.8691932   393.1037845   -1381.0616885
-128.2343163   389.4444135   -1381.8959673
-135.5353643   388.0668593   -1381.5734981
-49.4549893   345.5380933   -1383.821303
-49.2846683   346.3179491   -1384.2629019
-47.9362856   345.6011544   -1383.9241621
-51.0617588   345.0687572   -1382.3722779
-51.0485779   345.6744669   -1383.5274142
-49.1630848   344.5768794   -1382.7522376
-19.6372842   352.4354187   -1380.8722658
-18.9140851   354.9716868   -1380.8748564
-142.7569706   392.8181142   -1380.9120586
-47.5246014   343.4260437   -1381.4473636
-30.1213786   342.8934158   -1380.9885837
-40.7490956   343.9177081   -1382.0602864
-39.2276613   344.822987   -1382.2737094
-38.8230353   343.2955673   -1381.5058996
-71.8046534   349.6692061   -1382.3459814
-45.7278226   343.9207549   -1382.6184115
-44.6674121   342.8027946   -1381.3415234
-46.2387027   343.2257017   -1381.7621779
-70.9072406   350.2788053   -1382.6455173
-72.1930115   349.0920302   -1380.8691001
-73.5862584   350.2617251   -1382.1556962
-67.895054   349.1610447   -1382.811333
-66.6783471   348.5267741   -1382.7585498
-31.8579081   357.2915105   -1381.9824674
-68.0966716   348.5859493   -1382.6016303
-72.4598676   350.4100494   -1382.4634661
-73.0356243   349.4783929   -1381.819881
-65.8070529   347.3360904   -1381.2866489
-67.1793456   348.026043   -1382.3860802
-70.4550939   352.6381439   -1382.7133991
-70.4789588   351.3841107   -1382.7609005
-56.318643   356.1708867   -1383.2643623
-57.7759823   348.856105   -1383.928131
-56.0746113   348.6439169   -1384.1410014
-56.4344261   346.4529506   -1382.054804
-53.0851805   346.0291397   -1383.0744475
-50.8803237   346.6470737   -1384.2383489
-31.6437415   348.5604296   -1382.1705698
-30.2028261   350.5704214   -1382.1058284
-29.8514112   348.488857   -1381.9589304
-61.4344521   353.4458825   -1383.3935943
-63.0220601   352.0894214   -1383.3950645
-63.3930792   353.8418698   -1383.170956
-23.8930161   352.1469157   -1381.3539852
-25.6017564   349.2918603   -1381.4663597
-26.474028   351.7007276   -1381.6707419
-28.4963821   345.4611257   -1381.4441817
-30.7173207   346.4714562   -1381.831515
-28.6221943   347.4079624   -1381.7229761
-27.1932724   342.6190779   -1380.6734656
-21.320423   354.1780206   -1381.0975912
-21.6533269   351.2483718   -1381.0602413
-146.8114062   396.0091681   -1380.9984337
-148.1517102   397.3782453   -1381.0757288
-72.6970853   354.4286266   -1382.3129541
-76.1666606   360.4663075   -1381.1437637
-76.1793605   358.8552007   -1381.4144196
-38.6314408   354.0505097   -1383.0010023
-36.7273927   355.4905494   -1382.6456218
-36.7459218   353.0392117   -1382.8582874
-49.1307313   362.3139424   -1381.8688669
-47.9501566   364.4343711   -1381.2674099
-49.4916238   350.5673924   -1384.405678
-48.1001256   348.9969071   -1384.4402429
-54.6256444   349.6020875   -1384.3770433
-52.9135337   348.7542043   -1384.4935239
-60.9465614   351.7405389   -1383.6253943
-47.1863168   350.6335076   -1384.2563703
-49.5968891   357.8694006   -1383.0915676
-50.1184478   352.3998796   -1384.2086705
-29.5114377   353.0345436   -1382.0326752
-28.3468826   351.6701919   -1381.9076416
-49.7128853   347.319311   -1384.487429
-40.3282884   352.9158032   -1383.293622
-40.3931695   354.7951137   -1383.1145066
-31.6587676   344.8652889   -1381.6421014
-32.5563976   345.7385286   -1381.9006128
-26.8281431   345.6530095   -1381.292477
-27.0188248   344.2408926   -1381.0529473
-27.1593215   347.9569173   -1381.6008368
-32.4918873   350.4288936   -1382.3793217
-34.2240096   350.4095308   -1382.5952266
-34.4456508   346.1845596   -1382.1331101
-30.1968221   344.436855   -1381.4119715
-23.5894218   357.7567786   -1381.2338921
-23.4686748   355.1760424   -1381.3155934
-27.3389946   357.792849   -1381.5507043
-127.3311175   388.2247344   -1382.1220755
-126.856671   389.5803871   -1381.6790268
-103.897843   378.3156384   -1381.2169157
-28.6261894   343.568558   -1381.0569614
-48.2353368   344.8021308   -1383.4316174
-47.3713037   344.0188208   -1382.6857639
-96.2936418   366.7049674   -1381.3650716
-97.7919993   368.5925973   -1381.5265133
-150.668911   399.320366   -1380.6133206
-97.0695442   365.7092435   -1381.171889
-80.9969419   363.5232617   -1380.6005884
-82.4036425   362.1084848   -1380.8266272
-82.8922274   364.0798409   -1380.5858494
-81.3818602   354.843436   -1380.7019524
-79.0210718   354.5248312   -1381.3523982
-77.8959162   352.9034338   -1381.4705979
-82.4560865   357.079558   -1380.976846
-81.1505761   355.9273369   -1381.0761326
-82.8946678   356.2930883   -1380.722953
-71.6363473   353.6665088   -1382.5018443
-69.5231609   354.1204891   -1382.6162653
-72.8437714   361.2417521   -1381.0573799
-74.3702112   359.4484143   -1381.3822479
-74.680303   361.5981725   -1380.9441502
-72.2927659   359.4499936   -1381.4640094
-65.440515   347.8606453   -1382.5498338
-65.8955175   347.4751597   -1381.9627402
-44.3742102   364.9139041   -1381.1471621
-46.275702   364.9707016   -1381.1272109
-60.4503723   348.1104979   -1383.287942
-41.8836945   363.1886876   -1381.5516147
-42.789242   364.698976   -1381.1879061
-40.9825448   365.8932633   -1380.8213255
-65.1530475   352.5698396   -1383.1787523
-52.7445314   347.4896279   -1384.3088353
-54.3404936   347.0670748   -1383.8149274
-54.4303964   348.1767303   -1384.2622019
-60.2918505   350.2425699   -1383.7294364
-56.0336602   361.035995   -1381.9722921
-58.5032082   361.151966   -1381.7950978
-61.4356632   346.7379729   -1381.1786714
-34.9576408   365.4424074   -1380.7432442
-27.157178   360.2300881   -1381.2861929
-25.3114103   362.0888086   -1380.938597
-25.5448068   359.4889968   -1381.2555358
-42.8331662   366.5878201   -1380.6602651
-33.2549318   344.2870495   -1381.5872749
-38.923694   351.9001107   -1383.1730547
-35.8175529   349.4893074   -1382.7375325
-34.4703357   356.9860991   -1382.2458116
-36.6398201   358.0286879   -1382.289761
-118.1476078   376.9403063   -1381.3611473
-103.3309112   372.9840725   -1382.0979474
-104.3121775   372.3688507   -1382.2866025
-152.7118428   402.3441187   -1380.8346746
-151.9706231   402.326106   -1380.9747261
-90.7035038   369.476914   -1380.5856812
-101.6016316   371.7303583   -1381.9158154
-109.576431   373.3554658   -1382.5208016
-108.1226829   372.6147333   -1382.4080401
-98.3036496   367.0973215   -1381.4503398
-100.0323059   367.2840033   -1381.44518
-79.4006577   363.0163122   -1380.6574098
-80.3402881   361.5798644   -1380.8886091
-78.0114935   361.5930509   -1380.9000077
-62.6002241   364.2740709   -1380.6455827
-64.3449333   357.4684391   -1382.3932311
-62.5635374   359.3288839   -1382.0472454
-58.5975514   358.6231807   -1382.4956
-40.2525687   356.756021   -1382.8205707
-38.9216935   358.9180252   -1382.3203463
-38.6024157   356.318541   -1382.7265407
-64.5283359   359.7595461   -1381.810426
-63.6927791   355.6156293   -1382.8428812
-66.713188   352.102566   -1383.0957007
-53.0202375   352.4205596   -1384.2192982
-57.4397757   359.7929866   -1382.2545813
-49.7045281   354.2697334   -1383.8709546
-49.5680451   356.4217223   -1383.4248257
-45.8770219   352.1652254   -1383.9981126
-23.2550251   349.4663599   -1381.1655854
-21.6469696   359.3400741   -1380.9928783
-21.653007   356.899449   -1381.1045293
-24.519832   358.8154454   -1381.2443684
-27.4832678   353.573432   -1381.7927748
-28.5669149   355.3362987   -1381.839041
-127.4134606   383.8486097   -1382.53823
-127.2763315   384.5298516   -1382.6480227
-126.321502   383.7407128   -1382.5826641
-120.2935391   380.27433   -1382.4982808
-138.1199919   389.6002059   -1381.1161235
-139.8008659   390.678527   -1380.6978251
-139.5115039   391.0273185   -1381.44295
-132.8631813   386.8927561   -1382.1121681
-132.5446517   387.7845971   -1382.3153067
-133.2477717   390.9706007   -1381.9216165
-133.4860886   389.2914936   -1382.188797
-135.1533139   390.8691846   -1382.0220536
-132.1275285   388.4719206   -1382.330904
-137.8296654   390.1650171   -1381.7110354
-130.5510643   384.8325766   -1382.0661165
-131.6314734   385.740467   -1382.0707654
-130.2953939   385.3475022   -1382.4001683
-141.2043918   391.9437047   -1381.1659391
-106.5610854   382.0806064   -1380.7218399
-98.1973896   372.7905163   -1381.2427547
-96.4718336   373.6051948   -1380.8196873
-95.9738651   372.0620802   -1380.9978457
-65.8812062   351.5575739   -1383.2021903
-23.5473746   360.4180943   -1381.0253605
-22.9585428   363.5895846   -1380.6491399
-150.0443117   399.8039824   -1381.1950548
-138.4167756   395.2220427   -1381.4316487
-132.4114474   394.5643262   -1380.790716
-132.9219527   392.7410557   -1381.4433599
-109.4581444   372.582779   -1382.285589
-76.1689013   362.0559698   -1380.8341357
-59.7364891   362.845898   -1381.2300084
-62.8078505   361.5800514   -1381.4190834
-61.2131122   362.9604332   -1381.113719
-116.9136117   386.648348   -1381.0355001
-115.0179768   384.9296352   -1381.2737462
-117.196364   384.6384417   -1381.7029815
-150.7441418   402.3160115   -1381.031787
-107.0548116   374.8729295   -1382.4193433
-107.1659249   373.4022021   -1382.4949465
-128.6765351   384.7707239   -1382.5510842
-126.2939802   382.7759393   -1382.2104187
-124.5373937   383.0510718   -1382.5127124
-142.5873098   393.2127988   -1381.4570528
-94.4529278   365.1649735   -1381.1679891
-92.9813259   363.6393585   -1380.9923788
-94.1582695   363.7355932   -1380.8533147
-92.5940578   364.713986   -1381.1619033
-122.1685764   379.9514695   -1381.9200714
-121.9271574   380.6578717   -1382.3666791
-47.5763212   355.6479795   -1383.5245817
-45.8821133   354.1520022   -1383.712087
-47.9930815   352.7974963   -1384.0434283
-141.8980835   396.0308652   -1381.583319
-129.6728491   390.1938547   -1381.824915
-129.2006992   386.9514614   -1382.5162283
-123.2088235   388.09978   -1381.6084625
-122.5959904   382.8310568   -1382.5925244
-115.1561079   381.8119395   -1382.1713481
-118.432456   383.4314876   -1382.179087
-143.9412662   394.4038818   -1381.5712433
-91.9931577   368.5931758   -1380.9025466
-100.7638653   375.0240145   -1381.3396658
-99.1066907   374.7365323   -1381.0740891
-102.6912481   374.7105034   -1381.7650162
-85.855439   363.693596   -1380.7876851
-56.3256022   347.1893252   -1383.4815414
-57.95594   347.3048352   -1383.2321754
-57.1268849   347.9122754   -1383.7646797
-49.1986809   344.0473142   -1380.8109144
-70.4388436   348.5879405   -1380.9214916
-58.3764923   346.6091042   -1381.8120286
-59.9327641   346.8658321   -1382.3139752
-58.6201139   346.9122335   -1382.6491661
-69.7781293   348.3283404   -1381.7229668
-71.6598869   348.8385555   -1381.5271972
-70.8722393   348.8993689   -1382.0997856
-67.9150701   347.8593073   -1381.9055759
-68.9514615   348.4020791   -1382.2628709
-20.7057402   348.015557   -1380.6970125
-111.5049668   372.5581595   -1381.0227887
-139.9762678   394.7486664   -1381.6946136
-138.3449964   393.6313374   -1381.7806378
-139.5919014   393.4736311   -1381.8762262
-110.38312   378.4879835   -1382.3033266
-108.7281277   375.6315311   -1382.5391478
-108.4842922   378.3866955   -1382.0397639
-107.4167835   380.1601534   -1381.4183791
-149.0780541   399.883116   -1381.3043743
-150.4644347   401.046781   -1381.1626827
-148.9325716   401.0840383   -1381.1462164
-113.4572068   374.5209033   -1381.9141578
-113.4303593   375.5196867   -1382.4289439
-112.0329976   374.3516605   -1382.3769186
-147.4574932   399.3086667   -1381.3453796
-146.5432666   400.5339809   -1381.0323633
-148.2101213   398.4108891   -1381.3472698
-117.4363669   378.5982513   -1382.4686022
-116.7838367   379.736409   -1382.55517
-122.9033358   381.8193556   -1382.5032174
-125.5088269   390.8642753   -1381.0371844
-127.8715005   391.0755143   -1381.3259725
-126.5935729   392.4199452   -1380.6518292
-29.8764548   363.454607   -1380.9574783
-110.6698087   373.3172051   -1382.3247104
-111.9419904   375.4178798   -1382.6443632
-113.1224551   376.5363496   -1382.6652834
-114.0778348   377.8581921   -1382.636189
-118.5863375   380.0233193   -1382.5471361
-121.8788342   383.7864407   -1382.482347
-109.505843   380.1256196   -1381.7870466
-31.5690269   359.4843313   -1381.6924944
-51.0389265   365.0742728   -1380.9798441
-49.4811063   364.7343594   -1381.1367978
-43.9304507   354.9292897   -1383.4345255
-41.9675958   355.7772554   -1383.1262304
-35.2257534   354.6491225   -1382.582855
-25.8584557   343.2757783   -1380.7077319
-36.5601044   360.5553933   -1381.8514276
-32.9712515   358.9176027   -1381.8706549
-31.1699917   364.6904618   -1380.7748602
-144.8953011   399.5525429   -1381.0937287
-144.2639824   400.8917367   -1380.6021209
-131.3361846   391.3261053   -1381.6731949
-131.4665676   389.4131006   -1382.1472301
-123.2045291   390.021623   -1380.9611135
-54.6089252   352.4550108   -1384.1397226
-55.7685492   354.0078987   -1383.7734143
-53.3388011   354.1968367   -1383.8671482
-42.7261594   342.4913844   -1381.0498257
-40.4760808   342.447905   -1380.9678279
-25.099877   345.0670879   -1380.946412
-23.283066   345.9788029   -1380.8292097
-41.1146094   350.8757048   -1383.4746247
-43.3676162   350.7144845   -1383.8136287
-42.5081806   353.1093485   -1383.5238885
-44.3228088   351.9059699   -1383.8762434
-44.5199758   353.218731   -1383.7495112
-76.3112396   351.1991912   -1381.6379694
-75.149547   350.3734526   -1381.631252
-76.9208751   351.1074764   -1381.1901052
-54.5152735   346.0784212   -1381.8997525
-91.7105081   362.3798901   -1380.7783175
-78.4416396   352.0789253   -1380.7124595
-79.3492296   353.2063748   -1380.910256
-86.3223375   361.0031096   -1380.8612743
-87.4393955   362.7357517   -1380.8976013
-85.6234175   362.1647177   -1380.8803787
-97.0219608   370.4108139   -1381.350321
-94.8577376   370.2441509   -1381.0698136
-95.7273718   368.4642988   -1381.33539
-115.165786   375.8406311   -1382.0188572
-116.3214699   377.246064   -1382.3232029
-114.6730894   376.8138892   -1382.5069297
-141.1299758   394.0796472   -1381.8015048
-140.8804115   392.6105312   -1381.6844241
-142.6077847   394.0790872   -1381.7263225
-127.7600734   382.8054889   -1381.6041541
-128.9444381   383.1849645   -1380.975865
-133.1815515   385.9427246   -1380.71674
-131.4531005   385.0065063   -1381.3501944
-74.4640847   349.8060899   -1381.208952
-129.7555112   386.1106305   -1382.5486255
-131.3663137   386.523927   -1382.3824799
-130.8597024   387.6089364   -1382.4216146
-144.3288135   393.8968028   -1380.6044135
-145.8205357   395.0209907   -1380.7503975
-145.0387647   395.4320106   -1381.594985
-146.4773982   396.5197046   -1381.4280024
-145.2346025   396.2602449   -1381.636764
-93.16651   362.7094286   -1380.624852
-136.4376662   395.9781113   -1380.9320379
-134.5708128   394.2676089   -1381.1965696
-136.6130508   393.9355041   -1381.541366
-70.5009631   358.194743   -1381.8094276
-67.8592028   357.7798163   -1382.0732179
-69.4664129   356.1784667   -1382.2838848
-68.4740123   362.4239724   -1380.9040335
-66.5961802   363.6608407   -1380.6421594
-67.0237447   361.6354305   -1381.1777961
-111.1183467   377.1978115   -1382.6082323
-111.8610415   376.4184591   -1382.7125658
-43.5920609   345.7352065   -1383.2828682
-41.2309543   345.3193037   -1382.7652354
-42.2746764   344.4869488   -1382.5961143
-144.1577176   396.7132125   -1381.5917005
-47.1063882   347.5693172   -1384.30139
-48.305298   346.7677695   -1384.3390978
-48.6233464   347.8129255   -1384.4960453
-144.0149424   395.2963499   -1381.7096384
-143.8301627   393.7924313   -1381.2426996
-136.9324999   389.0612432   -1381.5683931
-136.7448675   388.5343915   -1381.1709882
-142.8077196   395.1916659   -1381.7431046
-119.8129688   381.3554185   -1382.5874572
-121.4449121   381.5359878   -1382.5892642
-110.340205   371.8315352   -1381.1424894
-149.3840758   398.1033016   -1380.6087851
-110.4024022   375.6871359   -1382.6580399
-108.8416618   374.2176367   -1382.5885599
-72.1480515   351.161425   -1382.584295
-73.6219542   351.1231552   -1382.3424701
-73.2567516   351.9772077   -1382.4389942
-77.6096486   351.9613371   -1381.3302435
-110.6110738   374.3337086   -1382.5952712
-119.5119254   382.4979007   -1382.4820509
-120.9529789   382.5923513   -1382.5720158
-120.3100253   383.8321216   -1382.3220131
-134.0685158   387.2043163   -1381.7911586
-134.3230233   388.2507132   -1382.0623292
-88.2173914   361.3248671   -1380.815784
-87.1967921   359.9433717   -1380.6618943
-88.7727647   360.4696987   -1380.5877713
-57.6060415   352.704288   -1383.863063
-56.1631791   352.2295153   -1384.0693547
-57.2417177   351.166634   -1384.0809223
-79.3885516   359.4357165   -1381.1790055
-79.5526539   357.4190314   -1381.3444572
-80.9548092   358.4947189   -1381.1752981
-89.2320532   367.9731282   -1380.6093039
-90.5811729   366.5111613   -1380.966933
-90.9286419   367.8932215   -1380.8604831
-97.292838   375.2446218   -1380.6125286
-74.9357914   352.3447519   -1382.137427
-76.4924276   352.0378937   -1381.7711901
-76.8762143   353.3300944   -1381.7834381
-62.849985   347.1948944   -1382.2714906
-64.2547203   347.3779288   -1382.2497047
-63.5302793   347.8565552   -1382.7586775
-114.8370514   374.7871999   -1381.2518096
-116.8212284   376.6437954   -1381.8880994
-57.2168872   346.7879956   -1382.7524652
-68.4861134   347.9474161   -1381.2486165
-67.0434842   347.5451923   -1381.5309951
-69.6400143   349.2436203   -1382.5676373
-49.6431112   359.5171366   -1382.652663
-47.3546012   360.8704247   -1382.2853997
-48.081336   358.1457009   -1382.9954544
-58.7449655   348.0256446   -1383.5224407
-61.4019085   347.3956885   -1382.7067172
-61.5454334   346.8642526   -1381.9606048
-60.1695475   346.642208   -1381.6012989
-59.5249717   347.3551361   -1382.9821467
-117.9152713   377.708467   -1382.098709
-121.0859947   378.8420653   -1381.4861418
-119.7929671   377.7707078   -1381.1369594
-145.2436243   394.9488836   -1381.2587433
-136.1913424   389.2772736   -1381.8981278
-129.2891243   388.3753548   -1382.2551206
-136.9908471   390.8334994   -1381.9738785
-135.2697152   389.649453   -1382.0921628
-32.6603522   347.0606494   -1382.127225
-33.8927079   348.5113863   -1382.4209109
-47.019462   346.3077593   -1384.0760517
-33.3052172   341.8918224   -1380.6567537
-34.3402822   342.870814   -1381.1092996
-36.5509885   342.7029375   -1381.0379022
-45.9679928   345.2677308   -1383.5163076
-44.5495929   344.4794689   -1382.910393
-35.4195705   351.4872957   -1382.7549179
-34.8382128   353.1944414   -1382.6470654
-42.286781   343.4619514   -1381.9643614
-43.3596616   344.275755   -1382.6399954
-44.449146   347.2886212   -1383.8371541
-19.8803906   358.5407383   -1380.9181917
-19.9415766   360.5765195   -1380.8191574
-17.7755837   360.5067848   -1380.7135108
-66.2384535   356.605595   -1382.4556541
-65.9095721   358.2619966   -1382.1019246
-67.0543566   347.6297496   -1380.9409483
-68.5134222   360.1328653   -1381.4829202
-68.5565458   352.097421   -1382.90497
-67.0397183   353.6368808   -1382.8973118
-73.1068288   349.2689831   -1381.2808727
-54.9707181   357.6219618   -1382.988763
-56.5931365   358.4566958   -1382.6672044
-54.4711992   359.5571261   -1382.4837841
-28.0414114   349.5623864   -1381.8046397
-55.3634755   346.5643203   -1382.9510599
-55.6967253   347.7557491   -1383.9647506
-59.5280468   349.0023919   -1383.6948899
-52.4550178   346.5364357   -1383.9274359
-40.7666062   348.4528808   -1383.3258635
-39.7104354   346.5599661   -1382.8547979
-41.6688456   346.6995258   -1383.2184397
-33.4478571   352.2716157   -1382.512908
-32.3054437   353.4989102   -1382.3484012
-31.4913511   352.4055369   -1382.2781108
-63.6469801   349.143096   -1383.1945352
-65.1143005   348.4981467   -1382.9041881
-25.4575999   354.0535601   -1381.5525749
-37.2760692   364.6604035   -1381.0103793
-38.5938673   366.5557062   -1380.588494
-24.2927908   347.3708549   -1381.1353506
-22.4263105   347.5831707   -1380.895302
-26.0731048   346.975651   -1381.3537378
-26.5243501   355.7272828   -1381.6163261
-28.7737269   360.7080594   -1381.3361478
-24.8892088   356.0574882   -1381.4428023
-31.3089217   342.4450641   -1380.9061068
-32.6178897   342.7399631   -1381.0509538
-31.5323553   343.5721254   -1381.3003516
-27.3840155   362.3215714   -1381.0200268
-15.4392458   360.5415012   -1380.618074
-79.85726   356.1281636   -1381.3303685
-78.2752473   355.9600297   -1381.535975
-55.9894464   365.1424035   -1380.7228707
-54.8397033   363.5446693   -1381.2792757
-56.6890872   362.9580328   -1381.3621139
-77.4742283   359.5550281   -1381.2495649
-77.517906   357.7067071   -1381.4841744
-97.4601045   364.9354436   -1380.6246796
-95.0909965   373.4532308   -1380.6077014
-85.1501044   359.3724806   -1380.8076724
-84.0900643   357.7287202   -1380.7451955
-55.5203814   351.0199581   -1384.2557293
-56.6297734   349.8396435   -1384.1792607
-66.2460898   349.5582396   -1383.0326683
-66.8269344   351.0022289   -1383.1047664
-64.7505076   350.8398111   -1383.270523
-42.9190106   347.6699315   -1383.6062543
-44.3651914   348.8533624   -1383.9667044
-42.5275343   349.2711155   -1383.6862193
-62.3562559   350.4630538   -1383.4910647
-61.4002017   349.1261053   -1383.4651801
-57.894227   354.5416959   -1383.5088116
-63.6615204   347.0722582   -1381.4563653
-35.1333887   361.6238794   -1381.5641908
-33.5106581   363.0890178   -1381.1830009
-34.5301841   360.0016104   -1381.8087036
-52.5701428   345.5155914   -1381.8872461
-67.7570448   355.5164896   -1382.5425143
-51.1580215   344.9420071   -1380.9637342
-49.7807958   348.6560037   -1384.5530654
-51.2584899   348.0151586   -1384.5217785
-51.3720775   349.5019204   -1384.5435992
-65.1389489   354.3728792   -1382.956874
-37.3783784   350.6855847   -1382.9771337
-35.8921444   347.668064   -1382.5506281
-68.6792826   350.3091437   -1382.8755476
-65.158322   355.7865347   -1382.7085187
-39.6275466   363.845094   -1381.2964211
-38.1934757   361.9441689   -1381.6642066
-35.9367633   362.8808089   -1381.3501863
-38.0221361   348.3683209   -1382.9021752
-45.2540596   350.507044   -1384.0773792
-39.2579524   350.0205114   -1383.2117435
-37.2122168   345.970631   -1382.3630194
-30.9498969   354.7571842   -1382.1173985
-51.0467759   357.4811084   -1383.1713484
