-941.6943518   -2670.9780693   -88.7221172
-943.141791   -2670.1095104   -85.7696161
-942.2574965   -2674.2565632   -98.0692953
-943.8690869   -2668.5717106   -81.057325
-944.1950051   -2673.2940674   -94.6234614
-943.9325062   -2672.1367836   -91.0482556
-943.8293902   -2665.5316353   -70.2853873
-945.5013005   -2667.2961712   -76.1239454
-945.1019493   -2665.2901173   -46.804145
-945.1062409   -2671.5426445   -89.013055
-945.3314272   -2665.5051708   -55.7547249
-945.1751439   -2669.9948311   -84.4948217
-947.2373454   -2674.5681763   -98.5100046
-947.5619522   -2665.6246185   -50.5466573
-947.915527   -2665.8906937   -53.6571667
-946.7647997   -2665.4057503   -44.0821797
-947.894427   -2666.5911674   -69.2044795
-947.3567931   -2665.9822464   -65.1263744
-946.9570843   -2667.0384407   -73.350504
-948.4295575   -2670.0878143   -83.4330916
-946.2958304   -2668.1437492   -78.3224627
-947.7616278   -2672.3775864   -90.9628049
-947.3232952   -2670.8815098   -86.5139142
-950.28505   -2673.7091541   -95.3751281
-949.2720095   -2665.7004356   -45.8039157
-949.668142   -2666.3310528   -58.3551303
-950.4120079   -2666.6641235   -63.4650439
-949.1191832   -2665.5228138   -41.7326652
-950.8167235   -2668.9763069   -78.3506036
-950.5274025   -2665.4856205   -25.5180839
-951.1698214   -2665.4117107   -22.3775338
-950.1594035   -2665.5721664   -34.073934
-950.7983652   -2667.7474976   -72.15368
-950.3433434   -2674.7813225   -99.4282067
-950.4840104   -2671.6485023   -88.176541
-950.2929179   -2666.8095589   -66.6954666
-951.0774342   -2666.2716866   -53.1338267
-953.3756701   -2666.4071083   -48.5853218
-953.7244765   -2672.4462509   -90.9049809
-952.1907298   -2665.9507751   -38.8409309
-953.1433312   -2670.6893444   -84.3697339
-952.4413077   -2666.1605835   -28.9476421
-953.133556   -2666.1703587   -42.2952026
-952.388498   -2665.4396057   -19.2844868
-953.0613152   -2666.6991711   -56.0863279
-953.2117573   -2666.921854   -58.5963167
-952.6800839   -2666.9914722   -61.4746101
-954.110953   -2666.5349007   -35.8222686
-953.8662163   -2666.5530205   -32.6387398
-953.7142245   -2674.372673   -98.3620733
-953.8076846   -2673.5804081   -95.128879
-952.8803555   -2667.514801   -67.8241029
-953.3565966   -2668.0665016   -71.4908168
-955.0516335   -2667.5364971   -63.684769
-954.6971051   -2666.7561531   -25.3490936
-954.3804852   -2669.5542336   -79.3230385
-954.2618719   -2668.9434052   -75.9852603
-954.9352852   -2666.8772697   -53.887058
-954.6043602   -2666.364193   -21.1982932
-955.2311627   -2668.5960293   -73.0876327
-955.2849261   -2666.0346985   -17.5392888
-955.7964531   -2668.138504   -69.2535341
-958.1162659   -2667.4480438   -41.1318205
-956.203076   -2674.904108   -101.2311652
-957.7245442   -2667.8583622   -30.7840761
-956.875178   -2667.4804688   -59.8000586
-956.4339844   -2667.2217846   -56.6877872
-955.5524317   -2666.6851044   -44.4189943
-957.2957484   -2671.9882488   -89.1763046
-957.098457   -2670.4432964   -82.422778
-959.4471184   -2671.0314751   -84.3001902
-957.3448626   -2667.1340466   -50.9144701
-958.0968348   -2667.2492027   -47.1990593
-957.4548928   -2673.9473343   -97.1996114
-958.2452504   -2672.8453636   -92.2922119
-957.2754828   -2667.4766541   -35.9126031
-959.397885   -2669.5446968   -76.0497898
-958.2804171   -2669.0318584   -73.4399408
-957.8555552   -2667.7160263   -23.0882484
-957.4693171   -2667.2112942   -20.0992599
-958.2572905   -2668.0428982   -26.1548012
-959.1103522   -2667.570591   -53.9259501
-959.5683543   -2668.564558   -67.6063895
-959.352347   -2668.202877   -64.0974492
-959.0971199   -2668.7216759   -70.1412335
-957.8734366   -2666.1918163   -13.8920872
-960.2364031   -2667.6752567   -17.1470754
-957.7889172   -2665.3618813   -10.5622225
-959.4371048   -2674.9150753   -102.6118994
-958.0391375   -2667.2940254   -44.2198999
-961.431357   -2673.9649773   -97.7093652
-960.6468407   -2668.0085659   -57.5148575
-962.5669447   -2668.6029434   -61.9364865
-961.6821734   -2670.6802845   -80.7568803
-960.4162899   -2668.5135365   -35.6818214
-961.1161677   -2668.4420109   -39.5804904
-961.240503   -2672.4090576   -90.0316462
-961.55152   -2671.7829704   -86.9243592
-961.8110386   -2668.1387424   -50.1687564
-960.1332871   -2673.361063   -94.736591
-961.1000744   -2668.8327789   -22.8759851
-961.0292641   -2669.0502167   -27.4350103
-962.144467   -2669.3291664   -32.2231203
-960.9971968   -2669.0425873   -29.9422108
-960.8188597   -2666.9151783   -12.778841
-963.4266821   -2666.5689945   -8.3224708
-962.8166882   -2668.6601639   -43.9390764
-962.8411261   -2673.2718945   -93.5472623
-962.3621432   -2669.5730686   -72.7565512
-962.8209797   -2670.2690125   -77.0521387
-963.9630047   -2669.4507599   -68.8987374
-963.4028403   -2668.5078144   -54.3655902
-962.4881474   -2668.9083576   -66.327706
-963.0783526   -2675.0705242   -104.1124463
-963.1831376   -2674.5796204   -101.1072844
-963.6939494   -2671.5574265   -83.8853046
-964.4561736   -2668.8871384   -16.174173
-964.4195763   -2669.7542667   -36.7651209
-965.105745   -2668.9956188   -58.2491681
-964.9415938   -2668.0059433   -11.5521494
-964.1048638   -2669.948101   -24.7014705
-964.23659   -2670.1130867   -28.8464688
-965.7488791   -2669.7313786   -41.4336994
-966.1947218   -2670.3720093   -21.8700282
-965.7108513   -2672.4491119   -87.1240497
-965.6398026   -2673.04039   -90.6655565
-966.7432038   -2671.5767384   -80.225423
-966.2584988   -2669.5756912   -45.5276929
-964.8270337   -2668.8966751   -51.4772758
-967.13576   -2669.5959568   -49.4668186
-965.8304182   -2670.4523563   -33.1631526
-966.3333622   -2665.712595   -0.9732812
-965.8717839   -2670.7098484   -75.7610574
-967.1990601   -2670.4182625   -71.0773319
-965.7429186   -2669.498682   -65.0401935
-966.4804665   -2669.4426537   -61.6300032
-966.0787312   -2674.0849018   -96.0736871
-966.0771815   -2674.6885777   -100.1691595
-966.0635916   -2666.5508747   -4.9191709
-967.3888413   -2673.8274097   -93.276307
-967.6890103   -2669.6505547   -53.2316417
-967.3987357   -2667.7920818   -7.6099313
-966.6404454   -2672.1425056   -83.8830471
-968.9751593   -2670.498848   -67.5842538
-967.8469626   -2671.1483002   -26.2561999
-968.3276144   -2671.2572575   -31.1431941
-968.9364163   -2671.4689732   -28.3284541
-968.7672583   -2665.7166481   4.0091123
-967.4528567   -2670.5646515   -37.8074273
-966.1164013   -2669.080019   -14.6561787
-968.0889574   -2670.1180935   -15.9169566
-967.9436413   -2670.5231667   -18.9428404
-968.8263861   -2669.7285175   -12.8550911
-969.2549435   -2669.1756248   -9.818689
-969.0705267   -2670.0582504   -59.1012351
-968.552324   -2673.5002995   -89.6582454
-970.3706232   -2673.1731892   -84.2674002
-969.8532549   -2670.4428196   -63.6565462
-969.8652951   -2670.9671021   -41.5286571
-968.9534632   -2671.2524891   -34.4069265
-969.8738781   -2671.6585159   -75.1245692
-968.9626423   -2667.5488949   -4.0066862
-969.0265385   -2674.7219563   -96.9240889
-970.2039687   -2671.6918945   -22.7307081
-970.5240456   -2670.6478596   -48.2404977
-971.8005387   -2671.2036133   -45.8683334
-970.9830014   -2667.4926281   0.7472621
-972.018334   -2673.1660366   -80.8825493
-970.895621   -2670.6428528   -51.4206924
-970.9535567   -2671.3614464   -70.4001635
-970.7458941   -2674.6656895   -92.9343253
-971.4473215   -2669.4097519   -6.892744
-970.9086148   -2671.5538502   -37.8315933
-971.565458   -2666.3775444   8.5134637
-970.9700076   -2671.4987755   -18.3488242
-971.7353312   -2671.2927818   -14.6865696
-971.6809718   -2670.8447933   -56.1089069
-971.9917504   -2672.2841263   -30.7610333
-972.1135823   -2674.488306   -88.7300298
-973.2141224   -2667.9036617   5.9441505
-972.8537527   -2670.9637642   -10.390996
-972.8656737   -2672.38307   -35.413079
-972.339007   -2668.78438   -1.7056122
-972.648832   -2671.6299057   -68.0228397
-972.9881016   -2671.3380814   -60.3874549
-973.7295834   -2671.8418598   -65.5902624
-973.3204571   -2671.9400883   -43.1423448
-973.2864825   -2672.2466946   -38.5303088
-974.2839066   -2672.7585793   -72.5111365
-973.7896649   -2673.1636524   -76.9460127
-974.247667   -2673.0847359   -25.3466126
-974.1039006   -2672.7545261   -20.7202286
-973.1403319   -2666.5797234   12.5141088
-973.6134735   -2674.2358208   -83.9396864
-974.2831913   -2671.9582081   -49.8431511
-974.2691246   -2671.8173027   -53.8897701
-973.9744393   -2672.4598408   -17.1153545
-973.5495774   -2665.6394005   18.9142209
-974.9017683   -2667.078495   16.3354762
-976.2098519   -2672.257185   -4.378404
-974.1999833   -2667.8979397   9.6643968
-974.4119374   -2665.7562256   21.3401951
-975.6763903   -2672.3778248   -56.6431805
-974.297258   -2669.4176197   1.7581357
-975.5687443   -2672.8806496   -13.5136936
-974.8570649   -2673.2079983   -30.6241475
-975.5320279   -2674.2122173   -79.5457438
-975.7220475   -2671.2503433   -1.1514021
-974.7594324   -2669.2214012   5.0617321
-976.4826027   -2673.2902527   -7.9947989
-975.9132592   -2673.5553741   -35.5969593
-975.4647938   -2672.6605892   -46.6725156
-975.7621018   -2672.4870205   -62.6841933
-977.0331112   -2673.0647087   -60.5296344
-976.0876624   -2668.9300537   12.2752124
-976.6726223   -2673.6283302   -39.9736911
-977.897617   -2673.9730835   -44.4240943
-976.8190113   -2673.0809212   -65.114297
-976.2146202   -2673.0666161   -68.3912784
-975.306007   -2666.8305397   19.6874347
-976.8953053   -2667.5903797   22.9647402
-977.2838084   -2666.629076   26.7748889
-978.1640498   -2674.8094559   -76.0870501
-976.0631052   -2669.7232723   7.9128528
-976.848456   -2674.2327213   -18.6757054
-976.9311873   -2674.3915081   -23.1044404
-977.3827521   -2674.5958328   -27.5448002
-976.742479   -2673.0134487   -52.7388565
-978.1213728   -2673.8812923   -49.4465455
-977.9743878   -2674.2126942   -71.5827048
-976.7292467   -2671.2687016   3.800865
-977.9094187   -2675.2262115   -79.5591846
-978.2509533   -2674.9091148   -32.158345
-977.7654139   -2669.285059   19.214388
-977.3118225   -2669.5327759   16.1492638
-978.6631791   -2673.2625961   10.1533793
-977.8471915   -2672.2743511   7.3621389
-978.0283896   -2671.5006828   13.3194542
-977.9300419   -2673.8171577   1.1691889
-977.7244059   -2674.2444038   -2.4193968
-979.7409502   -2674.8359203   -68.4309304
-980.2400795   -2674.8220921   -58.1744835
-978.5111872   -2674.1659641   5.4349089
-979.8116413   -2674.6330261   -54.4686355
-979.4670073   -2669.2357063   26.2585003
-979.4240919   -2670.6092358   23.0722148
-978.7617651   -2672.0454693   16.8185383
-979.7923294   -2674.5285988   -62.1608905
-979.3797461   -2674.8268604   14.3639445
-979.242417   -2667.6559448   29.4135399
-979.9130885   -2672.9846001   20.3570984
-979.5517651   -2674.8073101   16.9160664
-980.2428214   -2674.890995   23.6858036
-980.5898396   -2671.3166237   25.7444736
-980.5202214   -2672.5709438   24.0633618
-981.2469212   -2670.599699   29.6463836
-980.8290926   -2674.7381687   26.5651755
-981.5369574   -2674.2920876   29.6406802
-516.8736903   -2665.9557819   126.4912039
-517.5717799   -2666.339159   122.194685
-516.8285099   -2665.9126282   131.1182678
-517.6025359   -2665.9865379   139.3284351
-517.3302618   -2666.1973   135.0570172
-518.4260336   -2665.9367085   113.8125807
-518.7666146   -2666.9993401   118.019484
-518.925759   -2667.8981781   125.3765821
-518.9355341   -2666.1293507   145.6966102
-519.9845759   -2666.0826206   149.7485191
-519.0384118   -2666.8531895   142.6387131
-519.6842877   -2668.7150002   129.2948574
-519.4450346   -2668.4017181   132.9549849
-519.9780194   -2668.5833931   136.6387457
-520.9520785   -2669.4645882   121.7014119
-520.8153454   -2668.83111   140.5265033
-521.1224286   -2666.0232544   153.1450599
-521.2905136   -2668.0657864   111.341916
-521.9846693   -2667.5419807   106.9401279
-520.5865828   -2668.2090759   114.8959696
-521.9480721   -2669.8067188   117.3766404
-521.872255   -2670.5751419   126.1304915
-521.2769238   -2668.5497761   144.2690492
-521.0699765   -2667.6030159   147.6385295
-521.5550391   -2670.3367233   132.7984929
-522.8317706   -2671.4742184   130.1362365
-522.8470293   -2670.9356308   137.9216313
-523.6965147   -2666.1698818   99.0547612
-522.8361813   -2666.4795876   155.7621211
-524.5108334   -2668.3979034   103.2191366
-522.7708546   -2669.9440479   114.0942201
-524.4606463   -2671.5362072   142.2611624
-522.9742257   -2668.2896614   150.9256214
-524.2950646   -2672.4209785   123.2534647
-523.7526623   -2671.6234684   119.6711436
-523.6028162   -2669.9128151   146.7510462
-523.0648247   -2668.9162254   108.5681617
-525.0665871   -2671.1528301   110.9712049
-524.9451128   -2665.6742096   161.5309864
-523.9214627   -2666.1736965   158.6703062
-525.0117508   -2665.5945778   95.3101963
-524.8713223   -2673.084259   127.0391941
-525.1778094   -2672.2302437   115.9526482
-524.6323077   -2672.7674007   134.3459934
-525.6100623   -2670.4933643   150.2444297
-525.7467953   -2673.8054752   129.9481839
-525.8532492   -2669.326067   154.3200761
-526.2701241   -2668.0750847   158.3067179
-525.1618353   -2670.0851917   106.7289114
-526.4302222   -2673.5990047   139.2835826
-526.6302554   -2672.2886562   146.4397609
-527.5846449   -2669.4350243   99.7812599
-526.6911713   -2667.4985886   96.7338681
-526.6234604   -2673.9077568   120.1059967
-526.9789425   -2674.4205952   135.5406344
-528.1023709   -2674.00527   143.5040832
-527.6294676   -2671.037674   103.9339006
-527.2103278   -2674.8051643   132.263869
-526.7016617   -2674.5080948   127.843976
-528.0042616   -2666.2659645   164.7372395
-527.9239146   -2667.7937508   161.5600884
-527.6646344   -2666.819334   93.8313976
-527.8769461   -2672.8684902   109.1546789
-527.7790753   -2673.6760139   112.9812077
-528.7123648   -2674.9768257   116.611205
-529.1918246   -2666.1729813   90.7879323
-527.2956816   -2674.3836403   138.0370408
-528.6131827   -2671.7867851   152.8323442
-528.9112059   -2673.078537   149.3600607
-528.9128748   -2670.7174778   156.3067883
-529.821488   -2669.8791981   159.7846299
-529.3534724   -2674.1940975   146.38336
-529.7276703   -2669.1856384   95.8435461
-530.4406611   -2672.1162796   101.5367731
-530.8253495   -2671.0991859   98.464787
-530.2319256   -2673.1455326   104.7273055
-529.6836821   -2674.4842529   110.4517654
-530.3231207   -2668.0426598   92.8414762
-531.9108693   -2665.3337479   86.8434757
-530.7496516   -2668.8280106   163.3245051
-531.730148   -2667.3076153   167.4254537
-532.0101706   -2675.1623154   107.3655263
-531.6086737   -2674.0198135   151.8650055
-531.0171572   -2672.6651192   154.7457576
-531.8705765   -2675.2746105   148.2691318
-532.1317641   -2672.1935272   157.6921195
-532.9489437   -2668.1852341   90.3822929
-532.2503773   -2669.5897579   93.5173929
-533.0764977   -2671.3347435   95.981963
-533.2172839   -2671.2687016   161.3043398
-533.1612555   -2674.4501591   103.1644419
-533.4943262   -2673.1271744   99.3232727
-534.0567557   -2670.0661182   164.8951769
-533.9544741   -2674.3133068   154.9135894
-535.2207152   -2667.0508385   86.7849439
-534.304711   -2667.2074795   170.3462899
-535.405728   -2669.1794395   168.0462658
-535.4461399   -2665.7207012   173.7239063
-536.1184803   -2673.9194393   158.8967443
-535.3610245   -2670.8872318   92.712149
-536.8749825   -2665.7865047   84.0339884
-537.3900858   -2669.3286896   88.4625465
-537.0584456   -2673.7093925   96.2477401
-536.6339413   -2672.3659039   163.0712301
-536.855313   -2671.0820198   165.9539193
-537.2357098   -2668.4548855   171.0111201
-539.699885   -2672.696352   91.9178724
-538.5269848   -2670.65382   168.3741063
-539.1615359   -2667.6225662   173.9397496
-540.0927988   -2674.6165752   161.7898196
-539.9019448   -2672.9674339   165.13969
-541.4557187   -2665.6377316   81.3696608
-540.8926932   -2668.3671474   85.0322917
-541.0212008   -2675.0879288   94.949998
-541.0437313   -2669.3723202   172.6932973
-540.9930674   -2671.1006165   88.5174274
-541.4044587   -2672.0640659   168.2602912
-542.0100418   -2667.2608852   176.4609665
-544.1930024   -2674.0450859   90.6591415
-543.5328213   -2674.1549969   165.9099609
-544.471356   -2672.287941   170.257926
-543.5615508   -2669.7690487   173.838079
-543.9725844   -2671.4472771   87.2046351
-544.9299542   -2669.4245338   84.2118338
-547.4928347   -2665.7738686   78.7843317
-546.5750424   -2668.1132317   81.8417221
-546.2791649   -2673.8226414   89.1037434
-547.2767083   -2674.9093533   167.2590673
-547.0542637   -2671.2582111   173.8185734
-545.9265438   -2668.6928272   176.9113243
-547.6416079   -2672.1243858   86.1947164
-547.9719368   -2673.2876301   170.9629595
-548.2485024   -2670.1216698   83.4873989
-549.9237505   -2674.6556759   88.3142725
-551.1841504   -2667.6826477   79.3847814
-550.9094921   -2672.8539467   173.6596078
-549.729797   -2670.1555252   177.0534515
-550.4684178   -2674.7684479   169.8791683
-552.2181717   -2673.1009483   85.2345973
-552.6183573   -2670.580864   82.00185
-554.5386998   -2675.0311852   172.0176339
-553.5615412   -2672.3623276   175.9947389
-552.9292551   -2666.2209034   76.6604468
-554.577562   -2666.0470963   75.5347088
-556.7674366   -2670.0773239   79.4679224
-555.9571711   -2673.0079651   83.3102092
-556.7768542   -2674.1919518   174.7740507
-560.1030318   -2668.1051254   75.3183663
-559.0436188   -2673.3708382   82.2644606
-560.8474938   -2671.5202332   79.0697411
-561.345431   -2665.8053398   71.6182813
-559.9403111   -2674.3469238   176.1214286
-562.0710579   -2674.7355461   82.351543
-563.2748333   -2670.7293987   76.7130405
-564.3479554   -2668.0119038   72.7059618
-564.1110865   -2673.2144356   79.2965889
-563.999745   -2674.6530533   177.4668247
-566.4304224   -2672.0840931   76.4677674
-567.9599968   -2674.254179   78.3024058
-567.8631989   -2669.7390079   72.5543126
-567.436072   -2665.5905247   67.6260814
-569.7005717   -2672.2738743   74.7356042
-571.6309277   -2668.1964397   68.3711469
-571.7843501   -2670.4163551   71.1951926
-571.7825619   -2675.0540733   77.4051771
-574.3561713   -2673.1984615   73.802948
-575.5955902   -2670.2070236   69.3185478
-574.2474524   -2667.7486897   66.5066764
-576.172444   -2665.9526825   63.4142533
-578.0749051   -2668.2157516   66.1059245
-579.9526898   -2672.554493   71.8551651
-579.7577826   -2670.2399254   68.7421337
-580.2960125   -2666.2046909   63.0656108
-582.4540583   -2668.2081223   66.1209375
-581.7324845   -2674.6337414   74.8221949
-584.1542212   -2670.2919006   69.5218891
-583.1848112   -2666.4147377   63.6129603
-584.0240446   -2672.8551388   72.9768723
-585.8741728   -2674.8280525   76.2210712
-587.5463215   -2667.5505638   67.1035498
-587.2969357   -2671.8974113   73.0124041
-587.5124661   -2669.242382   69.5708841
-589.4977776   -2674.1364002   76.8617019
-590.1325671   -2669.6517467   71.5771541
-590.3796879   -2671.7050076   74.3870661
-590.806934   -2667.5059795   68.9608455
-592.5166336   -2672.5711823   76.429382
-592.3104016   -2670.5255508   73.8168433
-593.5345618   -2668.4174538   71.5951324
-593.5309855   -2666.1524773   68.3871806
-596.1657492   -2673.2795238   78.5128027
-595.0643746   -2670.5269814   74.8857707
-595.9690539   -2666.7170525   70.2422932
-597.0401493   -2668.3375835   72.816357
-598.9017216   -2670.394659   75.8263692
-599.2827145   -2675.006628   81.2018514
-598.90196   -2666.3358212   70.6610903
-599.7882811   -2672.6512909   78.7003413
-599.9010531   -2668.0812836   73.2251704
-602.2205082   -2671.2834835   77.4777234
-603.3938853   -2668.5490608   74.3395984
-602.4853913   -2666.6200161   71.7476308
-602.3698775   -2673.6171246   80.148235
-604.9506394   -2670.0661182   76.1816204
-605.1240889   -2672.3361015   78.8454637
-605.2957503   -2674.6907234   81.443809
-606.1242548   -2666.5680408   71.7869326
-608.5988013   -2669.0130234   74.7886971
-608.2601277   -2671.1859703   77.4426907
-607.625219   -2673.511982   80.045864
-609.9630324   -2667.1788692   72.1290112
-611.0483138   -2673.8946438   80.0006837
-611.7772786   -2671.1444855   76.7495185
-612.1064154   -2669.1420078   74.2261559
-614.2059294   -2667.6559448   71.875073
-614.6466462   -2673.0570793   78.3122778
-614.6744219   -2670.4592705   75.2123073
-615.2703492   -2665.7786369   69.0582395
-617.6439253   -2669.8424816   73.2587799
-617.4633232   -2667.36269   70.2032223
-617.5893275   -2672.3506451   76.4524788
-617.423865   -2674.4909286   79.0762976
-617.1039072   -2665.4736996   67.9193735
-619.4354025   -2666.4574146   67.9408982
-620.1988188   -2674.4644642   77.8249949
-621.0026471   -2669.3274975   70.8837062
-620.8203761   -2672.2009182   74.6884719
-622.1505133   -2667.7570343   67.6660016
-623.8934723   -2675.2309799   76.5382499
-625.5032746   -2665.4741764   59.9055104
-624.502155   -2667.8125858   65.2700365
-624.3406264   -2672.6162434   72.6306438
-624.9104468   -2670.3567505   68.7991828
-627.7749268   -2673.4511852   70.6093907
-627.2531477   -2670.0615883   65.5283853
-626.6652075   -2668.1923866   62.972717
-628.2384125   -2672.0871925   67.7788854
-627.8145043   -2667.6959991   60.1665825
-628.0389754   -2666.1465168   56.6498302
-630.0173727   -2670.9213257   62.8255606
-631.3534705   -2672.8549004   64.4837171
-629.8407046   -2666.5093899   53.2998294
-629.5690266   -2666.1450863   33.0230333
-630.7173697   -2674.4441986   68.4402883
-630.3075282   -2668.596983   57.3144034
-630.7385889   -2670.2194214   60.0384176
-630.767676   -2665.8389568   47.6416014
-631.0507981   -2666.8479443   50.4612178
-631.2906472   -2668.4131622   31.9968015
-631.7375628   -2666.686058   40.9657285
-631.2745539   -2666.9764519   36.648754
-632.7089993   -2669.0354347   52.1831885
-632.6830117   -2667.6793098   44.685524
-633.3654848   -2675.0714779   65.5006319
-633.5892407   -2673.514843   61.9691648
-633.9852539   -2672.0471382   57.8302294
-632.949206   -2668.3862209   48.3510643
-633.7023703   -2670.7105637   54.7704473
-632.9173771   -2668.5488224   37.7192013
-633.1129996   -2669.5621014   34.1920219
-634.0489117   -2670.730114   31.8241753
-634.7135035   -2669.7926521   40.940132
-635.3332726   -2670.3033447   45.4636253
-635.9283654   -2671.0913181   48.3564585
-635.3729693   -2671.7181206   53.6474437
-634.8527399   -2673.8016605   60.326118
-635.1380078   -2670.8123684   36.4005007
-636.5190474   -2674.8464108   59.7553253
-637.6793114   -2674.2610931   56.022048
-637.7807585   -2672.3613739   38.4665541
-637.378904   -2671.8299389   44.0837778
-637.0835034   -2672.3465919   34.4531611
-638.302776   -2673.0747223   50.0363708
-637.6207796   -2673.3057499   53.1696975
-639.8193566   -2673.6218929   47.479298
-640.4903857   -2673.7196445   42.1920307
-640.0066344   -2673.8290787   34.4704539
-641.1739317   -2674.3090153   30.4870438
-641.1620108   -2674.1631031   38.667433
-640.1171414   -2673.5467911   44.9073724
-642.7405802   -2675.0180721   34.3624577
-643.2912079   -2675.0078201   44.1918671
-643.7089173   -2675.1246452   40.2106941
-682.6295582   -2673.0742455   29.4197537
-686.3509146   -2673.9172935   31.1714206
-690.9469096   -2673.0420589   31.9527201
-691.7016236   -2670.1111794   29.7032986
-694.9007241   -2673.7980843   34.2470519
-694.389197   -2670.7806587   31.2654749
-695.826265   -2668.3642864   29.7867786
-698.3408657   -2670.9592342   33.1235863
-696.7262951   -2669.8110104   31.3857533
-697.6434914   -2674.195528   35.9025449
-698.4066693   -2668.3175564   30.961277
-697.9553429   -2670.0439453   32.1284458
-701.8052069   -2672.4891663   36.6522521
-701.2580363   -2667.6557064   31.9922715
-702.4709908   -2669.5446968   34.433499
-704.1200129   -2667.0851707   33.4767662
-704.6985356   -2673.6035347   39.6233834
-705.4339377   -2669.854641   36.8256569
-708.6993185   -2672.1889973   41.5724628
-709.1098753   -2666.7187214   37.9299186
-710.0794045   -2674.6127605   44.8435731
-711.4616362   -2668.061018   42.0215353
-711.9989125   -2671.0495949   44.4491729
-712.4210326   -2674.8600006   47.3911278
-714.071366   -2671.2732315   46.715267
-714.4090859   -2667.1757698   44.9798219
-715.1320902   -2673.2227802   48.9315093
-716.1193816   -2669.8772907   48.3560786
-717.6851956   -2666.5599346   48.5018454
-717.3696486   -2672.9991436   51.1210188
-719.0032927   -2669.1622734   50.9994254
-720.0220553   -2672.8169918   53.6130629
-720.0103728   -2666.0988331   50.7943332
-721.6442553   -2667.1931744   52.9699773
-721.5342251   -2669.9998379   53.8714528
-722.156736   -2672.7781296   55.6481592
-724.5233981   -2674.5579243   58.4482178
-723.5487429   -2669.667244   55.7943657
-723.7633196   -2665.481329   54.3546975
-725.6179778   -2670.2890396   57.9760149
-726.3514725   -2666.0935879   56.9713712
-728.1230418   -2672.6436615   60.8344711
-728.953096   -2669.1200733   60.3168644
-729.9257246   -2665.7743454   59.7624853
-731.554958   -2672.1076965   63.1195977
-732.57682   -2667.910099   62.4121688
-733.8322131   -2675.2207279   65.3157607
-734.8690955   -2670.719862   64.6391213
-736.2836329   -2665.7240391   63.8597757
-737.2519699   -2673.813343   66.5894076
-737.9945246   -2669.6426868   65.9136176
-740.6010357   -2666.0659313   66.1601499
-741.1787239   -2671.9713211   67.8179115
-744.7758643   -2667.2692299   68.1676939
-745.8090512   -2673.0513573   69.3814754
-749.5919196   -2667.8135395   69.671087
-750.2693859   -2674.5202541   70.4262033
-754.1652647   -2669.8434353   70.6182197
-756.5272776   -2665.7962799   70.7566589
-756.7898957   -2672.2445488   70.6144869
-758.3042113   -2668.3619022   70.8175525
-758.7611405   -2675.1840115   70.1119751
-759.8530976   -2671.8080044   70.3940466
-762.3595921   -2665.4341221   70.9405318
-762.8119913   -2669.6126461   70.2642053
-762.9192797   -2673.7108231   69.681704
-765.933725   -2667.3183441   70.3564435
-767.4240796   -2671.6241837   69.5524216
-770.5372301   -2666.9170856   70.3564957
-772.5845305   -2671.7190742   69.5045069
-774.854633   -2668.9608097   70.3850612
-774.5276419   -2675.0495434   68.9924806
-776.7988173   -2672.5270748   69.8449984
-779.1479556   -2668.9407825   71.3799596
-781.4618079   -2674.118042   70.3712702
-781.9853751   -2667.6716805   73.3660385
-783.016297   -2671.2114811   72.3340437
-785.520765   -2669.0840721   75.0019923
-785.8173577   -2672.8606224   73.3122826
-786.5060297   -2666.2192345   76.8269524
-788.5244814   -2672.3544598   75.2221569
-789.5596949   -2668.01548   77.8957531
-791.2621228   -2675.1563549   75.1704052
-791.6197506   -2671.6787815   77.1732628
-792.8057639   -2668.6010361   79.351671
-793.6916081   -2673.866272   76.9902393
-794.5575444   -2670.9446907   78.9467394
-796.2007252   -2668.2612896   81.0591951
-797.0361439   -2674.2932796   77.7672231
-798.1247631   -2670.6106663   80.3207681
-799.0793911   -2667.447567   82.4005306
-801.1725871   -2672.7564335   79.7893628
-800.8073298   -2669.7432995   81.6510692
-802.9863564   -2667.2718525   83.549872
-804.4674126   -2674.6127605   78.6555856
-802.8496233   -2670.1803207   81.7293748
-804.6593396   -2670.5069542   81.7554966
-806.1022488   -2666.8028831   84.3038559
-809.5476357   -2672.9207039   79.466708
-807.5242964   -2668.5078144   83.2226872
-809.1169325   -2665.538311   85.1997361
-811.3354174   -2670.9635258   80.6942508
-810.4493348   -2667.6549911   83.5705698
-812.0496003   -2673.7494469   77.7416229
-814.3880097   -2669.4729328   81.0129866
-814.2403094   -2666.7070389   83.4646672
-815.1550023   -2674.7379303   75.1310736
-815.1452271   -2671.6504097   78.3646107
-818.2915179   -2666.4795876   82.1398273
-817.5942627   -2669.3944931   79.4193968
-818.4604374   -2671.3678837   76.6532123
-819.7955815   -2673.5875607   72.6445019
-820.9653822   -2667.9885387   78.6491558
-821.9107119   -2670.0928211   74.9853775
-823.0015961   -2673.402071   69.0991208
-823.1575219   -2671.254158   71.9979927
-823.9034144   -2667.4382687   76.3388723
-824.9628273   -2668.5912609   73.3766928
-825.3134219   -2672.7993488   66.198945
-825.0659434   -2674.8590469   63.3314177
-825.8161274   -2670.1438427   69.5679039
-827.8133599   -2667.3383713   70.2665597
-827.0975081   -2672.2915173   63.7711808
-827.8859583   -2673.4330654   60.9217025
-828.215572   -2669.4808006   65.7897443
-831.8264214   -2674.8211384   57.7846579
-830.8527199   -2670.2377796   61.3386482
-831.0849396   -2667.2842503   63.8568252
-836.2313239   -2668.1687832   60.0417331
-836.3672224   -2668.5762405   59.7570837
-840.7383887   -2673.9141941   55.6341335
-842.2345845   -2669.8246002   57.6113649
-843.9773051   -2667.0148373   59.1997467
-844.6856467   -2673.8753319   56.6565394
-846.3775841   -2669.752121   58.9261055
-847.3162381   -2665.9519672   60.485553
-849.9866454   -2674.1671562   58.5888512
-851.152393   -2669.346571   60.5860353
-852.3884741   -2665.6630039   61.4767522
-854.2172638   -2672.123909   60.7773997
-857.0559946   -2668.7247753   62.0499328
-858.5806815   -2673.6426353   61.7781281
-862.4442545   -2671.2288857   63.0264878
-862.3468605   -2667.5691605   62.8959239
-863.1241051   -2674.8638153   62.8937334
-867.4469916   -2669.6777344   63.4612888
-866.2762371   -2673.1545925   63.8229996
-870.1251475   -2666.3589478   62.5213087
-871.2343899   -2673.9375591   64.8798868
-874.0628687   -2669.7494984   64.1324744
-874.7313944   -2665.9047604   62.1631108
-876.9192425   -2673.8607883   65.5913949
-878.7979809   -2668.0529118   63.4230599
-879.4241873   -2671.295166   65.0517419
-878.9103953   -2665.4784679   60.9009676
-881.2355725   -2674.2184162   66.2079155
-883.2432953   -2667.3259735   61.9654804
-885.0031821   -2671.434164   65.3971136
-885.5033842   -2672.5625992   65.9106895
-886.0347001   -2665.5936241   59.1965877
-886.9839636   -2669.8176861   63.7795776
-888.4380785   -2666.5451527   59.8145165
-888.3028952   -2674.5831966   66.8258294
-889.4313303   -2672.5618839   65.6559169
-889.1435591   -2669.0883636   62.9532188
-891.7846409   -2670.6869602   64.0288144
-890.7779185   -2665.8911705   56.953229
-892.0796839   -2665.4388905   45.4161167
-891.1628453   -2668.1284904   61.1113906
-894.2095963   -2667.0053005   38.9343128
-892.2662465   -2674.5548248   66.7161718
-893.3281628   -2665.4398441   49.120225
-893.8389746   -2672.4495888   65.2101114
-894.2457167   -2667.2313213   58.5136153
-894.9882714   -2666.4028168   55.6183085
-894.537541   -2668.8587666   61.1596033
-896.3918415   -2666.254282   52.1357358
-895.9929673   -2666.7582989   45.09205
-898.1284825   -2666.9249535   48.2780673
-896.6176239   -2670.9694862   63.3211657
-898.8564936   -2673.7127304   65.7104999
-901.0467259   -2668.8928604   42.9565087
-899.9898163   -2669.4660187   36.604695
-897.632095   -2669.0027714   60.1544827
-897.1010176   -2667.4478054   57.4279167
-899.2738453   -2667.4053669   54.8592918
-900.3936974   -2667.3355103   51.3646267
-901.1426894   -2670.624733   61.7469288
-900.0638453   -2668.6787605   58.2954735
-900.6963698   -2669.7361469   31.3372128
-902.6705948   -2668.4014797   47.9137711
-904.4218985   -2674.1085052   65.224722
-903.9272992   -2668.8790321   55.4569513
-903.052303   -2667.9725647   51.8749803
-902.929875   -2670.759201   33.384122
-905.4962126   -2671.4987755   37.1224955
-903.3138482   -2669.7516441   58.9535795
-901.7333714   -2670.2182293   31.219162
-902.3726908   -2670.4704762   30.1594697
-904.6681849   -2671.2965965   61.5354851
-905.0861327   -2669.7118282   45.2776328
-907.3241679   -2671.3218689   41.5710546
-906.3695399   -2669.3382263   48.5115275
-905.1525322   -2671.5826988   34.3730263
-905.8388201   -2671.9069481   31.344533
-906.3824145   -2670.4006195   58.5651398
-907.5194327   -2669.4772243   52.1304347
-909.1214863   -2670.1390743   55.9003465
-908.1448046   -2672.260046   61.9746894
-906.5198628   -2671.7693806   37.6834534
-906.666967   -2671.6461182   38.7370698
-908.1058232   -2670.5234051   45.5985442
-908.4866969   -2672.7759838   33.8444598
-908.446881   -2672.8644371   30.1562883
-910.9500376   -2670.5322266   48.7119146
-909.3602625   -2671.0987091   58.8810854
-908.4374634   -2672.3811626   37.7433673
-911.0105959   -2671.6499329   44.1275612
-910.7547728   -2672.7182865   39.7253297
-910.827252   -2672.296524   41.694466
-911.2338749   -2670.2091694   53.543929
-910.3222815   -2672.1804142   60.7099235
-912.8608433   -2673.8939285   62.5680313
-912.9577605   -2673.9153862   36.2529382
-913.082215   -2671.7455387   58.433339
-914.3322436   -2673.3081341   41.3281247
-913.9073817   -2670.9611416   52.0242639
-914.6496979   -2672.0342636   45.8655208
-915.1307074   -2671.3984013   49.1975062
-916.5169922   -2675.2178669   34.2178158
-916.0442082   -2671.5538502   55.0562404
-916.5885178   -2673.6073494   60.8809069
-916.5879218   -2674.6141911   38.0790718
-917.4935547   -2672.6398468   57.9399802
-917.7746502   -2671.7488766   51.6497418
-918.570253   -2673.4483242   44.3177633
-919.6750847   -2674.8161316   40.3455906
-918.4093205   -2672.3709106   48.0294339
-921.2010828   -2672.785759   55.2980006
-919.1151587   -2675.1060486   62.6745299
-920.4863039   -2674.072504   59.8592758
-921.8297926   -2672.7340221   50.5664349
-922.3510949   -2673.5084057   46.7413887
-922.6344553   -2674.5846272   43.3544852
-925.2909151   -2674.5464802   58.979407
-925.1738516   -2673.5134125   54.0177636
-926.3959853   -2673.9521027   49.2018275
-926.0709015   -2674.7717857   45.1184325
-928.1236855   -2674.1046906   53.0921891
-928.941342   -2674.7860909   56.5264709
-931.1135737   -2674.757719   50.506521
-931.8927256   -2675.0249863   54.2882346
-981.0787169   -2667.6976681   33.9369029
-983.3831517   -2667.3452854   39.2076075
-983.4034172   -2674.9005318   37.729267
-984.3255011   -2674.9236584   42.3803627
-983.0280272   -2671.5817451   34.81289
-984.4307629   -2671.662569   40.4334329
-986.0754935   -2668.854475   44.4545634
-986.0025374   -2674.2389202   46.7110202
-986.9112698   -2675.0805378   50.8303642
-986.0844342   -2672.3613739   44.1141687
-987.319204   -2671.5688705   46.6351882
-988.28921   -2672.5578308   49.569048
-988.5602919   -2669.362545   48.6497767
-989.24956   -2673.8359928   52.8259948
-990.0345532   -2674.929142   56.2129393
-989.8680178   -2667.6132679   51.6161174
-990.3259007   -2670.7122326   52.1626323
-992.229077   -2674.8991013   59.6819632
-992.2339646   -2672.3194122   56.1358891
-992.2570912   -2668.3244705   55.3351119
-992.6662175   -2665.6112671   56.8484925
-994.9778048   -2674.921751   64.0133992
-994.122955   -2672.6155281   59.5979951
-994.5699898   -2673.7556458   61.8057661
-994.312617   -2670.2287197   59.1319054
-995.7595793   -2666.0354137   61.9799048
-995.5515591   -2671.8528271   62.1275604
-996.6095415   -2669.0170765   62.8556535
-997.7268902   -2666.2054062   65.5187815
-997.2272841   -2671.7066765   65.1464611
-998.1593815   -2673.9883423   68.4176236
-999.6654717   -2669.803381   67.905575
-1000.277373   -2665.9991741   70.1208562
-1001.4412133   -2672.8162766   73.026143
-1002.626392   -2667.5648689   73.3224675
-1003.8631884   -2673.5293865   77.6002929
-1004.1789738   -2670.8276272   75.9455562
-1004.5687882   -2666.4698124   77.3021877
-1004.0710894   -2668.2646275   75.7854506
-1005.4797856   -2665.784359   79.8420236
-1006.9116084   -2672.5263596   81.6455856
-1005.8563677   -2671.6530323   79.2631656
-1006.3330857   -2669.0804958   79.4925168
-1007.3820082   -2673.9521027   84.4001323
-1007.872316   -2668.159008   82.7306807
-1007.1009127   -2670.2799797   80.7385817
-1008.4752766   -2666.7289734   85.1740688
-1008.9946715   -2672.5759506   86.3708779
-1007.86719   -2670.6001759   82.0983946
-1009.2079369   -2670.283556   85.78486
-1008.3631007   -2670.5386639   83.5345089
-1009.3382327   -2666.4478779   88.0667344
-1010.6422631   -2673.5937595   91.0738707
-1010.0332228   -2668.6832905   87.3539075
-1010.4908673   -2671.4999676   88.7786821
-1010.8481375   -2674.6239662   93.895264
-1010.7456175   -2667.5217152   90.4782042
-1012.3364655   -2666.9671535   94.6046337
-1011.2517802   -2669.5158482   90.2324617
-1012.0970932   -2670.8931923   93.1032076
-1012.7682415   -2675.1866341   104.3753549
-1012.191507   -2669.0847874   93.1182131
-1012.3330084   -2673.5560894   97.0548615
-1014.2719475   -2674.9432087   109.6449494
-1014.4352642   -2670.8655357   101.3781428
-1013.4647814   -2667.8202152   96.4749306
-1013.9955012   -2669.5120335   98.009564
-1013.4139983   -2671.350956   97.9236141
-1013.7551752   -2665.9114361   100.5947217
-1014.6355359   -2672.9557514   105.6513414
-1014.2523972   -2670.3867912   98.8429785
-1015.6084029   -2669.7201729   105.9456617
-1014.4791333   -2668.0696011   101.7184854
-1015.8662526   -2673.3055115   112.9188612
-1015.7314268   -2665.8010483   108.8394001
-1016.4071051   -2674.1631031   119.4085851
-1017.5448386   -2674.9954224   129.383117
-1016.7948929   -2675.0638485   125.5613863
-1018.2510344   -2675.078392   133.2342327
-1015.6600205   -2667.989254   105.8556214
-1015.6644312   -2671.049118   107.6451465
-1017.6257817   -2673.4602451   123.255685
-1016.7988268   -2670.1879501   111.1139804
-1017.9471699   -2671.1215973   118.0471331
-1017.0988766   -2666.1906242   113.5152727
-1017.4898831   -2669.9290276   114.0859202
-1018.4340207   -2671.5054512   120.6581816
-1018.0756775   -2666.0590172   117.5730005
-1021.3758675   -2675.2486229   147.8745937
-1018.7980858   -2673.1660366   126.514107
-1019.7446076   -2672.087431   129.8989952
-1020.8602873   -2673.2959747   139.2806172
-1020.3441111   -2673.1712818   135.1757199
-1019.7168318   -2670.1712608   125.6176531
-1018.7961785   -2665.5991077   121.0117787
-1019.1901652   -2668.5612202   121.1763546
-1020.2748505   -2666.570425   124.5748103
-1021.1339919   -2674.8182774   145.4149783
-1021.905872   -2672.9931831   143.0811882
-1020.774099   -2665.7075882   127.2374988
-1021.6963021   -2668.8656807   131.1561316
-1022.6092068   -2670.0372696   137.0955259
-1021.7493502   -2665.583849   131.4405501
-1022.8384463   -2670.7451344   140.6194568
-1023.0618445   -2672.8463173   146.7305869
-1023.8138167   -2674.5789051   157.2858244
-1024.9654976   -2674.4067669   161.0300094
-1023.6125914   -2673.4323502   150.6108046
-1022.9531256   -2666.5201187   135.6270164
-1024.6638981   -2673.0184555   154.3814689
-1024.0499703   -2670.4583168   144.577086
-1023.1413571   -2668.7095165   138.1191462
-1024.4686333   -2667.6976681   141.7526156
-1023.7253634   -2667.0315266   138.7709379
-1024.809095   -2670.8250046   148.6785114
-1025.4507986   -2671.3416576   151.9303322
-1026.6409842   -2671.2889671   158.0151767
-1026.1501995   -2675.0197411   172.2677946
-1026.3066021   -2674.7057438   174.5211184
-1025.6063668   -2667.8361893   146.9609439
-1028.1645981   -2672.5332737   167.2168672
-1027.0058838   -2672.9893684   164.7358835
-1026.3052908   -2670.5582142   154.8921019
-1026.1682001   -2668.9167023   151.5645832
-1027.5220601   -2671.298027   161.2990499
-1027.7294842   -2667.7424908   155.6933224
-1030.5077759   -2668.6301231   166.1437899
-1029.4861523   -2667.7076817   161.1659229
-1029.436442   -2671.9770432   172.5844145
-1030.4202763   -2670.5641747   169.5874631
-1031.5344063   -2667.4854755   167.8725481
-1030.4187266   -2666.020155   164.8119688
-1031.6046206   -2669.5165634   174.4959354
-1029.1433064   -2671.766758   177.2865206
-1031.5053193   -2668.8246727   170.8522886
-1033.6224762   -2665.4851437   174.7397035
-1033.0258337   -2667.342186   173.2077599
-1033.9710442   -2666.2797928   174.7611463
-1033.3281485   -2667.9096222   175.1904786
-544.7417227   -2665.899992   179.8583865
-548.6564366   -2667.3583984   180.1179945
-552.1702496   -2665.907383   183.3981276
-553.176376   -2668.7395573   180.5691123
-556.4920632   -2671.9930172   177.9288054
-555.6989638   -2667.1857834   183.4549457
-557.8261343   -2669.365406   181.8365604
-558.6794344   -2666.5496826   185.1950288
-560.8030287   -2672.0161438   179.7930598
-562.2768132   -2669.2049503   183.6549789
-564.8665158   -2671.1707115   182.4061722
-566.1180941   -2668.482542   185.6511235
-568.5167042   -2665.4319763   189.0799105
-567.5097433   -2674.0822792   179.6600223
-567.9323403   -2671.3495255   183.2125485
-571.1880652   -2669.2740917   186.3501668
-570.482823   -2673.5229492   181.4170331
-572.1115796   -2671.5500355   184.2370778
-573.0114905   -2667.2599316   188.6192858
-573.9243952   -2674.282074   181.4991385
-575.2119748   -2670.1734066   186.4786744
-576.5213696   -2672.3532677   184.5653057
-575.7181374   -2665.6064987   190.5658841
-576.3827292   -2667.9959297   188.7355149
-578.4568516   -2674.5691299   182.4233532
-579.7514645   -2669.7385311   187.8514439
-578.5397021   -2666.424036   190.4480904
-580.6529251   -2672.7881432   185.0063503
-582.322332   -2675.1832962   182.6034784
-581.9191662   -2666.7861938   190.6894445
-584.1765133   -2671.8583107   186.6339445
-584.8123757   -2669.5668697   188.8686717
-583.5116831   -2673.8541126   184.4214648
-585.8227936   -2667.0799255   191.0598427
-587.580773   -2674.6122837   184.4240427
-588.9776675   -2671.847105   187.4183565
-589.063975   -2668.7839031   190.0749058
-593.7053887   -2666.9251919   192.0271665
-592.955443   -2672.621727   187.2737855
-592.0088021   -2669.9633598   189.4420385
-595.4609839   -2674.9591827   185.3150427
-595.4121081   -2669.7537899   189.9888366
-596.5789286   -2665.5049324   193.4062392
-599.2940394   -2671.4100838   189.0605539
-600.2614228   -2668.9677238   191.1326349
-602.4698941   -2666.9902802   192.8824037
-600.8230177   -2674.672842   186.3639206
-604.4620005   -2670.9132195   189.9922043
-603.1802622   -2674.5705605   186.7680699
-607.4160067   -2668.4422493   192.2348738
-606.574866   -2673.7058163   187.8628582
-609.9366871   -2671.9031334   189.6876842
-609.6836058   -2674.6640205   187.3858869
-611.1600129   -2666.0914421   194.5117563
-611.6286246   -2669.3680286   191.8929964
-613.1875245   -2673.8336086   188.3876324
-614.3523184   -2667.103529   194.0305233
-616.3117615   -2672.5199223   189.7432655
-615.7916514   -2668.7712669   192.7791089
-618.5284583   -2674.580574   188.2159561
-619.3227497   -2668.1404114   193.6980486
-617.6171032   -2670.2487469   191.7162687
-620.2047793   -2671.6871262   190.7396764
-621.2810007   -2666.9740677   194.9059665
-623.2313839   -2673.9211082   189.1284436
-624.4343249   -2668.7173843   193.7689185
-624.4761673   -2666.5201187   195.6578046
-627.5725094   -2673.4902859   189.915508
-629.4259755   -2668.3092117   194.6750879
-628.1152693   -2670.3116894   192.7728355
-631.1028925   -2671.4587212   192.0900047
-632.7444044   -2674.0534306   189.946115
-633.1761805   -2666.5446758   196.6827214
-634.0279309   -2671.1404324   192.7355379
-636.1281601   -2669.059515   194.8056668
-637.111756   -2672.9893684   191.4099157
-636.998984   -2665.9889221   197.6573467
-639.4306151   -2668.6751842   195.5608726
-641.4102045   -2673.1348038   191.7967796
-642.5515143   -2670.0880527   194.6922392
-644.8296038   -2665.7304764   198.9512444
-645.2940432   -2673.0680466   192.3517585
-646.6691224   -2670.0041294   195.3173131
-648.8628117   -2667.2546864   198.1131583
-648.5384432   -2674.1578579   191.7636991
-651.725146   -2673.7003326   192.6099807
-651.397082   -2668.6558723   197.2099841
-652.4626938   -2665.9507751   199.8220384
-654.1951624   -2669.6944237   196.6533363
-655.9633938   -2674.6885777   192.246601
-657.4665038   -2667.4971581   199.1094202
-659.0957371   -2675.183773   192.2032237
-659.8318545   -2672.2285748   195.0496882
-658.536884   -2669.8727608   197.0656812
-661.8460146   -2668.251276   199.0198046
-664.0290944   -2673.4519005   194.4639385
-665.1578871   -2670.9699631   196.952641
-665.3322903   -2667.5674915   200.1214921
-668.4829918   -2673.1421947   195.3598261
-669.9791876   -2669.2886353   199.1687119
-669.5222584   -2666.9404507   201.3787329
-673.2282368   -2666.1949158   202.6883215
-673.2066599   -2668.8499451   200.0466138
-674.9624936   -2671.4110374   197.8120357
-675.7039753   -2674.7558117   194.6745366
-678.6097018   -2669.044733   200.67662
-677.7789322   -2665.6680107   204.0356249
-680.0933806   -2672.7237701   197.1774399
-682.2343794   -2668.763876   201.5531808
-682.2285382   -2665.9989357   204.6154141
-683.7027995   -2674.0958691   196.1683184
-684.3214957   -2671.4861393   198.992759
-685.0471226   -2668.2522297   202.632457
-686.5811077   -2665.6727791   206.0162872
-689.4496409   -2672.7705002   198.267892
-687.6182286   -2674.9515533   195.6725419
-688.4146658   -2670.0184345   201.245591
-689.5975796   -2666.8236256   205.3717226
-692.977759   -2675.246954   195.7206279
-692.3757521   -2671.3695526   200.2943307
-690.7684533   -2668.7736511   203.1913847
-693.6998097   -2666.1059856   207.5184435
-694.119784   -2669.056654   203.5806626
-697.9944436   -2673.2726097   198.6394227
-695.8173243   -2671.1108685   201.2161463
-698.2036559   -2667.3262119   207.1664929
-698.080155   -2670.222044   202.8863877
-702.1962134   -2665.4493809   211.8807584
-700.023028   -2666.2390232   209.5506936
-701.3834444   -2672.6584435   200.0188231
-701.4729706   -2668.869257   205.7680339
-705.0440041   -2668.738842   207.132563
-706.3990561   -2671.7104912   202.4988234
-705.6807009   -2673.6524105   199.2084533
-706.1320273   -2666.5685177   211.6429061
-708.5433928   -2666.1710739   213.9128894
-710.2100579   -2665.3838158   217.1679437
-709.4610659   -2667.7527428   210.8366489
-708.9550225   -2669.7719097   206.6164762
-709.1226307   -2673.0413437   200.8265108
-711.3473145   -2671.7414856   203.6750168
-713.7579647   -2668.2395935   212.0311409
-712.3622624   -2666.2561893   216.3949311
-711.6031376   -2669.2721844   208.6314559
-713.7942044   -2670.5608368   206.7680359
-712.4169794   -2673.4724045   200.7421851
-714.831206   -2672.0798016   204.007104
-715.0256363   -2669.5454121   209.5063925
-715.7766549   -2665.4574871   224.0358293
-714.895579   -2666.3808823   218.3387727
-715.503308   -2665.9641266   220.7971215
-717.0091597   -2665.4486656   226.8442661
-716.858956   -2668.5295105   213.1777406
-715.7026259   -2674.2913723   199.9016553
-717.6767317   -2671.7381477   205.6444883
-718.4517113   -2670.6352234   208.533898
-720.0903622   -2672.962904   203.7100941
-718.6386315   -2666.8436527   221.1800069
-720.1925246   -2668.0653095   217.5481021
-718.1402174   -2665.4222012   231.5469533
-719.757053   -2665.6701565   234.5746011
-718.993756   -2674.9668121   199.2207468
-718.6273066   -2666.3203239   224.269852
-720.3315226   -2666.349411   229.1154861
-720.1051442   -2669.667244   212.0080143
-721.6003863   -2671.8966961   206.7764252
-723.09539   -2671.1781025   209.3712837
-722.7670876   -2667.9773331   221.6778398
-723.7159935   -2667.4311161   228.6140621
-725.1203982   -2668.2879925   224.5560586
-722.5960223   -2669.5456505   214.1702622
-724.1067616   -2674.6845245   200.8570582
-722.0687596   -2666.144371   237.0375246
-724.0982977   -2667.2804356   232.2488576
-725.9717909   -2673.5429764   204.1974962
-724.7187821   -2665.6730175   244.2161888
-724.9661414   -2666.4810181   240.5393124
-723.8495079   -2668.9546108   217.9391831
-726.9836394   -2672.157526   208.534047
-725.2436606   -2667.1097279   236.6534173
-726.7621485   -2670.7112789   213.3797854
-726.5997855   -2670.081377   215.9168273
-726.3539759   -2669.3029404   219.7558433
-726.0035006   -2668.210268   228.0273587
-727.9464928   -2668.2705879   233.2522422
-728.2032696   -2674.5252609   202.3515105
-727.887961   -2666.3403511   244.6873337
-729.8288075   -2667.6902771   240.8735007
-728.7807194   -2669.2154408   225.7897556
-729.5640437   -2669.8348522   222.0975459
-728.8095681   -2668.0521965   237.1239364
-729.9418179   -2673.5351086   205.7671398
-729.9910513   -2669.2204475   229.5249552
-730.1584212   -2670.4850197   218.5954005
-729.2005745   -2671.6361046   211.8427008
-729.8339335   -2670.9787846   215.3913081
-732.2077481   -2672.878027   209.2731893
-732.5288979   -2666.5167809   247.7988452
-733.0738036   -2667.6506996   244.2359775
-731.0207812   -2669.188261   232.6608002
-732.2779623   -2675.0249863   202.1632642
-731.7408053   -2669.9712276   226.6450226
-732.2996584   -2669.0807343   236.2239212
-732.6729027   -2671.8196869   214.3694013
-733.0882279   -2668.6124802   240.1283532
-732.8666178   -2670.8610058   220.9521085
-734.631869   -2671.0193157   224.1992056
-734.0830294   -2671.6678143   217.1429694
-733.6541144   -2674.1535664   205.4516226
-733.0507962   -2669.8551178   231.6602319
-734.1521708   -2665.6765938   251.3085604
-734.6924273   -2670.6757545   227.9205769
-736.1249653   -2672.8382111   212.8595263
-737.2793881   -2673.844099   208.933562
-736.9500128   -2670.4347134   235.0277752
-735.807511   -2669.7170734   237.6577854
-736.025664   -2671.6566086   221.1622596
-734.9267928   -2670.3994274   231.3052267
-736.5762917   -2669.1353321   241.3444817
-735.1771323   -2667.7556038   245.5333769
-740.0861708   -2675.0183105   205.4010481
-737.6290289   -2666.0408974   252.3731887
-739.9486033   -2668.2431698   247.2806573
-738.1264893   -2671.7507839   226.0444164
-737.9163233   -2671.2193489   230.8047861
-740.457627   -2669.6434021   242.6875383
-738.7816636   -2672.573328   219.2238867
-737.8418175   -2672.6481915   216.4689153
-739.1255824   -2670.1629162   239.3195033
-740.1195494   -2672.6071835   222.1361846
-739.080402   -2673.5234261   212.4706209
-743.9501015   -2666.8272018   253.726989
-741.0365073   -2674.4909286   208.7049782
-741.2399975   -2673.3510494   216.9540972
-741.0133807   -2672.2621918   228.2910049
-742.5828902   -2672.3334789   231.2128544
-742.0392958   -2672.8596687   224.4229168
-741.9146029   -2671.1065769   237.7167791
-744.2444292   -2671.7863083   237.0258868
-742.0617072   -2667.522192   250.7638335
-743.7628237   -2673.6445427   220.3459144
-742.6632372   -2674.1089821   213.3910358
-742.2307459   -2669.655323   244.0280318
-744.4593636   -2670.6604958   242.0119643
-745.2776162   -2673.2244492   229.1676998
-744.827005   -2674.8507023   210.599944
-744.73128   -2669.552803   246.1348772
-744.9435917   -2674.3228436   215.6428546
-744.7108952   -2665.6777859   257.0141554
-745.6822125   -2673.7954617   224.3713289
-748.1389967   -2669.2230701   249.2937744
-745.6415621   -2672.8503704   232.5982451
-746.4699475   -2674.3607521   219.3098366
-748.6468283   -2672.9853153   235.7119173
-747.4001376   -2667.6888466   253.259778
-747.3396984   -2671.8287468   239.697963
-747.067186   -2670.124054   245.7566261
-748.0450598   -2671.2214947   242.5866425
-749.3600575   -2666.8961048   256.3097775
-751.155111   -2666.1920547   258.8331699
-747.7795807   -2675.1561165   212.6996368
-748.4247414   -2674.9539375   217.1474993
-748.0900017   -2673.6340523   231.2053442
-747.8310791   -2673.9537716   227.948606
-748.7501828   -2674.6320724   222.9600698
-749.2960421   -2674.9315262   219.9651748
-750.2222983   -2668.7402725   251.868993
-750.8060662   -2671.503067   243.5712069
-752.1565882   -2672.6198196   240.4442579
-751.0870425   -2674.7705936   227.5873721
-752.1540848   -2674.3619442   232.2772443
-754.9489466   -2665.3602123   262.2665465
-755.0303666   -2674.41535   235.2173775
-754.7415224   -2673.5510826   238.7707382
-752.7684895   -2667.7942276   255.7354271
-754.2581288   -2670.478344   249.029696
-753.1658141   -2671.1547375   246.2689131
-756.1814515   -2669.2216396   253.7546754
-756.3870875   -2672.0821857   245.1827675
-756.9237677   -2667.3660278   258.7068081
-757.8148571   -2670.665741   250.5081296
-758.7687699   -2666.0513878   262.3267174
-758.6053339   -2675.1079559   235.2281064
-760.638806   -2669.3475246   255.6598783
-759.106609   -2673.9747524   240.3545827
-761.4471642   -2672.1391678   248.0903864
-760.4971854   -2672.9850769   244.765088
-762.1682612   -2671.0393429   251.8344223
-760.9578101   -2667.8488255   259.4218552
-762.2482506   -2666.5487289   262.7440095
-762.8444163   -2674.5834351   240.6809032
-764.2248598   -2673.4619141   245.5211431
-764.3917529   -2668.1191921   260.3853643
-766.3119761   -2671.2949276   253.4900606
-767.7291361   -2669.6927547   258.3816946
-766.1634413   -2666.2781239   264.9210393
-765.3064457   -2672.4457741   249.4478673
-765.7011477   -2675.1217842   240.7346964
-770.0469223   -2674.5243073   245.7269281
-768.7620846   -2672.9340553   250.0004172
-768.0707899   -2668.4706211   261.2937987
-770.643684   -2667.1586037   265.1259303
-771.3136403   -2671.4262962   255.9216321
-770.4292265   -2672.2240448   253.1656921
-771.8326775   -2665.2822495   269.0562904
-771.0730759   -2669.9960232   259.3309581
-773.9149062   -2670.3386307   259.9914372
-771.8388764   -2674.4425297   247.1024543
-772.5432841   -2673.4576225   250.7476807
-776.3228146   -2673.6223698   252.3402572
-774.033877   -2667.7918434   265.4264271
-777.3934332   -2671.9703674   257.6553822
-777.2409645   -2667.2737598   267.7696645
-775.6588189   -2674.7910976   248.3533323
-776.592466   -2669.0151691   264.1063333
-776.5220133   -2670.2885628   261.3663971
-778.6438195   -2673.4163761   254.0695965
-781.7325322   -2666.7375565   270.8963454
-780.5527178   -2670.8881855   261.9298995
-782.1398703   -2669.5671082   265.5810714
-781.6254822   -2673.0294228   256.6510141
-782.1238963   -2674.9150753   250.9703934
-782.1483342   -2672.3086834   259.0554655
-783.7637392   -2674.3602753   253.3174455
-785.3576867   -2670.4721451   265.0423348
-786.2039534   -2672.110796   261.3855004
-785.2766243   -2673.625946   256.2394738
-785.742375   -2669.1384315   268.2391703
-787.6928774   -2666.5930748   274.2972672
-788.5005204   -2668.697834   270.6541717
-787.700626   -2674.7961044   252.8917491
-789.1177861   -2673.3682156   258.6999536
-789.5955769   -2670.463562   267.3665583
-788.4769169   -2671.3294983   264.6050155
-792.2013728   -2666.6543484   276.9009769
-791.0159556   -2668.4427261   272.610873
-791.5270058   -2674.3457317   255.833149
-790.4185978   -2675.2598286   251.9349754
-794.2151753   -2671.7042923   266.7085528
-792.0223204   -2672.6882458   262.4620199
-792.9956643   -2670.4707146   269.2045569
-794.3951813   -2673.730135   259.8547041
-793.5934988   -2668.5297489   273.9458084
-796.9771353   -2674.7591496   256.1282218
-796.9279019   -2667.0463085   279.1912258
-796.2178913   -2670.4206467   271.5297043
-795.7958905   -2672.8200912   264.0798986
-796.4813439   -2668.6711311   275.5197883
-799.5085446   -2674.2913723   260.6190145
-800.0356881   -2673.2602119   266.0496831
-800.1746861   -2670.5338955   274.1226256
-801.2679545   -2672.7721691   268.9789534
-800.4934517   -2669.1644192   277.3125768
-800.9981839   -2665.2801037   286.0351205
-800.2706496   -2666.6903496   282.4014425
-801.3553349   -2667.9973602   280.4778218
-803.4909693   -2674.6706963   263.1704509
-803.0309407   -2670.5710888   276.1709988
-805.0068346   -2673.1536388   271.0851729
-804.6239344   -2671.9586849   273.9560604
-803.4445969   -2668.0846214   281.8683088
-804.6922413   -2670.0663567   278.4641385
-806.3834635   -2667.3834324   285.8991325
-803.6743132   -2674.0617752   266.6178644
-807.2777716   -2666.4280891   289.0496254
-807.3042361   -2669.5458889   281.7988694
-806.3523499   -2675.1298904   264.9915218
-806.834313   -2674.500227   268.5845792
-808.5609404   -2672.604084   275.6520212
-812.3939959   -2671.7140675   280.7228863
-809.7963063   -2674.8712063   270.5434561
-810.8132807   -2665.7314301   294.3051755
-811.5273444   -2670.4666615   282.9869092
-813.0819527   -2669.8174477   285.8858407
-813.0639521   -2667.504549   291.7779982
-812.3042313   -2673.8786697   275.5736411
-814.9330346   -2666.8066978   295.5755591
-814.1773669   -2672.9807854   279.1506052
-816.1085574   -2674.0627289   277.8669
-815.5890433   -2669.270277   289.5451188
-816.2052361   -2668.3573723   292.5444245
-817.3317639   -2671.189785   286.1278951
-816.1256043   -2672.6226807   281.4689875
-817.823979   -2665.8699512   301.2796342
-818.5250489   -2667.1721935   298.1906533
-819.8923794   -2669.3453789   293.3751941
-819.2728487   -2670.1595783   290.6042337
-818.1100813   -2670.5489159   288.4670794
-819.8321787   -2674.5634079   279.5317173
-820.8756176   -2673.1104851   284.1774821
-822.8622404   -2672.6176739   287.1851921
-820.5826012   -2666.5916443   302.0564616
-823.0555979   -2669.5029736   295.9724963
-823.870751   -2668.4787273   299.790442
-822.9993311   -2670.7673073   292.3562229
-822.6517168   -2665.3344631   308.2329035
-823.4193055   -2666.2549973   306.0339093
-824.0910498   -2674.6723652   282.7801704
-824.3826357   -2667.8991318   302.0161688
-826.1561123   -2666.2049294   309.1737032
-825.9169785   -2673.5019684   287.4619961
-826.6933886   -2670.7551479   295.8437502
-825.9683577   -2671.9489098   291.8164432
-826.8164126   -2667.5765514   305.4718971
-827.5238005   -2668.8773632   302.1802604
-828.9444176   -2670.0763702   299.9039888
-828.9534775   -2672.7964878   292.0917869
-830.0293414   -2674.9076843   287.1285081
-830.5524317   -2666.7592525   311.7683828
-829.2021481   -2665.3654575   314.9234653
-832.8095404   -2668.5881615   308.2912564
-830.702993   -2671.7321873   296.6882586
-830.3715912   -2668.9176559   304.7956228
-830.3785054   -2669.8641777   301.9057214
-831.2951056   -2673.6359596   291.7831242
-832.0411173   -2666.0196781   315.459013
-833.3526579   -2673.3551025   294.3989336
-833.341333   -2675.1577854   289.2849147
-833.533856   -2670.3763008   303.3665717
-834.5775334   -2669.8317528   306.0289621
-834.4653574   -2671.523571   300.7367551
-833.9717118   -2667.5710678   312.584728
-836.4283768   -2675.2738953   291.6201949
-834.7383467   -2665.9612656   317.5736964
-834.280583   -2672.2700596   298.4052002
-835.8986107   -2668.9593792   309.9815845
-837.1500698   -2674.0167141   295.8153188
-837.1902434   -2671.561718   303.0674756
-837.5065056   -2672.866106   299.4897366
-838.5607926   -2667.3293114   316.781193
-838.8815848   -2668.3568954   314.293474
-838.6224238   -2671.0853577   305.8261275
-838.1089894   -2666.1214828   319.2486763
-839.6374909   -2670.4032421   308.8544905
-840.9577338   -2674.3540764   298.1534898
-840.276095   -2672.7540493   302.2152781
-842.3706023   -2666.9573784   319.5577264
-842.0282332   -2669.7337627   312.7797544
-844.3605629   -2668.7855721   316.6472614
-842.7829472   -2672.3837852   305.609405
-844.7001902   -2671.2315083   310.6313944
-843.7317339   -2673.584938   302.7571142
-847.1127478   -2670.5851555   314.0434921
-845.9883658   -2667.3862934   320.1165199
-846.8731371   -2674.3357182   303.2877743
-847.8234736   -2672.2493172   310.1518154
-848.7393586   -2673.7649441   306.6876233
-848.6793963   -2669.0449715   318.0862963
-848.7308947   -2666.9254303   321.7255473
-851.2595621   -2672.4939346   312.0268881
-850.1118151   -2671.0596085   314.6885037
-851.6725031   -2673.9172935   308.6987734
-852.5773016   -2670.1004505   317.6760375
-851.483318   -2668.3192253   320.2953637
-853.9609639   -2675.1580238   307.100594
-854.2316882   -2672.8153229   313.1342828
-855.2022902   -2668.6093807   320.639044
-852.3606984   -2666.4943695   322.9612112
-856.4632861   -2670.8893776   317.5331056
-856.8376032   -2674.2839813   311.2428784
-858.2743136   -2672.7280617   314.9683774
-859.0650288   -2669.6643829   319.709003
-858.4980694   -2667.7296162   321.9792843
-856.0784785   -2666.1911011   323.6155808
-860.5869738   -2672.0619202   316.6633248
-861.0145775   -2674.346447   313.0561709
-862.1864048   -2670.8135605   318.5689151
-862.5237671   -2668.0834293   321.7119277
-863.81838   -2674.6785641   313.355118
-865.2538983   -2672.3983288   316.8130219
-865.1114432   -2670.1791286   319.4928467
-866.5524451   -2674.6156216   313.9070868
-868.3039872   -2670.8085537   318.6927438
-867.2179905   -2668.3869362   321.2243617
-869.2128388   -2673.1090546   316.0892427
-871.6668812   -2668.9450741   320.345521
-869.8420254   -2665.9793854   323.0020404
-865.825626   -2665.8682823   323.5514164
-872.7464405   -2671.1773872   318.1906641
-873.4816042   -2673.409462   315.6377971
-876.3749329   -2668.6854362   319.9770451
-874.3898598   -2665.7030582   322.4869072
-878.0160872   -2674.8437881   313.788116
-877.4029938   -2671.6723442   317.2485232
-880.8011738   -2669.1725254   318.9097643
-881.5896241   -2672.3816395   316.0728514
-882.7539412   -2675.0280857   313.2091761
-884.9926917   -2670.0441837   317.5366223
-884.5405308   -2666.6090488   320.1510012
-885.5200735   -2672.9412079   314.9880469
-887.3787848   -2674.4010448   313.3494258
-888.465139   -2667.7629948   318.6133802
-888.9755932   -2671.0603237   316.044718
-889.3289296   -2675.0020981   312.3608232
-891.1635605   -2673.2261181   313.7516677
-892.358276   -2665.5116081   319.2176223
-891.46516   -2668.708086   317.347616
-892.8706376   -2670.7780361   315.4832125
-895.0952021   -2672.9419231   313.1659925
-894.591066   -2668.1678295   317.0126975
-896.7606751   -2665.3039455   318.2942867
-895.8632676   -2670.2795029   315.2214289
-898.1393305   -2668.1687832   316.1286712
-898.5585896   -2671.0639   313.9624298
-898.7626759   -2673.7675667   311.5562499
-901.5952078   -2668.9355373   314.7416115
-901.8146721   -2671.8382835   312.415272
-902.0188776   -2674.434185   310.0318611
-905.1263062   -2667.1123505   315.002352
-904.3974606   -2670.0172424   313.1866455
-905.4897753   -2672.5819111   310.7433021
-907.8777758   -2669.3477631   312.6900494
-907.4941603   -2674.7310162   308.0971837
-910.1512162   -2672.1551418   309.6860051
-912.1221033   -2668.7233448   311.8565381
-914.8262469   -2665.6768322   312.9368424
-913.6422602   -2673.5570431   307.1301877
-913.7893645   -2670.9616184   309.525162
-916.1005942   -2668.7018871   310.5942011
-914.8628441   -2675.1353741   304.9612343
-916.8339697   -2671.4088917   308.0513477
-917.0429436   -2673.90728   305.4738641
-919.1405503   -2665.8504009   311.4597201
-919.7025029   -2669.0707207   309.0119958
-919.6705548   -2674.4151115   303.7357628
-920.5808369   -2671.8664169   306.1383963
-922.1560685   -2667.0236588   309.6681833
-923.0799405   -2673.4681129   303.2887876
-923.2113091   -2669.1374779   307.6161146
-924.3352143   -2671.1804867   305.3058088
-924.8252837   -2674.8933792   300.2381325
-926.6341654   -2665.6293869   309.0484738
-927.8398482   -2672.0461845   302.8180599
-926.8260924   -2669.0444946   306.3257933
-928.4366099   -2674.5295525   298.3882129
-929.4911353   -2666.1374569   307.6295555
-930.2849499   -2668.8742638   305.07797
-931.3748804   -2674.5455265   295.9337831
-931.0629097   -2672.5440025   300.1254797
-933.2419363   -2670.1877117   302.5183678
-933.8246313   -2666.4946079   305.5894375
-934.1459004   -2671.6866493   299.6386588
-934.1612784   -2673.7473011   295.3875363
-935.9048335   -2674.7534275   291.5640771
-937.4274937   -2667.8130627   303.1850457
-937.2654883   -2670.0797081   300.5254567
-937.5010458   -2671.9360352   297.0389724
-936.4057509   -2673.3818054   294.6762443
-938.5024039   -2673.2332706   293.7221527
-939.3305508   -2674.4475365   290.5625701
-941.0378662   -2668.8213348   300.6523252
-940.8488003   -2666.113615   303.0071855
-941.1468235   -2671.759367   295.7388461
-942.2160117   -2675.0674248   287.9104316
-941.7173592   -2673.4445095   292.0328081
-944.5800511   -2669.6946621   298.0525196
-944.8678223   -2666.3455963   301.152885
-944.0813986   -2672.1148491   294.1301465
-945.3997342   -2674.0248203   289.8364365
-948.9705292   -2672.0182896   292.8870618
-948.5739199   -2667.5879955   298.4964848
-949.1141764   -2669.64221   295.9970832
-949.8738972   -2665.4846668   299.6371388
-949.9880997   -2674.2107868   288.3787751
-949.2696253   -2673.1979847   290.5981541
-951.3663975   -2675.112009   285.9851718
-951.5388934   -2670.9074974   293.3837473
-952.9393641   -2668.0543423   296.1133122
-952.0989386   -2672.508955   290.8959389
-954.3032376   -2673.5057831   288.1424427
-955.3595511   -2675.1739979   284.4159901
-953.3515898   -2671.4704037   291.9450998
-955.1157681   -2670.3395844   292.560041
-954.5120922   -2671.9653606   290.6597555
-956.6055266   -2665.8475399   296.2404191
-958.2204548   -2667.5541401   294.1038013
-957.5448958   -2671.7274189   289.453119
-957.7617375   -2673.5999584   286.3060236
-958.4029642   -2669.7325706   291.7227149
-960.0550858   -2674.8535633   282.6249599
-960.776302   -2668.0338383   292.3679054
-961.3319365   -2672.3268032   286.5063548
-962.5239102   -2668.8747406   290.761441
-962.9560439   -2666.2912369   292.9849327
-966.1223618   -2672.9528904   282.8263938
-965.1632038   -2670.1557636   287.6771986
-965.1515213   -2665.4648781   292.3553884
-966.8998448   -2666.860342   290.3959751
-967.9274289   -2674.6931076   277.8771818
-970.2818123   -2668.6601639   286.8387997
-968.925449   -2667.7734852   288.4024978
-970.6548182   -2672.7969646   279.9835205
-970.1388804   -2671.6108322   282.6677859
-972.0627991   -2673.9125252   275.9982944
-974.4915692   -2674.5145321   271.471709
-971.8513218   -2670.3760624   283.3675146
-972.6248709   -2667.9592133   286.17239
-973.6076323   -2670.5548763   281.8351686
-974.7522799   -2671.6811657   278.5823941
-974.8940197   -2675.1637459   268.1453824
-976.5256373   -2672.8758812   273.8044262
-975.5857912   -2667.1843529   284.6626937
-978.2637087   -2675.0013828   254.6723783
-979.5185057   -2674.4599342   258.6685717
-977.7041403   -2669.6133614   279.6705365
-978.6444632   -2668.1125164   281.3251317
-978.4993855   -2670.8362103   276.4107883
-978.8776366   -2675.0364304   250.895828
-978.392574   -2674.0891933   266.0215497
-979.4356553   -2672.796011   269.747287
-978.9120881   -2674.3605137   262.2665167
-980.636212   -2671.7348099   271.4688778
-979.2421786   -2671.4782715   274.1668224
-980.6035487   -2668.9858437   277.8507173
-981.6413847   -2672.1849442   267.7890658
-980.6838957   -2674.3190289   252.5483072
-981.4387289   -2673.8839149   256.3886046
-981.7332951   -2672.6586819   264.332056
-981.7175595   -2669.9516773   274.1116881
-982.3106257   -2673.9907265   249.8542219
-981.8073241   -2673.3062267   260.0309551
-981.7126719   -2674.8797894   244.0489531
-982.5927941   -2675.2123833   240.5795157
-981.9583622   -2667.3643589   279.1172564
-983.6374251   -2666.7473316   278.0151963
-984.2219082   -2672.9495525   253.0318797
-984.2209546   -2672.3031998   257.4391663
-984.1347662   -2674.0553379   244.2312539
-984.580609   -2669.7509289   269.0247893
-985.1960865   -2666.8674946   275.2589583
-984.4877449   -2671.5700626   261.2735033
-984.7418991   -2670.617342   265.096724
-986.0472409   -2672.5409031   248.4402955
-985.7148854   -2673.8657951   241.8020815
-987.0804278   -2675.2533913   232.6854318
-986.9900671   -2673.9909649   238.1179631
-987.6910178   -2672.1231937   244.4646955
-986.7992131   -2671.0867882   255.1577091
-986.4085642   -2670.7398891   258.7120831
-987.4158827   -2671.1449623   251.7590225
-986.9217602   -2666.5771008   271.9466686
-986.6770235   -2668.5009003   267.1049237
-987.5008789   -2669.2342758   262.1600926
-986.4134518   -2665.5290127   275.2255797
-988.789889   -2672.2884178   240.4897958
-990.3127877   -2669.6674824   248.4870851
-989.0422551   -2669.0015793   257.0355237
-989.1249863   -2666.4261818   264.8676038
-989.5610539   -2669.2764759   253.6469996
-989.6921841   -2672.6565361   236.4360839
-990.9403054   -2672.8806496   231.934756
-990.0480238   -2666.4185524   260.3459358
-991.0001484   -2670.085907   243.2932258
-991.5749756   -2670.40205   238.9798164
-991.772863   -2674.0365028   226.9559205
-992.1450344   -2666.2957668   249.5922446
-991.8220965   -2665.9636497   253.2550395
-992.4875227   -2670.1385975   234.8474711
-992.8050963   -2666.0549641   246.1465895
-993.6829535   -2670.8006859   229.4120342
-992.9971424   -2670.7262993   231.6240221
-993.273112   -2666.8279171   241.2170619
-994.3005768   -2673.6848354   222.4482149
-993.3075634   -2667.7770615   237.5796586
-994.2953316   -2671.26441   226.3387889
-993.9758507   -2668.6918736   232.1866155
-994.4787947   -2666.380167   234.5739901
-996.0977761   -2673.6953259   219.5295691
-996.3239161   -2675.2185822   217.135787
-995.3207699   -2666.0854816   230.1448286
-995.693895   -2667.9513454   226.4614552
-996.1155383   -2670.0570583   223.0934054
-997.0823256   -2666.2564278   223.1837213
-997.683498   -2668.5333252   220.551163
-998.6924855   -2673.132658   215.6167477
-999.2408482   -2668.7669754   217.1814293
-1000.0259606   -2674.916029   212.2726142
-1001.2894598   -2670.6669331   213.3546323
-1001.8729893   -2666.9588089   213.3760303
-1003.1528202   -2673.0079651   210.008651
-1003.5645691   -2669.6863174   211.0390514
-1005.3620068   -2666.1834717   209.4874382
-1005.4380623   -2670.0801849   208.8502049
-1005.9792725   -2672.9373932   207.0683837
-1007.3792664   -2667.1953201   207.5650543
-1008.0879656   -2672.1162796   205.6670785
-1010.3816716   -2673.6619473   202.2334486
-1010.2965561   -2665.6460762   204.7175765
-1009.5694987   -2669.1434383   205.1309347
-1011.6073815   -2670.2418327   202.9902786
-1012.886974   -2674.5669842   199.1215199
-1013.3141009   -2666.3346291   201.9574046
-1012.8656355   -2672.0845699   200.7375509
-1013.9975277   -2669.3840027   200.7816136
-1015.4946772   -2671.8227863   198.2661486
-1015.2990548   -2673.8615036   197.3464042
-1016.4246289   -2668.0402756   198.9122331
-1017.3095194   -2674.428463   194.4581866
-1018.9307658   -2670.2580452   195.8951503
-1018.8233582   -2667.4177647   196.7294961
-1020.3000037   -2674.1371155   191.1306828
-1020.4484192   -2671.7517376   193.3514774
-1020.9908215   -2666.0251617   194.2923069
-1021.3936297   -2668.8296795   194.104895
-1022.129151   -2672.3356247   190.8438206
-1022.2444264   -2671.1442471   192.355454
-1023.3466355   -2673.2711792   187.3364598
-1024.9299733   -2666.8629646   190.6395108
-1023.2662884   -2670.6874371   191.2266165
-1024.4484869   -2671.0469723   188.9826059
-1026.2613026   -2672.8196144   182.4730784
-1025.7159201   -2674.5655537   177.6011139
-1024.6102539   -2669.2037582   190.2463287
-1026.1931149   -2671.3352203   186.3709688
-1026.6915289   -2667.3877239   189.019382
-1026.8695084   -2669.362545   187.6614392
-1027.4173943   -2665.5805111   187.7423525
-1030.8967558   -2665.497303   184.7377717
-1028.8470713   -2669.7955132   184.6664548
-1031.7860571   -2669.0504551   180.7799041
-1029.7630755   -2667.1862602   186.1844063
-1031.5038887   -2668.0657864   183.5932285
-1031.8032233   -2669.5408821   177.7657717
-1031.7407576   -2666.7695045   184.0522736
-1032.5122801   -2667.9022312   181.9041371
-1033.2056013   -2667.853117   180.4797053
-1033.0489603   -2665.9955978   183.259353
-1032.936546   -2666.9895649   182.8479171
-1033.3749977   -2668.1222916   176.9222915
-1033.8569609   -2666.9855118   181.6092581
-1033.6110321   -2665.5390263   182.3578775
-1034.035298   -2667.3243046   178.8341105
-1033.6161581   -2666.2254333   182.1123064
-1034.232351   -2666.7330265   180.2973151
-1034.0075222   -2665.5926704   181.3849807
-1034.037563   -2667.406559   176.0833561
-1034.1491429   -2667.0844555   175.2418578
-1034.1528384   -2666.4998531   176.8559515
-1034.0292183   -2665.4551029   179.2032123
-1034.2359272   -2665.8334732   180.2576482
-1034.27622   -2665.6053066   178.1624407
-1034.2285363   -2666.2499905   181.2100559
-1034.2291323   -2666.2340164   178.9508909
-859.6317498   -2665.8363342   323.9885569
-862.6590697   -2665.3153896   324.2787123
-623.2434241   -2665.7059193   15.932763
-623.781058   -2665.7187939   12.5479884
-626.7729727   -2666.5220261   10.3174411
-626.5322892   -2667.3324108   19.2244239
-626.8113581   -2667.1903133   23.6740727
-626.6644923   -2667.1254635   14.5557383
-627.3773638   -2665.9889221   27.3636356
-628.6762682   -2666.3575172   7.0762876
-629.8271147   -2668.8761711   17.8515855
-630.5991141   -2668.3413982   12.8439553
-629.9832789   -2667.4864292   9.4389925
-630.8185784   -2669.5430279   21.2660879
-629.299852   -2668.6460972   25.1272377
-631.1716763   -2666.8474674   6.1410517
-633.384916   -2670.8285809   25.1876693
-631.511542   -2669.4488525   28.638918
-629.4493405   -2667.2790051   29.6440665
-633.0861775   -2669.8396206   15.6455562
-634.0464083   -2670.6616879   19.060282
-633.1793991   -2670.630455   22.3970562
-632.7644316   -2668.3614254   9.6231084
-634.4737736   -2666.4113998   3.1863682
-635.2320639   -2669.7673798   12.5687905
-633.8926283   -2667.6754951   6.6360533
-634.4114272   -2671.2238789   28.542107
-635.8012883   -2668.8694954   8.9860447
-635.9588829   -2670.7980633   16.1051601
-636.7158619   -2672.07551   22.5369204
-638.0860535   -2668.1478024   5.9632296
-638.0417076   -2671.8997955   18.6572261
-638.5358302   -2666.2120819   1.214223
-637.1285645   -2672.5273132   26.5752245
-639.1259161   -2669.9163914   10.3211133
-639.5077435   -2671.3700294   14.7327464
-639.8033825   -2673.4204292   24.8339288
-640.4041973   -2673.1171608   21.4861576
-639.6650998   -2673.625946   27.8613474
-637.7300946   -2672.860384   30.6594223
-641.7699782   -2672.7733612   18.2085205
-641.7680708   -2667.757988   3.9019696
-643.1032149   -2669.5370674   7.7694752
-643.2038275   -2666.226387   0.7190741
-643.1237189   -2671.2553501   12.1069811
-643.4715716   -2672.3845005   15.4199023
-642.438027   -2674.0763187   23.7195864
-642.6313845   -2674.5877266   26.936356
-643.7989203   -2673.923254   21.1093072
-645.9670988   -2668.0417061   4.1443245
-645.4781023   -2673.476696   18.0194322
-645.6263987   -2674.9973297   24.3292581
-646.0989443   -2671.0064411   10.4798088
-647.6305453   -2669.9137688   7.7844891
-647.5313631   -2672.5130081   14.235789
-647.2388235   -2666.1345959   0.5762762
-647.178146   -2674.6444702   21.0106149
-649.1818158   -2674.0627289   18.3235295
-649.4180886   -2668.0424213   4.2895456
-649.1356818   -2671.2892056   10.7211806
-650.9508816   -2665.9092903   0.813222
-652.4560181   -2672.2724438   12.9382573
-652.7354447   -2673.6035347   16.1402803
-651.9455639   -2670.0427532   8.4673148
-653.3893076   -2674.8173237   19.4127373
-652.8012482   -2667.7391529   4.4027693
-654.7214714   -2665.450573   1.3107691
-656.4323632   -2670.7279682   10.8927004
-655.539724   -2669.0385342   7.2886902
-656.4372507   -2672.6362705   14.5219332
-657.5109688   -2666.9499874   4.7672084
-656.9539038   -2674.1738319   17.7707635
-656.4085213   -2675.0736237   19.9128743
-658.820006   -2668.8365936   8.3386125
-658.8512389   -2675.2066612   20.3268826
-659.1117112   -2671.6945171   13.5042919
-660.5797736   -2670.0899601   11.3768233
-660.6549946   -2673.2032299   16.7557895
-659.8795382   -2674.1130352   18.3384381
-661.2904993   -2667.7234173   8.0114203
-662.1628729   -2674.5374203   20.0919844
-662.4982087   -2671.6053486   14.8281381
-664.6283595   -2668.848753   11.8145999
-664.2055241   -2666.2418842   7.7489102
-666.5366618   -2674.8158932   22.4984083
-664.8502079   -2672.8963852   18.2786286
-666.6787592   -2670.4714298   15.7176759
-667.8936211   -2666.1567688   10.6667606
-668.2283608   -2668.179512   13.636414
-669.0865485   -2671.8616486   19.3819664
-671.8159644   -2672.9745865   22.9626857
-670.4685418   -2668.8857079   16.6375078
-671.0527865   -2665.9309864   13.6679253
-673.5521284   -2670.0716019   21.5337407
-675.1459566   -2674.2758751   27.0790588
-673.617932   -2666.0292149   17.4618401
-674.996349   -2670.9358692   24.0070168
-675.758454   -2666.7466164   20.7721479
-677.1523682   -2668.1058407   23.5714279
-677.6771275   -2670.3665257   25.7989485
-679.3814627   -2672.3973751   28.3250194
-678.7342755   -2668.6377525   25.2373796
-679.1707007   -2667.0124531   24.2564883
-679.4666973   -2669.7552204   26.5646651
-680.5220572   -2666.9232845   24.9280073
-681.920859   -2669.8672771   27.3364261
-682.1559397   -2667.2947407   25.8970466
-685.4978529   -2668.5233116   27.0059463
-687.6357523   -2667.50741   26.6969893
-685.0549904   -2670.9425449   28.440265
-691.1006895   -2667.4046516   27.5007784
-688.4848801   -2670.391798   28.9185513
-693.9749447   -2667.4947739   28.4440257
-698.6759631   -2665.8303738   29.1275699
-837.2461525   -2675.0469208   -25.7534347
-837.391111   -2674.5047569   -26.6501494
-837.875816   -2674.8318672   -25.8862618
-837.8020255   -2674.5760441   -27.9843193
-837.6666037   -2674.0031242   -27.6506804
-838.0179135   -2673.7639904   -26.9867629
-838.2547823   -2673.4855175   -27.9664062
-838.3965222   -2674.6983528   -29.1506182
-838.7485472   -2674.9591827   -25.9952005
-838.9394013   -2673.5925674   -27.2273459
-838.93809   -2672.9917526   -29.6485685
-839.4446103   -2672.4205017   -28.972188
-840.0073973   -2672.4822521   -28.4364522
-840.3360573   -2671.4026928   -32.5789824
-839.7371498   -2674.8654842   -26.3457466
-840.1045529   -2671.1857319   -31.0018025
-840.0450674   -2671.4348793   -31.9472738
-839.9564949   -2673.6352444   -27.388012
-840.6692473   -2671.4265347   -29.7020469
-841.9491974   -2673.7856865   -28.1454623
-841.8972222   -2670.8722115   -30.4917749
-840.8176628   -2670.7015038   -30.9203193
-840.9040896   -2670.3116894   -32.6229967
-841.0482136   -2670.1729298   -32.0638865
-844.0742222   -2672.6949215   -37.5949033
-842.8661553   -2669.888258   -36.0023975
-841.5045468   -2669.4164276   -33.102259
-841.8482272   -2669.3813801   -34.1558643
-842.0291869   -2669.4750786   -32.6930359
-842.2306506   -2668.6933041   -34.0130106
-843.7797753   -2667.4842834   -36.7525704
-844.4554535   -2669.973135   -32.0980474
-844.3819014   -2667.9465771   -34.1661721
-843.3019844   -2668.1525707   -34.5005505
-845.0613943   -2666.4817333   -35.9162688
-846.6161219   -2673.5613346   -30.8987573
-845.3107802   -2668.1451797   -40.3012969
-847.439262   -2671.5505123   -42.6469333
-845.2845541   -2665.6165123   -39.0444286
-845.1910941   -2666.0962105   -39.9828181
-848.1564251   -2669.0716743   -34.1611169
-845.7854716   -2666.0687923   -41.0246588
-847.6105658   -2665.4324532   -44.4666594
-849.8255936   -2665.9290791   -36.8666351
-850.6012885   -2672.2447872   -34.414459
-848.1617896   -2665.5652523   -45.5678515
-850.3064839   -2671.7946529   -46.3280194
-850.0557867   -2668.2519913   -47.0094755
-851.4972655   -2668.8241959   -36.4207588
-852.397534   -2666.2724018   -38.2744186
-855.6135622   -2673.6011505   -50.7456809
-853.6649672   -2669.8572636   -49.7187898
-852.9244391   -2666.3658619   -50.4926369
-852.8275219   -2674.6320724   -35.3269652
-853.6489931   -2671.3597775   -37.0543227
-853.8870541   -2668.3633327   -38.2780842
-855.1425663   -2665.2994156   -40.4115357
-855.8097807   -2674.6656895   -37.9277132
-856.5017907   -2665.5402184   -54.4780679
-856.8613259   -2668.1256294   -52.6948161
-856.4460007   -2670.2253819   -39.6445766
-858.0984799   -2674.6096611   -52.6031479
-858.6324183   -2667.1514511   -41.6587889
-858.5961787   -2673.9401817   -39.8205407
-859.6178023   -2671.1397171   -41.0547853
-860.0867716   -2671.7698574   -54.5474663
-859.91666   -2666.2285328   -56.0609624
-861.6438834   -2668.5419083   -42.4908511
-863.9642922   -2672.9595661   -42.2744974
-864.1642062   -2667.8972244   -58.4638678
-863.5809151   -2672.7674007   -57.3241413
-864.8839919   -2666.5933132   -43.9193174
-865.945789   -2665.6923294   -60.5432615
-865.5885188   -2669.9485779   -59.2699572
-866.6208712   -2673.0051041   -59.9535853
-868.6374155   -2669.8515415   -44.5307903
-868.8119379   -2674.3280888   -43.5789786
-865.7833067   -2667.8369045   -59.7967766
-868.8374487   -2665.4758453   -45.2202484
-868.0268256   -2669.1448689   -61.2917244
-869.2640988   -2665.9502983   -62.8652424
-869.6331707   -2673.1114388   -62.7035126
-870.8358733   -2669.6891785   -63.565284
-872.9850975   -2672.4164486   -45.0589322
-872.4455563   -2667.1619415   -45.8107628
-872.456762   -2666.6030884   -65.2262121
-872.898194   -2672.7764606   -65.9634173
-874.3163077   -2669.2183018   -66.7055249
-876.9356934   -2668.9491272   -46.3730358
-876.4908043   -2667.3791409   -68.5431063
-875.6925789   -2671.5240479   -68.6540008
-878.1903712   -2672.3117828   -45.7650907
-878.5682646   -2670.5327034   -71.6198459
-879.4226376   -2673.2547283   -74.0199536
-879.5380322   -2666.0740376   -71.2210536
-881.1973063   -2668.9059734   -46.854876
-881.0571162   -2674.4875908   -77.2269517
-881.4106909   -2668.9424515   -74.1039664
-883.3886115   -2675.0328541   -81.1607316
-882.012221   -2671.5273857   -76.1923492
-882.6033799   -2672.3189354   -46.1330116
-883.8197915   -2665.7848358   -47.5994647
-884.114   -2671.3340282   -78.9654553
-883.8369576   -2668.3657169   -76.6743347
-884.6139637   -2669.3460941   -46.9872952
-883.9400736   -2665.5681133   -75.4567981
-887.1651617   -2673.9404202   -85.8567655
-886.698815   -2672.3759174   -45.9223315
-886.2539259   -2671.3974476   -82.1698755
-888.7822358   -2667.1824455   -47.4592745
-887.5075308   -2667.096138   -80.7689503
-888.7788979   -2669.4059372   -84.3065828
-891.2205426   -2672.0125675   -45.7992144
-890.9380165   -2670.4728603   -88.0350322
-891.9645277   -2665.3268337   -85.2353945
-894.3631379   -2668.3962345   -46.9728708
-894.0331665   -2674.902916   -44.1342369
-893.4217421   -2671.394825   -91.6139036
-893.6822144   -2674.3762493   -94.2855328
-893.6732737   -2667.211771   -88.3697495
-894.4384781   -2671.816349   -45.534838
-896.6281144   -2674.8256683   -96.4704752
-896.5593306   -2666.2607193   25.2621192
-899.3380991   -2669.0514088   -93.1513906
-897.6973025   -2672.0309258   -94.8173255
-898.1922594   -2671.8416214   -44.7996184
-899.3193833   -2666.428566   -47.1184663
-899.1747824   -2667.8085327   23.8210652
-899.5364634   -2668.6241627   27.0361621
-896.9915835   -2667.7675247   31.3319229
-900.2355067   -2674.3302345   -97.9011953
-901.8344609   -2674.2095947   -41.8912657
-900.3303973   -2667.9980755   20.889625
-902.6837078   -2668.0998802   -45.6872024
-903.0114142   -2671.905756   -43.1601778
-900.8681504   -2666.172266   14.0089793
-901.9772736   -2668.3678627   16.9478543
-900.9047476   -2671.4842319   -95.7291201
-901.6438452   -2669.4407463   24.1949148
-903.1560151   -2666.1500931   -91.5497169
-903.411719   -2669.4831848   -94.5113972
-903.7732808   -2672.0395088   -96.8610495
-904.2477337   -2670.4173088   20.8952036
-903.1733004   -2669.103384   12.2800469
-902.421209   -2665.6720638   8.1003625
-904.3071   -2670.9165573   24.9063727
-903.2598463   -2670.8033085   28.7536867
-906.7144123   -2674.447298   -39.4739471
-905.9960572   -2670.6807613   16.144447
-903.226587   -2665.4157639   5.6575094
-903.6705223   -2669.9640751   6.9597075
-908.2714049   -2670.8738804   -42.186033
-906.5165249   -2665.5497551   -91.1072344
-904.1076628   -2667.7930355   3.5877032
-904.9801556   -2671.7436314   9.4430437
-906.7009417   -2671.8306541   12.2789787
-905.8674303   -2673.6943722   -98.6236036
-904.6474425   -2671.523571   3.0026652
-905.6659666   -2673.707962   2.7856021
-906.5077034   -2673.3407974   7.354503
-908.178064   -2671.135664   -96.2947905
-905.2046267   -2667.3769951   0.0919434
-905.0644366   -2670.5543995   0.3311394
-907.2963921   -2672.1320152   23.9475872
-908.7941376   -2672.3246574   19.4314551
-905.9649435   -2671.8745232   27.8308876
-908.3386389   -2668.2302952   -93.5573429
-911.9702307   -2667.7517891   -43.7259078
-905.9611288   -2673.4621525   -2.4483907
-906.2809674   -2668.3344841   -3.1382579
-905.7743279   -2671.8492508   -2.3907658
-906.5204588   -2674.441576   3.8105051
-905.9527842   -2674.5581627   0.1021632
-906.3724009   -2671.8392372   -4.7943913
-907.6760737   -2674.8392582   5.5218283
-909.124705   -2674.6101379   -99.6609181
-907.0751397   -2670.7653999   -6.3024941
-910.2323977   -2672.6312637   14.9448309
-910.6691805   -2666.6462421   -91.5313959
-910.0475041   -2674.0553379   10.2986954
-910.5396   -2672.0790863   -40.2815714
-909.4891278   -2674.3416786   -37.5803299
-908.7581364   -2668.5082912   -7.839364
-908.3323208   -2671.1099148   -9.5386002
-910.9331099   -2673.4774113   23.6626882
-909.75866   -2673.2673645   27.0513278
-909.5008103   -2675.0218868   7.070859
-909.5618454   -2671.2462902   -12.4831311
-911.4284245   -2669.4738865   -94.3432152
-912.1900526   -2671.7400551   -96.657522
-912.3726813   -2667.7260399   -11.8295699
-912.1798006   -2674.3757725   -35.5835222
-910.6377093   -2673.2673645   -17.2313806
-911.6339413   -2665.3306484   -7.5969435
-915.1395289   -2674.6764183   21.8388252
-912.0181528   -2674.7941971   -22.3536063
-913.5309187   -2674.5142937   -99.619545
-912.6568762   -2670.2613831   -15.685888
-913.8140408   -2673.7458706   14.0106929
-915.4778448   -2674.7918129   9.7865798
-914.5971266   -2671.3588238   -39.6665819
-913.7199847   -2674.9341488   -26.8233549
-913.2626978   -2671.762228   -19.085478
-915.1547877   -2667.2422886   -91.3082883
-913.7904374   -2674.5755672   26.1733551
-914.0324322   -2670.702219   -95.3528956
-915.1745764   -2669.3549156   -93.6940461
-914.62526   -2674.0083694   -32.5482003
-914.3293826   -2665.3580666   -9.8571647
-916.483256   -2665.9815311   -44.7093025
-916.7678086   -2669.3990231   -41.5792987
-915.9596888   -2671.1905003   -21.4133915
-917.1886174   -2672.0676422   -24.6946849
-915.1323763   -2672.7180481   -35.9058827
-914.7904841   -2668.2462692   -15.1368789
-916.4403407   -2666.2545204   -13.0537255
-915.5299393   -2669.5582867   -18.1935281
-915.7268731   -2673.7360954   -28.7495423
-912.3058049   -2674.1466522   30.7416543
-916.6304795   -2674.6339798   13.4247402
-917.2017304   -2671.4057922   -95.9044695
-917.5672261   -2672.3031998   -33.9620076
-917.8722826   -2672.5852489   -30.9711099
-918.6162678   -2673.6738682   -98.7087116
-917.2885147   -2667.8304672   -16.5453497
-919.330093   -2670.6769466   -37.2291319
-918.5474841   -2669.6100235   -93.5644433
-919.8881117   -2668.9231396   -20.4426181
-919.2456929   -2671.7822552   -28.2806288
-920.9036557   -2670.3472137   -24.8927455
-919.9346033   -2666.4597988   -15.6745538
-919.281098   -2667.9646969   -42.6621139
-919.9295966   -2667.4861908   -90.6558558
-921.1291996   -2669.4054604   -39.2621346
-921.4409319   -2671.7588902   -96.0441381
-920.6849066   -2671.1597443   -33.0756828
-921.8492237   -2665.7822132   -88.1142914
-923.630449   -2668.690443   -91.4756879
-924.0758149   -2670.8683968   -94.5381969
-924.4012562   -2674.3175983   -100.1523957
-923.6869542   -2669.9740887   -29.9331807
-923.1240479   -2667.5944328   -42.1191938
-923.8447873   -2669.4822311   -35.8539894
-923.3572213   -2666.5322781   -17.6842809
-923.2518402   -2668.7555313   -23.0871569
-924.1871563   -2667.5171852   -20.3716364
-923.6541716   -2669.8319912   -33.3874859
-925.0155417   -2668.3273315   -39.0907452
-925.6550995   -2668.8063145   -26.0301102
-928.4952608   -2673.1865406   -98.126255
-924.77307   -2666.3193703   -87.9234299
-927.9682366   -2667.0339108   -22.1870802
-926.3702361   -2666.3255692   -18.7703408
-927.0766703   -2669.4386005   -91.6898623
-926.4342514   -2668.8833237   -32.4381255
-927.8572527   -2668.4319973   -28.9914142
-929.8141924   -2671.4334488   -94.4932997
-929.1316   -2666.5964127   -86.5845084
-928.8016287   -2666.5947437   -42.0736931
-928.2208411   -2668.0715084   -35.1782776
-928.8366763   -2667.5078869   -38.2997394
-929.5077053   -2667.3972607   -25.9943325
-929.5327393   -2665.4756069   -18.4789076
-929.931852   -2667.71245   -31.7968912
-930.2555052   -2669.5020199   -90.6940475
-930.9364287   -2674.4863987   -100.7530615
-932.3775498   -2666.7416096   -28.2819271
-931.3754765   -2665.9018993   -21.1148337
-931.0555188   -2666.9929028   -37.3366028
-931.6824404   -2667.1040058   -34.4877355
-933.5397211   -2666.1124229   -39.957419
-931.480023   -2665.8780575   -43.240644
-931.8999974   -2666.0556793   -84.3148455
-933.7922064   -2667.9947376   -86.451143
-934.577438   -2665.7838821   -25.3432617
-933.4673611   -2672.9238033   -96.7718139
-934.197518   -2670.5286503   -91.2217349
-934.0169159   -2666.454792   -31.9263302
-934.7628085   -2674.35956   -100.1625508
-935.370895   -2666.0022736   -36.2259857
-937.5935522   -2665.3599739   -43.0162214
-936.0496727   -2666.9268608   -82.9856545
-936.6692034   -2665.5440331   -28.8441479
-936.1076085   -2671.8616486   -93.3096409
-937.3646704   -2673.0563641   -95.9623456
-936.930391   -2665.5902863   -39.7284962
-937.9110066   -2669.3732738   -86.8587494
-938.2344214   -2665.3897762   -32.0296027
-937.4807803   -2670.9036827   -90.4798135
-938.6867014   -2674.5450497   -99.9443382
-939.8549525   -2665.2903557   -35.2984592
-939.7130934   -2666.9342518   -80.2042261
-939.1454188   -2665.7576561   -78.1659633
-939.8055998   -2667.9377556   -82.5326443
-940.1441542   -2672.3644733   -93.062751
-940.4324023   -2665.532589   -76.1672184
-940.2571646   -2673.6819744   -96.8279094
