161.5523965   397.6854414   -379.467951
161.1647638   398.5547095   -380.3540992
160.3425571   399.3483454   -378.8804552
160.7727751   398.4602699   -377.9677659
159.5101878   400.1482658   -377.3712768
159.9479674   399.2681933   -376.4014767
158.6541988   400.9606541   -375.8502557
159.013214   400.1461175   -374.8712731
158.1698785   400.9446529   -373.3755129
157.7992438   401.7761888   -374.3424863
156.9613325   402.5883522   -372.849996
157.3119054   401.7523018   -371.9089427
156.1291423   403.4123859   -371.3648812
239.4071477   449.7363258   -379.7071949
238.4407531   450.2906844   -378.0197132
236.32174   452.1186554   -379.6627072
237.3438197   451.0057208   -376.3799221
235.2697469   452.8335734   -378.0940131
236.2451498   451.7782012   -374.7611545
234.1900205   453.5858516   -376.6009966
233.075397   454.3872048   -375.1639153
235.1601665   452.6077423   -373.2266073
231.9813413   455.1729583   -373.664728
234.0687383   453.5051155   -371.9181872
230.9066061   455.9252608   -372.036434
155.8543588   404.5894751   -372.305387
155.1772078   405.0173772   -370.7567241
159.1957534   401.3727488   -378.3016239
158.5031474   401.7198954   -376.7407857
228.0679871   457.9645772   -371.5498107
228.5211357   457.5914417   -373.4936163
201.9309743   446.5566695   -380.0220423
228.7941829   456.9605258   -379.696026
227.1282619   458.0327707   -378.7906064
219.5117583   461.6457697   -376.8148257
221.3760623   461.0165748   -377.1172094
221.7274407   461.2700124   -374.990044
229.3084616   456.9499947   -375.9237841
230.9902602   455.8293846   -376.7120263
233.3770332   454.2093971   -379.4306742
154.7112752   406.5035125   -370.9684247
154.5143239   408.3011358   -371.1684607
160.2039475   400.1187676   -379.748937
159.7523216   401.7250118   -380.0671011
159.6190978   405.1139959   -380.0847159
159.2531388   403.6536915   -379.7098079
216.0321997   464.3780671   -370.7103209
205.5831285   462.5064687   -371.6918608
204.0689352   461.1698652   -371.5378634
157.72111   416.2411612   -370.8035747
216.0566527   463.6589945   -373.0470864
218.4016108   463.2390894   -371.8399398
156.9090764   406.634254   -375.6439016
156.9509537   404.8903068   -375.4695729
157.6869507   405.0094593   -377.0083687
185.085969   430.3145575   -374.8381677
183.8379823   428.202599   -375.8323516
186.5918231   429.5669709   -377.1234807
157.5005375   402.9556064   -375.2782351
175.7313491   419.1150589   -379.9750228
216.2867285   460.980587   -379.7376539
224.1798157   460.2860655   -373.0564172
225.9781042   459.1485077   -374.2583936
226.7000332   458.8716397   -370.8007893
156.3129086   404.8253508   -373.9062517
156.0757429   406.5709046   -374.1170279
157.2405894   408.3071375   -375.7693178
156.2575491   408.2382305   -374.3145071
159.9425239   415.4075758   -373.5472864
160.3677456   417.0031359   -372.3168613
158.9704693   416.1087235   -372.0704767
160.343741   407.1440725   -380.2925267
190.3262051   430.3392377   -380.0661821
191.9229951   432.3943044   -379.8734944
189.6217384   431.6910295   -378.1477273
202.1914352   457.32223   -372.5716117
202.4962005   459.5709174   -371.2143191
169.7578214   422.876884   -371.1167708
154.8254049   409.947559   -371.5308263
155.7375277   409.7506117   -373.0659255
155.4629369   411.0718436   -372.0768042
156.8287709   403.328982   -373.7415514
155.3509873   406.5179191   -372.5444756
157.8472633   406.729248   -377.1336036
156.1298348   412.6735044   -371.916775
157.5795085   411.8023921   -374.1977774
157.9660422   414.3675657   -372.6187311
157.9580193   403.2361336   -376.866594
158.6095495   403.366642   -378.4104647
231.6583619   455.2890338   -378.919515
229.8913816   456.2554593   -379.9813145
213.6624053   464.9507025   -370.7387514
218.2902443   461.2472364   -378.8015217
220.161018   460.8653161   -378.8797115
225.0721629   458.9840399   -379.4211099
224.4055176   459.6440486   -377.5155784
223.2074233   459.7386705   -379.642133
226.7235236   458.5105898   -376.6755282
219.7225603   462.2364776   -374.1049989
217.0461495   462.8161241   -374.8584451
222.3710174   461.3690115   -372.1796168
176.1895006   420.4735745   -378.5924473
177.8856193   420.351943   -379.9654652
215.2213426   461.7212463   -378.2415922
215.1339404   462.4692011   -376.574717
213.597257   461.8290316   -377.7725019
211.8349022   460.687214   -378.7476243
212.1573362   461.9593469   -377.1174073
206.5967136   456.1529688   -378.1942121
206.5930954   457.9011701   -376.8638163
205.0187227   455.7430267   -376.7980416
192.0882048   436.6256903   -376.4511971
192.4600024   438.3550445   -375.4294061
190.2170846   436.2303472   -374.7055898
193.2079636   435.9566816   -378.2473059
193.9733613   438.2839887   -377.1976227
193.5311679   434.4191223   -379.8573169
191.7719903   433.7481781   -378.5563444
210.68428   461.5744713   -376.9147182
161.3127679   413.2963017   -376.8223915
161.4030748   414.9216198   -375.2555657
159.5556857   413.3312832   -375.0933677
198.5583685   446.2405615   -376.3319693
199.6270807   446.2723653   -377.5513452
199.9796875   447.8120219   -376.8392616
205.466474   461.0554216   -373.0965182
206.9370954   460.8306733   -374.740563
207.0087349   462.3612694   -373.0711388
199.4356258   453.4690345   -372.1863628
199.8836096   455.5402379   -371.2411873
198.8459665   454.0420288   -371.1100645
156.2574652   411.0542777   -373.1551905
161.7631605   410.7145644   -379.5392171
160.6457906   409.1472858   -379.5299146
197.6754768   440.0982784   -379.9560427
196.0899413   440.3744931   -377.9433811
195.5081344   438.0910127   -379.0729302
163.803692   418.9723701   -372.4054573
162.0720844   418.0583074   -372.3728834
163.6400401   417.7037091   -373.8309427
167.3291517   422.022454   -370.6655227
165.1423108   420.3353812   -371.4921353
167.1706683   420.5862132   -372.4295736
165.8282927   419.0652401   -373.5377054
158.9394408   406.8667887   -378.6255306
155.3622627   408.2314139   -372.8005618
162.9069359   411.4597288   -380.0206561
162.9770029   412.7568371   -378.7578117
156.7489438   409.8629922   -374.4095655
157.8770086   409.9155174   -375.8396401
158.5573093   405.1273775   -378.5034279
214.7089214   463.2972646   -374.6827079
220.7935578   462.3107434   -371.4467971
218.3267491   462.2572872   -375.8640962
154.7485298   411.831785   -370.6118463
161.1891737   411.9028128   -378.0129852
160.1518644   412.0890571   -376.8474138
160.0772669   410.5266342   -377.9879182
211.3573033   458.939746   -380.5666133
208.8272072   461.011092   -376.2364651
208.6178745   462.2892433   -374.3986761
210.0049656   462.2459797   -375.4878264
197.1259974   450.991599   -371.2648985
197.7550872   452.6639682   -370.8189949
214.118187   460.9714793   -379.4249431
161.7235879   416.5656384   -373.7938138
159.4516424   408.6546518   -378.4798715
158.8584028   409.7672951   -377.1590043
174.471682   420.4722297   -377.3880039
172.5711543   420.3145574   -376.2868208
172.7910465   419.1619926   -377.8999487
173.4705542   418.2018073   -379.5803124
174.5238419   419.4755435   -378.6792321
162.5406307   419.6428881   -370.7381853
167.2641694   418.5539636   -375.0733296
167.599289   417.5733889   -376.5116024
169.0193261   418.8513558   -375.8094448
223.3026971   460.4045408   -376.0059558
212.1102633   464.3797796   -372.3373428
214.1868239   464.1207628   -372.7245916
212.6917474   463.5008225   -374.3130013
169.3872047   415.5229984   -380.2061244
158.2943247   408.3862336   -377.1833323
158.9522106   411.260649   -376.2082161
222.2507359   460.3812743   -378.4193345
217.0958489   461.9602319   -377.3441316
213.2767943   462.6955572   -376.1013698
210.4957275   463.3726468   -373.8616887
163.2307486   416.1704161   -375.3193588
162.9761918   414.6197614   -376.8342464
164.4880758   415.7978728   -376.6290448
202.4528598   451.8586657   -376.7921217
202.9062091   454.6101146   -375.3052275
200.4770663   452.2485249   -374.2394007
204.8207132   451.2688219   -379.9577204
203.3308962   450.5690085   -378.7520789
203.9783757   449.7428232   -380.1047259
165.3340428   413.3852022   -379.9177478
166.8928517   415.0458416   -379.1132096
168.3725243   416.6348035   -378.1723849
166.2320408   416.1750652   -377.3421378
170.8892002   417.5634382   -378.6579626
180.2670891   421.8200666   -379.9778384
169.339519   417.9181329   -377.1956062
190.4848421   434.3260123   -376.6858659
180.3503398   429.0140388   -371.5852772
190.3525117   440.8480106   -370.9814062
192.0094283   442.6786254   -371.4479318
198.4729791   442.733541   -378.8679241
196.4237583   442.7242968   -376.5132565
205.3472858   459.6642449   -374.255664
210.119635   464.5154669   -371.6718839
211.5260672   462.6330688   -375.7024569
209.9170582   460.4644201   -377.785343
170.4328212   421.1594447   -373.7745274
171.6605432   422.6972003   -372.6123068
169.1315984   421.5461307   -372.4323266
179.2641847   424.9952501   -375.428022
176.6131421   424.7386172   -373.5973562
176.5627766   423.207948   -375.4814277
159.1449616   417.3930572   -370.9449874
160.6603349   418.3541921   -371.0471287
205.5967406   454.4120393   -378.4286079
207.4932284   455.1632718   -379.9087917
208.2901609   457.4990503   -378.9298902
198.3388789   451.3799997   -372.3928996
198.5788685   449.6677914   -373.8844448
200.3029221   449.8015803   -375.7859677
165.4466598   417.2985163   -375.4698409
164.7704853   414.6462679   -378.1122223
176.3750747   421.7701794   -377.1177774
174.4222545   421.7026877   -375.8055238
172.3200166   421.4945889   -374.6097013
170.6084136   420.1241128   -375.2207062
168.48687   419.980057   -374.0364242
178.4522615   423.1201296   -377.0181545
174.2777321   423.0339527   -374.0127378
178.1779439   421.7315342   -378.4909724
174.1382974   424.4663778   -372.0569763
176.4279282   426.0979371   -371.6779003
184.5681129   426.0125423   -378.8608534
184.7955368   427.4959884   -377.5019698
182.3572456   425.9782671   -376.937121
170.8622001   418.9832158   -376.8402125
188.6368018   436.8763934   -372.3763909
204.0743099   453.8386968   -377.1803369
192.8934593   440.071507   -374.5245233
191.0970721   438.6260807   -373.6601215
204.3499053   457.502634   -374.7787942
206.099003   459.1913576   -375.4329685
206.0148321   453.0468892   -379.9530694
203.9750148   459.4272465   -372.9502345
208.459871   459.3890372   -377.5907032
207.358246   459.7439123   -376.2444167
208.5757411   463.5228863   -372.6341827
209.927188   459.2374702   -379.0525393
209.1210115   456.5924807   -380.5538243
209.8729045   457.9330798   -380.2337493
201.2666765   454.8931438   -373.2679173
202.6799134   456.0970048   -373.9947632
198.4174689   444.6716382   -377.3458704
198.637827   447.8472137   -375.2540758
197.0342766   447.4823173   -373.6619777
200.9899198   447.3141864   -378.3820691
200.0773127   445.2829863   -378.8132863
195.8715445   444.1680837   -374.7774872
197.2225839   446.0207364   -374.9546076
195.865411   445.6039527   -373.6960885
188.6706105   428.0845044   -380.5545566
179.0336587   426.7686306   -373.0412779
181.086262   428.1463986   -373.2052276
181.8701087   429.1226234   -372.8379692
194.3763472   440.3069164   -376.0379077
194.305659   442.0287148   -374.6066461
186.3331077   434.5172643   -371.9941932
183.2573195   430.5986122   -372.6857134
207.0044533   463.6037154   -371.5386916
204.3867149   452.5159202   -378.526775
196.6230913   449.2209714   -371.9423626
195.1244772   446.4886547   -372.1849696
197.3153572   444.7689692   -375.9894284
186.4895025   426.4449785   -380.1345851
190.1094926   439.205461   -372.0501295
180.4332709   424.1848334   -377.3326668
182.1750877   423.9899452   -379.0128508
181.3943113   427.1305101   -374.7148698
208.3556521   464.5835592   -370.8804836
201.6341429   449.3388675   -377.6678204
192.7481589   444.9285987   -370.6007476
186.2269619   432.7000523   -373.632039
188.0200157   434.850498   -373.5037593
194.9547748   436.2349201   -379.9257314
182.7621291   428.8852238   -373.9935647
179.9034816   422.9490231   -378.350665
178.0950987   427.5078978   -371.2820644
194.0257646   443.8502373   -372.8882876
187.7768941   432.086672   -375.8714139
192.135508   441.0432357   -372.881484
188.5642875   434.0234856   -374.8701434
202.6547548   448.6064071   -379.3824745
184.435518   432.6751919   -371.77457
186.5888466   427.8282096   -378.8364621
188.3705519   429.4834448   -378.9320905
248.8313758   434.3884857   -379.820986
246.3943766   438.0672901   -376.5232256
246.4832958   439.8174424   -377.4187081
247.1800444   438.7247668   -378.2317183
217.8860341   421.9360417   -371.6603679
217.0567945   419.5191716   -374.2161177
215.392696   420.1244435   -372.766761
245.6312806   441.7394087   -377.5032012
246.8910673   440.9031732   -379.6592949
244.5944349   439.2046361   -374.0419805
244.7268967   441.2726285   -375.1346848
245.664061   439.6828124   -375.8177655
242.1221298   447.1360623   -379.302084
242.7042029   430.8251639   -374.4459073
244.1949388   433.0340892   -374.6818867
244.2460873   430.5714642   -375.8560971
239.3533904   448.6544631   -374.5480761
237.8977422   449.92801   -373.4311117
240.3258746   448.4227297   -376.8946271
248.8839447   436.6634073   -380.4396984
247.4397122   436.2153133   -378.0494541
248.0694414   438.658354   -380.1327737
237.0221168   450.2955203   -371.0584348
163.3448121   397.1229228   -374.6253486
165.1631559   396.8334278   -373.7785823
165.4054829   396.0136339   -375.6798842
157.6272863   401.2531838   -371.0358575
158.8698539   400.2005265   -372.2745301
160.3845373   399.3670432   -371.2512998
162.9189298   397.9798373   -372.4442822
161.0165126   398.559303   -373.6142933
163.0442952   396.1197725   -379.9657383
165.8620268   394.2735029   -380.2019813
163.7374153   396.3231485   -376.7277108
163.2522057   396.1593191   -378.4261601
161.6825484   397.5746691   -376.9910144
175.287594   393.1112584   -379.6269627
221.4674992   416.8594341   -379.2648698
220.2886236   417.4374159   -378.0844732
222.498341   418.9346093   -377.213155
240.9766456   448.1981354   -378.5916268
160.4584925   398.7060262   -375.2289159
174.5723506   394.180906   -377.8856566
172.4291645   394.5193364   -377.0522302
173.9932446   395.199476   -376.2781564
162.0015431   397.1186039   -378.5835389
159.4451868   399.6257839   -373.8956953
241.563849   436.3071672   -370.7286224
241.4943365   443.5234804   -371.2111655
242.0048117   440.8171891   -370.8226399
244.5742775   442.9924516   -376.4269507
169.7615373   393.1264437   -379.9804436
179.0828488   394.1053123   -379.8395246
241.0429828   446.9175178   -374.6635234
242.2050235   444.8211667   -373.7487376
240.6601844   446.0641227   -372.3107085
238.9345889   447.6105928   -370.7605138
243.0326588   438.0707253   -372.0407914
243.5556126   440.8590972   -373.0954835
209.512081   413.4391355   -378.0352388
209.0560949   411.881023   -379.5869177
207.5754146   412.4548743   -378.2429677
243.5052919   444.9190052   -377.1751177
242.0154807   446.4872855   -376.4112716
162.0029302   397.5666204   -375.456461
245.4930988   435.9873144   -375.3067691
239.0260483   426.7877588   -375.1033601
238.2904023   425.0632902   -376.4338722
237.1739509   425.7597274   -375.2498446
244.6901236   443.843525   -378.3394382
164.9900554   395.161625   -378.5311436
164.3178895   395.2029028   -379.653165
167.2095807   394.2623098   -378.81794
167.2180544   396.9141626   -372.8890412
167.2110407   395.9342832   -374.8948327
158.5253575   400.5324528   -370.7220855
240.9401367   423.5479234   -379.3280132
239.7098789   424.4327958   -377.7274882
241.7070167   425.3937455   -377.841543
211.2827105   413.4898756   -378.7844398
213.6367318   413.8198625   -379.4635937
246.2500813   433.7564262   -376.611026
187.5505698   405.1728973   -374.6733188
185.3173608   404.7218733   -373.6630022
186.6929285   406.4755204   -372.8547276
173.9461254   392.5209151   -380.3252654
173.2491948   393.410378   -378.8604551
233.6428612   427.8595616   -371.6845602
231.4720953   426.4203152   -372.2620126
238.0586667   430.4479572   -371.4460738
239.5915445   431.6881274   -371.5257565
239.2146541   430.1145439   -372.4020087
172.1614677   392.6898799   -380.1337367
170.9029229   398.1163023   -371.5260726
172.0000764   397.0072196   -373.3144109
170.4031963   397.2054736   -372.5713141
244.7700415   425.8256425   -379.4233676
245.0595091   427.2771703   -378.4868783
246.1031903   427.0533338   -379.4642348
182.6985182   400.4803868   -375.9516238
183.6853244   401.9968765   -375.180181
184.9752737   401.4020924   -376.5718067
243.6026284   435.5573703   -373.1184672
244.5211988   437.3589235   -373.8082357
247.8448363   427.8076684   -380.5100819
247.7752446   429.7553218   -379.4403318
246.3169128   428.7102746   -378.6115538
225.6440937   420.0995205   -377.1114942
223.9928435   417.9838863   -378.9625472
242.6955846   442.6409524   -372.5784505
242.6313349   436.1573403   -371.8354742
242.0355727   434.7612963   -371.7598755
165.7218395   395.2850845   -377.3041881
242.7868864   433.6627906   -372.9451839
242.4483098   432.2151316   -373.3954679
173.9633456   400.421292   -370.645965
176.4675038   401.3701419   -371.2386722
190.5078261   402.5085618   -379.167866
188.7394484   400.4639829   -379.9137385
188.5183974   402.3040613   -378.0526923
184.6910259   397.3714537   -380.1174517
197.1710501   413.1203281   -372.2074716
194.3032502   411.2706601   -372.6179841
164.9659044   397.5287206   -372.1735484
163.693013   398.3238251   -370.8600285
165.8902925   398.0051325   -370.9405584
182.7688226   397.4797679   -378.7869896
184.5770161   399.2693463   -378.2951826
171.0494112   393.7857265   -378.3066133
182.6836894   398.9988302   -377.3177375
181.0624626   397.7349214   -377.4586219
181.3164426   399.1134994   -376.3272368
182.1408002   401.8290487   -374.3381397
180.3450956   401.9524106   -373.081173
182.1300278   403.3472841   -372.920198
248.2590189   431.8110569   -379.3072811
244.3223988   428.482246   -377.1661392
242.31811   427.1965142   -376.6665521
242.6999736   429.0347457   -375.5793946
247.5975527   433.6006964   -378.1895661
247.0394735   430.479132   -378.3755612
240.9438569   430.8166367   -373.0924793
241.3393769   432.8591748   -372.1018048
239.5708964   428.7343382   -373.7470012
240.9492407   427.8590161   -375.2610712
245.511444   431.8974812   -376.3341281
245.7565578   430.3194107   -377.2638952
243.0113029   424.7381805   -379.2466516
242.9759628   444.8604528   -375.356842
215.1187103   417.2965145   -376.0381848
212.7439956   416.636804   -375.779272
214.2217912   418.4165917   -374.3106824
199.3131348   413.7321305   -372.6837506
199.1579921   414.8475144   -371.3229095
235.7846623   429.6719812   -370.9175715
237.6560191   428.9692073   -372.4779018
219.9156725   421.2655825   -373.3383599
220.8979333   423.20693   -371.421854
235.4715692   423.8560613   -376.6273105
235.3730577   425.8217309   -374.5037157
224.5394728   422.5187986   -373.7891503
224.2651625   420.9171155   -375.5802537
221.8564581   420.6430856   -374.9054052
169.6692067   395.1507718   -375.9992894
167.3629193   395.07229   -376.7638346
169.00742   394.2098059   -377.9566796
162.0297534   398.7599127   -370.7819801
168.4779312   396.0424158   -374.3500678
169.8094205   396.4451413   -373.7057356
171.989392   395.727681   -375.1475269
172.1418985   399.2111662   -370.7659243
208.9541592   415.9754652   -374.8220066
210.6809382   416.1835457   -375.3823303
208.6747045   414.4129844   -376.5153598
204.2780841   412.5194616   -376.5574278
202.3558985   410.1129309   -378.3152461
201.4162851   411.7264521   -376.0291862
177.0724047   395.8211413   -376.8357954
176.8304974   394.229567   -378.5920065
175.5747494   394.9632115   -377.0831344
173.9803061   396.4247791   -374.6948731
174.8924702   397.7199375   -373.6976724
176.0190527   396.8584852   -375.160069
182.9321672   395.7852465   -380.4883962
180.6966698   395.8384406   -379.0285756
178.6645622   402.4960804   -371.5300105
175.6043312   399.4257141   -372.5278357
173.2993171   398.3771725   -372.2614249
186.7144959   400.7748571   -378.2939651
227.1553728   424.5411914   -372.502953
227.7395355   426.3915342   -370.5960616
229.5190064   426.4575885   -371.3487717
187.3093611   408.5375998   -371.2120441
188.7144934   407.531773   -373.0950433
184.6343569   406.4676891   -371.5591708
243.5750526   426.4594426   -378.0748403
232.4261046   419.6039518   -380.3576396
205.8161951   416.2793083   -372.95708
208.3229398   416.9784456   -373.3311395
206.5925776   414.7692714   -375.0987016
219.2807352   419.5970224   -375.07409
203.9549255   409.0491805   -380.2933215
205.1961915   411.3036812   -378.3905369
246.8017986   431.9490774   -377.6049214
241.4149957   429.4309   -374.3779257
227.8561771   421.4542143   -376.3982943
227.9214976   420.1952435   -377.9050084
175.3403176   395.7652176   -375.9809846
243.5975681   443.1934052   -374.6543598
237.447644   427.2770055   -373.9129728
222.5208072   422.6700283   -372.7590016
223.2705368   424.3922543   -371.0107713
224.6315506   423.9374006   -372.1356167
230.9193903   424.563632   -374.0826723
233.347541   426.0999087   -373.4166989
168.8694405   397.5243237   -371.8376889
193.709992   405.2852002   -378.5366916
194.4996964   407.5685388   -376.6731313
196.0376925   406.6258312   -378.619032
167.370347   397.563461   -371.5772238
178.5800048   395.2662757   -378.2793525
183.7266959   400.025797   -377.0412294
189.86699   406.6103323   -374.7559153
190.1480625   404.1707975   -377.3408883
177.9175519   397.5055516   -375.7028075
167.4997603   398.0996237   -370.7275687
180.6472084   403.7239373   -371.6327369
176.8648321   398.4455826   -374.1708584
178.1385701   400.3785099   -373.1664939
178.6159686   398.9339983   -374.7845449
180.4220334   400.12302   -374.8219529
179.7495723   398.3416635   -376.0554665
190.0457682   409.9255232   -371.4913222
192.5427647   411.9633349   -370.8375745
238.840273   421.6561191   -380.5031722
242.4899313   423.5270061   -380.1878029
219.1513377   415.9289668   -379.4019523
235.5671902   427.6179655   -372.7869459
233.9652077   421.9500013   -378.2007159
235.8099979   422.1527009   -378.6427346
227.9678784   418.5602775   -379.8674269
229.7270535   421.7396837   -376.8130741
217.6037167   417.9587931   -376.3223841
196.7733919   408.5216788   -377.034422
179.1795336   396.7563048   -377.228098
186.5428198   398.9422988   -379.8747687
191.8770667   404.1232948   -378.5125352
192.1625129   405.7482481   -377.0814839
182.4647532   404.9656742   -371.6202195
183.6315603   404.5412391   -372.7574864
192.1589766   407.5831872   -375.2161988
190.7011756   405.8263458   -376.0766012
234.0455692   420.72803   -379.6502052
236.0636028   420.6880172   -380.4912339
231.0328054   423.1588963   -375.7041721
232.2354893   422.3086032   -377.1411418
230.5354289   419.1133899   -380.2134647
232.2256819   420.6931314   -378.99733
218.357617   416.8661738   -377.9508751
217.2953842   415.398896   -379.2385877
215.852167   415.8618266   -378.0579246
203.7131319   414.0791647   -374.4903137
196.4506212   409.8056801   -375.451932
194.3576049   409.4531883   -374.6040639
196.1070937   411.1118463   -373.8389551
198.7292817   410.2735809   -376.2300016
198.3514025   411.9119905   -374.2089573
199.8489993   411.8500447   -375.0915009
203.2644892   415.6789993   -372.422238
200.9703826   413.472008   -373.8286638
201.0042168   415.2850718   -371.7672615
245.4352061   438.0474557   -374.9960107
229.1768638   422.8616946   -375.2999312
233.0705715   424.303946   -375.2357382
219.979114   418.5771384   -376.5912776
198.255431   408.3431694   -378.0848248
197.9805602   406.6496776   -379.7507677
200.0043109   408.2423257   -379.1581561
189.2635574   405.0834466   -375.8823472
211.0183831   414.9249462   -377.0098879
183.6492393   403.2517676   -373.9812787
186.446764   403.2865052   -375.7600095
186.9529684   402.2891711   -377.0352312
188.132817   403.7042521   -376.4728214
192.951693   402.9675033   -380.3320571
190.9184232   408.5355752   -373.4710744
215.7286509   414.3018355   -379.8406834
206.6180224   410.5607492   -379.9114105
237.6731917   423.4640347   -377.8566664
238.9805892   423.0617769   -378.8609891
240.3866383   426.1046472   -376.4354009
210.2887867   418.9268031   -371.9186186
212.8494248   419.2728972   -372.6688824
214.9654556   421.4507467   -370.9756292
173.5520666   397.2904029   -373.4690178
192.7457414   409.4046742   -373.6936107
192.0916516   410.213627   -372.4443704
200.1350989   409.7427624   -377.5808872
185.0210622   403.1161166   -374.994055
186.0784252   404.0683107   -374.7788822
206.4536777   413.0976684   -376.9690413
207.7915261   418.3814658   -371.4063851
230.1068974   420.4380749   -378.4819293
226.7691265   422.3313154   -374.936652
226.1839175   418.8291116   -378.838842
225.3878947   417.2882812   -380.3653817
210.5422409   417.498179   -373.7548399
212.2007972   417.6089798   -374.3825922
201.6192964   408.1722049   -380.0852603
194.8759872   404.7421206   -379.8437016
237.5092567   422.2078074   -379.2194486
225.6375658   425.5158912   -370.6837484
205.2656588   417.7522183   -370.9570062
228.7223628   423.8989985   -373.9186729
213.2675899   415.3453734   -377.5271787
196.3586692   405.3067133   -380.2029065
229.5637879   425.1793379   -372.813914
