989.8660453   -1772.3993063   -18.8785214
989.3166693   -1773.3222246   -15.208777
991.5913018   -1775.4360437   -14.4492742
996.809599   -1777.9983282   -17.8876854
994.3875643   -1777.4782181   -15.0265917
986.3782498   -1770.6164122   -15.9045048
985.7215854   -1769.2650557   -18.5926165
987.823722   -1772.9246616   -12.3226671
984.4115051   -1770.4916   -9.8873721
983.5088523   -1767.4299479   -19.0645494
983.2036766   -1768.497467   -14.2412297
980.4679426   -1766.0769224   -15.5494716
978.5977574   -1765.1873827   -13.1173572
978.2937142   -1764.2379999   -17.0005821
976.0342809   -1763.3587122   -13.634081
975.0340851   -1762.2677088   -16.1965881
972.7184745   -1761.6107464   -11.1099761
968.6661335   -1759.2906952   -10.2496231
968.6988267   -1758.6506605   -16.8139711
966.9953557   -1758.2268715   -11.4212185
964.4622477   -1756.7404509   -13.1197013
963.8033184   -1756.1074495   -18.0395152
960.2935585   -1754.5330524   -15.8883817
958.9998098   -1753.8321018   -11.512435
959.3885811   -1754.114747   -18.6775252
956.2529894   -1752.6900768   -14.9220387
956.1425718   -1752.2745132   -10.420748
953.8004967   -1751.9207001   -18.2176251
953.280476   -1751.0623932   -12.2007867
953.0729922   -1751.3136864   -15.3274033
950.4133435   -1749.4136095   -10.1731261
949.7841867   -1750.0145435   -15.2234323
947.2836228   -1748.5107183   -12.5411665
945.39198   -1748.5281229   -15.5268461
943.5307356   -1746.6247082   -10.7664429
943.0325898   -1747.3721504   -14.2642446
942.4723955   -1748.0685711   -17.2680989
940.2625533   -1745.5216646   -11.195357
938.5612579   -1746.3234663   -15.5501291
939.5182105   -1747.9349375   -19.4070581
935.946432   -1744.6496487   -12.8327981
934.2035028   -1745.4166412   -16.5433027
933.269647   -1743.2458401   -10.5629982
932.4837299   -1744.012475   -13.7745319
929.8440488   -1744.426012   -16.7365465
929.083881   -1742.7155972   -12.0664705
927.5779101   -1744.9148893   -19.3200205
925.6135198   -1743.1075573   -15.4664861
924.432871   -1741.678834   -11.6121108
922.4177273   -1743.9728975   -18.9654529
921.4423271   -1742.177844   -14.5639377
920.9426316   -1741.0029173   -11.2278536
917.2201427   -1742.6502705   -17.1084646
917.9725023   -1741.1655188   -12.8229251
915.1137742   -1739.9880886   -9.7082648
914.3624576   -1741.2382364   -13.8089946
912.3816165   -1742.2835827   -17.0066021
912.517068   -1740.2598858   -10.8941654
910.5236205   -1741.1395311   -13.8593437
908.83365   -1740.2234077   -10.6520234
908.8846119   -1742.0262098   -16.6100245
906.1901244   -1741.2878275   -14.0453409
905.8639082   -1742.6997423   -18.1668084
904.9929055   -1740.2983904   -10.0354804
902.3671719   -1742.2357798   -16.2480753
901.9702049   -1741.1879301   -12.536604
898.7593325   -1743.1970835   -17.9364681
899.265525   -1742.0594692   -14.5935267
897.6053866   -1741.4246798   -10.9060947
895.7664343   -1742.7999973   -15.2228391
893.1010338   -1742.580533   -12.240028
891.6406008   -1743.8044548   -15.8958975
889.3360468   -1745.3559637   -19.3719156
889.1136619   -1743.7266111   -12.8306299
887.377915   -1745.0695038   -16.6998468
885.4315849   -1745.1515198   -14.2088532
884.0044113   -1746.330142   -17.1373039
882.806358   -1745.5244064   -10.8379228
881.4626011   -1746.8025684   -14.7360926
881.6772374   -1747.7053404   -18.8826919
881.3223513   -1746.3325262   -11.7550986
880.1957639   -1746.7727661   -10.0284182
879.0539476   -1748.4716177   -17.2247291
878.6882433   -1747.8154898   -13.3175375
878.3550235   -1747.880578   -10.7855732
878.1503411   -1748.0744123   -12.3457275
875.7285448   -1750.2468824   -17.6674686
875.9942325   -1749.4301796   -12.8706899
872.0095726   -1752.3891926   -15.6921707
873.3369382   -1751.3593435   -11.8244924
870.9374341   -1753.3951998   -11.6663147
868.1166144   -1755.4899454   -15.0818713
868.2232174   -1756.2990189   -9.7909607
865.8338758   -1757.134676   -17.7241731
865.2986857   -1758.2300901   -13.5171767
862.6359972   -1761.4262104   -12.5528527
862.1583255   -1760.2748871   -18.5643937
861.6972836   -1763.6705637   -10.3036352
860.7588383   -1762.617588   -14.9399247
859.6102568   -1762.8165483   -18.2649456
858.5853251   -1767.0263052   -10.3973877
857.4168357   -1766.4610147   -13.7236938
857.4736091   -1764.973402   -17.4243692
855.4781052   -1769.4889307   -11.150579
854.7202917   -1768.1703568   -15.0183467
851.6033562   -1772.7726698   -10.1944786
852.2971245   -1770.124197   -14.6637447
851.1076542   -1769.0899372   -19.1719662
849.5379957   -1772.5454569   -13.3424858
850.4538807   -1770.7676888   -15.932316
846.2516638   -1775.2696276   -11.5037924
847.0338555   -1771.9919682   -18.0376768
844.0955254   -1775.3095627   -13.8161872
842.5518247   -1774.2815018   -18.1665942
840.3849574   -1776.7038345   -14.519251
837.2068974   -1776.507616   -18.2897486
834.1602506   -1777.0456076   -19.416593
792.9493757   -1774.5261192   -10.445999
797.5851121   -1776.9860029   -10.7260244
789.8057672   -1773.9340067   -12.1456785
793.5230257   -1776.5697241   -13.8379373
786.6862687   -1775.2295732   -16.7654492
789.821473   -1776.0810852   -15.9990508
786.1666503   -1770.8477974   -9.7393123
784.7269746   -1772.8252411   -14.0665965
783.5607054   -1775.105238   -18.6405852
783.4242555   -1770.7778215   -11.7667317
781.2437388   -1771.1100578   -13.762271
781.1477008   -1772.9867697   -16.6359749
780.2121165   -1768.7889338   -10.8725317
778.5464349   -1769.8984146   -13.7060238
780.4792645   -1774.5577097   -19.4215719
775.6539407   -1771.5189457   -17.7183766
776.3830545   -1766.0491467   -9.981079
775.0645252   -1768.6992884   -14.2427469
771.3901373   -1764.120698   -11.4444941
771.6746154   -1770.1790333   -18.1479305
770.5808701   -1767.6458359   -15.7310758
768.208039   -1760.7271671   -11.2002781
767.9561945   -1765.4019594   -15.2460374
767.2524127   -1762.6987696   -13.5694267
766.9342133   -1756.8670511   -9.9206017
764.3857273   -1765.4304504   -17.9938059
763.0015882   -1751.3148785   -11.613627
762.804267   -1748.6770153   -10.6408112
764.8687037   -1759.2396736   -13.3502828
763.3651318   -1754.455328   -12.501115
763.7978318   -1761.7938519   -15.9080829
762.1836188   -1758.8866949   -15.7120898
761.302528   -1762.5337839   -18.6086539
760.5942609   -1745.9826469   -11.1133708
760.4590478   -1753.9881468   -15.318457
759.5599564   -1749.2227554   -13.9088081
759.3785795   -1759.7994804   -18.8031401
758.0176713   -1743.5348034   -11.7722163
757.5457665   -1740.3956652   -9.7104087
758.0286684   -1755.4537058   -18.2218384
757.9961243   -1746.244669   -13.6095909
756.8695071   -1751.8059015   -17.6381469
756.155503   -1748.0236292   -16.1694046
755.4105046   -1744.7994947   -14.6743236
755.0606253   -1741.7074442   -12.7274711
754.3551298   -1738.8594151   -10.8288471
754.2069974   -1749.7897148   -18.769443
752.5766017   -1746.5873957   -17.9659091
752.4328502   -1742.9332733   -15.4786631
752.3549768   -1740.1940823   -13.4093426
749.0193369   -1736.4761829   -11.8844919
749.8673918   -1743.9770699   -17.984461
749.1430315   -1740.6885624   -15.717566
748.8779547   -1734.8031998   -10.1028355
746.3688972   -1737.5618219   -14.1445026
746.6427358   -1743.144393   -19.1988777
745.7517656   -1733.3637476   -9.4801458
745.4443099   -1740.2629852   -17.4164195
746.2650361   -1735.090971   -11.4137605
741.6074993   -1735.2865934   -13.3058177
742.1876761   -1738.5092974   -17.0522798
740.7713207   -1733.4005833   -10.4693361
739.2361882   -1736.6552353   -15.6584345
739.2866286   -1739.2500639   -18.861901
737.1936413   -1734.7152233   -12.8745409
737.6415702   -1738.2519245   -18.2160214
735.2619591   -1737.0918989   -16.7364534
734.1880473   -1733.7443829   -10.3813512
733.2804473   -1735.4904413   -14.0373241
732.1868362   -1737.8014326   -17.6938064
730.4058494   -1735.2485657   -11.9140809
730.6807163   -1736.4436388   -14.9672292
729.247761   -1737.9980087   -17.5189599
728.4568223   -1736.9428873   -14.579731
726.8113615   -1736.5788221   -12.1676521
725.187284   -1738.6023998   -16.2667148
722.939712   -1738.1541729   -11.5673719
720.0659039   -1740.7346964   -16.1577817
719.5400568   -1740.1931286   -11.9470814
717.1941968   -1741.506815   -10.115779
717.5549688   -1741.7689562   -13.555252
716.5489914   -1742.7763939   -16.3739733
714.5128819   -1743.7692881   -13.1605351
714.1503739   -1744.4242239   -17.4171273
711.7702263   -1747.0494509   -9.7448649
711.2855884   -1746.6742992   -15.7689396
709.6095058   -1748.6213446   -13.2611273
709.4132649   -1750.0780821   -9.933887
707.9622718   -1749.904871   -15.5389775
707.0685672   -1752.6305914   -11.3870334
706.5766128   -1750.7952452   -18.1767307
704.2973312   -1754.0874481   -16.3972024
704.151799   -1756.501317   -12.1822953
701.8918144   -1760.9924078   -9.9320188
700.9711462   -1758.482933   -16.2371807
699.4726258   -1761.9717121   -13.9900893
697.4553662   -1762.8709078   -16.9791933
697.2034919   -1766.3416862   -11.6533013
696.0976543   -1766.3600445   -14.0591534
695.3896927   -1768.6481476   -11.5668494
694.2751231   -1765.1863098   -19.4684099
694.5451545   -1766.5239573   -16.9000477
693.0786493   -1769.588232   -14.7647252
691.2318739   -1771.8327045   -14.6096079
691.6017952   -1769.1956758   -18.0237517
690.1216628   -1774.7627497   -11.8878307
687.6740428   -1776.2761116   -13.5443276
687.3387667   -1774.0706205   -17.4011663
684.8508316   -1776.606679   -17.0290768
483.3376529   -1773.0219364   -9.9198064
483.374347   -1773.3011246   -12.7902376
487.6847165   -1776.2305737   -13.3352084
489.8874509   -1777.3661613   -9.9155242
481.782307   -1772.7196217   -15.920911
485.9120744   -1775.8933306   -18.2030965
479.4286685   -1770.6323862   -10.206094
478.322384   -1770.2285051   -13.5937734
480.3191992   -1772.3225355   -18.9276431
478.3845218   -1770.7164288   -16.897602
475.7627296   -1768.4870958   -11.2245111
475.8724096   -1769.3842649   -18.3312353
473.8620567   -1767.6217556   -14.8074729
470.9672975   -1765.8294439   -13.0360844
469.6628647   -1765.460372   -17.9955009
467.9327282   -1764.182806   -11.5296803
468.1612896   -1764.3357515   -15.3199108
465.1688608   -1762.6857758   -17.2386933
464.7211107   -1762.4059916   -13.6706
465.184507   -1762.8977299   -10.1561556
461.2994912   -1760.463357   -16.6088156
459.2586728   -1759.8686218   -12.0930206
457.0579948   -1758.1670284   -16.6129898
456.5732601   -1759.0010166   -10.7737528
456.4641836   -1758.3065033   -13.6924535
452.2224786   -1757.609129   -9.5031932
452.9052945   -1756.3294172   -15.318729
450.8671584   -1754.8378706   -17.7137796
447.7391811   -1754.5832396   -13.3471331
444.5981505   -1752.3952723   -16.0172135
444.6467581   -1754.0079355   -11.520504
441.3728537   -1751.9087791   -13.8028124
440.3154524   -1750.2323389   -17.2452498
436.2528446   -1750.9846687   -11.1993318
436.18795   -1748.2925653   -18.2959456
435.3244426   -1749.0907907   -15.3536806
432.1138533   -1749.2932081   -11.8312119
431.7159625   -1747.459054   -16.4183062
428.0172857   -1745.5084324   -18.4308179
429.1302534   -1747.8837967   -13.0850356
425.4583987   -1747.8495836   -9.9448981
423.3897748   -1745.8670139   -13.8517329
421.8027415   -1743.8836098   -18.0080384
422.0360937   -1746.386528   -11.1626768
419.7398099   -1744.6010113   -14.4580398
419.2893925   -1745.8987236   -10.1554738
417.0282307   -1744.2976236   -13.0777098
414.4520583   -1744.451642   -10.1864217
413.3442464   -1742.7657843   -14.5558091
410.4831191   -1742.7374125   -12.0725688
408.4233763   -1741.2217855   -15.1561238
407.7102216   -1742.1928644   -11.2422295
406.6577377   -1739.836216   -18.0136934
403.8461568   -1740.422368   -13.7406178
404.4720205   -1741.7206764   -9.618667
401.9523533   -1738.697648   -17.8603809
399.6350589   -1739.6370173   -12.5090219
399.953899   -1738.9267683   -15.4474415
396.3352861   -1736.947298   -19.2476697
395.0939151   -1738.4899855   -12.5086401
394.298506   -1737.2553349   -16.8234464
391.9783356   -1737.4813557   -13.9226206
389.2309042   -1737.5516891   -10.2429558
390.8653232   -1736.0793352   -18.6820831
388.9176818   -1736.5273237   -15.4118715
385.2630379   -1735.5521917   -17.4334869
383.8294121   -1735.9629869   -13.2051408
381.6198828   -1735.1276875   -17.6670719
381.5775635   -1735.7798815   -9.5132198
380.2460554   -1735.4032993   -12.5820143
377.6985081   -1734.687686   -17.9370996
377.1525445   -1734.672308   -9.5706265
374.9196502   -1734.4514132   -12.9556358
371.9646307   -1734.1703176   -15.9692429
373.1422248   -1733.8671684   -10.4319323
369.9460002   -1733.4800959   -12.4900639
368.7586012   -1733.9221239   -18.3351245
367.2153475   -1733.3872318   -15.2819203
366.5599199   -1732.4032784   -11.3279959
365.6514855   -1733.536005   -18.7684428
363.6741015   -1732.0061922   -12.5794914
363.836241   -1732.8212261   -16.1753073
361.7003234   -1732.9214811   -19.1622432
359.8074736   -1730.0471067   -10.2780871
360.5707111   -1731.7574024   -14.8575474
357.7972772   -1731.7160368   -17.4756497
356.5264019   -1730.232954   -13.6393746
355.1471504   -1728.3768654   -9.5149251
354.2974713   -1730.5955887   -16.6295003
351.3076874   -1728.7693024   -13.6817545
351.1170419   -1730.2136421   -18.2883143
347.0563712   -1729.0371656   -16.4983124
348.0944457   -1727.8453112   -12.3347277
344.5847901   -1727.7245522   -12.3114474
341.8931039   -1729.1126251   -16.4741296
340.0361808   -1727.7746201   -11.0606709
337.5653597   -1730.6636572   -19.2394368
337.8454717   -1729.2193174   -14.6259367
335.2889689   -1728.7844419   -11.087724
334.5304402   -1730.1874161   -15.1411463
333.8676663   -1731.374979   -18.2102304
331.7938121   -1729.6851873   -10.6013846
331.3337537   -1731.4761877   -15.7822669
328.0725154   -1731.3035727   -11.057294
329.0055963   -1733.0533266   -17.41804
325.6281885   -1733.5050106   -14.5734632
325.3130885   -1732.5222492   -11.1504067
323.5806199   -1736.046195   -19.0596376
321.6512474   -1734.2528105   -11.4238122
322.9067596   -1735.065937   -15.5358855
320.2596875   -1736.5385294   -16.45495
318.5280236   -1735.9646559   -12.3929111
316.6742297   -1738.5458946   -18.0297773
316.0857531   -1737.5612259   -13.9918802
315.2070912   -1736.8701696   -10.0322422
313.5495754   -1739.230752   -15.8518348
312.6681419   -1738.8006449   -12.469219
309.2026087   -1741.923213   -18.8971199
310.4834827   -1740.6365871   -15.7476328
308.8518056   -1740.7824993   -12.1404184
307.5093599   -1742.079854   -14.9078947
305.8706196   -1743.5113192   -17.6733341
305.4755601   -1742.8578138   -10.8389836
303.9502772   -1744.3102598   -13.5183586
303.0911954   -1745.2052832   -17.2762182
301.5300604   -1746.2151051   -14.6226566
299.9469014   -1747.564435   -18.6735969
299.4946512   -1748.0863333   -9.7864913
298.278031   -1749.0143776   -15.5748678
297.4575134   -1750.0648499   -10.9485844
294.7323891   -1751.7850399   -19.1391073
294.9231835   -1752.4193525   -12.5522846
293.0144044   -1753.7516356   -16.0240326
291.3867506   -1755.8197975   -12.5408443
289.6023663   -1756.8849325   -15.8883315
288.2005843   -1758.4671974   -12.4799851
287.6519235   -1757.9878569   -18.5958371
286.2915667   -1759.4234943   -15.5816386
286.9661125   -1759.7141266   -9.7623235
285.0323292   -1760.7088089   -12.0778177
284.542081   -1760.0032091   -19.0754738
282.3546501   -1761.8231773   -15.2171152
281.5557393   -1762.819767   -10.8985035
280.1568779   -1763.1531954   -13.4098111
277.8608175   -1763.8019323   -15.4241938
278.7737521   -1763.9702559   -12.0167304
275.8354517   -1765.16819   -11.4517594
273.9395472   -1764.726162   -17.2969066
272.8060158   -1765.5888796   -14.4936172
271.1971673   -1766.6292191   -10.8433738
270.00573   -1765.3864622   -18.3186475
268.1957754   -1766.5965557   -14.2659582
265.9734758   -1767.7781582   -9.9911205
265.7742473   -1766.2434578   -17.3386429
264.6128508   -1767.1524286   -13.9719155
261.6043659   -1767.852664   -11.9060511
261.4684077   -1766.8921947   -16.2547901
258.0436739   -1768.4744596   -9.6538719
257.9487535   -1767.6594257   -13.5729006
257.639465   -1766.8466568   -16.9044249
254.4770511   -1768.0975199   -11.3080554
254.4403049   -1767.1986818   -15.2890738
251.0272833   -1766.4827108   -17.3445195
249.2672773   -1767.4400806   -12.7816042
246.6931614   -1766.4875984   -15.2792502
247.2629222   -1767.5668001   -10.9923845
243.1825372   -1766.4715052   -12.5262989
242.8011271   -1765.6476498   -15.7666616
240.1474389   -1764.6166086   -17.2430072
240.1705655   -1766.212821   -10.1899356
240.0454255   -1765.4743195   -13.620629
235.6292876   -1763.0968094   -19.4197539
237.4793264   -1765.176177   -11.3879107
236.4330264   -1764.2415762   -14.384063
234.4605895   -1764.2433643   -11.1918151
232.513276   -1762.9930973   -15.2654666
232.0510717   -1762.4777555   -18.5067672
232.5179847   -1763.369441   -12.7865011
229.5354279   -1762.1473074   -15.9704834
227.8124066   -1761.6168261   -18.9756081
227.0529541   -1761.7315054   -13.9587875
223.4919044   -1760.8864307   -14.0181668
220.9327789   -1760.5025768   -18.1834418
218.3818492   -1759.7562075   -10.251659
216.9375094   -1759.5896721   -15.1551561
214.042482   -1758.8784695   -12.6325851
212.7408358   -1758.8509321   -17.8069118
210.2285   -1757.984519   -12.0488582
209.5444771   -1758.0187321   -15.9548111
206.6806229   -1757.207036   -14.3328104
205.3359123   -1756.69837   -11.6132265
206.3731524   -1757.3155165   -17.2163136
203.4156593   -1756.4419508   -15.0683792
202.2817703   -1756.4606667   -19.0441571
202.0012113   -1755.7566166   -10.3468848
199.7714015   -1755.7418346   -16.6311245
199.3854614   -1755.387187   -13.1130302
196.3216337   -1755.0040483   -15.7261323
195.2253255   -1754.3865442   -12.1331159
193.3218809   -1753.606081   -9.6856207
192.4089762   -1754.6823025   -18.2661414
191.9485899   -1753.9653778   -14.4474441
189.6264227   -1752.7941465   -10.3319008
188.7645098   -1753.4301281   -15.6646948
185.9873208   -1753.375411   -19.1326849
184.9733862   -1751.762867   -12.9061639
185.3083345   -1751.2760162   -10.1495516
184.8926517   -1752.3826361   -16.227873
180.9754642   -1751.3438463   -18.187508
181.9002303   -1749.9308586   -10.6893033
179.0176006   -1749.5247126   -14.524891
178.9100143   -1748.8086224   -11.7497304
177.0228716   -1749.6489286   -18.9182032
175.0720414   -1746.8954325   -11.7505072
174.4451793   -1747.7631569   -16.2296873
171.0160645   -1745.7184792   -14.0732462
171.4746328   -1744.8365688   -9.7638955
171.6958257   -1746.9444275   -17.6315978
168.8064607   -1745.872736   -17.4824316
168.6836454   -1744.178772   -11.2496531
166.600612   -1744.2996502   -14.2260389
164.8105355   -1744.5738316   -17.0232728
165.4677662   -1742.8833246   -9.7463494
162.4028953   -1742.9227829   -12.8369406
162.4181839   -1742.143631   -9.6226512
160.6706353   -1743.5847521   -16.5395252
159.2788967   -1741.6362762   -9.6268989
158.4911617   -1742.4880266   -13.6455502
157.4691805   -1743.1497574   -16.6925471
155.0694378   -1741.5856123   -11.4167528
154.6375724   -1743.5290813   -18.9500228
154.7390195   -1742.3231602   -14.5253297
151.2767049   -1742.8201437   -16.7416222
151.0024639   -1741.8404818   -12.6823336
147.4972042   -1741.3681746   -9.7076446
147.0113369   -1742.5547838   -14.8245264
144.1802355   -1743.6850071   -18.4083432
142.9983648   -1742.3232794   -11.3701886
142.2716054   -1743.1074381   -14.52576
140.9220668   -1744.042635   -17.7800804
139.1049   -1743.5774803   -12.1216848
138.7527557   -1744.1921234   -15.6776942
138.1462487   -1744.9636459   -19.1853326
135.6774839   -1744.572401   -10.4822544
136.5874382   -1744.6513176   -13.5846278
135.4955705   -1745.4222441   -16.7967882
132.6463791   -1746.242404   -13.6863943
132.4890824   -1746.6763258   -17.7771747
129.0445896   -1748.0056286   -16.5934581
127.6241811   -1748.180747   -11.7463376
124.6543499   -1749.7601509   -16.0022881
122.6065429   -1750.0522137   -12.0098367
120.318112   -1751.2778044   -15.7229844
118.6283203   -1751.3449192   -12.2322589
117.776719   -1752.4027824   -18.9851187
116.2134381   -1752.3950338   -15.2190141
116.2063154   -1751.7639399   -10.816901
114.2162355   -1753.2867193   -18.5455047
113.2222386   -1752.2653341   -10.2736708
113.3570644   -1752.9475689   -14.5364441
110.6964918   -1753.8409233   -17.955821
110.2103861   -1753.2637119   -13.6529626
108.6581024   -1752.9058456   -10.4809292
107.6599928   -1754.0041208   -16.9122871
105.9966656   -1753.6604404   -14.2320078
104.381946   -1754.2718649   -18.0275701
104.3012115   -1753.1967163   -11.1808954
102.3500534   -1753.8102865   -14.7353727
101.2766036   -1754.5044422   -18.7626276
101.1450263   -1753.1405687   -10.1310527
99.4158658   -1753.5324097   -12.236774
98.3452471   -1754.4080019   -17.1861667
96.1548658   -1753.9665699   -13.4856217
95.7555147   -1753.497839   -9.9188993
94.6824225   -1754.5604706   -16.0710607
91.4169522   -1754.3889284   -11.1638447
92.2195884   -1754.7285557   -14.3954009
91.1777886   -1755.3627491   -17.2797069
88.9290246   -1755.6290627   -14.4327488
87.376562   -1755.7795048   -11.1724027
87.2078808   -1756.8063736   -18.1082338
84.3404802   -1757.7183247   -14.5769613
82.9045447   -1758.7743998   -17.5789017
80.695835   -1759.1791153   -10.784979
81.0275348   -1759.5479488   -14.6162007
79.7082456   -1760.5110407   -17.1471331
78.4589919   -1760.8933449   -13.9062246
77.1602663   -1761.0712051   -9.7951638
77.1476897   -1761.8972063   -17.451955
74.8834284   -1762.7888918   -13.6195477
74.4399699   -1763.2068396   -17.7159291
71.7897686   -1764.2972469   -15.7749187
71.6806921   -1764.2134428   -11.9524542
68.551329   -1765.5758858   -18.0876385
68.8252719   -1765.540123   -13.3492155
66.382316   -1766.4591074   -10.8405277
65.0667223   -1766.8932676   -14.6022225
63.0816492   -1767.6837444   -10.2653736
62.0006593   -1767.7009106   -16.4485704
61.7919239   -1768.0209875   -13.4074874
59.8799857   -1768.6526775   -11.0715982
58.7569746   -1768.6417103   -14.5931002
56.1527284   -1769.4962025   -12.2014908
55.606273   -1768.8287497   -17.0365348
52.9658469   -1768.797636   -18.7056623
51.7376336   -1769.487977   -15.0916008
50.7147583   -1770.3927755   -11.7701162
49.6546897   -1768.6988115   -18.5912624
49.42247   -1770.6532478   -10.4075195
47.4927696   -1769.5881128   -14.6563035
45.6300052   -1768.1643963   -18.5927488
46.6905507   -1770.6183195   -10.7146418
47.8431257   -1770.9131241   -9.5152352
43.9918312   -1770.1551914   -11.2925917
42.6451238   -1768.8645124   -14.4570954
40.9620675   -1767.3431635   -19.2313623
38.6440428   -1769.2401409   -11.5951421
37.1136936   -1767.9322958   -15.6148197
35.1455482   -1768.6957121   -12.1809402
33.5602435   -1767.3538923   -17.2320064
33.0037745   -1768.1123018   -14.0469521
31.0996445   -1768.6090469   -11.7060114
29.8122438   -1767.6559687   -16.1398146
28.898445   -1768.9944506   -10.2075404
26.8605026   -1768.5279846   -12.8169693
24.8587402   -1768.1932449   -16.5174194
22.1990021   -1769.0706253   -12.9011329
19.6296843   -1769.1521645   -15.347247
19.0236243   -1769.5184946   -11.4764757
16.1261829   -1769.4051266   -17.8235769
15.6203183   -1769.7498798   -13.7452623
11.4791068   -1770.0667381   -16.3809564
12.9998597   -1770.0328827   -12.2090159
9.0111765   -1770.2940702   -12.2789778
7.1326765   -1770.3014612   -18.5512006
7.2713169   -1770.4347372   -15.1572023
4.660395   -1770.5304623   -12.3292999
4.087952   -1770.5746889   -16.2729099
1.6631158   -1770.6354856   -14.2337112
0.845817   -1770.5378532   -11.2125762
0.6556185   -1770.6283331   -17.2290877
-1.9135801   -1770.5848217   -14.1675109
-2.4376241   -1770.350337   -10.054999
-2.8360812   -1770.5544233   -18.3183644
-5.6727854   -1770.272851   -12.3271402
-5.3811399   -1770.4441547   -15.9702078
-9.4297854   -1770.0682878   -15.210174
-9.1244904   -1769.7468996   -10.3827901
-13.3738843   -1769.2850828   -12.0272934
-13.441774   -1769.6125507   -16.1984023
-15.5965415   -1769.444108   -18.9489648
-16.986343   -1768.9450979   -14.980752
-18.0601207   -1768.3434486   -11.9242854
-19.1397993   -1768.8397169   -18.7230948
-20.9613768   -1768.1195736   -15.2485315
-22.3169652   -1767.0974731   -11.1816945
-23.176047   -1768.0176497   -19.3174947
-24.6503083   -1767.0894861   -14.9732074
-26.3089267   -1765.8648491   -11.4005124
-27.1808831   -1766.8124437   -18.0084445
-27.8235999   -1766.0758495   -14.7139169
-30.1519362   -1764.6260262   -12.1614067
-30.8696357   -1765.3477192   -16.3332913
-35.7855288   -1762.8008127   -14.025013
-36.3681642   -1761.6547346   -11.4107234
-36.2403718   -1763.6100054   -17.4224731
-39.1850797   -1759.8819733   -10.6624495
-39.7683708   -1761.9814873   -17.3090287
-40.9054486   -1760.1331472   -13.6594493
-42.6547257   -1758.1068277   -10.9867817
-43.6084596   -1759.452939   -15.6072555
-45.9715454   -1756.5690279   -11.9020734
-46.6180769   -1759.3500614   -19.3276871
-48.3400551   -1756.8775415   -15.8869307
-49.4744507   -1755.1203966   -12.9391821
-52.5094596   -1755.5649281   -17.3639581
-53.0848233   -1753.7087202   -12.8251966
-56.6586582   -1753.8232803   -16.1377043
-56.4890829   -1752.4501085   -11.2830801
-59.4418374   -1754.2096376   -19.1523302
-59.4815937   -1753.3111572   -15.4433791
-59.7093431   -1752.2690296   -11.0355234
-62.1804921   -1752.8625727   -13.0995261
-61.6079894   -1753.4101009   -16.3368769
-62.0121089   -1753.8512945   -18.3675494
-64.561638   -1753.8050413   -16.073864
-65.4673306   -1753.4583807   -11.9732907
-66.3798181   -1754.5866966   -19.191077
-68.7869517   -1754.7153234   -15.9780979
-69.3039624   -1754.6613216   -10.2403136
-73.0735389   -1756.6375732   -14.0095428
-72.4349347   -1756.4114332   -18.7628064
-75.3499595   -1757.9513788   -17.9919843
-75.6043521   -1758.4984303   -10.788355
-76.6330091   -1758.9634657   -14.9981892
-78.3914653   -1759.9773407   -17.3135698
-79.1412321   -1761.410594   -12.0042274
-80.8691112   -1762.8339529   -14.3475505
-81.4613429   -1762.8464699   -17.5814778
-81.7384449   -1764.9999857   -11.8225422
-83.687338   -1765.9279108   -16.5034793
-83.8392106   -1768.3621645   -12.0646581
-85.5050413   -1772.3591328   -12.0423269
-85.843536   -1770.1942921   -15.6811159
-86.207184   -1768.9054012   -19.048363
-86.9884221   -1776.5637636   -12.4210594
-88.0384175   -1774.0762234   -16.6999102
-87.9894821   -1772.1642256   -18.984437
-89.0829889   -1776.8995762   -16.8777276
1096.7331799   -1913.7940407   -18.6268631
1096.5941819   -1916.7361259   -17.5414961
1096.4084538   -1907.8768492   -17.5330583
1096.3140997   -1912.9719734   -15.5607853
1096.2236794   -1909.134388   -15.715424
1096.0040363   -1917.2431231   -13.9575275
1096.0487398   -1905.184269   -16.2636358
1095.5969962   -1901.1867046   -15.5304139
1095.7531603   -1910.3821516   -12.6653835
1095.3133973   -1913.9302969   -10.4462178
1095.6568988   -1907.0671797   -13.0133247
1095.5463322   -1903.6717415   -13.7404278
1095.510033   -1895.8500624   -18.6052676
1095.0473817   -1896.4227438   -14.8255816
1095.1904925   -1891.7067051   -18.951796
1095.0491699   -1905.1520824   -10.5001712
1094.9642929   -1902.2892714   -11.2323444
1094.7718295   -1885.9778643   -18.7857561
1094.5527228   -1892.185688   -14.0566071
1095.1390537   -1917.84513   -9.8744975
1094.1763791   -1883.6430311   -15.5087374
1094.2234667   -1879.7525167   -17.0289762
1094.0966281   -1866.2600517   -19.3998273
1093.8570174   -1888.6009455   -11.4061581
1093.8766869   -1859.5298529   -19.1301592
1093.6556729   -1854.5689583   -19.0386567
1093.9296754   -1874.9268055   -16.312547
1093.6302217   -1871.735692   -15.1839731
1093.6615738   -1864.246726   -17.1402656
1093.6914357   -1878.3502579   -13.836693
1093.3108004   -1866.2791252   -14.4567462
1093.6299237   -1885.4850531   -11.1871501
1093.5568484   -1882.0099831   -11.8462378
1093.3410796   -1851.2809277   -18.3755532
1093.2216319   -1857.3869467   -15.813699
1093.3169397   -1875.5823374   -12.0912017
1093.0056842   -1846.5430737   -18.4971448
1093.0515202   -1861.3661528   -13.8900401
1092.7973064   -1869.2058325   -10.3922896
1093.1144031   -1879.576683   -9.6632093
1092.966524   -1853.4530401   -15.7177765
1092.6931175   -1843.1097269   -18.5844414
1092.5163897   -1848.7786055   -15.2537487
1092.7415165   -1864.6386862   -11.1347251
1092.4746069   -1858.3446741   -11.3278711
1092.3122438   -1854.5925617   -11.6903316
1091.94496   -1844.5292711   -14.6207158
1092.3111709   -1850.9676456   -13.3026196
1091.5810736   -1839.6238089   -15.9906931
1091.6916998   -1835.6727362   -19.2118399
1091.6209491   -1849.8489857   -10.4041155
1091.1064418   -1846.1446762   -10.1051982
1091.0145315   -1842.3367739   -12.0276334
1090.9064087   -1836.0196352   -16.1430556
1090.5583175   -1833.0452442   -17.4055435
1090.0394293   -1837.300539   -12.1609634
1089.4870432   -1829.4366598   -17.7221261
1089.1202959   -1832.349062   -13.5261333
1088.2296237   -1825.2817392   -18.9525839
1086.8622633   -1826.3787031   -13.8962027
1086.9331928   -1830.0933838   -9.7397789
1086.6086455   -1823.5762119   -16.9059634
1084.6497091   -1821.4986324   -15.2330371
1083.6697491   -1822.9995966   -11.0502252
1083.8128599   -1818.3717728   -18.1544125
1082.1115049   -1818.2083368   -15.0596406
1082.3837491   -1820.1634884   -12.6276333
1081.5580162   -1816.090107   -17.4242929
1081.0239585   -1820.4360008   -9.7580198
1079.2818936   -1813.1908178   -18.5370725
1080.2015337   -1817.8794384   -12.2246565
1079.561648   -1815.5071735   -15.0186103
1077.2092613   -1815.2521849   -12.0078279
1076.5486332   -1812.9063845   -15.0900818
1075.2113136   -1810.939312   -16.718911
1072.4998983   -1812.0551109   -11.7667932
1073.9323469   -1809.1285229   -18.4897203
1071.4139017   -1809.1139793   -15.8739444
1070.8424421   -1807.0536852   -19.1097483
1068.8105496   -1808.9499474   -13.7878004
1067.8395601   -1809.9974394   -11.1929625
1068.032858   -1807.0825338   -16.5522527
1064.6926137   -1807.4167967   -13.6238169
1064.8337575   -1809.6177578   -9.8772673
1065.3007599   -1805.6092262   -17.2884893
1062.0003911   -1804.6234846   -17.0714948
1060.9151395   -1808.4621429   -9.7537804
1059.3813332   -1806.3832521   -12.6008866
1057.6779219   -1803.635478   -16.7332143
1056.2372478   -1805.3108454   -13.1788263
1053.3417436   -1803.4529686   -15.3113566
1053.2409521   -1805.1435947   -12.3091554
1049.1069826   -1801.6854525   -17.0084182
1049.4973036   -1803.8660288   -12.9997376
1046.0389527   -1804.1138649   -10.8801452
1044.0794202   -1802.1688461   -13.7990825
1044.3727048   -1800.0811338   -18.4188001
1041.880277   -1800.2946377   -16.6749097
1038.0856665   -1799.8540401   -15.0691429
1038.4649011   -1801.4973402   -11.2029463
1040.7436462   -1798.9873886   -19.2231163
1037.555066   -1798.4964848   -18.2022229
1035.7357832   -1799.8222113   -13.0607905
1033.4516438   -1797.260046   -18.0772692
1032.7405306   -1798.2299328   -14.3905459
1030.9253009   -1798.3357906   -11.9569423
1030.2734347   -1796.6402769   -16.4447594
1027.0010205   -1796.9107628   -11.3056256
1025.5635055   -1794.8805094   -15.6174321
1022.1511694   -1794.5067883   -12.3594319
1021.9009491   -1793.2755947   -15.5825419
1020.3781994   -1791.2460566   -18.9770013
1018.5126337   -1791.9228077   -14.9976071
1017.0472237   -1792.5988436   -11.1986874
1014.523116   -1790.9578085   -12.4549111
1014.8138674   -1790.0019884   -15.2387675
1013.4816738   -1788.2816792   -17.6175442
1010.3932294   -1788.465023   -13.4562626
1010.7713314   -1787.3022556   -16.5465157
1009.497759   -1785.9382629   -17.9379191
1005.6833001   -1785.4421139   -14.2768119
1006.3092383   -1787.35888   -10.4673142
1006.1556669   -1784.4990492   -16.8987997
1002.4598213   -1782.3390961   -16.700618
1002.4652752   -1785.200119   -9.929684
999.9694499   -1783.2897902   -10.6861135
1001.1611851   -1780.2852392   -19.2457121
997.4553259   -1780.3711891   -13.5356979
996.1497458   -1780.8384895   -9.6253231
993.3331581   -1778.2330513   -10.6571689
842.6662358   -1777.533412   -9.9659162
838.9076265   -1778.5664797   -10.9033277
834.8042192   -1778.8994312   -13.6191752
831.1325433   -1778.5695791   -17.4740478
830.1985236   -1780.829072   -10.4267206
829.2190554   -1780.2472115   -13.3839911
827.7379545   -1779.8973322   -15.496782
826.86798   -1781.2466621   -10.6458198
824.9156149   -1780.8762789   -13.270204
823.5543343   -1779.8514366   -17.8973768
822.3996284   -1780.6565762   -15.4008735
820.6484439   -1781.4716101   -11.9566964
819.2864182   -1780.8412313   -16.0314757
816.481364   -1781.3881636   -13.0886706
815.2407082   -1780.9481621   -16.9314593
814.0871199   -1781.4465761   -10.70912
812.6737448   -1781.2131643   -13.7477219
810.7208433   -1780.944705   -17.4342655
811.0937002   -1781.1750174   -10.4230167
808.4452721   -1780.8607817   -13.869999
807.2349104   -1780.2897692   -9.8829838
807.5481626   -1780.8164358   -18.1011949
804.8319044   -1780.4659605   -16.5391937
804.8081668   -1780.0918818   -12.7523541
801.1498424   -1779.4129848   -14.4275734
801.96054   -1780.1471949   -17.8050436
799.0922006   -1779.8445225   -19.0815255
797.3766299   -1778.4552574   -15.1077313
795.7442226   -1778.7855864   -17.6757462
792.3603775   -1777.9066563   -18.0545524
685.508241   -1779.2930603   -12.1797174
683.5791888   -1782.2009325   -10.2483258
682.0925596   -1779.6009779   -16.0434451
681.9176125   -1781.6755772   -13.1414384
679.8452111   -1784.3753099   -11.2126283
679.1009577   -1782.6905251   -14.628307
679.0548014   -1780.8152437   -17.5803229
677.0440983   -1784.7115993   -13.4455347
677.3364814   -1786.1460447   -10.8385077
675.915462   -1783.6805582   -16.0386395
673.2276129   -1786.8235111   -12.8744356
670.7116636   -1786.1897945   -15.5255217
668.6265218   -1788.4297371   -12.4668358
668.6303364   -1786.6220474   -15.8047751
666.2582653   -1785.5064869   -18.8021734
664.5664471   -1788.2214785   -14.0517885
662.5058027   -1786.6573334   -17.5728966
661.2671586   -1788.4421349   -14.0675101
659.4209941   -1789.5797491   -11.736583
657.3630544   -1787.6327038   -15.8133749
655.7631018   -1789.8191214   -10.9305643
654.2633595   -1787.3439789   -16.1918793
651.9649709   -1789.3029451   -11.5500465
650.1762728   -1785.9470844   -18.6081063
648.457327   -1787.625432   -14.4623797
649.3803496   -1789.7247076   -10.1146773
644.3529623   -1788.7023687   -11.1379428
644.4706591   -1786.9671583   -14.8977954
640.463938   -1788.0399227   -11.4749977
641.9633003   -1785.6636047   -17.0748048
639.1563686   -1785.9015465   -15.6855546
635.5768675   -1786.3570452   -13.845576
635.6961029   -1787.7025604   -11.1080883
633.9685442   -1784.9578857   -16.4348874
632.1983608   -1786.1425877   -13.5247903
631.712229   -1787.6945734   -10.3302887
629.9320469   -1784.4872475   -16.6993253
628.096045   -1786.285758   -12.7719929
626.6738521   -1783.5828066   -18.3944106
624.5626109   -1784.3258381   -16.681945
625.3259452   -1787.5912189   -10.2394046
623.0650181   -1785.6520414   -13.9700342
621.606729   -1787.4115705   -10.6422491
620.6422793   -1783.8572264   -17.8107489
618.0529474   -1786.2994671   -12.9540777
617.4850697   -1784.0844393   -17.5022911
614.7318939   -1787.910223   -9.8555386
611.9465167   -1784.3757868   -17.175246
611.8032663   -1786.1317396   -13.5449078
611.662074   -1787.6340151   -10.468537
609.2618974   -1783.5679054   -18.8913494
608.4599207   -1784.7959995   -16.2597597
607.9363292   -1786.3054276   -13.1677212
604.4230601   -1783.9201689   -18.0015471
603.9703256   -1785.9712839   -13.7120737
600.6118982   -1783.5329771   -18.5935572
600.1063316   -1785.1364613   -15.1993176
600.3599121   -1786.6431475   -12.1363355
597.084994   -1787.1801853   -10.7381251
594.9112317   -1783.3514214   -18.4288025
596.5766046   -1785.4168415   -14.276403
592.5636166   -1785.9137058   -12.8393061
591.8126418   -1784.404397   -15.8427712
587.8009554   -1784.9383354   -14.1257811
586.7914795   -1786.0150337   -11.5675712
587.2226437   -1783.5849524   -16.9420075
583.9635185   -1784.8210335   -13.7873851
580.1943764   -1783.0525637   -17.2402598
578.833486   -1784.5919132   -13.5283824
575.3649837   -1783.1920385   -16.8063398
576.0471141   -1785.2681875   -11.5380976
572.8618363   -1784.3675613   -13.895846
571.6943881   -1783.0319405   -17.5327919
569.5444206   -1784.5489979   -13.8688944
567.8932062   -1783.3274603   -17.6915713
565.1574852   -1784.5304012   -15.3242033
566.1919313   -1785.318017   -12.5348559
564.2874828   -1786.3122225   -10.1684164
562.5656369   -1785.7069969   -12.9478462
561.7972007   -1784.0291262   -18.8942421
560.6989516   -1785.4157686   -15.1593396
556.9007034   -1787.5776291   -10.5864098
557.7749843   -1785.4362726   -17.5470803
555.5794994   -1787.2070074   -13.3691737
554.1871796   -1786.2495184   -19.1425756
552.3453998   -1788.0052328   -14.0797496
550.1905466   -1789.1951799   -11.3376938
548.4328131   -1788.7551785   -17.7449919
548.6922386   -1789.165616   -14.3656274
545.5615195   -1790.6512022   -11.7463376
545.6110733   -1790.0440693   -15.9422886
542.2567921   -1791.2800312   -15.5389784
542.4513789   -1791.508913   -12.1543128
538.6664244   -1792.4131155   -13.9134955
538.9177436   -1792.1380997   -17.2608439
536.0694835   -1793.1864262   -11.0834287
534.6044796   -1793.2757139   -18.9095605
533.3383689   -1793.4998274   -14.8790013
532.492471   -1793.7369347   -10.9022735
529.8243361   -1794.0404415   -16.8039668
527.6077064   -1794.1651344   -11.4491079
525.565763   -1794.3912745   -16.8949664
524.8090299   -1794.2311764   -12.5736874
521.4865925   -1794.6251631   -17.9135613
520.804626   -1794.3723202   -15.0434412
520.4274105   -1794.0785885   -12.0216571
518.4203731   -1794.4731712   -17.4468402
516.6393342   -1793.7475443   -13.6933466
512.5447261   -1793.137908   -16.5535249
513.9139565   -1792.8882837   -12.1057322
510.1230042   -1792.8190231   -19.0206617
510.7678743   -1792.1537161   -14.7002982
510.1066353   -1791.1672592   -10.0066997
505.4185959   -1790.0004387   -17.4045917
505.8303969   -1788.9182568   -11.2014553
504.1094246   -1788.4044647   -14.4677283
501.4995085   -1787.1874571   -17.6213197
499.9555918   -1785.2582932   -14.0960217
499.449146   -1784.26373   -10.2945128
499.141139   -1785.3716612   -17.5683536
496.3238808   -1782.3207378   -12.8216613
496.5764257   -1783.3262682   -17.2960833
493.7777641   -1780.2029848   -10.9696994
493.296017   -1780.6407213   -16.0580967
490.5366199   -1779.3850899   -19.4400735
491.4115267   -1778.8312435   -13.2738277
490.015653   -1778.3777714   -16.4724234
-86.9756071   -1780.9641361   -10.9440684
-88.175687   -1788.9053822   -10.9753394
-88.4060589   -1784.6297026   -12.9339304
-88.3959261   -1780.505538   -13.9186783
-89.7686211   -1791.8152809   -13.3255739
-89.4002048   -1788.1994247   -13.8451271
-90.1924697   -1795.5633402   -12.6012033
-89.9024931   -1781.4997435   -16.6185219
-90.7887546   -1785.3507996   -17.2437225
-90.6527964   -1798.8628149   -11.8652517
-91.4264647   -1789.6479368   -17.2385238
-91.2953345   -1793.6463356   -15.5741433
-91.6188089   -1805.7246208   -9.7498447
-91.8662874   -1801.9003868   -12.5639541
-92.4557177   -1797.9574203   -15.7824028
-92.9251639   -1793.1843996   -18.7682752
-93.0316178   -1805.4990768   -12.6774125
-93.9765302   -1808.6262941   -12.5623522
-94.2615596   -1803.3679724   -15.9772802
-94.9216811   -1813.3560419   -11.2499874
-95.2851502   -1816.565156   -9.765829
-96.2242214   -1808.2566261   -16.4087098
-96.933457   -1805.3147793   -19.2158576
-96.863362   -1819.4873333   -10.8358497
-96.4993564   -1811.5528822   -14.9913095
-97.0649449   -1815.8478737   -13.5253379
-98.1846777   -1823.8866329   -10.6293345
-98.4807936   -1811.5757704   -18.4663106
-98.9002315   -1816.0312176   -16.7047307
-99.3714658   -1819.5772171   -15.5434245
-99.1704193   -1822.919488   -13.2068843
-99.9157754   -1826.8083334   -12.3634459
-100.2189247   -1830.070734   -10.9832669
-100.5032984   -1822.4474192   -16.1341801
-101.03676   -1825.3744841   -15.4915452
-101.8550722   -1822.9632378   -18.5150988
-101.6445485   -1828.6069632   -14.8746716
-102.2450653   -1834.1960907   -12.6963621
-103.154513   -1831.1901093   -16.455235
-103.0025808   -1827.3625374   -18.3606353
-103.3525793   -1839.0361071   -11.9067915
-104.6812264   -1845.264554   -10.5282087
-103.6864845   -1835.1207972   -15.122558
-105.4839817   -1849.3887186   -9.6067572
-105.183932   -1837.6526833   -16.7312585
-106.2016813   -1842.3355818   -15.7565717
-106.6774455   -1847.1837044   -13.5371294
-106.8207947   -1908.9757204   -10.2004586
-107.1959464   -1905.2188396   -10.6317988
-106.4012376   -1837.9784822   -19.4187611
-107.0571271   -1841.531992   -18.4680037
-107.6920954   -1901.1782408   -10.2804042
-107.096645   -1853.3422947   -10.5528599
-107.4390737   -1912.9767418   -10.9462561
-107.6977579   -1851.1120081   -13.1983357
-107.974383   -1856.7880392   -10.4786279
-108.0161063   -1846.4291096   -17.1695966
-108.0427495   -1916.0540104   -11.2135289
-108.3352295   -1919.0360308   -9.9982824
-108.7217657   -1851.1699438   -15.5606046
-109.1947285   -1893.1437731   -10.3668133
-108.9800922   -1896.6122866   -11.3197546
-108.6893407   -1906.0298204   -13.7393335
-109.0691415   -1910.6891155   -14.6341575
-109.0155569   -1855.5024862   -13.5449292
-108.6950032   -1902.6834965   -12.9189705
-108.9275209   -1914.6083593   -13.6446394
-109.7547141   -1898.7416029   -13.7693519
-109.3347398   -1859.2355251   -12.241344
-109.9357931   -1862.9631996   -11.9376285
-109.3615023   -1850.0614166   -17.9883614
-109.7638933   -1918.2420969   -13.9015494
-109.9527208   -1889.5324469   -10.8820815
-110.1901857   -1882.0102215   -9.7689098
-109.894487   -1870.2830076   -9.6187294
-110.4281274   -1902.0422697   -16.2830371
-110.4784337   -1906.5973759   -17.3372235
-110.7676951   -1915.022254   -17.2947496
-110.82575   -1895.586729   -14.9010774
-110.3551117   -1853.4690142   -18.2085522
-111.2172333   -1910.5808735   -18.8461449
-110.8672944   -1867.6860332   -12.5142075
-110.6562344   -1878.2459497   -10.5658537
-111.8579832   -1891.7523623   -15.8044435
-111.1184088   -1860.21173   -16.2263811
-111.1068455   -1856.6372395   -18.2265714
-111.215922   -1885.8354092   -12.6536572
-112.2170416   -1899.0267515   -18.9743824
-111.5093557   -1872.1795082   -12.9892603
-111.8178097   -1864.9821281   -15.8641189
-111.7055742   -1889.0868425   -14.6573968
-111.5945903   -1875.2897978   -12.8161889
-112.0235053   -1882.7439547   -13.9653878
-111.842486   -1903.6917686   -19.403141
-112.5389067   -1878.5654306   -14.9450544
-111.577305   -1919.043541   -17.3830353
-112.6349894   -1893.7612772   -18.2853881
-112.4496786   -1869.5633411   -15.9520712
-112.9353372   -1886.1960173   -16.8024916
-112.9800407   -1874.2672205   -16.3640417
-113.4026972   -1889.5890713   -18.7482014
-113.3843986   -1867.3433065   -19.3343163
-113.240811   -1881.9761276   -16.8075878
-113.8148037   -1871.2216616   -19.2707051
-114.2329303   -1878.8707256   -19.3569344
1096.2994369   -1924.397707   -18.0431977
1096.0963639   -1921.6815233   -15.4534932
1096.0704359   -1927.8552532   -18.5611174
1095.70196   -1926.2484312   -15.0586199
1095.353988   -1920.4844236   -11.2682078
1095.2379974   -1923.9282608   -11.7439795
1095.4162153   -1930.2971363   -15.7162156
1095.0876745   -1934.4524145   -17.0038436
1094.7634252   -1928.3207655   -11.2305749
1094.5515307   -1932.9526424   -12.6286261
1094.6176323   -1938.5163784   -18.1407053
1094.4842967   -1935.5744123   -14.081303
1093.8594612   -1940.5437708   -15.0775854
1093.7074693   -1942.7930117   -17.0048978
1093.1635173   -1938.9343262   -9.6037379
1093.2553681   -1945.8844662   -18.7480021
1092.8930315   -1943.4456825   -12.4425581
1092.6161083   -1946.8307495   -15.4313492
1092.4212607   -1949.6772289   -19.2886405
1091.7790803   -1947.5874901   -11.4012705
1091.4975675   -1950.6593943   -14.7149507
1091.0083028   -1953.9744854   -17.6303983
1090.6011137   -1951.4453411   -10.9648202
1090.1342007   -1954.2669058   -13.5431634
1089.2633172   -1957.8891993   -15.4888388
1089.2250808   -1955.6666613   -11.126074
1087.5204476   -1960.7980251   -12.2083183
1087.7310308   -1962.5533819   -16.0181932
1087.5329348   -1959.1962099   -9.5166611
1087.0866748   -1966.6911364   -18.9331044
1086.4063474   -1964.9329185   -13.5466279
1086.514053   -1962.1553421   -9.5501514
1084.9530073   -1970.1281786   -13.8486139
1085.3597196   -1966.6314125   -10.5394963
1084.2750343   -1974.4902849   -16.7386755
1083.7197872   -1971.818924   -10.0390948
1083.5910114   -1974.1592407   -12.8752999
1083.8653716   -1972.4800587   -11.8368091
1083.5940214   -1978.1105518   -17.8347621
1082.9658183   -1977.5974751   -13.8953747
1082.8326019   -1981.3770056   -19.3760004
1082.8374895   -1975.1918316   -10.4674408
1082.3101374   -1981.2659025   -15.7459546
1081.6021832   -1981.143713   -11.5010394
1081.6769274   -1984.0736389   -17.7915823
1080.6861194   -1985.265255   -14.0603827
1080.3374919   -1987.631917   -18.2608198
1080.4640623   -1984.3372107   -10.753965
1079.0797444   -1987.5038862   -9.8131783
1078.3024105   -1990.1281595   -12.3794805
1078.5533758   -1991.0538197   -16.9169456
1076.8589648   -1993.6971664   -14.6660823
1075.9005817   -1994.4269657   -11.2904012
1075.6756636   -1997.9102612   -19.3245914
1075.6956013   -1996.4202642   -15.6261735
1074.2740902   -1999.0398884   -15.1223671
1073.2825073   -2002.2273064   -17.7293811
1073.5956701   -1999.1343021   -12.082736
1072.393653   -2002.6130676   -14.5222768
1071.5090009   -2002.7592182   -10.5525292
1071.6750296   -2005.3906441   -17.5405834
1070.9049674   -2005.4247379   -13.9028374
1069.5372494   -2009.1667175   -16.2689351
1068.9316066   -2008.8922977   -12.7249928
1067.6281425   -2012.8819942   -19.1566851
1067.1994063   -2013.0147934   -15.8851445
1066.020635   -2013.4944916   -10.3637325
1065.8582123   -2015.5990124   -17.9676041
1064.4654902   -2017.0533657   -14.5729799
1063.9283928   -2016.8955326   -9.8917149
1063.9975341   -2018.5725689   -19.0626904
1061.7151829   -2021.3184357   -16.4018162
1061.9884702   -2020.2994347   -12.2407991
1060.4529353   -2022.5038528   -10.1323547
1059.6471997   -2024.2097378   -13.3532733
1059.8007711   -2024.6071815   -18.0481989
1058.8921579   -2025.2366066   -9.6454769
1057.6416226   -2028.1095505   -15.8960503
1057.6373013   -2027.6601315   -11.0567519
1056.0799214   -2030.8861732   -12.3350304
1055.582163   -2032.1400166   -16.1070265
1054.9166175   -2033.9531898   -19.1536341
1055.3131374   -2032.6070786   -9.6765375
1054.2562576   -2034.8405838   -14.6011831
1054.1575523   -2035.3751183   -9.8435599
1053.6023351   -2036.7136002   -18.3968749
1052.9122921   -2037.9667282   -12.8617547
1052.9737743   -2037.9035473   -15.7702509
1052.2930297   -2039.6330357   -9.6494732
1051.9592138   -2040.3592587   -19.1979967
1051.2761744   -2041.5189266   -14.4324806
1050.3061684   -2043.6537266   -10.1770731
1049.7854324   -2044.3365574   -14.6223856
1048.554984   -2046.4200974   -13.4862727
1048.4557422   -2046.6005802   -17.3177812
1047.4657091   -2048.1915474   -12.1344244
1046.1615893   -2049.9930382   -15.9681067
1045.7926961   -2050.6136417   -11.6550094
1044.1910001   -2052.5295734   -17.1899032
1041.2543388   -2056.1802387   -14.6772591
1041.3144203   -2056.0693741   -17.7023355
1040.6595739   -2057.028532   -11.2150619
1039.1620966   -2058.6092472   -17.3264649
1037.2027429   -2060.9977245   -14.2868077
1037.3191806   -2060.9762669   -10.6034977
445.3661116   -2059.053421   -19.3522032
447.0875236   -2060.5661869   -18.9154819
439.8339363   -2057.7499866   -17.905768
443.1612017   -2059.9398613   -17.6151041
437.2952553   -2056.2047958   -17.9757234
434.6241178   -2057.308197   -15.9225482
436.674905   -2059.4658852   -15.1383141
431.9651695   -2053.4927845   -17.5483525
430.8546903   -2055.6793213   -15.4648814
431.844634   -2059.4127178   -13.1320748
427.724314   -2054.2070866   -15.1195331
428.3553781   -2051.4860153   -17.3061881
426.4681759   -2057.0275784   -12.6564791
424.0364852   -2048.2807159   -17.6605359
423.902032   -2053.1816483   -14.2112551
423.2046726   -2057.0416451   -11.295829
426.2900474   -2059.86619   -10.5788736
421.9078394   -2045.0787544   -18.9849325
421.0412028   -2050.3871441   -15.012837
420.2655228   -2047.3155975   -16.8433562
419.4325777   -2054.9676418   -11.4176711
418.6959537   -2052.3285866   -12.9999341
418.5463312   -2044.5537567   -18.2396099
417.9524305   -2049.5843887   -14.6238925
416.2586751   -2046.1351871   -16.5268779
415.6689914   -2042.0503616   -19.3090662
415.1395681   -2053.093195   -11.5818447
415.2248027   -2055.8340549   -9.8035224
413.3386584   -2049.8604774   -13.4547446
413.0517664   -2045.4978943   -16.4512359
412.3194339   -2041.5072441   -19.2715637
411.0868695   -2053.4226894   -10.7775899
409.7724082   -2043.5993671   -17.6270194
408.5109206   -2049.5159626   -13.3215394
409.1808172   -2046.9458103   -15.1687255
406.4486744   -2051.858902   -11.7891207
406.3620391   -2044.5299149   -17.059667
405.5497917   -2041.7232513   -19.2402843
404.8824134   -2047.1153259   -15.3701277
403.3940407   -2054.1198254   -10.5398549
404.3748798   -2049.5989323   -13.6320144
402.349216   -2051.4407158   -12.6841925
401.1914553   -2044.3308353   -18.2573814
401.0748091   -2048.5842228   -15.1223885
400.5046608   -2054.0242195   -11.2497853
398.0958136   -2051.7921448   -13.6988778
397.0672163   -2056.3225746   -10.7010957
398.4597596   -2047.9490757   -16.4814815
394.7357061   -2047.4090576   -18.637348
393.6787071   -2051.9602299   -15.6906247
392.8859653   -2055.0284386   -13.7542542
393.0193307   -2058.1867695   -11.2341288
390.6028541   -2051.163435   -18.0442035
390.1730599   -2057.7068329   -13.3359209
389.9544599   -2054.4633865   -15.9194302
386.911911   -2054.1603565   -18.1294996
387.1932598   -2057.4507713   -15.499685
386.6637769   -2060.1997375   -13.7828486
390.2874263   -2060.3203773   -11.2449769
384.4109746   -2056.5333366   -18.1621984
382.4773999   -2060.3916645   -16.8717578
-110.3363363   -1921.9975471   -12.0069571
-111.4108292   -1925.4069328   -10.2935759
-111.6296379   -1921.8258858   -15.5455293
-112.5105945   -1925.1050949   -13.7488842
-113.1198732   -1927.7135134   -11.2183606
-113.147947   -1922.0083952   -19.1052314
-113.8661233   -1925.5365133   -17.0327704
-114.6669713   -1928.5848141   -14.2336506
-115.2495471   -1931.4024448   -10.7482625
-117.2548858   -1930.8211803   -18.3685441
-116.6867343   -1931.7154884   -14.7019532
-116.9497696   -1935.2390766   -9.5820641
-117.9704992   -1934.8994493   -12.9603362
-119.3482009   -1934.83603   -17.4329635
-118.8100306   -1937.9907846   -11.0674072
-119.8456613   -1937.3278618   -14.7490036
-121.0077731   -1942.8508282   -10.6804781
-121.102008   -1940.2310848   -14.2672388
-121.7091409   -1938.9438629   -18.1938075
-122.3435728   -1943.5250759   -13.3813675
-123.2775179   -1947.2136497   -12.1407211
-123.0163304   -1942.5731897   -16.6199785
-124.0024296   -1951.2095451   -10.4754632
-124.4492856   -1945.5195665   -16.7619139
-125.6133047   -1948.4032393   -16.8416668
-125.8256165   -1952.0905018   -13.9805395
-125.2850024   -1954.5791149   -10.6179789
-127.267274   -1958.5129023   -11.6428798
-127.3164479   -1955.1535845   -14.8177668
-127.6831952   -1952.3921013   -18.3046423
-128.9003817   -1958.7733746   -15.2218491
-128.2857982   -1961.3046646   -11.4042526
-129.13582   -1964.5096064   -10.3131663
-130.4950444   -1967.4776793   -10.6253168
-129.9304096   -1963.6405706   -12.9915895
-130.9598414   -1960.8025551   -18.1270633
-131.5298406   -1966.2564993   -14.1033065
-132.0422021   -1964.7663832   -16.6884661
-132.1487156   -1972.5366831   -9.4756866
-132.7465502   -1969.0874815   -14.0349362
-133.3179799   -1971.8081951   -12.6422159
-133.0169765   -1964.307785   -19.4200203
-133.8228313   -1967.577219   -18.0229712
-135.2755753   -1975.6194353   -13.1607689
-135.599765   -1972.8082418   -16.5528413
-135.4805557   -1979.2743921   -10.334692
-137.178394   -1983.2919836   -10.5751427
-138.4121505   -1980.7225466   -15.7568995
-137.6428334   -1977.6374102   -16.7577025
-138.6841861   -1987.7997637   -10.3924936
-139.2372576   -1984.5050573   -14.5668648
-140.5229298   -1991.014123   -12.7663538
-139.9433938   -1987.2965813   -14.179904
-140.1089159   -1982.3316336   -18.9797226
-141.3643686   -1988.6251688   -17.521346
-139.9617521   -2057.4491024   -15.7759693
-140.8748952   -2052.1523952   -16.1457695
-141.5397254   -1996.3810444   -11.5292817
-140.55607   -2055.8304787   -13.4056518
-139.6439997   -2060.5049133   -14.3853817
-142.0232383   -1992.1953678   -16.8188587
-141.6478483   -1994.2550659   -13.6733558
-141.4632527   -2050.2765179   -13.6219803
-140.8945648   -2056.6678047   -9.5074885
-141.6352717   -2047.7759838   -16.6598931
-141.9318644   -1999.1303682   -10.4919234
-142.4338547   -2044.0630913   -15.1044875
-142.4325434   -2045.1641083   -11.708416
-142.681214   -1996.6623783   -15.2672511
-142.9397193   -2001.1680126   -12.4151856
-142.7753893   -2040.7779217   -19.122839
-143.0264441   -1994.2318201   -18.8840106
-143.381509   -2005.4075718   -10.8105559
-143.6403719   -2036.5550518   -18.6775997
-143.091592   -2041.1794186   -10.3233699
-143.4676377   -2038.3181572   -14.9415899
-143.4402195   -2000.0536442   -15.3525202
-144.1572038   -1999.5105267   -19.081397
-144.1279379   -2004.6060085   -14.5052029
-144.3066327   -2008.1932545   -12.7942758
-144.2080466   -2011.8350983   -10.1873958
-143.8297955   -2036.0608101   -11.0509777
-144.8836652   -2004.0323734   -18.5224153
-144.2245571   -2033.7090492   -15.4053457
-144.5505349   -2015.5563354   -10.3173861
-144.3243352   -2032.5965881   -12.6450919
-144.6008412   -2026.4184475   -9.5256949
-145.3379122   -2008.4309578   -17.9118086
-145.2220408   -2011.207819   -15.6601034
-145.1281635   -2014.1830444   -13.9899319
-145.0248686   -2019.8554993   -12.2043379
-144.8591677   -2028.7725925   -14.7113902
-144.9602572   -2023.2009888   -11.9077638
-145.4030005   -2025.1557827   -18.2380322
-145.1255409   -2025.1197815   -14.2964739
-145.4512803   -2021.7916965   -15.918605
-145.6398693   -2017.4953938   -16.6670326
-145.6247894   -2014.1017437   -16.9338249
1034.3696745   -2064.3339157   -10.9625943
1032.4390205   -2066.3259029   -16.8302972
1031.5023037   -2067.5821304   -9.8252846
1030.2171382   -2068.8912868   -14.0426122
1029.4718417   -2069.5919991   -17.8320948
1029.304591   -2069.9410439   -12.3698562
1027.7681025   -2071.4828968   -15.2997803
1026.3057026   -2073.117733   -12.0088784
1024.1188677   -2075.1731396   -17.8928971
1024.5570811   -2074.8300552   -14.4177247
1023.061988   -2076.4145851   -11.1331455
1021.851358   -2077.5487423   -14.8014724
1020.9595235   -2078.3424377   -17.8738348
1020.7498046   -2078.6795616   -12.224067
1018.8980075   -2080.4381371   -14.3591035
1016.7542072   -2082.4444294   -17.0881096
1015.6018408   -2083.6207867   -12.8464522
1013.3859488   -2085.6730938   -14.7981504
1013.378379   -2085.6108665   -17.9198235
1012.9617425   -2086.0691071   -12.5792921
1011.0606524   -2087.7645016   -16.7028829
1009.7431215   -2088.9732838   -12.9083078
1008.4908279   -2090.0669098   -16.6206751
1005.5143508   -2092.6573277   -14.2949214
1004.5015486   -2093.5139656   -19.1856399
1002.846268   -2094.9604511   -10.3817331
1002.0734044   -2095.5634117   -14.1934603
999.4140538   -2097.7313519   -16.8309566
999.0169974   -2098.0944633   -12.0638534
996.6959032   -2099.9391079   -18.684607
995.1701435   -2101.1712551   -15.1909022
994.6364733   -2101.6936302   -10.7056331
993.4743913   -2102.5249958   -18.6902825
991.7269322   -2103.905201   -14.7205377
990.4230805   -2104.9938202   -10.7281199
989.0169772   -2106.0111523   -13.8063012
986.8358346   -2107.6352596   -16.7206638
985.716221   -2108.5317135   -12.2839343
983.3122464   -2110.2986336   -15.1942642
981.7002984   -2111.521244   -18.5782313
982.6118919   -2110.804081   -12.2937672
977.1428975   -2114.8538589   -11.8703311
975.6219658   -2115.9553528   -17.241111
972.0801684   -2119.0085411   -11.289821
970.3253182   -2120.1972961   -16.8365054
969.9135991   -2120.7113266   -13.5305366
966.5397974   -2123.8543987   -14.5246899
964.0248092   -2126.2207031   -11.8025346
962.7168747   -2127.3007393   -16.4681803
960.7839855   -2128.882885   -11.5926741
957.8554007   -2131.444931   -15.8103872
957.405326   -2131.4711571   -10.4899388
952.7324709   -2134.7994804   -11.9437231
953.7526044   -2134.7894669   -18.2051044
951.1364373   -2136.5468502   -16.2949096
947.5630792   -2139.0879154   -15.2723892
943.3730515   -2140.920639   -10.9300707
942.8856941   -2142.1093941   -15.348346
939.450291   -2144.7558403   -18.3132663
939.667997   -2143.5720921   -12.8400018
936.7801221   -2144.3567276   -10.278306
935.5413588   -2146.1741924   -14.1380243
933.216271   -2145.9972858   -9.569603
930.0600561   -2148.8506794   -13.6063248
927.2153946   -2152.1170139   -18.813584
926.3307723   -2149.5661736   -10.4870787
925.3079268   -2151.414156   -13.8871046
922.2791465   -2153.9094448   -16.6135356
923.0170222   -2150.8662701   -10.6204888
921.3282438   -2153.0938148   -13.5836722
919.1619428   -2151.8375874   -9.6763968
919.3114909   -2156.0323238   -18.6752118
918.0794629   -2155.3542614   -15.3332446
917.6194938   -2153.5196304   -11.9226901
915.5350002   -2157.8836441   -18.6257306
912.6442941   -2155.7760239   -13.3742001
915.1534113   -2152.9493332   -10.1046134
910.9709235   -2159.0900421   -17.7766941
909.4027253   -2153.4121037   -9.5723849
907.4816974   -2158.6244106   -15.4738538
906.4016017   -2155.9784412   -12.2342994
907.1347984   -2161.0372066   -18.7472291
906.8938466   -2153.6662579   -9.4877668
903.5634073   -2160.6786251   -16.7899672
903.6906334   -2158.3871841   -14.5282745
901.1675986   -2156.8751335   -12.7452938
899.9245437   -2159.5418453   -15.4871121
899.878976   -2161.8549824   -17.3792839
897.5497159   -2155.4367542   -10.1198368
898.0594548   -2163.8755798   -18.7611543
896.6059061   -2158.3533287   -14.0715726
895.5765637   -2161.6203785   -17.1825737
894.0947028   -2164.454937   -18.7746771
893.1953879   -2157.4935913   -12.2879408
892.2376605   -2159.9626541   -15.6205529
891.120282   -2162.1613503   -17.8730972
890.0790783   -2158.1008434   -12.5287585
889.6912607   -2161.397934   -17.219916
888.2643553   -2160.3374481   -15.7276709
889.5315202   -2162.6722813   -18.3223691
886.3292607   -2158.9903831   -12.8612937
886.5357312   -2162.375927   -18.3971096
884.7896429   -2160.9199047   -16.0975661
881.9788965   -2162.3308659   -18.2305556
882.8898641   -2158.9310169   -10.933022
881.0354146   -2160.8781815   -15.2410446
879.311678   -2159.5747471   -10.0278445
876.9567283   -2162.7569199   -18.1291066
876.5337142   -2160.4788303   -10.5374036
874.3562969   -2161.863327   -14.8445256
873.5713335   -2161.4613533   -9.7974874
871.989158   -2162.8477573   -16.5780392
868.579981   -2163.2978916   -12.1865654
867.1706291   -2164.0300751   -16.0089787
863.663462   -2165.1530266   -12.265238
863.4952577   -2165.3237343   -17.8804789
861.1480268   -2166.0385132   -16.3305942
860.7326718   -2166.3324833   -13.2738585
859.4100746   -2167.1009064   -10.0870552
857.5219484   -2167.5684452   -14.1451079
856.7773076   -2167.5441265   -18.0619601
854.5016023   -2168.9734459   -12.4828173
852.9149564   -2169.0700054   -16.9159342
852.1791967   -2170.3071594   -9.9639129
850.0635596   -2170.4721451   -15.4372966
847.5591811   -2171.8776226   -12.7253653
846.4814695   -2171.7932224   -16.3115915
844.1389474   -2173.2623577   -12.9447663
842.4027237   -2173.5517979   -15.9376282
841.8655368   -2174.3888855   -11.3436189
837.1198746   -2175.9700775   -13.4329377
837.8865244   -2174.9060154   -18.8553799
834.2268886   -2176.2948036   -19.2928463
833.8771435   -2177.0339012   -14.8946196
831.80092   -2178.11656   -12.7112027
829.2657556   -2178.8930893   -14.1528957
828.0811729   -2179.8992157   -10.0126816
825.4176798   -2180.5624962   -12.5887021
823.6183348   -2180.5458069   -17.8484488
820.7952651   -2181.9281578   -15.2237099
820.2315839   -2182.5511456   -11.9783236
819.5272955   -2182.0478439   -18.0329941
816.4589079   -2183.4664345   -15.7714244
815.6732591   -2184.2851639   -11.3122799
813.7179139   -2184.2749119   -17.2923934
813.1719353   -2184.8912239   -13.7970289
810.5872842   -2185.4977608   -16.6000649
810.3331449   -2186.0668659   -12.4344723
806.6587123   -2187.2913837   -13.0878417
807.1275475   -2186.5036488   -18.5792856
805.1802935   -2188.0292892   -10.958571
800.1114997   -2189.9390221   -9.5266011
801.1577102   -2189.2585754   -12.549663
800.1343282   -2188.9302731   -18.9722292
797.8690984   -2190.3452873   -13.242688
796.4105728   -2190.3753281   -17.3823424
794.6793558   -2191.3702488   -13.7286875
791.9727387   -2191.9193268   -16.9263575
790.3644862   -2192.8634644   -12.7946353
787.0642515   -2193.4008598   -17.562421
786.0202911   -2194.1251755   -13.5687813
785.3515419   -2194.6837902   -9.5934812
782.3570045   -2194.7181225   -18.2360616
780.0071808   -2196.0043907   -11.487036
781.2509956   -2195.4517365   -13.8557972
778.3579799   -2195.8730221   -17.5606813
777.8427275   -2196.2733269   -14.7390654
774.3667933   -2197.2589493   -12.9371248
774.7823717   -2196.814537   -17.1035286
771.3076445   -2197.7217197   -15.6462658
771.3191482   -2197.4022388   -19.4170903
770.8833786   -2198.0414391   -12.1718151
768.2247879   -2198.6131668   -10.3052333
768.7203857   -2198.0705261   -17.981492
767.1890678   -2198.5981464   -14.4158406
764.227626   -2198.8961697   -18.1352515
764.8880454   -2199.1097927   -11.5197841
763.6473747   -2199.1815567   -14.5237427
760.8198794   -2199.5594501   -15.6654902
539.1255441   -2198.4248161   -16.7326313
538.4966592   -2197.8449821   -11.6242226
536.7579321   -2195.2309608   -14.9892056
541.1662953   -2201.1704445   -13.4744467
536.3312336   -2194.4105625   -18.0665441
541.92054   -2201.936245   -17.8723205
535.5394232   -2193.5942173   -12.8691941
541.8384271   -2202.1176815   -10.2347685
534.366359   -2191.5137768   -16.5778976
533.4874103   -2190.7858849   -10.573375
533.9026126   -2191.0605431   -13.4257153
532.4051911   -2188.4195805   -16.8355294
531.6258716   -2187.4814034   -13.242512
530.9303413   -2186.8212223   -10.1326695
529.5089195   -2183.6163998   -16.557388
529.6247313   -2184.3807697   -11.9837169
527.6023792   -2181.0767651   -12.160141
526.3031992   -2178.4412861   -15.6846568
526.2129205   -2179.3324947   -9.8399473
524.3247049   -2175.5018234   -13.7652121
525.0803354   -2176.2053967   -19.0945007
523.5725912   -2173.7980843   -18.3191374
522.544262   -2173.0234623   -12.0755248
522.5834446   -2172.426939   -15.9020461
520.7007872   -2169.7127819   -14.0144499
520.0258317   -2168.2634354   -17.1947274
519.1318067   -2167.9944992   -10.6581403
518.2916867   -2166.0420895   -13.2723711
517.741886   -2164.6499634   -19.1519894
517.8389149   -2165.0619507   -15.2501073
516.3145857   -2162.8243923   -14.1485529
515.5815678   -2162.4836922   -10.339099
515.9255835   -2161.906004   -17.726209
513.9991166   -2159.2364311   -14.7621129
512.238239   -2157.1726799   -11.1076022
513.2155689   -2157.8781605   -19.2989595
511.4496695   -2155.3509235   -16.0932727
510.020827   -2153.2428265   -18.8152734
509.1762888   -2152.2929668   -13.1017724
507.9891133   -2150.3281593   -16.4101869
507.8441697   -2150.9032249   -9.4949724
507.1740644   -2149.340868   -13.1565863
505.7683858   -2146.9125748   -18.8496858
505.1560449   -2146.7375755   -10.4279174
504.9227523   -2145.7149982   -16.2289701
503.0181157   -2143.2564259   -11.8953129
502.2951933   -2141.5376663   -17.0259476
500.503202   -2139.0874386   -13.3083714
500.4287633   -2138.4141445   -17.1921495
498.4309646   -2136.3582611   -9.9605313
498.6058595   -2135.0076199   -19.3152223
498.6532899   -2135.5164051   -15.8241279
497.7682131   -2134.5489025   -12.8896218
496.1199509   -2130.9878826   -15.2473338
496.0142048   -2132.1105957   -10.0622978
496.061449   -2130.0415993   -19.3790384
493.9049976   -2125.4863739   -18.9429466
493.9878108   -2128.3812523   -9.9839848
492.8577589   -2125.6978512   -11.3250874
492.9215657   -2124.54772   -14.9748586
491.4996671   -2123.231411   -10.4882279
491.3787218   -2120.3579903   -16.5031459
490.3042959   -2119.9252605   -12.1636931
489.6089407   -2115.8211231   -16.5246837
489.1002896   -2116.7018414   -13.0992224
487.9183965   -2115.7829762   -9.9152718
487.953757   -2112.711668   -14.8102455
488.1626116   -2109.5068455   -19.3121321
486.9714799   -2109.2414856   -16.0751715
486.5143123   -2112.3213768   -10.6738256
485.4173558   -2109.0979576   -11.8805841
485.7870536   -2106.4562798   -16.0025321
483.9417981   -2101.3207436   -17.2219872
482.7875393   -2098.4969139   -17.7789982
483.4495979   -2106.3127518   -10.3610866
483.103727   -2103.3346653   -13.1698959
482.082014   -2095.9358215   -19.1993546
481.4563217   -2099.6236801   -13.9263989
479.2134138   -2095.3378677   -14.5207997
479.6462031   -2092.9164886   -17.9508328
479.1703942   -2098.1090069   -11.387988
478.2788949   -2089.533329   -19.3564482
476.6869741   -2091.6261673   -14.4066587
476.1292832   -2095.0210094   -9.7994963
476.0014313   -2088.0756378   -17.2580443
473.3380052   -2087.1071815   -14.3674258
473.8208847   -2090.780735   -11.0656628
471.6308983   -2082.0217133   -17.5345875
470.3894975   -2083.209753   -14.669871
467.8154486   -2084.3355656   -10.4105566
469.1571491   -2078.3061981   -18.3482934
468.3525162   -2080.3003311   -15.3071042
467.6841023   -2081.856966   -12.8858108
466.8093147   -2074.9211311   -19.1690233
466.1910506   -2077.0995617   -16.2625462
464.5946445   -2077.5635242   -14.1627351
464.594272   -2081.7368031   -9.7929826
464.2489078   -2074.7814178   -16.6985914
463.2617059   -2072.4201202   -18.1396957
461.6253199   -2075.4678249   -13.6212176
460.4537459   -2069.1018105   -18.9823564
457.3697122   -2066.2190914   -19.3857141
458.3321335   -2072.0312595   -14.4960713
456.9022777   -2073.846817   -11.6848564
456.6774192   -2068.8021183   -16.5242609
454.52064   -2070.31703   -13.699376
452.1604004   -2071.1421967   -11.5206093
452.9045346   -2066.6518211   -16.2900556
449.3029984   -2062.5870228   -18.1810725
448.2053342   -2065.1130676   -15.3561486
448.1940242   -2069.8163509   -10.9008197
445.1911571   -2062.7520084   -16.1093399
445.8812001   -2066.5621758   -13.0016496
444.862959   -2069.0646172   -10.2042081
442.4433681   -2065.5813217   -12.4016916
440.7241168   -2062.199831   -14.6489479
439.2577382   -2066.2968159   -10.5088009
437.3855563   -2062.2701645   -13.1661184
434.7592863   -2065.1330948   -9.8052602
434.6188875   -2061.5694523   -12.6216523
431.7141893   -2061.8369579   -11.2461206
387.1327611   -2062.3657703   -11.8034361
386.7854001   -2065.6118393   -9.6112164
384.5434608   -2063.6227131   -12.8516965
382.1758153   -2065.7937527   -13.2280169
379.6627643   -2072.5493431   -10.7217561
381.0815337   -2068.3701038   -12.3606138
378.8221153   -2064.2755032   -17.3198618
378.7489655   -2067.4090385   -15.2286664
377.0714673   -2070.2095032   -15.0732584
377.1526637   -2076.5912533   -10.5617652
376.2443336   -2074.6295452   -12.9797664
375.1611533   -2078.6566734   -11.5295947
374.4533928   -2081.9494724   -10.114708
374.7929307   -2072.578907   -16.0046499
373.1399896   -2076.3926506   -15.5671733
372.0650049   -2081.2931061   -13.7914382
372.4378022   -2073.10009   -18.5003281
372.0238628   -2084.4573975   -11.7672766
371.3065209   -2088.5241032   -10.1055773
371.2524595   -2076.4839649   -17.9123506
369.4136413   -2086.7967606   -14.0109034
369.4646033   -2080.0917149   -18.1541219
368.4627088   -2083.2445621   -17.6335834
367.9473224   -2093.2285786   -12.0575801
368.4181394   -2090.1455879   -13.360709
366.9680776   -2097.1281528   -10.9622125
366.5921213   -2085.1657391   -19.2091297
366.524336   -2089.1571045   -16.8411601
365.9868511   -2094.4077969   -14.2916832
365.2058067   -2102.7109623   -9.8134903
364.8760738   -2099.2310047   -12.8174098
364.2549934   -2090.7416344   -19.3059724
362.9125478   -2098.7582207   -16.2688084
362.8002825   -2094.7597027   -19.0861914
362.5663044   -2102.009058   -14.5642031
362.084833   -2107.3977947   -11.372474
360.0134226   -2105.1735878   -16.4842736
360.6669577   -2112.2453213   -9.8589165
358.7646308   -2112.2341156   -13.2280607
359.4632121   -2108.6964607   -14.7748711
358.4576818   -2115.5414581   -10.955994
357.8103157   -2108.0474854   -18.1799755
356.7950847   -2111.9315624   -16.9850364
356.8644943   -2114.3345833   -14.9235297
355.710757   -2118.6299324   -13.4180849
355.6421521   -2121.9649315   -10.3884339
354.3710532   -2114.9075031   -19.460151
353.37199   -2119.8267937   -17.267162
352.7436974   -2124.5014668   -14.167537
351.8505516   -2129.2648315   -11.1090448
351.0193946   -2128.3431053   -14.3373404
351.4457019   -2124.4330406   -17.5748803
349.5014133   -2134.3619823   -10.7131591
348.9120873   -2133.5735321   -13.6723956
349.3342223   -2130.5961609   -16.4765324
347.2491624   -2136.613369   -14.3408701
346.9272675   -2139.2123699   -10.7730208
347.943035   -2133.4462166   -16.9936046
344.7989496   -2143.3942318   -9.6093975
346.1707654   -2136.5120411   -18.458046
344.8979678   -2140.5665874   -15.8128254
343.0196168   -2142.7798271   -18.9911947
342.8875776   -2145.6186771   -11.9027859
342.681435   -2144.9735165   -14.781815
341.1796065   -2146.3973522   -18.6103713
340.7524797   -2148.4286785   -14.1952829
340.2720066   -2150.1040459   -10.4649588
338.9376076   -2150.4566669   -18.5647476
338.2235142   -2152.4779797   -14.1933057
338.2794531   -2153.0656815   -10.2079557
337.0346399   -2153.9721489   -16.679924
335.2028998   -2157.0374966   -15.0105609
335.3434177   -2156.4834118   -18.1741845
333.6619409   -2159.0337753   -19.0386064
333.6326154   -2159.6031189   -9.7819744
333.2613381   -2159.9154472   -13.5924015
330.9525224   -2162.9991531   -17.7665446
331.6619071   -2162.198782   -9.4844541
329.8910829   -2164.4239426   -14.8613574
329.2171332   -2165.2779579   -10.0266272
327.4421366   -2167.5236225   -16.2669662
327.1296593   -2167.8590775   -12.8017906
327.585456   -2167.2825813   -9.5839715
325.211552   -2170.0658798   -9.5826266
323.5664042   -2172.1830368   -19.3081535
324.0042003   -2171.5188026   -14.2050534
322.495726   -2173.0728149   -10.0242551
322.1950801   -2173.5963821   -16.5828858
321.4758905   -2174.2162704   -12.6898689
318.4496137   -2177.3717403   -14.6190599
320.0077685   -2175.9822369   -18.2965416
316.3628849   -2179.4457436   -16.4935738
316.8078037   -2178.7693501   -10.6744394
313.8507577   -2181.4987659   -12.2380666
314.2248365   -2181.4026833   -17.1094015
311.7653998   -2183.4447384   -16.0357021
310.5920824   -2184.1509342   -10.6073087
308.5755976   -2185.914278   -14.053178
308.3563717   -2186.2781048   -18.1086436
306.6798421   -2187.2713566   -12.1058887
305.6481155   -2188.1828308   -15.8423968
304.1614565   -2189.1014576   -10.8615337
302.1978112   -2190.7093525   -17.2145125
299.7385534   -2192.2645569   -13.7264356
299.2005619   -2192.8281784   -19.1610549
295.6399592   -2194.8769093   -13.2791037
296.4086207   -2194.5838928   -18.3951147
290.9800681   -2197.7097988   -17.7761875
291.7267653   -2197.1445084   -13.1285926
288.8316187   -2198.6234188   -11.5330825
288.5902198   -2198.8344193   -14.8758572
285.0610586   -2200.5212307   -14.5060075
285.7857617   -2200.0467777   -9.8017063
-93.5505954   -2197.4623203   -10.3721842
-94.0132467   -2197.8595257   -14.4802053
-95.724198   -2195.6818104   -12.4780433
-90.0654522   -2201.6561031   -14.9917174
-97.8406993   -2194.0522194   -15.1276486
-93.6721293   -2199.098587   -18.4377506
-97.936782   -2193.0532455   -10.8950855
-98.9613859   -2193.6166286   -18.598957
-101.1478034   -2190.6917095   -16.1200315
-101.2437073   -2189.6255016   -10.7069621
-103.2954184   -2187.5400543   -11.1357635
-104.3938128   -2186.8069172   -14.0113104
-104.8022834   -2187.0615482   -17.883677
-107.0204703   -2183.5730076   -10.5889374
-108.4976522   -2182.4843884   -14.4032044
-110.4081003   -2179.8903942   -10.9668514
-109.4556776   -2182.2111607   -18.8559107
-111.4146439   -2179.4221401   -15.966624
-113.4177772   -2176.132679   -11.3129523
-112.878534   -2177.2525311   -13.9369098
-114.0148965   -2176.3877869   -17.367607
-115.4445735   -2174.0372181   -15.9929786
-116.8567268   -2170.5636978   -10.2125891
-117.1902744   -2170.7036495   -14.1015518
-117.2972051   -2171.243906   -17.2665827
-118.90057   -2167.4206257   -15.1072089
-119.0049378   -2166.2788391   -11.5436856
-120.3518239   -2163.1097794   -13.2367248
-121.4919416   -2158.9426994   -10.345134
-121.5001074   -2160.7830524   -18.683387
-121.3636724   -2160.0065231   -13.770231
-122.4747626   -2155.6925774   -12.1125095
-122.2794978   -2156.8455696   -14.8511678
-122.549924   -2156.6317081   -18.405512
-123.2571927   -2153.2421112   -16.5448021
-123.6331192   -2151.2527466   -10.1465955
-124.138507   -2149.3427753   -13.7508623
-124.6495572   -2147.3031044   -16.4129529
-125.2532331   -2144.9530125   -11.3023473
-125.4816381   -2143.7897682   -14.0526677
-125.3344146   -2144.5691586   -18.6173841
-126.285824   -2140.4824257   -15.978802
-126.570913   -2140.1252747   -10.5162356
-127.4592606   -2136.0180378   -13.5072237
-127.7998415   -2135.7223988   -9.8704696
-128.4485785   -2131.7706108   -15.9904324
-128.5666553   -2132.5690746   -10.9777991
-128.9422838   -2129.4038296   -18.7684204
-129.5233098   -2128.600359   -11.7891598
-129.5883385   -2127.5715828   -14.7037581
-130.5551855   -2123.2757568   -15.9683786
-130.7369796   -2123.7843037   -12.1352337
-130.6149689   -2122.0288277   -19.0170463
-131.3187806   -2119.1849709   -17.6586788
-131.4505664   -2120.0556755   -13.8684316
-131.9828359   -2116.4321899   -16.1097106
-132.913622   -2114.9084568   -10.7756881
-132.3211519   -2115.9622669   -13.8844159
-132.6428381   -2110.9957695   -18.3507949
-133.082482   -2110.6245518   -15.3114656
-133.6793629   -2109.6115112   -12.0962355
-133.883032   -2103.8572788   -16.3326785
-134.3713132   -2104.3202877   -12.5181591
-134.7291199   -2093.54496   -18.6738074
-134.6971718   -2097.9919434   -15.8801116
-134.9123446   -2101.4809608   -11.4266984
-135.3323785   -2091.878891   -16.1209106
-135.256025   -2097.7106094   -12.4256471
-135.6352297   -2093.7321186   -13.068541
-136.2590519   -2089.9879932   -11.941188
-136.0780326   -2087.3744488   -14.7290314
-135.9530417   -2084.7108364   -17.1660185
-136.4773837   -2081.7790031   -15.8918183
-136.4561645   -2077.3177147   -18.9905968
-137.0041696   -2078.7582397   -14.8801841
-136.6595355   -2084.11479   -13.4385228
-136.8882386   -2073.7659931   -19.110309
-137.3768774   -2075.5105019   -14.892133
-137.7106635   -2079.6217918   -10.398468
-137.9517642   -2071.3717937   -14.8957279
-137.8518669   -2076.6193867   -11.6458759
-138.1360618   -2066.0133362   -18.7270306
-138.6672584   -2066.7843819   -14.5452861
-138.5131804   -2073.3010769   -10.2967834
-138.6096207   -2062.6139641   -19.2087814
-138.9077631   -2070.151329   -10.3143482
-139.0336481   -2063.4715557   -15.3590208
-139.4447414   -2063.7483597   -12.4133751
760.5133923   -2199.713707   -12.472271
757.2973045   -2200.0393867   -16.0173457
755.2251341   -2200.3564835   -11.6998674
753.3780607   -2200.511694   -17.6247191
750.1203986   -2200.8931637   -14.7145651
750.5698325   -2200.8411884   -19.0120153
747.320992   -2201.2195587   -18.7634546
747.101021   -2201.1756897   -13.3734411
744.9444505   -2201.3280392   -11.8987635
741.2708523   -2201.8237114   -17.4860135
738.8695898   -2201.8692493   -12.6450052
738.3681359   -2202.0552158   -15.9238707
735.9263571   -2202.278614   -15.9331821
733.5861   -2202.2745609   -11.9933775
731.692669   -2202.7087212   -16.5570918
730.3414317   -2202.4850845   -11.2366313
728.4988584   -2202.9354572   -15.3550664
728.1872603   -2202.5856972   -10.1462798
725.8462878   -2203.4285069   -18.5278896
725.1440408   -2203.0291557   -12.3221232
724.9930324   -2203.2573223   -14.8106646
723.2652577   -2203.7243843   -18.5504779
721.816388   -2203.1188011   -9.5121237
720.741761   -2203.7272453   -14.9541581
718.6038765   -2203.7198544   -12.2143636
715.4093283   -2204.4882774   -16.6370403
714.650807   -2204.031229   -10.8994646
712.6010703   -2204.5674324   -13.7791717
712.5076773   -2204.8184872   -16.2998606
709.5810818   -2204.6482563   -10.5114281
709.5618369   -2205.224514   -16.2662454
707.4855389   -2205.2440643   -13.4436525
705.0798135   -2205.4345608   -11.5817292
704.9683677   -2206.1126232   -18.1039758
702.1929818   -2206.3322067   -15.5142313
700.9043293   -2206.2671185   -12.6662897
697.1495496   -2207.277298   -15.7373454
697.1262368   -2206.7890167   -10.8012669
695.2961209   -2207.9334259   -18.6599176
692.0479732   -2207.9455853   -12.3508368
691.9013309   -2208.3775997   -16.3297039
689.6419423   -2208.2591057   -10.7058575
687.7217936   -2209.0013027   -14.0597578
689.0805932   -2209.0198994   -16.9783253
685.5656999   -2209.8376751   -17.8784914
683.7869557   -2209.8171711   -14.0487375
681.9660189   -2209.77211   -10.0089898
681.2508451   -2210.5062008   -15.6358294
681.6139119   -2210.7408047   -18.6444353
679.0700825   -2210.73699   -13.3367125
678.727557   -2211.2293243   -17.4580254
674.8952391   -2211.9166851   -16.2986033
675.2260076   -2211.4253044   -12.2366501
670.7771989   -2212.5239372   -13.8236023
671.0584658   -2212.9402161   -18.3625817
668.5397746   -2212.5546932   -9.7964806
666.6734787   -2213.7043476   -16.9893317
666.7344617   -2213.1793499   -12.1905738
664.3845039   -2213.3922577   -9.704682
662.5412153   -2214.2951488   -14.6041019
661.9092496   -2214.802742   -18.205842
659.1001572   -2214.7135735   -12.1667767
658.4128263   -2215.3367996   -16.676493
658.5983904   -2215.5590057   -19.1240907
653.4517343   -2216.1393166   -15.1613336
653.9473134   -2215.5163288   -10.3472499
649.8553837   -2216.3009644   -10.5833281
650.6270739   -2216.8197632   -16.5787805
648.047586   -2217.5724506   -19.197043
647.333269   -2216.9723511   -12.4757262
644.6227031   -2217.9265022   -16.6913792
643.4574994   -2217.3888683   -10.039309
641.8466466   -2217.8683281   -11.8604358
639.702485   -2218.6574936   -15.6934559
638.3133578   -2218.5542583   -12.6604838
636.0037523   -2219.0392017   -13.6093171
635.4712295   -2219.586134   -17.9474596
635.3429938   -2218.7514305   -10.1515818
633.5890005   -2219.6156979   -15.4233007
632.1030716   -2219.4290161   -11.5391836
631.3014077   -2220.2646732   -18.3262248
629.3538781   -2220.313549   -15.7900769
627.6391047   -2219.9249268   -9.9450098
627.6167566   -2220.2804089   -13.040036
625.3475855   -2220.9510803   -16.2214357
622.7772953   -2221.4791775   -17.7758429
623.5745335   -2220.8926678   -13.1906718
620.2563355   -2221.2693691   -12.1417865
619.205446   -2222.0368385   -18.249929
619.5672499   -2221.7111588   -15.3681431
614.3656643   -2222.2611904   -13.3315818
615.6687579   -2222.4049568   -16.5621731
611.8176235   -2222.738266   -15.5482311
612.0838048   -2222.1882343   -10.3257941
609.1277069   -2223.1981754   -18.1004126
607.7808803   -2222.8677273   -13.0847571
603.544713   -2223.5894203   -19.1137753
605.4772279   -2223.2980728   -16.4281391
604.8792489   -2222.8093147   -10.7167643
603.3711909   -2223.2778072   -15.0455208
601.6369937   -2223.0801582   -12.1726152
598.4252072   -2223.3817577   -14.8392357
593.6304543   -2223.6187458   -17.9785565
594.6823841   -2223.0212688   -10.8100865
593.5024911   -2223.3583927   -14.6759367
588.417471   -2223.1168747   -13.6360601
589.4194167   -2223.6166   -19.4416922
584.9160012   -2222.7253914   -12.0338611
584.7377028   -2223.01507   -15.5534102
580.4513712   -2222.2342491   -12.471145
580.6565425   -2222.5553989   -15.8901755
576.8969478   -2222.0904827   -18.5845904
576.7983124   -2221.7032909   -13.9139956
574.618903   -2220.9553719   -10.7583152
574.5767383   -2221.3914394   -16.1062777
573.5518905   -2221.3697433   -18.9091899
569.6731871   -2219.9003696   -13.9593724
569.8299641   -2220.2107906   -16.8313328
568.5722987   -2219.2780972   -10.4129091
564.7302317   -2218.1890011   -13.0223455
565.2348372   -2218.7767029   -17.8036969
561.9969657   -2217.4632549   -16.6759025
561.418091   -2216.8972492   -12.7284052
559.0379248   -2216.1114216   -16.4749268
558.3123947   -2215.3935432   -11.4986328
556.3796694   -2214.6356106   -15.2964154
556.0611086   -2214.7111893   -18.8696254
553.4899207   -2212.6567364   -11.4932042
553.2392348   -2212.8465176   -18.120015
552.7462075   -2212.2559547   -13.7732541
551.107985   -2211.0164165   -12.4554466
550.9291673   -2211.0614777   -16.4430216
547.2830395   -2207.7858448   -12.6930131
547.7867099   -2208.3456516   -17.1015598
545.0901399   -2205.5866718   -16.1730517
543.4465344   -2203.8147449   -14.1556524
283.0682071   -2201.4710903   -16.700564
282.8550311   -2201.4214993   -11.2114726
281.2601896   -2202.1844387   -14.119681
279.8891338   -2202.8837204   -18.0138219
279.5059057   -2202.8563023   -11.6444677
276.7987522   -2204.1325569   -17.4638294
277.4261507   -2203.7284374   -12.4843353
273.2722136   -2205.3229809   -10.771648
274.1155597   -2205.0831318   -14.0577685
273.8874825   -2205.286026   -17.6335499
271.1874219   -2206.1796188   -13.1878005
268.3361145   -2207.2975636   -15.2690513
266.8611678   -2207.9391479   -18.5993165
268.1122395   -2207.2722912   -11.5051642
263.4521993   -2208.8980675   -10.6580108
265.1925953   -2208.4391117   -15.5283296
263.7019428   -2209.0494633   -18.5735561
261.5082236   -2209.6421719   -13.5573186
259.0491446   -2210.6082439   -18.3184184
257.0421668   -2211.0900879   -13.6096971
255.9072646   -2211.2979889   -9.5980102
253.2681795   -2212.250948   -13.1940357
251.2793513   -2213.0272388   -18.0326123
252.3545595   -2212.387085   -9.9398289
250.0590952   -2213.1867409   -12.5884525
249.4965168   -2213.4768963   -15.714176
246.044782   -2214.3228054   -11.9299898
246.15514   -2214.4372463   -15.7777593
244.7391423   -2214.966774   -19.3744283
243.5400756   -2215.0745392   -13.1841078
241.9911893   -2215.6381607   -16.6880134
240.5991825   -2215.8920765   -13.5097886
237.9686507   -2216.7692184   -18.9733412
236.658928   -2216.988802   -15.0938211
237.8378483   -2216.4964676   -10.1076933
233.9875671   -2217.7886963   -19.292241
234.1177138   -2217.5056934   -11.047326
232.8789803   -2217.8943157   -13.1872958
231.3475283   -2218.3454037   -15.7679208
230.2799495   -2218.6729908   -18.9621281
229.2474183   -2218.6863422   -10.1606958
229.2338582   -2218.791008   -13.3936936
226.0800274   -2219.5503712   -14.9970865
226.2009653   -2219.5858955   -18.8492127
224.3048223   -2219.8858261   -11.8747894
222.2801121   -2220.3977108   -16.6173857
221.0835489   -2220.6075191   -13.9139416
218.9830216   -2221.006155   -11.4819752
218.7240692   -2221.0969925   -18.809719
218.8858958   -2221.0490704   -15.0197288
215.0323661   -2221.7683792   -13.8780149
216.2216874   -2221.550703   -16.0389803
216.3052531   -2221.5309143   -19.094849
213.7778076   -2221.9772339   -10.8185736
209.602383   -2222.6371765   -18.0314723
210.8760449   -2222.4693298   -13.1956842
207.1869644   -2223.0601311   -10.7223475
208.0982598   -2222.8956223   -14.7522287
204.9677046   -2223.334074   -17.457068
204.2601975   -2223.4790325   -13.5238273
201.4466795   -2223.8361835   -17.3001625
200.2630802   -2224.0855694   -11.7713073
199.0462812   -2224.1814137   -16.0620622
196.5522739   -2224.4749069   -18.4091274
197.2080442   -2224.5643139   -10.2476208
194.0643164   -2224.874258   -15.5990506
191.8193074   -2225.2950668   -11.4414385
191.6304501   -2225.1572609   -17.1969775
188.3207532   -2225.8369923   -9.6512632
188.2882091   -2225.5415916   -18.7074672
188.3587512   -2225.666523   -14.4977281
184.5328184   -2226.3038158   -10.9880725
185.2261695   -2226.0138988   -16.3400695
181.74499   -2226.5706062   -13.4740956
177.272168   -2227.3230553   -9.675717
179.1183921   -2226.824522   -15.2734714
177.5165173   -2227.1287441   -12.7929673
174.599466   -2227.2512913   -17.2169805
173.8774153   -2227.704525   -10.5860438
174.2206188   -2227.4839878   -13.8482302
170.0098487   -2228.0213833   -12.8569258
169.0236302   -2227.9012203   -16.3481683
166.4703461   -2228.4860611   -11.4049744
164.6823557   -2228.2347679   -17.7781153
164.395568   -2228.5172939   -14.2156286
163.8140055   -2228.8856506   -9.7898152
159.6386703   -2228.723526   -17.4870696
160.02166   -2228.9690971   -13.7540074
159.4109508   -2229.3348312   -9.746627
157.2622331   -2228.9497852   -17.2902234
155.1404568   -2229.3903828   -14.2435823
153.5885604   -2229.2263508   -17.8732816
152.7044448   -2229.8948765   -10.7738348
150.5448493   -2229.9170494   -12.8824785
150.0326367   -2229.6180725   -16.8686695
147.4367651   -2230.00741   -15.1295047
146.2418707   -2230.3864956   -11.9813113
143.0746289   -2230.0651073   -18.618593
144.0026435   -2230.3063869   -15.1758334
142.1829136   -2230.6272984   -13.4248538
138.4828659   -2230.7965755   -15.3237693
140.4681476   -2231.1251163   -9.7424509
136.3953324   -2230.6244373   -19.0328583
137.857792   -2231.2648296   -10.9363971
134.0968879   -2231.1737537   -15.7298092
134.8531517   -2231.6439152   -9.9157942
130.894539   -2231.1792374   -18.7881198
129.7548684   -2231.762886   -14.0405269
127.1786364   -2232.2506905   -11.7745372
127.49621   -2231.4658165   -19.1968977
124.3988844   -2232.1152687   -16.0213616
122.2674223   -2231.9908142   -19.2836598
121.9921979   -2232.945919   -10.2579724
119.5411953   -2232.5079441   -17.1087664
120.5280396   -2232.7158451   -14.1981402
117.1907159   -2233.2925797   -12.1239815
116.8919774   -2233.5674763   -9.6813655
114.3098744   -2233.1924438   -16.076345
112.93107   -2233.8104248   -11.8092503
111.1916574   -2233.1871986   -19.1932432
109.5676693   -2233.9553833   -13.8711026
108.68862   -2234.3828678   -10.9118614
107.0044311   -2233.9000702   -16.9671569
105.61758   -2234.5373631   -12.7192205
102.837232   -2234.146595   -18.5149051
103.1638654   -2234.7810268   -12.9402885
99.1981002   -2235.1160049   -13.7078101
98.1891128   -2234.6768379   -18.023368
94.4226059   -2235.1922989   -16.71803
95.2725383   -2235.5570793   -13.3474944
92.0342477   -2236.2716198   -10.0974068
91.1149057   -2235.8503342   -13.9063606
90.8148559   -2235.3217602   -17.8487133
87.753919   -2236.6185188   -10.1489723
86.4122184   -2236.0227108   -15.1065364
84.2078003   -2235.7597351   -17.5912436
84.5135721   -2236.4499569   -12.8527079
82.4116143   -2236.8662357   -10.8015798
81.7540558   -2236.3958359   -14.2016802
79.464701   -2236.1495495   -16.2867866
78.2972249   -2236.7856503   -12.240787
76.0820182   -2236.0804081   -17.0892719
75.0386389   -2236.9058132   -11.6747124
70.6532272   -2236.4120483   -14.7460485
70.4730424   -2235.7485294   -19.1912074
70.6954273   -2237.1234894   -10.0131519
67.2633322   -2236.9179726   -10.6583983
66.6498812   -2236.3798618   -14.2691657
64.7635134   -2235.7099056   -18.5078178
63.3559497   -2236.0603809   -15.6633332
61.3040002   -2236.4902496   -11.8224593
60.4536208   -2235.9864712   -15.2369905
57.9686435   -2236.0672951   -13.6491023
54.9367937   -2235.471487   -17.0247201
54.2927655   -2235.8913422   -13.3378142
49.061683   -2235.2263927   -16.2057225
49.9323281   -2235.7542515   -12.1466471
47.1068295   -2235.7940674   -10.1158097
44.3054708   -2235.3448868   -12.4947578
43.1674989   -2234.7242832   -17.4333993
40.6205329   -2234.9381447   -13.8951056
41.2285002   -2235.2881432   -10.910227
38.995591   -2234.5435619   -16.7909767
38.0376252   -2234.9085808   -12.476095
34.7231897   -2234.164238   -17.8136863
34.3370708   -2234.7950935   -10.6644128
35.1568135   -2234.4987392   -14.6314315
31.0691866   -2234.2617512   -14.251587
31.243709   -2233.8516712   -18.8372973
27.1082791   -2233.8171005   -16.3402557
26.1326107   -2234.0495586   -12.30489
23.4712037   -2233.4020138   -18.1821436
21.7943462   -2233.5543633   -13.8433315
18.7383565   -2233.1998348   -14.7105912
18.5051831   -2233.4332466   -10.1864776
15.6409415   -2232.6259613   -18.3644779
14.7015127   -2232.833147   -13.1833693
15.4291662   -2233.0980301   -9.7753443
11.8546756   -2232.1743965   -18.1573443
11.6212638   -2232.5472832   -11.0096913
8.969334   -2231.7166328   -18.9823918
8.6784633   -2232.0516109   -12.6652243
8.8624033   -2231.8949699   -16.0714705
6.1250599   -2231.7929268   -10.3375316
4.6022805   -2231.0943604   -18.5246132
5.2742632   -2231.4655781   -14.215705
1.6970905   -2231.0101986   -11.4678331
1.6622814   -2230.7846546   -16.0618536
-2.7660457   -2230.1237583   -13.9313135
-3.1539527   -2229.8579216   -17.7642722
-5.5031506   -2229.6493053   -10.1020597
-5.685362   -2229.5255661   -14.971083
-7.766339   -2229.0067673   -18.7819563
-10.0372759   -2228.6777496   -11.6142826
-11.6774765   -2228.3263206   -16.1701944
-14.8001639   -2227.4923325   -10.0487089
-14.7237507   -2227.6694775   -19.2971248
-15.5117837   -2227.5044918   -15.6272464
-18.7716214   -2226.5036106   -10.8713061
-19.3844167   -2226.6287804   -17.0996971
-18.3141557   -2226.8004417   -14.2592834
-23.094031   -2225.5311012   -13.808595
-24.3559209   -2225.5012989   -19.4061548
-27.0790187   -2224.1766453   -11.1926319
-27.4322359   -2224.5602608   -17.2037482
-28.0254809   -2224.1761684   -14.1365435
-30.6543437   -2223.0110168   -9.8614898
-31.1217038   -2223.5052586   -17.1601214
-32.7572552   -2222.717762   -13.6810346
-34.2737762   -2222.5651741   -17.2028616
-36.0718695   -2221.779108   -14.5597868
-37.1746746   -2221.7814922   -18.3706563
-38.0904404   -2220.9210396   -12.1572111
-39.9012295   -2220.7667828   -16.9562493
-42.6291553   -2219.4330692   -12.4120424
-42.9844586   -2219.6981907   -16.4380148
-47.0172492   -2218.4073925   -17.4548309
-45.0891582   -2218.7776566   -14.5169673
-45.5373851   -2218.3177471   -11.2759499
-48.0203358   -2217.2248363   -9.5595568
-47.9008881   -2217.6606655   -13.1938439
-51.4003364   -2216.7232037   -15.5791333
-50.618085   -2216.4831161   -11.1122737
-53.5448519   -2216.3052559   -18.3579996
-53.9219705   -2215.4455185   -11.7510222
-56.7677943   -2215.0137424   -16.1646586
-56.8383662   -2214.4560814   -11.5627805
-61.9342653   -2213.0060196   -12.555358
-59.4708053   -2214.4589424   -18.8395288
-62.022659   -2213.3057117   -15.487575
-63.4939996   -2213.1993771   -18.6761096
-63.7785522   -2212.1078968   -9.5837871
-65.2767149   -2212.3923302   -15.9095209
-66.4037792   -2211.6286755   -11.1504495
-69.4259731   -2211.2801075   -16.22702
-71.4925853   -2210.3290558   -12.2977607
-72.0552532   -2210.6769085   -17.3802692
-74.1818277   -2209.5754147   -12.4602839
-74.0577308   -2209.9504471   -16.212672
-76.4820901   -2209.3238831   -17.9170761
-77.9183833   -2208.3265781   -12.8512159
-79.7977773   -2207.201004   -9.8717362
-79.8686472   -2207.8857422   -15.493568
-81.1943141   -2207.7045441   -18.5380615
-80.889794   -2207.1146965   -12.8343636
-83.1980435   -2205.6674957   -10.8242817
-83.5118023   -2206.155777   -15.1761333
-85.1388303   -2205.8029175   -18.8850574
-87.0204893   -2203.592062   -12.7441073
-87.3813359   -2204.0328979   -16.5595114
