-552.6753394   -2604.1810513   -959.4131112
-552.5324074   -2603.5416126   -952.508986
-552.5637595   -2611.1457348   -935.6341362
-551.8918959   -2615.7746315   -930.3923845
-553.2980887   -2618.1344986   -969.9133635
-553.9153544   -2622.1163273   -969.3024158
-552.7521101   -2609.6274853   -967.3006535
-552.519652   -2605.5035591   -945.2546239
-553.6012379   -2619.5013523   -926.4378548
-553.8967577   -2603.5277843   -956.4425945
-554.2615382   -2607.3310375   -941.1934018
-554.9622504   -2614.7663593   -969.3959951
-555.4438559   -2607.4440479   -964.8391008
-555.1036326   -2611.8245125   -968.2884216
-556.5383164   -2605.2517891   -961.7560506
-554.8258749   -2624.6805191   -921.3991165
-555.4982153   -2604.4747829   -948.3955503
-557.3289124   -2614.5977974   -931.6829443
-556.7588536   -2605.702877   -945.0311065
-556.7953316   -2603.5542488   -954.8940659
-558.3076207   -2603.8169861   -951.7074823
-558.5331646   -2609.1897488   -938.3746386
-558.1143824   -2604.0086746   -958.0956697
-557.704064   -2609.7741127   -967.1883583
-551.7549244   -2654.9770832   -929.4357896
-552.6607958   -2646.6913223   -948.3855963
-552.1210162   -2634.0527534   -962.8276825
-558.7991206   -2620.0027466   -925.9327054
-552.1734682   -2638.0143166   -959.0393901
-553.0075756   -2654.06394   -923.1211543
-552.6643721   -2652.5194645   -919.5511937
-553.1729189   -2629.4863224   -918.0474877
-554.4235436   -2641.1912441   -955.3311467
-552.6028601   -2651.2057781   -941.3223863
-552.8946844   -2638.2377148   -914.6079421
-553.2111851   -2634.2666149   -915.6451225
-552.5306193   -2641.3938999   -914.2129421
-553.1733958   -2647.043705   -915.1383638
-553.7854163   -2654.5779705   -932.7611923
-554.9943177   -2643.9518929   -914.1364694
-554.5279709   -2654.8047066   -926.5256524
-553.587648   -2649.7728825   -916.5233374
-555.4613797   -2653.0396938   -937.2193217
-554.8763005   -2649.2471695   -944.4883466
-555.0358025   -2644.4180012   -951.3199925
-553.8922278   -2651.5095234   -918.2215333
-556.794974   -2637.5517845   -959.1907859
-556.4522473   -2654.8409462   -929.6883345
-556.8909375   -2632.8639984   -963.5314941
-559.7372977   -2618.7765598   -969.5119858
-557.7167002   -2629.0743351   -966.2229419
-556.366059   -2640.668869   -914.1290784
-556.4518896   -2651.1790752   -941.2443042
-558.1456152   -2647.0000744   -947.6958513
-557.9988686   -2636.9626522   -914.5256877
-557.8858582   -2653.4893513   -921.4181304
-557.1020571   -2654.4339657   -924.3076444
-557.9288927   -2632.4591637   -916.3783193
-559.3055216   -2628.4008026   -918.5588956
-556.4539162   -2648.8165855   -915.777564
-557.2839705   -2650.7744789   -917.2539115
-558.4890572   -2654.4940472   -932.8862429
-556.5863577   -2652.3675919   -919.0302491
-559.5279662   -2643.3291435   -952.454865
-558.0640761   -2640.6428814   -955.7508826
-558.9897362   -2654.7350883   -926.8311858
-559.2075316   -2649.8539448   -943.3115125
-559.6006838   -2643.2213783   -913.818717
-558.530542   -2646.6231346   -914.7599936
-560.0760905   -2651.9265175   -939.6463037
-561.1715046   -2653.4733772   -935.8834624
-560.193154   -2640.2635574   -913.7023687
-561.1165491   -2654.7732353   -929.847002
-559.698197   -2649.2760181   -915.949285
-560.7467619   -2634.799242   -961.6211653
-561.522576   -2640.3405666   -955.8778405
-561.4937273   -2631.7257881   -964.1277194
-560.7472388   -2650.9413719   -917.0088172
-561.0518185   -2631.4082146   -916.760385
-560.178372   -2624.0496635   -921.9235182
-556.910607   -2620.0706959   -969.6902037
-556.8479029   -2617.3803806   -969.6598053
-559.3036143   -2624.8779297   -968.1456089
-553.4882275   -2626.4526844   -967.8531885
-552.3081747   -2629.6317577   -966.2405849
-559.867355   -2606.7202091   -942.6293969
-559.6891371   -2612.6730442   -968.509078
-560.041639   -2652.2657871   -918.75875
-561.0725609   -2654.3183327   -923.9677191
-559.7508875   -2615.8378124   -969.4873095
-561.5997044   -2604.749918   -947.6262927
-560.8281819   -2603.6634445   -954.9590349
