-354.6155421   -2599.3962288   -975.1322269
-354.902598   -2601.069212   -980.2939296
-359.3181101   -2632.0271492   -974.234879
-355.7478515   -2599.9722481   -966.7697549
-354.6252576   -2606.1298847   -952.9740214
-356.6274969   -2603.7876606   -957.3976994
-356.1692563   -2611.4945412   -987.7867699
-355.6239931   -2609.5793247   -987.4334931
-358.5996357   -2627.7029514   -978.7333608
-355.1366059   -2610.2323532   -946.3943243
-356.9920985   -2599.994421   -977.4627686
-357.3271362   -2607.9566479   -949.9135613
-357.9670516   -2604.7716141   -984.4000936
-357.3687998   -2602.3871899   -981.9223881
-359.1109244   -2642.4572468   -961.6920948
-359.00906   -2601.4194489   -962.1567726
-357.9156724   -2616.0497665   -986.833334
-357.374045   -2612.408638   -943.477869
-360.1172296   -2614.8893833   -940.3797984
-358.7469188   -2599.4808674   -974.1861224
-359.7112028   -2605.563879   -953.8154006
-360.4831425   -2612.4997139   -987.1304035
-359.4752876   -2601.2980938   -979.7412157
-359.9103419   -2599.4479656   -970.3736901
-359.6102325   -2609.9405289   -946.8185902
-358.6489884   -2608.3271503   -986.5216613
-361.000034   -2618.7562943   -985.0578904
-358.2313982   -2623.3887672   -982.5617075
-358.7694494   -2610.3577614   -987.1713519
-361.6216508   -2600.0201702   -966.4370418
-361.4527909   -2603.9776802   -983.1361175
-361.4762155   -2618.0949211   -936.8795753
-357.733163   -2621.1943626   -934.2128038
-358.1474749   -2625.3137589   -931.2824607
-359.3049375   -2645.4496384   -957.290411
-354.5133797   -2623.9647865   -932.3088527
-357.4469415   -2651.9320011   -938.7798309
-358.9933244   -2650.4087448   -948.6590028
-358.7427465   -2633.0959797   -928.6454916
-356.9215266   -2636.7201805   -928.5861254
-358.4090797   -2652.3356438   -942.7803159
-353.0223099   -2651.8130302   -937.7971292
-358.4115831   -2628.8888454   -929.7242761
-357.2118012   -2649.4693756   -934.2612624
-352.3118822   -2621.4907169   -934.0465665
-353.7564603   -2652.6229382   -941.0014153
-360.1153222   -2647.1254826   -932.7107072
-353.2822458   -2612.3461723   -943.3662295
-357.4283449   -2617.5444126   -937.6146793
-361.0938517   -2650.8252621   -935.7758164
-354.4484702   -2615.0791645   -940.1016831
-355.3077308   -2651.9391537   -945.0233579
-353.5774676   -2618.4413433   -936.6179705
-353.64947   -2632.9698563   -928.825438
-354.8719613   -2643.4707642   -961.1632824
-355.3172079   -2646.7695236   -932.277739
-356.3674418   -2651.045084   -936.1173511
-354.3652622   -2626.9221306   -930.6676388
-357.8396765   -2642.5893307   -930.1273823
-355.894777   -2640.6235695   -964.8721814
-355.013105   -2630.1043034   -929.5110106
-352.0461646   -2637.8078461   -928.7756085
-352.0207135   -2643.2347298   -930.0252795
-351.9512741   -2641.9465542   -964.1811848
-352.9715864   -2650.0828266   -934.6336722
-356.3395468   -2636.7990971   -969.5876241
-353.4421054   -2650.1820087   -950.2155185
-352.8713313   -2633.6312294   -974.1065502
-352.5256244   -2610.6538773   -988.2945418
-352.360758   -2599.7247696   -977.8633118
-353.1064121   -2602.7932167   -983.3136201
-353.9964286   -2630.125761   -977.4563313
-353.4434763   -2601.9933224   -961.2060785
-353.4074155   -2646.0299492   -957.6032758
-353.6984054   -2626.8193722   -980.7122946
-356.3446728   -2648.244381   -953.407526
-352.8887359   -2608.3161831   -949.2021799
-353.4944979   -2616.7564392   -987.4333143
-355.2548615   -2619.6184158   -985.7756495
-354.8388211   -2613.7940884   -987.9333377
-354.7780243   -2606.3082218   -986.0547781
-354.927632   -2599.2097855   -971.7766643
