1041.089085   -1715.8026695   -390.994966
1040.5717763   -1717.3780203   -395.6219852
1040.1705178   -1721.2200165   -405.346036
1039.7296818   -1722.8666544   -409.3829989
1039.554325   -1724.7970104   -310.2695644
1039.1148301   -1721.7535973   -314.6681488
1039.2679843   -1717.382431   -322.1719861
1039.1124757   -1719.5621729   -318.2124197
1040.1892634   -1719.8530436   -402.0606875
1038.6576327   -1718.4845209   -399.4861543
1037.9232141   -1715.3042555   -326.0991573
1037.2432741   -1715.8411741   -392.7343488
1036.4815565   -1717.1322107   -396.7235684
1036.833969   -1719.5459604   -403.0787647
1036.6218957   -1721.3238478   -407.2925448
1036.45238   -1722.7247953   -410.688132
1035.1877483   -1722.8211164   -313.0256832
1035.6035503   -1718.4443474   -319.8255599
1034.8784896   -1716.5068388   -323.3378232
1035.6344851   -1720.4852104   -316.4325655
1035.6635722   -1718.2326317   -399.8283744
1033.5072251   -1716.1154747   -394.3102062
1033.1902476   -1720.2244997   -405.4559767
1033.1620844   -1718.8073397   -401.640445
1033.2766148   -1721.8503952   -409.5986485
1033.1617566   -1717.4412012   -398.1191516
1032.0926877   -1719.566226   -318.0893362
1031.3027772   -1721.2388515   -315.4635727
1032.6220962   -1717.7397013   -321.0473359
1030.6474241   -1723.3253717   -312.780112
1030.9603485   -1716.4216042   -323.6284852
1030.1890644   -1715.5487537   -391.9626772
1030.0347777   -1716.9595957   -396.0872591
1029.1991504   -1721.1358547   -407.476306
1030.0096544   -1719.4957733   -403.3871591
1030.1023098   -1718.2313204   -399.856627
1029.5892926   -1718.2351351   -320.6335008
1028.6069187   -1719.9064493   -317.9555535
1027.2103222   -1717.0591354   -323.2471049
1027.5089117   -1722.2625017   -314.7794008
1026.3998183   -1724.7389555   -311.9390905
1026.512173   -1716.791153   -393.8485682
1026.7927023   -1718.2393074   -398.234278
1027.4513336   -1719.1948891   -401.4687538
1026.9537839   -1720.2343941   -404.1830301
1028.0066701   -1721.0372686   -316.396296
1026.5323492   -1722.5606441   -410.3606939
1026.0872515   -1719.1494703   -320.0897276
1024.660823   -1721.7793465   -406.9285989
1024.6934267   -1715.8033848   -326.354444
1026.0131332   -1720.9903002   -317.1575665
1024.1634222   -1722.990036   -315.0589764
1023.4709653   -1720.2351093   -401.5345275
1023.4028073   -1718.11831   -322.8681982
1023.3042213   -1718.5671329   -396.4258432
1022.1663984   -1717.2017097   -391.2862241
1022.6674648   -1715.4345512   -386.1688673
1022.8716107   -1725.1690626   -312.729001
1021.7927071   -1721.0643291   -318.9690709
1022.2840282   -1715.4865265   -328.0827403
1020.7384499   -1717.0327902   -326.0650635
1019.1706689   -1723.6706018   -406.6186845
1020.5100449   -1724.206686   -315.1184022
1019.8097499   -1715.3480053   -330.0555944
1021.2399038   -1719.8932171   -398.2648253
1018.5127231   -1721.580267   -399.7529745
1020.0245651   -1719.1833258   -322.8349388
1019.7452875   -1719.4465399   -395.2643871
1019.1400918   -1715.6456709   -382.4842274
1019.419727   -1716.9985771   -387.3752654
1017.1309086   -1719.1362381   -390.750289
1017.4715193   -1723.5372066   -317.712754
1016.9192525   -1721.2380171   -321.495533
1017.3828574   -1718.8507318   -325.0147998
1016.9781121   -1716.9370651   -328.7603557
1016.1004039   -1715.5054808   -333.0938518
1016.4230438   -1721.1419344   -394.8434293
1016.1535116   -1718.0588245   -386.0362768
1015.5719491   -1716.0019875   -377.6314259
1015.1473554   -1725.0999212   -402.6956856
1015.2379247   -1717.4239159   -382.1173906
1013.9678391   -1723.9333391   -397.0198631
1014.030126   -1724.4936228   -398.5491395
1014.8859295   -1718.4786797   -327.6410103
1014.6989795   -1723.4973907   -319.5649385
1014.1333612   -1720.5046415   -324.6882558
1013.6712762   -1715.7348394   -335.285604
1013.1253275   -1722.109437   -391.1442757
1013.7493583   -1720.4922438   -388.1408274
1013.1449076   -1722.6299047   -322.0601678
1012.6961144   -1717.8045511   -331.2289119
1012.3793753   -1719.7995186   -384.0054572
1012.6557919   -1717.8994417   -378.8717985
1012.2843357   -1716.7800665   -374.3999004
1012.3554739   -1715.8743143   -370.4507947
1011.3377246   -1720.302701   -327.652216
1011.0776397   -1716.3556814   -337.6238942
1011.9701   -1724.8342037   -319.7748065
1011.3381716   -1722.037077   -324.5593309
1010.8083459   -1724.8959541   -392.7185833
1010.1489695   -1723.6176729   -388.6655569
1010.4775997   -1715.7107592   -363.9352024
1009.5460685   -1715.4352665   -356.5540314
1009.4865235   -1715.9851789   -361.2151146
1010.0002261   -1724.129796   -322.5573003
1010.4435357   -1719.5509672   -379.5684576
1010.8417841   -1717.4750566   -334.2764676
1009.3943747   -1716.9659138   -367.470026
1009.7782286   -1719.1542387   -331.6112161
1009.1685923   -1715.7638073   -348.2747674
1009.082404   -1716.104269   -344.3723321
1009.3637379   -1715.4673338   -352.5018096
1008.1092688   -1722.4892378   -382.3100626
1009.451774   -1717.8483009   -371.7734516
1009.6320184   -1718.777895   -375.6626248
1007.262108   -1717.4417973   -341.8192267
1008.2772049   -1723.0536938   -326.0810971
1008.4682675   -1721.2148905   -329.1493952
1007.3793503   -1718.5940742   -336.6860747
1006.9687637   -1718.1794643   -339.0980065
1007.7084871   -1717.3162699   -363.6116087
1007.5431141   -1720.9171057   -377.4545193
1007.3609623   -1720.4841375   -332.0930898
1006.172088   -1720.3546762   -372.9874194
1006.5067085   -1717.5006866   -359.5583141
1006.9666477   -1716.996789   -355.2930355
1005.9128376   -1719.5144892   -369.3981171
1006.0525509   -1718.8421488   -366.52565
1006.2164041   -1717.4903154   -350.8864641
1005.8595213   -1717.9919481   -345.9158242
1007.3415907   -1717.1958685   -343.4724808
1005.6894692   -1722.9351997   -329.5369744
1005.2297088   -1724.9064445   -326.5538216
1003.5832497   -1723.7552404   -376.562655
1005.3003701   -1720.1863527   -336.1095488
1004.5492622   -1719.3031311   -362.9387021
1004.8728558   -1722.0381498   -332.4896395
1004.8023435   -1718.4150219   -356.9669724
1003.0072602   -1719.6028233   -354.0330827
1002.9382678   -1719.943285   -358.9732647
1003.1731399   -1719.5150852   -349.3224978
1002.7481886   -1720.5779552   -341.3868248
1001.541284   -1723.1171131   -370.4607189
1003.066388   -1720.8681107   -366.3140535
1003.4057768   -1720.6816673   -338.5951519
1001.6645762   -1720.695138   -347.1947014
1003.0959817   -1723.1086493   -333.0269158
1001.2093159   -1721.6182947   -362.6108468
1002.7882429   -1721.0632563   -339.0255868
1000.577447   -1721.8184471   -345.3197479
1001.1479827   -1721.9411135   -341.1568105
1001.0508271   -1724.5491743   -333.7371945
1000.9652945   -1721.198082   -350.7056832
999.7643205   -1723.0908871   -365.0390506
1000.356731   -1721.7556238   -358.3411574
999.4052621   -1722.3761082   -353.1142473
1001.9885274   -1721.5467691   -339.3156528
1000.92828   -1722.6688862   -338.9353454
1000.777063   -1723.4369516   -337.1448517
998.4452697   -1724.6168852   -367.0350313
999.4921061   -1724.9732018   -336.3314271
998.1070133   -1723.7691879   -360.2256179
999.224213   -1723.6744165   -341.5440023
998.4099837   -1723.5406637   -348.7251997
998.7603994   -1724.7884274   -339.2971754
999.1689893   -1723.0863571   -345.5138505
997.4485012   -1724.1892815   -355.7709455
996.9628128   -1724.6860266   -352.3731232
1042.2857376   -1725.1574993   -412.7962291
1034.262714   -1723.9973545   -414.262861
1038.3044454   -1724.0387201   -412.7711356
1029.7637554   -1724.4042158   -416.1155224
1026.2021991   -1723.9892483   -414.0502214
1029.868898   -1722.8087187   -412.040621
1022.7929624   -1723.7458229   -411.1739099
1070.3983875   -1724.8729467   -349.0051627
1069.8879036   -1724.5339155   -352.6776135
1068.8492032   -1723.9115238   -341.7276144
1069.3359645   -1723.9835262   -346.1314738
1068.9199241   -1724.7844934   -363.2464111
1068.3946284   -1723.3375311   -356.5917909
1067.9370435   -1722.6269245   -349.3597806
1067.886171   -1724.5086432   -367.0337498
1067.6651569   -1723.5387564   -337.4706209
1067.3826309   -1722.7962017   -360.3976965
1066.8116482   -1721.6908932   -353.1352282
1066.6433545   -1723.5505581   -333.450228
1065.6416091   -1720.8939791   -345.2899754
1064.9045678   -1723.5655785   -329.4333518
1066.4602789   -1722.4035263   -364.0255034
1065.5057105   -1721.3699818   -340.1806056
1065.155712   -1720.5005884   -357.3839664
1065.9610303   -1723.207593   -369.6922362
1064.8514005   -1723.1978178   -373.485893
1065.3536292   -1720.4482555   -349.858284
1065.4942664   -1722.0999002   -367.0589328
1064.8791464   -1724.6869802   -378.1243265
1064.7097798   -1721.4864492   -336.3340795
1065.0667819   -1720.8412886   -361.4732921
1063.7530657   -1719.1752195   -352.9658318
1063.2632645   -1721.4227915   -332.7400088
1063.5183426   -1719.9990749   -364.8845851
1063.0767616   -1725.1353264   -322.2825229
1062.5146004   -1723.364234   -325.853616
1063.3172663   -1720.7965851   -369.5904613
1062.0244118   -1718.3946371   -342.5878584
1062.350628   -1718.2096243   -348.5791087
1062.4040934   -1718.4699774   -344.8133767
1063.0556615   -1724.2772579   -381.8743229
1063.0952092   -1719.8556662   -338.564992
1062.6203688   -1718.747735   -360.6569469
1061.5229877   -1717.5965309   -356.4660251
1061.272529   -1721.3811874   -329.2053342
1062.6630159   -1722.4639654   -377.9530227
1061.3743337   -1720.2842236   -373.9258051
1061.7766353   -1719.6418047   -335.7457221
1060.9482499   -1717.1081305   -352.4125218
1061.4248487   -1723.8069773   -384.6133053
1061.0336038   -1724.7922421   -387.7150416
1061.1409517   -1718.6025381   -367.4611449
1060.0011321   -1717.2127962   -363.8465106
1060.4562136   -1718.7395096   -370.4976141
1059.9214109   -1719.4854021   -332.4803412
1060.5294379   -1718.1191444   -338.8618529
1059.768376   -1724.4420052   -319.9316561
1060.1467463   -1723.1249809   -323.1088221
1060.2150532   -1721.8157053   -381.8733096
1060.6881054   -1720.8049297   -377.943784
1060.1432296   -1717.2372341   -341.8006003
1059.5569881   -1716.219306   -358.7462008
1058.9992376   -1721.4211226   -325.8179426
1059.8030361   -1716.7083025   -345.0746238
1058.0817135   -1715.3278589   -349.72018
1057.7102574   -1717.2158957   -335.7790709
1058.7652596   -1715.6159878   -354.3689549
1058.928934   -1722.3876715   -386.0215247
1058.9545044   -1719.0082073   -376.2427568
1058.1088933   -1717.6506519   -373.0174005
1057.7537688   -1719.5255756   -329.1067481
1058.1126186   -1716.7066336   -368.4158921
1058.0087277   -1723.4063148   -390.3369606
1057.9255494   -1719.3045616   -379.5111477
1058.0635341   -1716.1858082   -340.937227
1057.9055222   -1716.6861296   -338.3955657
1056.714234   -1719.9405432   -383.6157322
1056.1572286   -1721.8413353   -321.9417334
1056.2977763   -1717.5558805   -332.6431811
1056.3966306   -1723.9644527   -317.7907765
1055.8796795   -1719.9152708   -325.9896338
1056.3923987   -1717.4668312   -376.6556084
1055.7537945   -1721.2978601   -389.1964257
1054.8178228   -1722.5679159   -393.5858011
1055.1404925   -1724.416852   -397.1781433
1055.6016835   -1715.8844471   -372.6388216
1054.253784   -1717.3618078   -380.4945052
1055.2342805   -1715.4084444   -338.1508589
1052.7639063   -1717.2673941   -329.2490542
1053.3952983   -1724.7223854   -400.4691541
1052.7456375   -1718.3550596   -385.7655823
1054.0286275   -1715.7509327   -334.9881768
1054.1407736   -1722.5205898   -318.9635575
1052.8182956   -1723.4480381   -316.3734972
1053.5214814   -1715.7564163   -376.4977157
1052.8081032   -1716.3149118   -331.8531513
1052.4303588   -1719.2447186   -324.5310485
1051.1141988   -1721.0816145   -319.8877275
1053.28801   -1720.2935219   -390.3201818
1051.3408753   -1725.0043154   -312.8421903
1051.2418719   -1721.9426632   -397.2724378
1050.7756444   -1720.4589844   -394.1219747
1051.5551241   -1715.454936   -378.9433241
1050.5453619   -1716.0269022   -382.1671009
1050.1785251   -1717.1416283   -327.5536597
1049.3997606   -1722.4289179   -400.611341
1049.6785613   -1718.2023525   -389.8646235
1048.0642887   -1722.6859331   -315.3505027
1049.4743558   -1715.4736519   -331.1230242
1048.527834   -1716.2997723   -385.866046
1047.1436652   -1718.2042599   -323.40011
1047.3372313   -1725.0562906   -311.024636
1047.0555695   -1722.8599787   -403.8867652
1046.8387278   -1720.359087   -319.0433383
1047.9252311   -1720.2720642   -396.9883919
1047.0366748   -1718.4100151   -393.3801949
1046.346155   -1715.8981562   -328.0009031
1045.3265878   -1716.3671255   -389.2870843
1045.55541   -1720.5623388   -399.9376297
1044.41565   -1723.2818604   -407.1946144
1044.8746952   -1724.2293358   -311.6471767
1043.2722839   -1720.8455801   -316.737771
1043.299702   -1722.6674557   -313.7974143
1044.5162626   -1718.7604904   -396.4626789
1043.1377562   -1719.1240788   -319.8720217
1043.9304384   -1716.3281441   -325.5853653
1042.0888635   -1716.661334   -324.0897357
1043.7369319   -1717.2158957   -393.2021856
1043.1215736   -1720.9382057   -402.8828442
1042.1179207   -1719.2674875   -399.4316161
