455.5612328   -2246.2387085   867.726922
456.076962   -2249.3462563   904.7107697
455.1340612   -2248.705864   890.4483318
453.7119689   -2247.7772236   878.5654902
454.496813   -2249.0477562   895.3613639
453.9930793   -2249.3686676   901.4711976
452.3138525   -2247.1985817   874.2049932
451.8496516   -2246.6034889   870.4040051
452.5686624   -2250.0231266   909.891367
452.1200331   -2248.6689091   887.2415423
451.0706487   -2248.033762   880.3562522
451.0003003   -2248.4688759   884.3439221
451.2787136   -2249.8087883   904.5405388
450.1630487   -2249.5450974   898.7851739
451.5138837   -2245.7127571   865.9533858
451.8847885   -2249.1109371   893.2939768
450.9690823   -2248.9564419   890.0474906
449.2603364   -2247.6241589   877.1235347
449.6840956   -2250.2977848   909.3470573
451.4242681   -2250.4553795   913.3295417
449.442816   -2246.9530106   872.8237748
447.0902058   -2248.9404678   887.3267174
448.5232504   -2249.2814064   892.5648332
446.9623985   -2249.5427132   895.1274753
449.5901736   -2246.3335991   869.3979979
445.5794515   -2245.7077503   867.2609329
447.0214667   -2250.1041889   903.6659598
448.3015063   -2248.3808994   882.6078773
447.3139467   -2248.0573654   879.9074292
445.2439072   -2249.8850822   899.1581202
445.955229   -2250.6859303   909.2376232
448.4522315   -2250.6232262   911.3913774
444.8928954   -2246.7329502   872.2617626
447.4704834   -2247.1730709   874.3869662
444.3059387   -2247.5938797   876.9038916
443.9418437   -2249.4614124   892.0603395
445.0519206   -2248.439312   882.3797703
443.2175281   -2250.5764961   905.5688977
441.6300925   -2248.9740849   886.0810399
443.0776956   -2249.2232323   888.8890147
441.2562969   -2249.6960163   893.8190341
440.7383176   -2251.3782978   910.8629823
442.1497109   -2251.6994476   914.3710732
447.844592   -2251.0914803   914.8128629
439.7086772   -2250.2036095   899.0743756
441.8139132   -2246.1493015   869.8564172
440.3666826   -2247.7586269   877.6919246
439.9857941   -2248.6181259   883.0830455
438.8909461   -2248.3146191   880.9027076
439.4503059   -2246.7246056   872.6383448
440.389243   -2250.9419918   906.586051
438.3110376   -2249.4668961   890.3499246
438.098711   -2245.8553314   869.0370917
437.7388331   -2249.1617203   887.324512
438.3145096   -2249.7944832   893.8171268
436.6083714   -2251.4982224   908.9267254
436.5171912   -2251.9814968   912.4575853
437.7153488   -2252.2675991   915.1673913
437.3809817   -2247.325182   875.5604029
436.8740442   -2250.5984306   901.3822675
433.5639002   -2251.2495518   905.1393867
436.1679079   -2248.6655712   883.2767606
434.6376183   -2250.2558231   897.328794
433.4204467   -2247.9808331   879.1311979
434.6834394   -2249.7546673   892.7651048
434.4284656   -2249.0823269   886.4958286
431.7176761   -2249.5336533   890.514493
433.7146702   -2245.3517914   867.4055934
434.5043572   -2246.3169098   871.2705374
432.6547208   -2247.1876144   875.1754761
434.0155246   -2250.6902218   900.7967114
433.3986612   -2251.9862652   910.6931686
432.5511726   -2248.5558987   882.7612996
430.1218661   -2250.0994205   894.7294354
431.0983392   -2250.7436275   900.0768065
428.7422421   -2246.6459274   873.221755
429.6155544   -2245.8517551   869.7985411
431.1616989   -2248.9571571   885.8241439
431.1964633   -2251.1229515   903.1149149
430.8260056   -2251.8892288   908.6361527
429.6709421   -2251.5544891   905.7555199
429.224086   -2247.4095821   876.7472506
428.3662411   -2248.1336594   880.7123303
429.7215166   -2252.6271343   913.2830501
433.8965835   -2252.4540424   914.2124653
427.3325922   -2248.7163544   884.3904734
428.5572442   -2249.3023872   888.4677887
427.399409   -2251.2798309   902.8894305
427.092922   -2250.8378029   899.4332552
425.7649007   -2249.5288849   890.0595307
427.5034937   -2252.1512508   909.1280103
426.5831085   -2251.7197132   905.7402015
426.1358055   -2245.7830906   869.710803
425.9290519   -2247.2395897   876.2421608
424.5741042   -2250.5118847   896.5797424
424.0731122   -2250.1699924   894.1547275
422.7218302   -2246.6416359   873.6662865
424.5404872   -2248.9225864   885.894537
424.2268177   -2248.124361   880.9800148
422.2035977   -2245.3894615   868.1393266
424.7456165   -2252.4607182   910.2096558
423.4030666   -2251.1816025   900.9847641
423.3068498   -2251.802206   905.1626921
420.4389425   -2247.3034859   876.9086599
421.1163344   -2249.1908073   887.432456
422.5420626   -2249.7501373   891.1885619
419.5862385   -2252.2978783   907.4579477
420.4772236   -2253.2215118   913.9359593
423.4745624   -2253.0088425   913.4708047
419.7326871   -2250.4258156   895.2028751
420.01794   -2251.2538433   900.6309509
420.6850352   -2248.554945   883.6015463
421.3066819   -2248.0547428   880.8195591
420.1627942   -2251.6162395   903.0584097
418.9877333   -2246.1183071   871.3322878
416.6164371   -2249.5467663   889.1752362
415.824649   -2250.0221729   892.0066953
416.2971052   -2248.4190464   882.6553226
416.206983   -2247.859478   879.7175288
416.8007644   -2248.960495   885.781467
415.6604382   -2246.2556362   871.9442487
413.1427976   -2247.0867634   875.6600618
416.0338613   -2251.4569759   901.0481238
417.5714823   -2251.9443035   904.5752287
415.4646369   -2250.9315014   897.6444602
416.2993553   -2252.4991035   907.8162909
416.242701   -2253.1733513   912.1521711
416.0572561   -2245.5027103   868.5578108
414.3514457   -2252.0539761   904.5553207
412.4002727   -2249.3937016   887.8080845
412.156296   -2252.5568008   907.0559144
412.6220169   -2253.2558441   911.6176367
413.9158847   -2248.0678558   880.602777
410.0862118   -2248.8567829   884.5143914
411.4625724   -2246.2310791   871.6573119
411.4195677   -2245.465517   868.2492971
412.2468653   -2251.465559   900.2753496
411.1510041   -2250.1618862   892.1608329
410.6702181   -2251.0068417   897.1239328
409.5272096   -2252.0289421   903.1831026
409.4106676   -2247.6751804   878.3047795
407.0913317   -2249.3779659   886.9900107
407.0641371   -2251.4939308   899.2727995
409.8666432   -2253.2038689   910.6372595
407.5406166   -2252.9079914   908.3510041
408.2986089   -2245.4402447   868.0095673
406.6569182   -2246.9351292   874.5757937
406.2734815   -2246.0200787   870.3793287
408.9853289   -2250.4422665   893.4649229
405.6486013   -2250.2677441   891.8002844
406.4926925   -2250.7777214   894.9635625
405.0603034   -2248.6019135   882.4954629
407.6410057   -2253.5433769   912.7815366
412.3970839   -2253.7696362   915.1097536
406.0749682   -2247.8880882   879.0206909
405.0080749   -2252.4013519   904.6939015
402.1300348   -2252.9351711   908.3496928
402.3382189   -2253.3564568   911.4338756
404.0025445   -2249.3388653   886.259079
402.7105095   -2251.0576248   895.8202004
400.602785   -2251.8308163   900.3652334
400.8251997   -2246.6037273   872.6118803
401.7790677   -2245.6302643   868.4069514
402.2067013   -2248.2168674   880.2074194
402.0154151   -2250.3976822   891.7437196
400.0177356   -2248.9588261   883.6876154
401.0153385   -2252.505064   905.2059054
400.2130451   -2249.9055862   888.7109756
402.8797867   -2253.8197041   915.1610732
398.3151885   -2251.0063648   894.7082162
398.7031253   -2247.6968765   877.3813844
398.4305533   -2248.4362125   880.9300065
396.9415399   -2252.6009083   906.7107439
397.9673805   -2253.2229424   911.8888378
397.9523154   -2250.464201   891.3209438
396.3767561   -2245.7683086   868.6205149
395.824817   -2252.2964478   904.3183923
394.5882144   -2251.241684   896.3271976
396.0628333   -2252.0272732   902.0493627
396.5661051   -2249.7086525   887.0570064
395.7163962   -2249.0341663   883.4130168
396.7264863   -2246.7262745   872.9075789
393.1796225   -2248.3370304   880.0464272
394.4106521   -2247.382164   875.588119
394.0426531   -2250.592947   891.9631839
395.0646343   -2252.9492378   910.8731151
392.31613   -2252.3725033   906.870842
391.7576643   -2246.6089725   872.2007275
393.3922174   -2249.6612072   886.5981698
391.9148865   -2245.434761   867.0726418
393.2901444   -2251.6109943   899.322629
391.5151628   -2251.8804073   902.2939205
392.0729133   -2249.0711212   883.6847544
389.0196504   -2252.4299622   911.1539721
395.4596045   -2253.443718   915.738523
390.8296796   -2252.9203892   915.3459668
389.4387009   -2251.0037422   895.655334
391.1981108   -2247.4675179   876.0575056
390.1298168   -2250.0703335   889.4121051
389.3461498   -2249.4285107   886.0298395
388.0181136   -2251.4033318   899.7125626
388.7346806   -2248.7108707   882.3733926
387.9844221   -2247.8108406   877.9873848
389.285368   -2252.0508766   906.0588479
389.4704106   -2246.0672855   869.8926568
387.8625455   -2246.8626499   873.5191226
388.4997191   -2251.7151833   902.7462006
385.424045   -2250.2038479   892.2934532
387.5816586   -2249.8948574   889.2906904
385.6827291   -2246.1278439   870.4635501
384.8772021   -2250.6437302   895.7637548
384.6738907   -2249.4738102   887.9848719
384.8073604   -2251.4703274   903.3172727
386.2623098   -2252.0780563   909.8694324
382.8132721   -2251.4669895   905.9616327
384.1688307   -2248.1348515   880.5283904
383.7301257   -2250.9582043   898.9523053
384.100047   -2247.218132   875.8689165
383.5297199   -2251.9025803   911.1739993
386.3650831   -2252.3062229   913.3538604
379.6492787   -2246.3407516   872.5418448
382.5039985   -2249.8657703   891.4792538
380.1913532   -2250.3824234   897.0423341
379.4514509   -2249.8421669   893.4339881
379.4733109   -2250.868082   901.9164443
381.0917708   -2248.5024929   883.9384317
381.4060213   -2248.912096   886.3235712
380.3726556   -2247.1487522   876.6031861
379.220468   -2247.923851   881.3788295
378.9343061   -2245.5849648   868.7607646
379.8664483   -2251.4746189   909.8408818
379.2316588   -2251.1320114   905.5819511
378.7480565   -2249.1617203   889.2823458
377.0982298   -2248.4557629   885.6359124
378.1632008   -2247.2717762   877.9932261
377.4737241   -2250.0829697   896.53337
375.7884177   -2250.7991791   905.2680731
374.3999275   -2251.1396408   911.749661
379.7467025   -2251.6994476   913.4477377
376.4725151   -2246.735096   875.6480813
373.2326599   -2250.2527237   901.6577005
374.4642558   -2249.4442463   893.7929869
375.253019   -2247.2949028   879.365921
374.8608502   -2247.9307652   883.4173083
375.4720362   -2246.1018562   872.2304702
374.1042586   -2248.5833168   888.0818486
370.6629994   -2249.5453358   897.2275853
371.9620379   -2246.5469837   875.9575486
372.887698   -2250.4599094   904.0828943
372.7803501   -2250.8282661   909.2149138
372.3767074   -2245.7625866   871.0826635
370.8120408   -2247.2469807   880.8405995
370.6430169   -2247.9579449   885.6766224
372.4562647   -2248.8591671   890.9493685
369.8450001   -2248.9421368   893.0257559
370.0861903   -2248.4312057   889.1767263
370.1764765   -2250.087738   902.5918245
368.8853654   -2250.4081726   907.3665738
368.9042749   -2250.7543564   912.3256207
368.6507019   -2245.8331585   872.5018501
368.1312474   -2246.5953827   877.5466681
366.6732284   -2247.292757   882.9228282
366.1756488   -2249.6092319   900.9522796
366.9689568   -2248.926878   894.6357965
364.2422529   -2249.0389347   897.0884085
366.8971481   -2247.906208   887.0715499
364.9488064   -2250.0805855   906.7804813
366.9762435   -2245.3670502   869.8543906
364.7996458   -2248.3084202   891.131103
366.969538   -2250.430584   909.5451832
365.7376143   -2246.0172176   874.4630218
364.8278686   -2245.4411983   870.8771467
364.7941174   -2246.4954853   878.0905604
363.9726462   -2250.3266335   910.7617736
365.086806   -2250.5924702   913.5449529
361.2560155   -2248.4624386   894.0782547
363.5431501   -2247.5345135   885.986805
362.0602312   -2246.9909191   882.6297522
362.628338   -2249.3190765   900.5829692
362.0920601   -2245.8705902   874.5194674
362.2093918   -2250.0457764   908.226788
360.0876602   -2249.3927479   902.6252627
360.6388392   -2245.3038692   871.0150719
359.2163297   -2247.8103638   889.8403645
359.2030378   -2246.3049889   878.5784245
360.2403226   -2248.8801479   898.1104493
360.1040664   -2250.0424385   909.5028639
361.8147048   -2250.487566   914.5694375
358.5802289   -2249.723196   906.7463875
356.4699712   -2245.6204891   874.2307425
357.5717332   -2246.7312813   882.2524548
356.4025881   -2248.2118607   894.2624927
355.4116758   -2249.060154   901.8647671
354.6937379   -2248.459816   897.0589042
355.8501723   -2249.9620914   910.7167721
357.4577393   -2250.2579689   913.7699008
354.2258414   -2247.6582527   890.619278
353.2614233   -2247.1106052   886.4678144
354.6413156   -2249.6221066   907.4178934
353.9209934   -2249.3274212   904.9994946
355.2457216   -2246.2618351   879.3926239
352.6874604   -2246.4706898   881.6624284
352.1593931   -2245.8543777   876.9977689
351.3222011   -2247.81847   893.073678
350.8937927   -2249.9542236   912.8975868
354.6989384   -2250.2992153   915.7149792
351.6663434   -2248.5582829   899.0709186
349.8148891   -2248.9101887   902.7911425
349.7930887   -2248.0013371   895.0304985
350.2915027   -2249.3977547   907.1899056
348.4725627   -2247.0052242   887.1203065
349.6555807   -2245.3968525   873.976469
350.597349   -2246.7021942   884.1351867
348.9739569   -2246.2334633   880.7098269
348.0542722   -2245.7008362   876.6442537
348.5017093   -2248.3041286   898.0628848
346.6529223   -2247.7202415   893.7021494
343.6347964   -2248.9175797   906.3054323
346.6981622   -2249.5758533   911.2936258
344.8472591   -2248.3942509   900.3062248
345.6595811   -2245.3391552   874.2456436
343.6171981   -2245.73493   877.6330352
343.6272713   -2247.3630905   891.3422823
344.8125096   -2246.8090057   886.2795234
342.1246233   -2247.9109764   897.0603943
345.5090644   -2246.4723587   883.3415508
342.2741713   -2249.060154   909.6068144
339.6544727   -2247.4267483   893.4620023
340.9954282   -2246.3805676   883.343637
340.8696326   -2248.4416962   903.403759
338.6068317   -2247.8744984   899.1732001
340.5128094   -2247.0929623   889.9549246
340.5854078   -2246.7386723   886.688292
340.5837985   -2245.695591   877.6865005
338.5810824   -2248.4176159   906.3308239
338.6777612   -2248.6746311   910.5989337
342.4377116   -2249.2797375   913.1258726
336.8435773   -2246.1345196   882.1610212
336.5623029   -2247.9360104   902.5159478
335.2882238   -2247.330904   895.8290815
335.8798298   -2247.2171783   893.4243321
336.7696377   -2246.7877865   888.4311914
334.7047838   -2245.6831932   878.7052631
335.1133736   -2247.9732037   906.6501856
334.9061581   -2248.095274   910.7662439
336.9708332   -2248.5215664   913.8925076
340.2776095   -2249.0742207   915.7674909
335.3185924   -2247.5705147   898.8505602
333.0523344   -2246.3665009   885.9918118
334.0435895   -2246.8092442   890.1176453
332.582173   -2247.4486828   902.8401971
330.8181735   -2245.983839   883.2040429
332.3787125   -2246.9370365   893.1860924
329.7068151   -2246.9248772   899.6058702
331.0748907   -2247.3425865   907.7888131
331.9211277   -2247.5767136   911.3933444
333.5619839   -2247.9228973   915.0177836
330.5859538   -2245.4361916   878.0449629
331.0903283   -2246.4463711   888.1834745
328.6377164   -2246.8464375   903.5873413
325.4869255   -2246.1144924   891.3027644
325.3868791   -2246.2129593   897.3043561
327.1109434   -2245.957613   885.8671784
325.2683254   -2246.1905479   903.9098024
324.2923888   -2245.9571362   910.2611542
327.2224637   -2246.5898991   912.0596051
325.9657594   -2245.446682   881.0125589
322.2292634   -2245.4228401   885.6687546
321.8483897   -2245.5661297   895.3827024
322.4077495   -2245.6474304   899.2449045
321.8238326   -2245.4116344   905.9995413
322.4252733   -2245.4869747   912.8800035
519.5055278   -2245.3958988   994.3320155
518.8345956   -2245.6212044   990.7769561
517.8447413   -2245.9185123   997.0891476
516.9825452   -2246.1659908   986.6296649
517.2142135   -2245.7485199   1006.9303513
517.4831497   -2245.839119   1003.5215616
515.6781944   -2246.070385   1010.8109713
516.867538   -2245.5220222   973.8053679
516.1936628   -2246.2489605   981.9121361
515.4093998   -2246.3092804   977.9561162
515.9727084   -2245.7435131   1015.1650906
516.4681422   -2246.4485168   993.6683774
515.8529925   -2246.5436459   999.6355772
514.6415802   -2245.4676628   964.1827941
515.7126086   -2246.6921806   990.4943705
514.1364904   -2247.1785545   996.289432
513.7996795   -2246.158123   967.9126143
514.4951539   -2246.7367649   1004.6521425
515.0122242   -2246.2410927   974.3962884
514.5893814   -2246.5052605   1008.6171627
513.3188488   -2246.3493347   1021.1350918
513.4597244   -2246.4909554   1017.4064636
513.1470235   -2247.4136353   984.7260118
512.1838646   -2247.8470802   989.0690446
512.5998604   -2247.7154732   992.8577542
512.1615576   -2247.0026016   971.0663557
511.7783444   -2247.7579117   981.1325073
512.1719065   -2247.00284   1014.3315792
511.8028047   -2247.5194931   1003.6771297
512.0015415   -2247.7807999   997.4108338
510.0061121   -2248.1498718   1001.0466576
510.5760591   -2246.1607456   957.9013586
511.516315   -2246.2966442   961.394012
513.0001353   -2245.8128929   1027.6992321
511.7823901   -2247.449398   975.7276177
510.4886787   -2247.0812798   1025.1381397
510.7648122   -2247.5645542   1010.0258589
510.2659883   -2247.2846508   966.6352868
511.6686719   -2247.3950386   1007.4841976
510.5141523   -2247.4184036   1017.9253817
510.992256   -2248.2089996   986.7064357
510.3746774   -2246.1547852   1032.222271
507.3375972   -2248.3546734   1019.0131664
510.406104   -2246.6523647   1029.0857553
509.2870267   -2248.6591339   983.5576415
507.5158375   -2246.1595535   952.0025253
507.337262   -2249.0479946   997.209847
508.0874982   -2249.0978241   991.7947054
509.0909796   -2247.9028702   1013.9447451
508.1365602   -2248.42906   972.459197
509.0099769   -2247.9357719   969.4696069
507.7757733   -2249.0069866   980.3356528
507.5389268   -2248.8999367   976.8999219
506.9966661   -2248.7082481   1005.5496693
508.4208148   -2247.4789619   962.3849392
507.7169212   -2249.2463589   987.4794483
508.0546933   -2246.4334965   1035.4014635
506.875691   -2247.597456   959.3382478
506.6163587   -2247.181654   956.1362267
507.4418756   -2247.9813099   1027.097106
504.5092004   -2249.1936684   1022.8544474
507.6409029   -2247.4238873   1031.1558247
506.6726776   -2248.4703064   966.9156075
506.6508176   -2248.9767075   1001.9607544
505.8924826   -2248.8760948   1010.12218
506.1719092   -2249.6478558   984.067142
506.0123476   -2248.8927841   970.0300694
505.5977898   -2246.6053963   1038.6863947
505.9448304   -2245.6219196   1041.6084528
504.6654987   -2249.1729259   1018.2569027
504.4644969   -2249.2556572   1014.4938231
504.5379745   -2248.6674786   962.2575641
503.4748586   -2246.0329533   946.1688399
504.36717   -2249.6809959   974.7787118
504.6423646   -2250.1242161   989.8275733
505.0343471   -2249.8886585   993.4419394
505.1170858   -2247.7912903   1034.404397
504.6658712   -2246.493578   949.5639205
503.9385977   -2250.3111362   985.943079
504.6907561   -2248.7642765   1028.973341
504.0534186   -2247.5333214   953.8195729
502.0991313   -2249.8188019   1026.5322924
503.973146   -2249.8104572   999.8323917
503.0308562   -2250.3261566   995.9191084
503.2472434   -2249.7472763   1005.5553913
504.0477189   -2248.2302189   957.8580856
503.4692111   -2249.2747307   965.4271007
501.1442425   -2250.3743172   1004.4653416
503.3407929   -2250.3349781   981.541276
503.4946697   -2245.9771633   1043.5253382
500.806463   -2250.76437   977.7367711
500.9992691   -2250.4086494   972.7796912
501.4438602   -2250.0395775   968.8490033
501.9342872   -2247.5833893   1040.1245356
502.6420327   -2248.3022213   1036.3407135
500.1571449   -2246.2675571   943.8865185
502.0635249   -2249.453783   1030.66957
501.3511004   -2250.9269714   992.0985699
501.9600736   -2250.0536442   1010.6012821
500.5261572   -2247.9519844   951.4749646
498.9246624   -2247.625351   948.3920932
502.2593188   -2249.9597073   1020.1141834
502.3051175   -2249.9094009   1016.5849924
501.0494264   -2251.0528564   988.3052111
501.1713328   -2249.2842674   960.0026011
500.9243461   -2249.7730255   963.9635682
500.3513592   -2250.4937649   1023.6203671
500.3120201   -2250.5433559   1013.0851269
500.840013   -2248.7688065   956.0868144
501.0078   -2246.2508678   1045.4131365
501.0201456   -2250.6422997   999.68642
500.6205934   -2251.1370182   984.4428897
500.4397827   -2247.5054264   1042.1874523
498.540883   -2251.4042854   980.5548191
499.5695474   -2250.8223057   1008.7121725
498.4081583   -2251.5795231   995.8511591
498.9106255   -2249.3417263   1037.0999575
498.5623034   -2250.0472069   1034.0589285
499.3931326   -2250.8666515   1019.2552805
499.2793249   -2250.9055138   1015.9347057
498.15726   -2250.5795956   1031.1775208
499.5635944   -2250.9257793   1002.5852919
498.7823414   -2250.7097721   1027.9812813
498.4310689   -2248.664856   1040.3903723
498.4811517   -2245.5811501   938.84027
498.7436058   -2246.24753   1047.6020575
498.234001   -2250.8692741   971.3876247
496.6081651   -2250.7829666   965.8506513
495.7737821   -2251.1518002   969.6235061
498.4114739   -2251.7266273   990.7221198
498.0587485   -2250.1273155   961.5715146
498.4855177   -2249.6592999   958.3651423
497.2264069   -2251.9533634   986.7199063
496.5253594   -2251.9118786   1000.1223087
498.1982606   -2247.5380898   1044.3831682
497.9437115   -2251.2392998   976.1294127
496.6771724   -2249.4690418   955.0935626
494.7517636   -2245.6531525   934.9465966
497.3431649   -2251.8200874   983.5463762
496.011463   -2248.7323284   950.6971836
496.2124722   -2251.758337   1021.6721296
496.2141784   -2251.5912056   1025.4282951
496.4197101   -2251.8229485   1011.0987425
496.4051815   -2251.8076897   1014.7709846
497.1730607   -2251.6121864   1005.8019161
495.5440732   -2247.9631901   947.0350146
495.0405704   -2247.1184731   942.9075718
495.2167841   -2252.1443367   1017.1840191
496.3617819   -2246.1752892   1049.8068333
494.1611113   -2251.814127   1029.0782452
495.7880276   -2247.5223541   1046.5390682
495.1579841   -2251.8074512   977.5050879
494.5160719   -2252.2222996   981.5973043
495.6568154   -2250.2982616   959.1323137
493.9209493   -2246.4990616   939.171195
495.4077723   -2248.8512993   1042.7961349
495.1119768   -2249.9613762   1038.9910936
494.3185496   -2252.6977062   992.0206666
496.5981888   -2252.1440983   989.153862
493.2431402   -2252.8774738   999.4385242
495.0144561   -2250.7722378   962.5005126
492.2644841   -2252.1014214   975.8639932
495.2168735   -2250.6020069   1035.8946323
493.5087981   -2245.3863621   930.3533435
493.9581724   -2252.5250912   984.9506617
494.3693774   -2251.2729168   1033.1311226
493.7782633   -2252.7053356   987.9361987
494.4990846   -2252.4571419   1004.6502352
493.5586872   -2252.7267933   1009.4008446
494.1427904   -2246.0277081   1051.9102812
491.870706   -2249.8733997   953.0886412
493.2310107   -2250.3678799   956.9262266
492.5125065   -2251.3639927   965.6010866
493.6541962   -2252.6443005   1013.6300325
492.7913221   -2252.7477741   1019.5857286
493.0895837   -2247.4570274   1048.8781929
491.4159375   -2252.7623177   1024.8069763
490.4905009   -2245.3532219   919.4937348
492.5516518   -2248.9886284   949.247241
492.551771   -2248.9004135   1045.1029539
491.4987581   -2251.6987324   968.7564969
489.5204353   -2252.0549297   970.9606171
492.4809905   -2250.9429455   960.4059458
491.257784   -2248.4331131   946.0241795
492.2509017   -2250.1046658   1041.2471294
491.6563752   -2251.2307167   1036.8561745
492.4782562   -2252.3446083   979.1927934
491.7869913   -2246.2003231   935.2661371
492.2457161   -2245.4972267   1054.7155142
491.6913482   -2252.7217865   982.4540615
491.3516166   -2253.3574104   1005.0996542
490.9539121   -2252.0933151   1032.3947668
489.9359541   -2253.5045147   989.9297953
490.6605976   -2253.5181046   996.2915182
489.8417788   -2253.6616325   993.4334755
490.2100834   -2252.6268959   1029.1048288
489.9529564   -2247.0753193   1052.113533
489.9556684   -2245.336771   915.410161
490.6983199   -2253.3798218   1016.0512924
491.3838031   -2245.5236912   927.4868965
491.132726   -2253.0767918   986.0667586
490.5395704   -2247.148037   939.3137097
491.176364   -2253.3781528   1009.3798637
488.5468604   -2254.052639   1002.7134418
488.8348552   -2248.4035492   943.5626268
489.7799986   -2253.690958   1013.0450726
489.1524213   -2246.0682392   929.6681285
489.4484477   -2250.8852482   956.9782019
489.6486374   -2248.7487793   1047.6747751
487.8449487   -2253.6997795   1020.5880404
487.9793795   -2254.1444302   998.5597134
489.0409159   -2250.2040863   1043.4919596
488.5859089   -2249.4983673   949.0023255
488.9808493   -2251.4693737   961.3559246
488.253613   -2252.0477772   968.883872
488.830966   -2251.7893314   965.4322267
488.6574867   -2252.8207302   979.0085554
487.7753007   -2252.5558472   974.7964144
488.6724251   -2251.3813972   1039.21175
488.8596656   -2245.7528114   924.1631031
488.7691485   -2246.7672825   934.8973036
486.5777465   -2250.6709099   953.7827969
488.4043383   -2253.2727718   983.42067
487.8090891   -2252.3012161   1034.8650217
487.0968582   -2253.254652   1027.7971029
486.7386567   -2253.5824776   1024.5486498
488.6312904   -2254.019022   1007.1269274
487.4464395   -2253.7856102   988.5146022
488.525738   -2253.9694309   1010.7034445
487.3741316   -2252.856493   1031.3386917
486.5423935   -2254.1527748   1016.290307
486.3031926   -2254.3404102   994.310081
485.6025102   -2248.1610775   939.2964244
486.4180359   -2245.7118034   916.0079956
485.8094203   -2246.0947037   921.926856
485.3795441   -2245.9878922   918.9677238
487.4036583   -2246.4022636   1055.6151867
486.7752837   -2248.6078739   1049.9014854
485.3961515   -2247.5044727   1053.8637638
486.2123998   -2249.8924732   1046.3701487
486.3781827   -2251.1348724   1041.9895649
485.3709983   -2252.6013851   971.8520641
485.9402227   -2251.3587475   957.7227831
485.1752641   -2252.2728443   967.1485424
485.155453   -2246.4933395   925.8993864
483.8646325   -2247.3990917   932.5242043
483.1668558   -2247.1837997   929.407835
485.2578538   -2251.860857   961.9863629
483.9687543   -2247.7834225   935.4704618
485.4378449   -2253.2031536   978.9968729
486.3108816   -2254.4755936   1005.0362349
485.7727336   -2254.5294762   1008.8083744
485.092287   -2249.4587898   945.7848072
484.94861   -2250.2660751   950.3381252
485.6719645   -2254.6150684   1002.1904707
485.8944836   -2254.3716431   1012.7515793
483.5963594   -2254.1415691   986.4625931
484.026325   -2253.6303997   981.9012284
484.1083186   -2254.822731   1000.5950928
482.8663143   -2254.0988922   1022.9921341
482.4503558   -2254.348278   1019.4917917
484.5693829   -2252.4499893   1036.9625092
484.2668148   -2252.9704571   1033.6449146
482.5872081   -2253.4191608   977.9643416
484.9753576   -2251.8286705   1039.942503
483.0017286   -2254.5933723   990.9279346
485.5403798   -2245.9032536   1058.2967997
483.7547066   -2253.4058094   1030.2426815
483.0158325   -2253.7746429   1026.6942978
484.0879487   -2248.488903   1051.887989
483.7012561   -2249.6385574   1048.6752987
483.1967475   -2251.1892319   954.3676972
483.5144552   -2254.5449734   1015.2246952
482.3570969   -2254.9111843   995.8597422
482.9082759   -2254.9622059   1005.6489706
482.6515513   -2250.8065701   1045.4062223
482.1648421   -2251.7886162   957.8951597
482.2205948   -2254.817009   1011.5942955
482.0543128   -2246.5543747   919.8045135
482.6732921   -2246.6888428   922.8503704
480.9137481   -2249.4966984   941.7651296
481.7453968   -2248.8400936   938.9002323
481.0624095   -2247.3783493   1057.0311546
483.5212203   -2245.5511093   1060.7712269
481.8854677   -2251.8370152   1041.8365002
481.703152   -2252.9056072   970.1099396
480.7226854   -2253.2713413   973.4119773
481.9848957   -2252.5780201   966.4723873
481.323448   -2252.3956299   963.4029269
481.3388633   -2247.1885681   925.7155061
481.559542   -2250.2436638   947.124064
481.8658578   -2252.4392605   1038.8635397
478.0649664   -2251.6150475   952.3599148
480.0564023   -2252.9790401   1036.3417864
481.1819615   -2255.1603317   1001.3865232
481.84969   -2248.1746674   1054.1698933
480.3802269   -2253.3671856   1032.8103304
481.3197898   -2249.3612766   1050.9101152
480.1752167   -2254.3816566   985.0721359
478.6199974   -2254.0619373   979.8765779
479.1419777   -2248.7587929   935.1379871
479.8242571   -2253.6754608   1029.5472145
480.4895716   -2250.4165173   1047.9530096
479.775888   -2254.7929287   989.2870784
480.3804057   -2254.7004223   1016.002059
479.3054955   -2251.9452572   956.4554095
480.0972464   -2247.9388714   930.5474758
478.3255281   -2254.0228367   1025.6866217
479.2196425   -2255.1057339   992.9892421
479.0859269   -2255.1350594   1009.0939999
479.2193743   -2255.2549839   1005.1230192
478.0954691   -2247.4603653   922.1652746
478.1760024   -2251.6760826   1044.5104837
479.8384803   -2253.6861897   976.9351482
478.2603132   -2254.4634342   1019.5790529
480.0648587   -2246.7639446   1059.5543385
478.9312901   -2255.2258968   995.4077601
477.962588   -2254.8918724   1013.6048794
478.6025184   -2252.4592876   960.4590535
479.5330586   -2252.8591156   966.3806558
477.8069305   -2252.7506351   1039.1719341
477.9948937   -2249.2616177   1053.1176329
477.5373312   -2249.6044636   938.3859634
477.8416055   -2253.323555   969.5625305
479.0950464   -2250.2880096   944.7206855
476.974045   -2251.1806488   948.2129812
477.7016165   -2254.2088032   1022.7211714
476.7908352   -2248.2976913   927.8728962
478.8818108   -2249.9632835   1050.4268408
475.9496125   -2254.7473907   984.4323993
476.4076593   -2250.3902912   942.0351386
477.0227718   -2253.8704872   975.0336409
477.0962196   -2250.6961823   1048.8468409
476.6169833   -2254.7137737   1016.689539
474.6883633   -2253.418684   1035.0151062
476.6118499   -2253.6613941   1031.1267376
477.110331   -2248.6150265   931.0804009
475.6761538   -2253.0348301   1038.0592346
476.9503298   -2253.9014816   1027.8732777
476.0662811   -2255.0702095   988.2163405
476.440874   -2255.2521229   991.4987087
477.1086024   -2248.6052513   1055.8124781
476.6794937   -2247.9326725   1058.1671
474.6703925   -2253.2474995   963.5905623
475.727466   -2247.5774288   918.6173081
473.9075201   -2252.9377937   958.9558244
475.3077822   -2252.260685   954.4670582
475.7214832   -2255.273819   1007.6336861
475.2560752   -2249.4666576   934.394896
473.273662   -2251.3947487   945.0368285
474.2867696   -2255.1295757   1010.6168985
474.127804   -2250.2560616   1052.025795
474.4467186   -2254.4965744   979.2370796
473.3266952   -2253.9989948   1026.0823965
473.2509675   -2254.3292046   1020.8545923
475.6208184   -2252.3384094   1042.6373482
474.6489348   -2251.6219616   1046.4926958
474.53772   -2251.8527508   950.2065182
474.8814972   -2249.2246628   1055.1218987
474.6879833   -2254.8747063   1014.0430927
474.2694917   -2253.9050579   971.2560773
474.0837785   -2250.4653931   939.5275712
474.1122174   -2249.1900921   930.5896163
472.3358052   -2251.4595985   1048.3763218
471.1092608   -2254.5027733   973.8202095
474.1763445   -2253.8015842   1029.5473337
473.8427   -2248.6758232   926.1083603
472.6651581   -2248.411417   921.9199419
472.8100049   -2248.8589287   1057.7588081
472.9599255   -2247.862339   1061.0113144
477.7582558   -2246.6027737   1061.6918802
470.1754423   -2254.6930313   1016.7775154
472.4663692   -2253.5538673   1033.8687897
474.0184071   -2250.8563995   942.0407414
470.6271785   -2255.1124096   981.4152122
472.8334742   -2247.8747368   916.6429639
472.4628153   -2252.7291775   1041.858077
470.9155905   -2253.3638477   1036.7234945
471.6365384   -2250.2214909   934.4958067
470.9400135   -2252.6578903   951.8085122
471.2147015   -2252.9764175   955.3431273
469.886099   -2248.2674122   915.825367
470.1746004   -2250.0271797   1055.2471876
469.9751186   -2249.33815   925.6204963
469.0797003   -2254.9979687   1013.6537552
469.19245   -2254.005909   963.4509087
468.3834212   -2254.380703   966.8829441
469.9738818   -2253.5023689   958.6257339
470.9208953   -2252.2544861   1045.3088284
469.6690636   -2252.2406578   946.4076757
469.0060141   -2255.1972866   1011.0772848
467.4788462   -2254.7850609   970.9123373
470.7260328   -2253.7734509   1030.2069187
470.2314483   -2251.1298656   1050.8970022
469.3221944   -2250.2579689   931.5044284
470.6929075   -2251.3995171   941.5130615
466.99622   -2255.2204132   976.4503837
468.9639109   -2254.1708946   1023.8380432
467.42287   -2254.4839382   1020.8114386
469.7810607   -2253.0505657   1040.56108
468.104777   -2249.0663528   1060.1564646
469.2348512   -2249.1071224   923.1663942
467.8233536   -2249.0153313   920.3558564
468.8248979   -2253.6923885   1032.777071
468.4331837   -2252.1042824   1047.3890305
468.326998   -2252.6712418   1044.0461636
466.9177281   -2251.6365051   937.8521442
466.1949994   -2251.0886192   933.0909252
468.90035   -2253.1554699   953.1624913
468.1121605   -2253.5145283   955.4820657
466.8312045   -2253.082037   948.967278
467.7675637   -2253.3972263   1037.3747349
466.8575796   -2253.8619041   1028.7034512
466.6501927   -2252.2153854   941.5938258
467.0196819   -2250.7483959   1054.4341803
466.1466601   -2251.8770695   1049.8323441
464.8575159   -2254.9521923   1016.9154406
464.0324982   -2250.8878708   928.9873242
465.7504531   -2249.8614788   924.3625402
465.6553241   -2254.2655468   959.3784213
466.7387801   -2253.1027794   1041.4824486
465.6251492   -2248.994112   917.1047807
463.629243   -2254.9431324   964.5448923
465.329093   -2254.2614937   1024.5392323
465.372813   -2253.7147999   952.3929358
465.20215   -2253.5765171   1035.0344181
462.5836434   -2253.8266182   1031.6038132
462.593955   -2253.5705566   945.7423687
464.874086   -2252.7675629   1045.2177525
464.2167511   -2255.1295757   968.98067
463.3177938   -2254.3976307   956.089735
461.9018855   -2249.8502731   920.2468395
463.2948311   -2253.3838749   1039.6600962
462.407169   -2254.6744347   1021.6038227
464.5717862   -2251.210928   1053.9010763
463.3922847   -2250.408411   1058.1760406
461.3455804   -2252.9950142   939.6458864
462.5106128   -2252.3276806   936.8675351
461.9618925   -2254.1832924   1027.6173353
461.926681   -2251.8866062   933.0926538
461.4463868   -2252.9146671   1046.1933613
460.8530375   -2252.3634434   1050.4345894
462.4195816   -2250.6065369   925.5467057
461.5682038   -2255.1729679   963.2101655
460.2092477   -2255.1882267   959.8575234
461.5833434   -2254.2316914   949.9628544
459.738669   -2253.6273003   1038.0898714
459.1058316   -2253.8468838   1033.8349342
460.9301063   -2253.2100677   1043.7779427
460.4506316   -2255.014658   1019.1127062
462.2113975   -2251.3945103   1054.705739
459.2429223   -2251.6682148   928.6100864
459.3358161   -2251.6412735   1055.4499626
460.0853594   -2250.6167889   1059.4981909
462.7021971   -2249.4778633   1062.3223782
458.6933824   -2255.0833225   954.0861845
458.2959088   -2254.3783188   945.1297522
459.6395316   -2254.1303635   1029.9061537
458.1359001   -2253.2711029   937.0540977
459.6810313   -2250.7317066   923.704803
457.5424763   -2254.5976639   1026.399374
458.2840624   -2252.5398731   932.6239824
459.057075   -2250.3170967   920.5793142
456.8668576   -2252.976656   1049.2883921
457.2977545   -2254.8885345   1023.0419636
455.2150341   -2253.6821365   1043.0550575
456.9588574   -2255.1231384   950.0813484
457.8003856   -2253.7851334   940.1301742
454.6366306   -2253.9329529   1038.933754
454.4136348   -2252.1505356   927.0302653
455.1667245   -2250.8506775   920.4850793
454.4401737   -2251.4886856   923.4467149
456.7314359   -2254.3103695   1030.1719904
457.237226   -2252.2850037   1053.514123
454.9501064   -2252.07901   1055.97651
455.3661915   -2251.2040138   1059.6959591
454.6761783   -2252.8867722   930.6928515
454.9893858   -2254.1203499   1034.3025923
455.0629976   -2254.6429634   941.6789412
454.4070783   -2253.692627   934.777081
453.9127769   -2250.633955   917.6847935
454.6312513   -2254.1377544   937.663734
453.7466737   -2254.8325062   1026.918292
454.425809   -2252.7925968   1052.4609089
453.0535164   -2253.5247803   1047.7745533
452.5043043   -2254.4836998   1032.479167
450.926927   -2254.1019917   1042.7725315
451.4126303   -2254.2951107   1037.4062061
451.1959227   -2251.2590885   919.2379713
451.6381594   -2254.8224926   938.3632541
451.8029066   -2252.612114   1055.1228523
452.2062214   -2251.8219948   1058.809042
451.0234865   -2252.692461   927.1275401
450.5553516   -2254.0073395   932.7287078
450.0607523   -2251.8835068   922.2917557
451.2775513   -2253.2653809   1051.6462326
450.5757364   -2255.0730705   1026.2705088
450.8725526   -2250.9675026   916.8396592
449.4181397   -2254.7745705   1030.6248665
448.5745998   -2253.7777424   1049.8776436
448.6626657   -2254.1468143   1045.8925962
449.2589804   -2254.6107769   1034.3247652
448.5743465   -2253.1919479   1053.7028313
448.9658596   -2252.4309158   1057.4405193
447.1894177   -2255.2223206   936.5779161
448.2830437   -2254.4677258   1040.8536196
447.1170577   -2254.7659874   1036.8438959
446.8405666   -2251.8725395   919.481039
447.0477673   -2254.421711   932.3101044
446.8109431   -2252.7034283   924.3529439
445.9250095   -2253.4646988   927.3047447
445.8880546   -2255.2628517   1028.6329985
446.238664   -2255.0172806   1033.0319405
445.6979158   -2252.9594898   1055.9083223
446.0213306   -2252.1827221   1059.2762232
448.9034387   -2251.5623569   1061.0558987
444.7421106   -2254.2893887   1048.0270386
444.298816   -2254.7016144   1044.213295
445.1054158   -2253.6678314   1052.1794558
444.7011026   -2254.9211979   1039.7603512
443.2088258   -2252.0563602   917.670548
444.4922777   -2254.9886703   933.7368011
441.832331   -2254.5011044   930.1169515
443.8891681   -2252.751112   922.4681854
441.7752894   -2253.7956238   926.4416099
442.1738806   -2253.241539   1054.8933744
443.3267387   -2252.5730133   1057.8855276
440.8473792   -2254.0493011   1050.5859852
441.4015981   -2254.7154427   1045.8813906
442.5821128   -2255.0144196   1041.7394638
439.3127831   -2252.9277802   920.4967022
439.4026967   -2253.5097599   923.8049984
439.7101077   -2252.3567677   1058.4150553
443.0305483   -2251.8146038   1060.8611107
439.8806962   -2252.3300648   917.0393944
438.7453767   -2255.1076412   1043.1736708
438.3593323   -2253.3032894   1054.2851686
437.3413893   -2254.324913   927.16223
437.5578585   -2254.9309731   930.6787252
437.1727081   -2254.5301914   1047.4764109
435.7317957   -2253.9350986   1050.6635904
436.9149031   -2252.8781891   918.7400937
435.5990263   -2253.5159588   921.8695164
434.8393204   -2254.9831867   1043.9392328
434.2012378   -2255.1572323   931.1184287
434.3140992   -2253.1483173   1053.6384583
436.1306401   -2252.5351048   1056.8572283
432.9747232   -2254.3375492   1047.3031998
432.8435781   -2253.1826496   918.4520245
432.9998317   -2252.0737648   1057.3489666
435.2733614   -2251.4243126   1060.5419874
433.8017526   -2254.401207   926.3030291
431.6698434   -2255.0067902   929.4210076
432.6045635   -2253.85952   922.5188494
430.9806349   -2254.6513081   1044.216156
430.8719756   -2253.392458   1050.7245064
430.4245683   -2252.3536682   1054.8175573
428.9514097   -2253.2901764   917.4207449
430.1863285   -2254.5435429   925.9015918
430.9322657   -2251.2695789   1059.1318607
429.787633   -2253.9505959   1047.2787619
428.3621582   -2254.8091412   1041.1839485
427.1126362   -2254.1716099   922.3764539
427.1788123   -2253.934145   1045.1350212
427.2872033   -2252.2728443   1052.8128147
426.950899   -2253.0708313   1049.0338802
427.4888309   -2251.5089512   1055.9220314
425.9159388   -2254.8205853   926.5939593
425.4826131   -2254.907608   1037.4243259
425.2014729   -2253.3426285   916.2672162
424.129379   -2253.8628578   1042.0867205
424.3933829   -2251.0266304   1055.0119877
425.7766726   -2250.3986359   1058.3517551
423.6824783   -2251.8286705   1051.2772799
422.9697409   -2252.6342869   1046.9386578
422.4363538   -2254.2111874   921.2172031
422.7948459   -2255.2342415   1031.1194658
421.575171   -2254.9438477   926.4910817
421.4244308   -2254.4264793   1034.755826
420.6641736   -2253.5860538   1038.7636423
420.7145842   -2253.8716793   918.168366
419.7571101   -2249.9227524   1054.0584326
422.479284   -2249.7062683   1057.6375723
419.0427782   -2252.1951199   1043.6114073
419.9252101   -2251.3997555   1048.699379
418.2973029   -2255.1603317   1023.6833096
418.0185916   -2254.0326118   1031.1290026
419.275445   -2248.1472492   1059.132576
423.3576479   -2248.5527992   1061.825633
418.8952567   -2254.8179626   924.6545434
418.6712327   -2254.5311451   922.2048521
416.5769043   -2252.9091835   1035.18641
417.1750518   -2254.3270588   1027.5900364
417.2524782   -2253.900528   917.2893763
416.2028255   -2254.4076443   920.6277132
415.4860648   -2251.6970634   1039.8523808
417.4800637   -2250.2603531   1050.0183105
415.4011878   -2248.7988472   1052.5573492
415.1542159   -2247.2524643   1057.1513176
416.032401   -2250.5292892   1046.6922522
414.6472784   -2250.6825924   1043.5903072
415.4855432   -2254.6694279   1021.2843418
414.0909436   -2255.1317215   926.994741
412.7137037   -2254.7776699   923.1680036
412.9457148   -2253.3946037   1024.9836445
413.745028   -2252.8092861   1030.0114155
413.9036062   -2252.1746159   1034.011364
413.7532087   -2248.9807606   1049.4946241
412.7375456   -2254.3334961   919.318974
413.834286   -2251.5954971   1036.9814634
412.0796593   -2253.7925243   1019.6312666
412.7801331   -2254.471302   1016.2140131
412.0434942   -2249.0301132   1046.2360382
412.113336   -2250.483036   1039.2540693
411.3859358   -2253.285408   1022.0171213
411.4127877   -2247.1370697   1052.5386333
411.1814769   -2255.0189495   1008.1326962
410.1072522   -2245.5198765   1056.035161
416.2188443   -2246.3521957   1060.985446
409.8453196   -2248.8939762   1042.2503948
407.491562   -2255.089283   927.1273613
411.0355648   -2250.5419254   1036.5506411
410.1428213   -2251.5337467   1029.499054
408.5492315   -2250.4177094   1031.9436789
410.3913578   -2247.6704121   1048.8907099
408.3274724   -2253.5421848   1011.7231607
407.7883335   -2255.1357746   1001.5572309
408.6528989   -2252.6679039   1019.1981792
405.998555   -2252.2256374   1015.3558254
407.8702601   -2254.6033859   921.3271141
407.6509597   -2254.0931702   916.9561863
407.4264886   -2248.6720085   1037.9083157
407.6788994   -2247.0092773   1046.2197065
407.8121009   -2251.4617443   1024.9167681
407.360089   -2245.752573   1050.6538153
406.0464772   -2251.31464   1021.6320753
408.2241478   -2254.3199062   1006.4588785
406.1161401   -2253.2222271   1008.8053942
405.5266502   -2249.6657372   1029.1503668
405.2758636   -2246.7765808   1041.9538021
403.2329591   -2255.0656796   929.89856
406.3716205   -2249.4506836   1031.9286585
403.5301181   -2250.6859303   1019.4243193
403.7434431   -2253.1557083   1004.7961473
403.9324792   -2254.3129921   919.3692803
405.1593366   -2254.7488213   923.4703779
404.192728   -2249.9184608   1025.0493288
403.7402692   -2253.8347244   1001.709342
403.8416865   -2245.5000877   1044.1962481
404.0134969   -2254.9512386   927.0880818
403.198299   -2251.311779   1014.5440102
402.2662612   -2251.5571117   1010.7659101
403.3031436   -2247.3475933   1034.7189903
401.5954854   -2247.658968   1029.9860239
401.697171   -2245.3699112   1039.5255089
402.0791473   -2248.8811016   1025.7036686
399.4476917   -2254.4825077   924.408555
399.208677   -2254.2262077   921.0693836
400.8422317   -2251.8730164   1006.5480471
401.256484   -2253.6482811   999.4567633
399.446738   -2253.9792061   996.1204529
400.6759348   -2254.7953129   927.8942347
400.0625881   -2254.847765   931.1161041
397.3204317   -2254.7392845   934.5405102
399.462265   -2255.0551891   937.5594258
400.9446623   -2254.0237904   917.7510738
400.5855294   -2252.4983883   1003.2951832
400.4546376   -2249.8083115   1017.4430609
400.0630053   -2249.0744591   1020.5637217
398.8204422   -2246.1833954   1030.5706263
400.3703269   -2250.5280972   1012.8481388
397.1199068   -2254.5213699   991.8490052
399.5570513   -2253.6351681   914.7255421
399.8818072   -2247.4796772   1027.4540186
398.0515125   -2250.3709793   1009.2631578
397.8042277   -2247.3678589   1024.1054296
398.2466134   -2252.2332668   1001.5298128
397.408125   -2255.1174164   942.0890808
396.5311172   -2255.2661896   945.9812641
397.131336   -2250.9887218   1005.1162243
397.1885415   -2254.5309067   929.9209714
396.5436789   -2254.3013096   926.1811972
396.8315693   -2248.9264011   1014.5556927
397.636381   -2248.5227585   1018.4935331
395.8731266   -2245.6204891   1027.2941589
394.8461535   -2254.745245   939.4519329
396.4666846   -2254.1327477   922.90622
394.7278383   -2251.9040108   999.1325736
395.9655436   -2253.2110214   995.6134558
393.7430503   -2253.5715103   919.5314646
394.3371298   -2254.9245358   987.5383377
394.0261426   -2254.3354034   932.4322939
394.1905918   -2250.6968975   1002.7606487
393.8160809   -2249.6433258   1006.3716173
393.9685496   -2248.2628822   1012.6577616
392.9063352   -2248.6140728   1009.450078
394.137797   -2246.7582226   1019.9317932
394.5028754   -2245.5730438   1025.1835585
392.5723555   -2253.2393932   992.6691651
390.8329131   -2254.553318   943.4897304
392.6694962   -2253.991127   928.3994436
391.650674   -2255.109787   984.1759801
391.9257643   -2246.9336987   1015.1954889
392.590669   -2253.7300587   923.7652421
390.6765851   -2254.8367977   948.454082
392.8966793   -2254.3644905   935.63205
392.6025154   -2252.2206306   996.1296916
390.1329609   -2254.2910576   939.8742914
390.3978439   -2250.1482964   1000.9224415
390.2750733   -2251.0182858   998.1057048
387.8637972   -2253.8115978   986.5570664
391.1568346   -2249.2883205   1004.5374632
389.2924013   -2253.8063526   932.2181344
388.9351758   -2246.6366291   1011.5029812
388.8051035   -2254.8918724   951.7078996
390.1737454   -2248.2175827   1007.2146654
390.2180763   -2253.190279   919.9902415
389.907551   -2254.1604042   937.8346205
388.3803608   -2253.3774376   926.2541533
388.1475153   -2251.398325   995.2053428
389.6572115   -2253.370285   923.6037731
387.6080783   -2252.4983883   991.1939502
387.9934075   -2255.0737858   954.5742869
387.0845111   -2254.5685768   982.4486375
386.1416849   -2255.1832199   957.4335814
386.1276629   -2255.1217079   978.1607985
385.7179257   -2247.4243641   1004.7035217
387.6998099   -2252.6855469   916.7614579
386.443344   -2254.2517185   946.3217854
386.479077   -2249.7653961   998.6879826
386.4208879   -2252.8481483   921.1402535
384.575856   -2246.0124493   1007.68435
386.6968127   -2253.6697388   935.0439906
385.0597116   -2253.7400723   940.0594831
384.8613175   -2253.2379627   930.6992888
383.8488879   -2254.4360161   952.2756338
383.092043   -2252.8455257   927.0339608
384.8493817   -2251.1751652   993.2243824
383.5687908   -2249.8099804   996.019721
383.7418082   -2254.7502518   955.7253718
384.2510702   -2251.9645691   990.244925
384.2538568   -2253.0648708   986.3712788
383.2315179   -2252.3477077   918.5400605
384.7942623   -2252.3434162   916.0643816
382.8684511   -2253.9200783   981.3218117
383.7815496   -2253.3211708   934.6889257
383.8411393   -2247.6928234   1002.112627
382.4986043   -2248.3413219   999.1320968
383.5034939   -2253.9520264   946.8561411
382.0127966   -2253.6604404   944.8996782
382.222307   -2252.4924278   922.3993421
383.4247115   -2255.0513744   958.9309692
381.5176906   -2254.6517849   975.2054811
381.9518807   -2245.9857464   1004.7551394
380.7558092   -2253.1421185   938.0824566
380.8661225   -2253.3271313   941.5250421
380.5398615   -2254.9700737   970.185101
376.9433769   -2252.3965836   931.1134219
379.9053701   -2252.569437   928.1865358
381.5915557   -2250.3221035   992.9485917
380.7539465   -2251.4913082   988.6208177
379.6405765   -2252.2101402   985.1363301
379.7013881   -2246.0968494   1002.1144152
379.1298094   -2252.7816296   934.3239069
379.736078   -2254.365921   956.4130306
378.9928379   -2248.087883   996.5679646
379.9885335   -2253.6127567   948.2544065
378.356156   -2252.5575161   982.3860526
381.0867789   -2254.8832893   959.8343968
378.66838   -2254.7681332   963.9764428
379.4676187   -2252.0737648   920.1149344
378.1384947   -2251.7592907   916.8960452
378.6637606   -2252.2194386   924.2928028
379.7493251   -2254.961729   967.3112035
379.0417882   -2246.9871044   999.3076324
378.0722442   -2253.7591457   952.337563
378.9232644   -2253.5202503   978.6900282
378.5871836   -2253.2331944   944.6971416
377.2911998   -2248.9073277   992.8402305
377.3189159   -2254.0972233   972.424984
376.9007596   -2253.4689903   976.1761427
376.3312968   -2254.1508675   959.3591094
376.6241791   -2252.7763844   940.4785633
374.9782863   -2252.3601055   935.2003336
375.4927339   -2249.9573231   988.1275296
375.5214932   -2254.1053295   968.1571722
375.2991083   -2253.1290054   949.935317
374.8235377   -2251.9779205   926.7286658
374.7893246   -2253.5471916   954.9992085
375.5633654   -2245.5737591   999.0705848
375.1205476   -2251.3198853   983.4151268
373.4838786   -2251.732111   924.0382314
373.90354   -2251.6298294   921.1823344
374.3988397   -2246.9313145   994.7820902
375.591469   -2252.4454594   979.4653654
374.5032521   -2253.978014   965.6096697
373.7577023   -2253.818512   961.4837766
374.8576017   -2252.7244091   944.5928931
373.5814514   -2253.4053326   970.5911875
373.1235536   -2252.8736591   973.6068845
372.2228529   -2247.6739883   990.6888604
373.0653348   -2252.3052692   976.4289856
372.474921   -2251.2042522   915.6163335
371.9513091   -2251.3403893   918.8545346
372.6368668   -2252.2418499   939.809382
372.6119222   -2253.3679008   957.4543238
371.0196587   -2250.7433891   980.2197814
372.4529418   -2249.3350506   986.5896106
372.7338734   -2250.4067421   983.6269617
372.0131191   -2252.0122528   934.5005155
372.2409876   -2251.8584728   929.4009209
370.9048005   -2252.3360252   948.0021596
371.5756061   -2252.8297901   953.4776211
370.5277713   -2252.0763874   944.3468451
371.0959377   -2253.2405853   963.4225368
371.6296824   -2253.1938553   967.3977494
369.2106726   -2251.3234615   922.5707054
369.0134855   -2252.0673275   970.5797434
368.7497499   -2251.0631084   975.4203558
369.9149015   -2252.9120445   959.7409368
369.5474686   -2248.9628792   984.2078686
368.6281713   -2251.7061234   937.6497269
368.9213964   -2251.7955303   941.92487
369.2488643   -2252.5191307   955.9313059
367.1741756   -2250.8909702   916.8925285
368.9614507   -2247.317791   987.8286719
368.199897   -2251.3971329   926.5011549
368.3671924   -2251.6069412   932.6174259
369.0637024   -2251.5699863   929.6483994
368.5038956   -2245.8376884   990.7726049
369.3880113   -2252.3379326   952.3450732
367.5866994   -2252.1426678   966.1409855
366.6686537   -2252.1233559   962.187767
366.9331791   -2248.6605644   981.7094803
367.0794638   -2249.661684   978.6382914
366.8868514   -2251.5714169   945.5243945
366.1817583   -2251.9567013   958.5511684
365.4907318   -2251.4414787   949.3945241
365.7478961   -2246.8006611   985.1121902
365.8472719   -2251.6884804   954.0557861
365.0493296   -2251.0228157   922.3175049
365.6133684   -2251.3058186   929.7537208
364.9722012   -2250.3471375   972.3107815
365.0764199   -2251.0681152   968.640089
365.6263473   -2251.3797283   939.3001795
364.7975298   -2251.2500286   942.9780841
364.5585897   -2249.2637634   976.2220979
365.2359816   -2251.3477802   936.3769889
363.0956533   -2251.1789799   933.8104129
364.5870956   -2251.1487007   926.0633588
362.2108223   -2250.6155968   964.56182
364.1973408   -2247.6580143   980.8411598
361.9744899   -2250.8239746   945.8497167
363.3180084   -2251.2016296   960.8381987
361.4144894   -2250.7798672   955.5598497
361.948547   -2250.8254051   951.4210224
362.6797619   -2250.7588863   918.7178016
361.9763973   -2251.0104179   938.0466938
361.9412156   -2250.9198189   941.7789578
362.914932   -2251.1065006   928.0151129
360.8285012   -2250.6203651   949.6645927
361.7481264   -2249.7215271   969.4009423
360.8358773   -2250.9424686   925.6049395
361.2854006   -2250.8096695   921.3476777
360.8835461   -2248.3742237   973.4447002
361.3962206   -2247.3838329   977.4693847
361.6705211   -2246.389389   980.7225466
360.2580252   -2250.9636879   930.7719469
358.1783446   -2249.8142719   960.1099491
356.888515   -2249.6716976   957.3931694
358.6800965   -2250.5624294   917.9964662
358.3917739   -2248.8610744   967.1663046
356.4400347   -2248.7688065   964.0108943
358.7069782   -2250.5829334   940.6308532
358.9082482   -2250.8077621   935.5692863
357.4585738   -2250.2448559   944.9958801
357.6374473   -2250.193119   947.5021362
358.7910952   -2250.2822876   953.3843398
359.5439466   -2248.6503124   970.0427651
359.2178198   -2246.6919422   976.2995839
357.4587228   -2250.7030964   922.6896167
357.0918562   -2246.4723587   973.8294482
357.1407171   -2250.7839203   928.7790656
356.8232479   -2250.7517338   925.6917834
357.8139516   -2250.1568794   950.4712224
355.6394251   -2250.6356239   931.5652847
356.8661185   -2247.4811077   970.2813029
354.1946384   -2250.2834797   937.5064373
355.0401451   -2249.6509552   952.1064162
353.1127097   -2249.9394417   941.3353205
354.6455773   -2250.4882813   919.7449684
354.0362986   -2246.673584   968.9564705
352.9427769   -2248.439312   959.9230289
353.6651256   -2249.5589256   949.4791031
353.8153144   -2249.8166561   945.2810287
352.9846343   -2250.5235672   924.1549969
353.7942591   -2250.5750656   928.2163978
350.8073064   -2246.4001179   966.2001729
352.3879769   -2250.2634525   934.0228438
351.7133268   -2250.3137589   931.1150312
351.9904735   -2248.739481   956.2461972
350.2853336   -2248.9798069   950.6208301
349.3536087   -2248.3501434   955.2105665
351.2141528   -2250.2651215   918.3090925
350.8656593   -2250.3328323   921.361804
348.4812351   -2248.9733696   946.8693137
350.8048477   -2249.4697571   944.2894459
349.0986349   -2250.1916885   926.5978932
349.3932607   -2250.1268387   928.9911985
349.9189439   -2247.5948334   960.5492949
348.1898429   -2249.3350506   940.6357408
348.6468317   -2250.1657009   923.879087
348.2352766   -2249.6445179   935.7988238
347.4244895   -2249.7186661   932.305932
346.1788865   -2249.928236   920.5601215
345.5492081   -2249.7382164   916.0523415
345.430729   -2245.2909946   964.6647573
347.462562   -2248.3875751   951.9162774
345.766184   -2247.051239   958.7083459
346.2321731   -2247.7838993   954.913795
343.6427834   -2248.0444908   948.2760429
345.2885421   -2249.5989799   928.9057851
344.6273627   -2249.6454716   925.3752828
342.0929881   -2248.3348846   939.6213889
342.0733633   -2248.6014366   935.5760813
344.4424989   -2248.4264374   944.8721409
344.0513732   -2247.6859093   952.4427056
342.2757658   -2249.0627766   929.3376803
341.5210965   -2246.5934753   955.9444189
342.614797   -2245.787859   960.6512189
342.1125086   -2249.3937016   918.674171
340.5045541   -2247.1995354   950.4118562
341.4369794   -2249.2547035   921.9685197
339.3035503   -2248.7227917   925.4427552
341.3073095   -2247.9641438   943.2458282
338.1323489   -2247.0195293   946.6546774
338.2091793   -2247.7715015   936.0282421
338.0833539   -2248.1327057   930.442214
339.000729   -2248.8865852   919.8009968
337.983069   -2247.3604679   941.5824413
337.4206992   -2246.0989952   953.0198574
335.5309042   -2246.2649345   948.2308626
337.6192721   -2248.6550808   917.191267
335.5460139   -2248.1880188   921.7577577
335.2796706   -2247.8120327   926.8897176
334.4888064   -2248.0697632   918.394804
335.3944691   -2247.235775   934.9827766
335.6354209   -2246.7122078   943.488121
332.7611657   -2246.8664646   932.4066639
334.1983827   -2246.6962337   939.2561913
332.1034583   -2245.9640503   942.4121976
330.8167728   -2247.0686436   924.3270755
331.3347968   -2247.3902702   919.5999503
330.9054347   -2246.1969852   935.7357025
331.8191739   -2246.9577789   928.6366701
329.9463364   -2245.7652092   938.6356473
328.7079605   -2246.9360828   914.8389101
328.5334381   -2246.0541725   931.2066436
326.731083   -2246.0868359   925.6321192
327.5780948   -2246.4952469   921.8041301
324.6171149   -2245.9225655   919.3170071
325.2470466   -2246.1595535   915.4014587
324.6809813   -2245.3012466   929.905951
323.4679671   -2245.531559   922.4066734
323.0912658   -2245.2836037   925.3328443
476.7677011   -2246.0339069   1064.237833
475.5331697   -2245.6252575   1066.4973259
472.9929241   -2245.6185818   1068.492651
472.1697765   -2246.8304634   1065.0709867
469.9615958   -2245.559454   1071.010232
469.7632688   -2246.628046   1067.5996542
470.2064963   -2248.0926514   1062.202692
466.2837657   -2248.2216358   1064.5474195
466.7776497   -2246.8085289   1069.1615343
464.4984277   -2246.0510731   1073.284626
463.553411   -2247.5817204   1068.6640739
463.0204263   -2248.5187054   1065.6744242
460.9748694   -2247.8187084   1069.4741011
461.5677717   -2246.3612556   1074.0123987
460.28654   -2249.2647171   1064.5942688
459.2861357   -2246.0243702   1076.3218403
457.7966305   -2246.9427586   1074.0171671
455.9469642   -2247.6627827   1072.3946095
457.0586356   -2248.8570213   1067.8145885
456.4124765   -2250.0710487   1063.7031794
456.3879194   -2245.8508015   1078.1174898
453.8845988   -2247.1921444   1074.6144056
453.0521753   -2245.8896637   1079.1746378
451.9954296   -2249.6986389   1066.8729544
452.7288052   -2248.1508255   1071.8390942
453.035784   -2250.5729198   1063.3876324
449.736503   -2247.4491596   1074.611187
449.6104094   -2246.1102009   1079.0909529
446.5771588   -2250.9672642   1063.6538267
448.6676278   -2248.6019135   1071.1450577
447.583315   -2249.7339249   1067.6699877
447.3630609   -2247.2803593   1075.2544403
444.7782012   -2246.0532188   1078.9772272
443.2832273   -2249.958992   1067.1105385
442.7892389   -2248.6622334   1070.7386732
444.9398192   -2247.0266819   1075.923562
443.4396895   -2251.0278225   1063.624382
442.5608786   -2246.7465401   1076.3217211
440.1739063   -2245.4593182   1079.7735453
439.7031935   -2250.9355545   1063.4206533
439.16249   -2247.641325   1072.7882385
438.9577778   -2249.2649555   1068.3232546
439.6598312   -2246.7603683   1075.5330324
437.2116896   -2245.5966473   1078.1495571
435.0747588   -2249.8311996   1065.4489994
436.0925081   -2246.3257313   1075.4020214
434.5474961   -2247.8199005   1070.8276033
431.6604706   -2245.5394268   1075.3703117
431.1064156   -2250.2539158   1062.3919964
430.8594289   -2248.5635281   1067.0646429
429.9297007   -2246.721983   1071.2405443
427.3937913   -2248.7478256   1064.3838644
427.4226698   -2249.9177456   1061.0889196
427.1529289   -2247.2655773   1068.1241751
426.3955327   -2245.6173897   1071.8261003
424.5724501   -2247.4954128   1065.6485558
423.6972602   -2245.9900379   1068.829298
421.608639   -2246.4590073   1065.8223629
418.8553961   -2246.6154099   1062.975049
530.5624055   -2245.4369068   851.2442112
528.5393643   -2245.9080219   847.4666476
527.7213501   -2245.9571362   843.313396
527.138901   -2245.7509041   838.6771679
525.8161547   -2245.3503609   833.3030939
525.6465497   -2246.5157509   851.2679338
525.4329043   -2246.4005947   856.5443754
527.0492556   -2245.8086014   860.080719
524.6266844   -2245.8691597   864.15869
524.0957784   -2246.7811108   846.1944461
524.4558426   -2246.442318   840.7918811
523.8669338   -2246.5362549   858.6406708
523.6490043   -2246.2098598   836.8803263
521.6668519   -2245.9154129   868.7338233
522.249681   -2245.5322742   830.503881
521.4064839   -2246.2472916   834.3499899
520.0065868   -2247.3294735   853.3806801
523.0462598   -2246.9940186   849.2394686
519.5444124   -2246.919632   861.8535995
518.4664177   -2246.6800213   866.0453558
520.7071053   -2247.194767   843.2140946
520.0788649   -2246.9222546   838.5179639
517.6008465   -2247.3797798   858.0573797
520.169762   -2247.4169731   847.8743434
518.8574018   -2246.1235523   870.5649972
518.8234421   -2246.2091446   831.989646
517.5587731   -2245.8376884   828.8763165
517.491472   -2246.8161583   834.8143697
517.0203345   -2247.7226257   845.7373977
517.5816389   -2247.4792004   841.4427042
515.5644687   -2245.3575134   879.8906803
515.1232677   -2247.443676   838.2338881
515.6939673   -2247.8232384   850.8013487
514.80293   -2247.6520538   856.3409448
516.3118067   -2247.2302914   862.0864153
515.6754898   -2246.073246   874.1610646
514.3794986   -2246.6158867   870.3903556
515.265544   -2246.5333939   831.5809965
512.9209655   -2247.1101284   865.9488559
513.6018368   -2245.9971905   876.8982291
514.2241391   -2247.8396893   842.4183726
512.229045   -2246.0458279   827.6103139
513.9939608   -2247.0960617   834.4942331
513.3860382   -2247.9748726   848.8943577
513.5609256   -2247.9600906   845.5592394
511.9390982   -2245.3227043   823.4717846
510.9187933   -2247.625351   859.6526384
512.4569955   -2246.4878559   873.3891249
509.5206472   -2246.0856438   879.9709678
511.3869878   -2246.8822002   831.8759203
511.6225826   -2247.8508949   839.9367332
510.4878741   -2247.5214005   836.0162973
511.1967298   -2247.9510307   852.504611
510.5120959   -2247.844696   855.640173
509.9629062   -2246.8254566   871.155262
510.1143318   -2248.085022   843.6565399
509.2233764   -2245.5406189   885.4517937
508.6258622   -2246.6068268   874.9539852
509.3338984   -2248.1219769   848.0408788
508.4690573   -2247.5106716   861.6880178
507.3273899   -2247.0276356   869.5930243
505.4993676   -2247.2877502   865.4264212
509.0337666   -2245.9068298   825.9550333
509.2225718   -2246.5167046   829.1658759
508.0282437   -2247.9572296   839.4770622
507.0563229   -2247.1210957   832.1339488
506.9925534   -2247.9937077   852.0148993
505.8360221   -2247.6899624   836.104095
506.7961486   -2248.1503487   845.5808163
505.7139891   -2248.128891   842.1776295
506.7998739   -2245.6498146   887.1381879
506.2232511   -2247.7376461   857.6378822
506.0749175   -2246.0694313   883.4891319
506.4898404   -2246.638298   876.2113452
503.147875   -2246.5584278   879.8621893
506.224853   -2246.4110851   828.1853795
504.9990314   -2246.9065189   872.6887703
506.1603906   -2245.7325459   824.6716261
504.1137012   -2248.0657101   848.7696052
504.3952661   -2247.4892139   861.6271615
504.3804767   -2247.9724884   839.0069604
502.8924765   -2247.1497059   868.6386943
502.9624747   -2245.3563213   894.9725628
502.6853579   -2246.7918396   829.9879432
503.4939619   -2247.3740578   833.5510492
504.0164711   -2247.9496002   852.1875739
503.2141926   -2245.9979057   886.709094
503.3036294   -2248.1329441   844.9944258
503.4156414   -2245.5618382   891.697526
503.1921911   -2246.7823029   876.2475848
503.5233843   -2246.1214066   826.5477419
501.4479133   -2247.5469112   859.18504
502.5587278   -2247.7791309   855.0643325
502.4778443   -2245.5182076   823.6735463
501.8188479   -2246.3512421   883.5217357
501.450059   -2247.7190495   836.5799189
501.1072206   -2248.0158806   841.139853
501.9682171   -2247.3630905   863.4959459
501.6524988   -2247.2448349   866.5608168
498.5226514   -2247.0080853   873.6024499
500.9531873   -2247.885704   851.8176079
499.6966916   -2247.9672432   848.0135202
500.0640946   -2245.9967136   826.2684941
500.5020099   -2247.2574711   833.0067992
500.0155019   -2246.1249828   887.5651956
498.7568604   -2245.6982136   894.2908049
499.1199719   -2248.0039597   844.5357084
498.2323172   -2246.8445301   877.5784969
498.937768   -2247.1375465   869.4440126
498.1371584   -2246.7122078   830.1900625
499.5997297   -2247.6913929   855.0411463
499.3368509   -2247.2598553   865.6626344
499.1212162   -2247.3692894   862.4970317
497.7702992   -2246.4857101   883.9370608
498.0944368   -2245.4040051   899.3268609
497.9143413   -2247.7440834   838.5563493
497.0992552   -2247.3351955   834.7112536
497.4370944   -2247.4806309   858.0513
495.9476414   -2247.7917671   842.1237469
497.090851   -2247.7943897   849.6611118
496.8301701   -2247.6270199   853.5095453
495.9390136   -2246.1078167   827.7724385
496.0298958   -2246.2539673   888.1117105
495.906693   -2247.7989197   846.2942243
495.1409968   -2247.2188473   865.2191758
496.0566583   -2247.1704483   868.1712151
493.719724   -2247.2381592   861.6321683
495.3051629   -2247.1001148   871.5021014
494.7557273   -2245.7284927   896.2919116
493.5352253   -2245.9831238   892.9189444
494.600256   -2246.9820976   875.418961
495.1332035   -2245.4903126   825.365901
493.8700246   -2245.3444004   904.7627449
494.3304258   -2246.5596199   883.6311698
491.8816435   -2246.919632   877.5154948
491.6114929   -2246.743679   881.5276623
495.0372326   -2246.7951775   831.8272829
493.8702481   -2245.5873489   899.4242549
494.1585036   -2247.443676   838.1631374
491.7218062   -2247.197628   857.6708436
492.9609569   -2246.9923496   834.5441222
493.6818825   -2247.5392818   850.7276177
492.6770749   -2247.117281   868.9183593
491.8980571   -2246.2263107   889.9824023
491.2057715   -2246.4959621   886.1507773
491.2626343   -2247.4405766   844.4959521
490.9522357   -2247.3208904   841.6000009
490.4886829   -2247.0569611   871.8380928
490.6787398   -2247.0896244   867.6121235
491.0344379   -2245.4996109   827.2099495
492.0679452   -2246.3984489   831.1119676
490.413663   -2245.3196049   908.1863165
491.5349828   -2245.639801   900.5387425
490.6294765   -2245.9111214   896.1330652
490.120058   -2246.976614   837.4797106
489.3793436   -2245.5430031   903.7085176
487.4635088   -2246.8869686   861.4509702
488.9596152   -2247.1132278   847.9468226
489.9363043   -2247.0781803   855.3482294
488.7233125   -2247.0159531   852.21982
489.4757467   -2246.4981079   833.8234425
488.8507771   -2246.1750507   892.5914764
489.130755   -2245.9578514   830.6083083
489.1549247   -2247.0023632   874.6256828
488.0730408   -2246.4411259   888.1864548
488.5205375   -2246.9232082   878.1084418
487.9863756   -2246.6168404   884.8510981
484.4376715   -2246.8934059   880.1352382
487.7271178   -2245.8384037   899.749577
486.8893745   -2246.7260361   840.1235342
487.2852313   -2246.915102   843.6451554
486.2111481   -2246.9305992   867.1053052
485.4348721   -2246.1514473   895.5743909
486.6414862   -2245.6138134   905.900836
485.0136759   -2245.7036972   909.1085196
488.7377667   -2245.4140186   911.8211865
486.5411418   -2246.3867664   836.4607096
485.5038571   -2246.6540337   858.0887914
485.2191406   -2246.989727   873.7334013
486.0895323   -2245.8498478   832.7915668
485.5855825   -2245.7606792   902.8552175
485.1563247   -2246.5407848   850.9491682
483.5797446   -2246.3183403   845.1089263
484.9277037   -2246.3986874   891.3653493
482.9040366   -2246.2096214   854.7397256
484.0617599   -2246.5679646   888.3630037
483.127934   -2246.7298508   885.2832317
482.9785424   -2246.4637756   861.1778021
483.4848093   -2245.9661961   901.0666609
483.611499   -2246.2513447   841.9860005
484.409337   -2246.7565536   864.1039729
482.3825257   -2245.8348274   838.495791
482.6620715   -2245.9411621   905.4902792
483.0907109   -2245.673418   835.6245756
483.6937087   -2246.9460964   871.0663915
480.7667854   -2246.6015816   865.9489751
480.7789075   -2246.8605042   869.9460626
482.0321547   -2246.4523315   893.2625651
480.4131883   -2246.4268208   896.1200118
481.0351031   -2245.8498478   852.076292
480.0872626   -2246.8936443   883.4145665
480.4278883   -2246.2511063   910.0142717
485.3167655   -2245.7432747   913.0169749
481.972267   -2246.6113567   889.7848725
480.961633   -2247.0090389   875.4280806
478.120518   -2247.0240593   880.3406954
480.5486771   -2246.2282181   901.4825821
481.1428832   -2245.6946373   840.5196071
479.2430001   -2245.3584671   843.6700702
477.7488681   -2246.9134331   887.3656392
476.0588901   -2245.4531193   858.0932021
479.1665124   -2246.348381   863.5247946
477.9720204   -2245.3398705   853.29777
479.0693717   -2246.3474274   904.7968984
479.5825528   -2246.3088036   907.7285528
478.6080914   -2246.7446327   891.1493421
476.069172   -2247.0092773   873.9843369
476.6328307   -2246.8373775   870.4152107
474.7297587   -2246.5445995   867.6216602
477.16814   -2246.6623783   898.5593319
476.6588556   -2246.6650009   902.4302363
477.2431078   -2246.6349602   907.1514606
474.9036329   -2247.2069263   912.3056531
482.2593229   -2246.2346554   915.1172638
478.6682623   -2246.9346523   917.3102975
475.3312515   -2246.9677925   893.1144476
476.2732806   -2247.0471859   884.1479421
474.9176102   -2245.7847595   861.5067601
474.302766   -2247.1008301   888.9104128
473.4476479   -2247.1899986   880.5319667
474.3557023   -2247.1497059   877.1966696
472.6948934   -2247.2572327   904.4066668
470.1743992   -2247.7269173   907.4454904
473.2977497   -2247.1354008   898.6643553
473.0248573   -2247.1721172   894.9955106
472.3118293   -2247.0269203   872.9022145
471.4632826   -2247.3080158   883.479178
472.2461747   -2247.2505569   891.7102218
471.7890667   -2245.7458973   862.5068665
470.2214348   -2246.8307018   870.4528809
469.3063619   -2246.4222908   867.3914075
469.1669988   -2247.358799   879.150331
468.6679515   -2247.2681999   875.7457733
469.3198549   -2247.4741936   887.493372
469.9573266   -2247.4985123   895.5469131
469.5464345   -2247.6789951   903.0966163
467.9291966   -2247.8170395   900.011003
468.4545892   -2246.9296455   871.2455034
467.4006673   -2247.6620674   889.6733522
469.1584828   -2245.8500862   864.10743
468.1460234   -2247.500658   883.3827376
466.0344096   -2248.3787537   908.8410735
470.051934   -2247.9403019   911.4567637
464.7296342   -2248.1985092   899.2495537
465.2789506   -2247.9767799   894.0110207
464.3806788   -2248.3649254   902.700901
465.9361365   -2247.6940155   885.6463432
466.1484482   -2245.929718   864.8243546
464.5509692   -2246.5004921   868.1571484
465.5251773   -2247.4253178   876.9232035
464.1610952   -2247.635603   880.564034
464.6125855   -2247.2331524   873.8488555
463.6545303   -2247.9710579   889.0287876
462.9327925   -2245.4874516   863.1675839
461.5246477   -2246.1836338   866.4472103
462.3030546   -2248.7370968   905.865252
461.2563374   -2249.0031719   909.1944098
462.3145881   -2249.1264343   913.6574268
467.1820598   -2248.5518456   914.4434333
463.4904089   -2247.8325367   884.9049807
462.7876999   -2247.025013   871.792078
462.5017913   -2247.5063801   877.0292401
461.8434282   -2248.3947277   896.1473703
462.0725783   -2248.2469082   893.0978775
461.3663825   -2248.568058   899.3554115
460.3677662   -2246.5336323   868.6893582
461.3059136   -2248.7046719   902.7499557
460.4158821   -2247.9846478   884.2774034
458.6871835   -2247.6673126   878.2612085
458.8058116   -2248.3801842   889.6195889
460.7848796   -2247.3320961   874.6725917
459.0864005   -2245.7079887   864.5967245
456.7874344   -2246.9289303   871.6729283
459.2625471   -2249.1092682   906.4151049
458.3835723   -2248.6720085   894.5305943
457.964045   -2249.0224838   901.9460678
455.9740844   -2249.032259   898.28372
456.7403021   -2249.4633198   908.4627628
456.0130062   -2249.8354912   913.1812453
458.5596444   -2249.7825623   916.1354899
455.9575292   -2247.4777699   876.1352301
456.3743892   -2248.2030392   884.1729164
