30.4535302   -1591.0859108   -765.2587295
30.5717262   -1592.369318   -764.9208307
30.4454836   -1591.0458565   -764.2861009
30.2741202   -1591.971755   -765.9304738
30.3416523   -1593.6192274   -762.8794312
30.4452451   -1594.268918   -764.6959424
30.1372083   -1593.5633183   -766.0258412
30.035046   -1589.7088051   -764.7407651
29.4361385   -1589.0007019   -765.7443285
29.4046672   -1588.1707668   -762.0971203
29.881564   -1595.651865   -766.0945654
29.3270024   -1597.5854397   -765.0385499
29.822913   -1590.2537107   -761.9598508
29.8645171   -1593.4793949   -761.6763711
29.9195322   -1591.8803215   -761.2712979
29.6066674   -1592.449069   -766.9999003
29.4438871   -1595.5817699   -767.0749426
29.5317443   -1588.1941319   -763.8149261
28.6044153   -1596.9578028   -761.6544962
28.4267934   -1598.721981   -763.1289363
29.6427282   -1592.6758051   -760.8623505
29.3535861   -1591.919899   -760.2083683
29.2252573   -1597.5238085   -766.0498619
29.3013724   -1592.4688578   -760.3274584
28.7444266   -1593.2687521   -768.1692243
28.7304791   -1586.533308   -763.2044554
28.5858186   -1589.1723633   -759.7100139
