1587.9102024   -2052.1202087   -993.7443137
1586.7529782   -2028.7427902   -993.863225
1587.6754197   -2001.4445782   -987.5266552
1588.2286104   -2046.6003418   -977.4958491
1588.1927284   -2006.9899559   -991.5750027
1587.011722   -2035.1541042   -993.9578176
1586.6459282   -2041.2490368   -994.0266013
1585.3287848   -2025.3133774   -979.1208506
1587.7119573   -2005.0513744   -982.0066094
1585.033265   -2013.5979652   -980.1748395
1583.9714082   -2019.2263126   -979.6808362
1586.5518721   -2039.6790504   -978.1212807
1585.6584581   -2032.1033001   -978.6507487
1585.388151   -2012.5186443   -993.2296872
1583.3970579   -2018.4752941   -993.9296246
1584.9560174   -2053.5516739   -977.1690965
1586.7110165   -2049.5202541   -977.3383737
1583.7484869   -2046.6394424   -994.2024946
1587.1144804   -2058.480978   -976.4795303
1584.8346623   -2009.7045898   -980.5628657
1585.3136452   -2001.5690327   -985.104084
1585.7486399   -2001.1341572   -987.8183603
1583.318797   -2023.8468647   -994.0789342
1583.6591991   -2035.2878571   -978.7188172
1584.8272713   -2042.8195   -978.123188
1582.7223929   -2003.2699108   -991.0196066
1582.6408537   -2046.6957092   -978.0809879
1581.2694701   -2007.6906681   -993.1275249
1579.4312032   -2051.265955   -994.4372177
1582.5353535   -2057.2292805   -993.9463735
1581.6664966   -2001.8482208   -983.2705259
1581.6374692   -2005.9287548   -981.6295505
1581.9873484   -2032.4852467   -994.3673015
1581.1679634   -2037.3749733   -994.4802523
1579.0658268   -2027.643919   -994.5739508
1580.4943117   -2051.5646935   -978.1368971
1580.0437006   -2042.5589085   -994.5632219
1583.1573876   -2039.6420956   -978.5338044
1581.4120444   -1999.6099472   -987.4534607
1581.7958387   -2030.5640697   -979.1801572
1578.5400542   -2013.6759281   -994.3447113
1581.4150246   -2023.2656002   -979.5972109
1581.1534198   -2009.6480846   -980.8065891
1578.9768966   -2014.1978264   -980.5852175
1579.0928873   -2057.035923   -978.0547619
1583.4566029   -2058.532238   -976.9539237
1581.3458832   -2042.5081253   -978.5756469
1578.6159309   -2046.5767384   -994.6271777
1579.9814733   -2038.5017395   -979.0160656
1578.6235007   -2034.2979431   -979.462862
1578.5991224   -2021.7483044   -994.5160747
1578.5698565   -2018.0404186   -994.4423437
1578.9553794   -2048.3438969   -978.7133336
1584.9406394   -2062.959671   -993.4405088
1579.2646679   -1999.029398   -984.6543074
1581.3969048   -2061.1116886   -977.1748185
1578.6166462   -2062.1078014   -977.8227806
1587.5419053   -2056.0142994   -478.0181944
1587.3725089   -2054.2328358   -482.3478162
1587.0998176   -2052.9909134   -486.9289398
1587.9010233   -2055.2210808   -490.9879863
1588.0613597   -2056.4157963   -494.4976866
1586.7388519   -2052.5865555   -493.9932227
1586.5302952   -2053.1475544   -498.5350072
1587.9431637   -2058.0718517   -500.0088811
1586.3349112   -2051.194191   -490.6986654
1586.1503752   -2052.2716045   -480.0457954
1585.2642926   -2052.2096157   -476.2803912
1586.0321792   -2056.2272072   -472.110182
1585.669783   -2050.0969887   -484.0388298
1585.1542028   -2048.2723713   -488.0602062
1584.6441063   -2046.9312668   -493.7608242
1585.5762633   -2052.5262356   -505.6083798
1584.445742   -2047.406435   -501.6435385
1584.4361456   -2048.9621162   -479.6554446
1583.4538611   -2051.1665344   -472.417295
1583.745149   -2053.5404682   -469.9198306
1583.6075219   -2055.8524132   -466.8685794
1586.1122879   -2059.2887402   -468.1484699
1588.0893143   -2061.3691807   -470.5483913
1586.0040458   -2055.713892   -508.9451671
1584.7413214   -2052.4840355   -511.8133426
1587.4457034   -2058.5951805   -504.8605204
1585.3527459   -2055.6156635   -512.8359199
1586.9652303   -2059.5402718   -509.7797513
1583.5255059   -2045.633316   -483.6220443
1583.7193998   -2047.4560261   -509.4661713
1583.4837826   -2045.5040932   -506.5108538
1584.1453942   -2054.6383858   -518.1010962
1586.062518   -2060.436964   -515.9837008
1583.200601   -2048.6085415   -475.7646024
1583.1709179   -2043.6446667   -488.9473319
1583.5052999   -2049.0317345   -514.0271187
1583.3279761   -2043.6167717   -498.6673594
1582.3199423   -2041.0251617   -494.2548573
1582.8890475   -2043.0264473   -503.8891435
1582.1679505   -2045.2778339   -478.3171713
1582.2084221   -2048.4528542   -520.6347108
1581.3481482   -2050.1663685   -525.6674886
1581.7827853   -2054.6591282   -527.5603533
1584.1102871   -2059.9324703   -523.6390233
1581.5810236   -2051.0282516   -468.4487879
1582.708803   -2044.2824364   -510.666728
1579.9414786   -2052.826643   -463.577956
1581.9248828   -2058.1097603   -461.7239237
1585.0190791   -2060.4562759   -464.6114111
1581.629959   -2041.4807796   -485.1610661
1581.2684568   -2042.1659946   -481.4428389
1582.0216807   -2043.462038   -514.683485
1581.7621025   -2040.1363373   -506.8694949
1580.1409753   -2045.6416607   -472.3748565
1581.7417773   -2039.4346714   -500.3799796
1580.7135376   -2038.5234356   -489.0563488
1581.3365253   -2040.2209759   -512.3996735
1579.2733701   -2034.3267918   -495.3102767
1580.3664597   -2039.4563675   -518.5408592
1580.2831324   -2044.315815   -524.9958038
1579.4417533   -2041.0511494   -477.4357378
1580.0373229   -2048.1307507   -528.870821
1580.349234   -2057.2504997   -534.029603
1579.6078118   -2051.8054962   -532.4959755
1582.3420557   -2059.7994328   -529.9063325
1579.8291834   -2034.760952   -503.4104586
1579.697636   -2034.9955559   -511.0292435
1579.0863308   -2037.6372337   -482.7994108
1578.6814364   -2038.1438732   -525.5644917
1578.3844265   -2034.4138145   -521.676898
1579.6247395   -2059.8435402   -538.3848548
1581.4526948   -2062.3586178   -535.2484584
1578.5278352   -2042.7656174   -530.3890109
1580.265549   -2061.4104271   -456.7483366
1587.4159011   -2068.226099   -992.8759336
1587.517825   -2076.4408112   -992.1206832
1588.046697   -2111.3886833   -987.8407717
1587.5685485   -2124.8486042   -986.5915775
1586.8296894   -2119.7304726   -987.1515632
1586.4059003   -2100.820303   -989.3116355
1587.6794132   -2096.1239338   -989.7522926
1588.0885991   -2108.9775562   -972.8153348
1587.323037   -2154.1361809   -985.1718545
1585.1992043   -2128.2594204   -970.3650475
1587.502447   -2134.2508793   -985.9141707
1587.3071822   -2105.209589   -988.6536598
1585.4232582   -2139.3010616   -986.0213995
1586.0145959   -2148.2100487   -985.5646491
1586.2797769   -2169.3899632   -968.2818651
1586.4727768   -2161.0426903   -985.2386713
1587.3766812   -2069.5648193   -975.695014
1587.7313884   -2116.6849136   -971.7081785
1585.9716805   -2176.4609814   -872.1083999
1588.1331237   -2188.7722015   -891.1082745
1585.6166156   -2085.7522488   -991.2416339
1584.1523679   -2091.6547775   -990.6792641
1588.3176597   -2086.1587524   -975.0714898
1586.0909494   -2080.8877945   -991.7598963
1587.9234942   -2186.4609718   -887.1433139
1588.3168253   -2184.3464375   -984.2869043
1587.5280174   -2179.6343327   -984.6192002
1586.0132249   -2167.699337   -985.2334857
1587.4417695   -2188.190937   -984.5058322
1587.8035697   -2175.088644   -864.723444
1588.2948311   -2182.8465462   -966.1443233
1586.9093212   -2095.3164101   -974.9115109
1585.97025   -2149.3349075   -969.3405032
1586.9493755   -2142.8802013   -969.7212577
1585.7892307   -2146.1706161   -969.3477154
1586.5966352   -2173.9785671   -984.9733114
1583.4394964   -2115.1332855   -988.0986214
1588.1855162   -2192.2101974   -960.5625272
1586.0362919   -2108.1159115   -988.460362
1587.7473029   -2196.056366   -954.6565413
1586.2407359   -2080.4553032   -975.489378
1586.6490277   -2134.4969273   -970.071435
1585.9515937   -2066.0421848   -976.0245681
1585.3331956   -2175.0955582   -966.8438435
1585.470465   -2180.0634861   -965.1682973
1583.2149061   -2129.8761368   -986.9506359
1586.3072547   -2112.4331951   -972.3220468
1586.1062082   -2102.0476818   -974.1200805
1584.3571695   -2098.4048843   -974.93577
1587.8557237   -2183.4406853   -881.4351559
1587.1058377   -2186.9244576   -963.2188678
1585.9344872   -2188.7869835   -960.5240226
1586.9062217   -2189.7120476   -895.7787156
1586.7883834   -2192.8002834   -984.701395
1583.59423   -2072.3805428   -992.8253293
1586.8823799   -2175.5497456   -868.0155277
1583.0527218   -2119.9710369   -971.2067842
1581.7034515   -2124.7224808   -970.5608487
1585.8142646   -2171.6752052   -862.4592423
1586.9264873   -2170.5393791   -857.036829
1586.1165794   -2076.6215324   -975.5504131
1585.7274207   -2073.2471943   -975.7239819
1585.8519944   -2182.7938557   -884.89151
1583.7427052   -2143.7244415   -986.1549735
1583.0366286   -2153.7415981   -968.4255123
1585.1556929   -2139.1694546   -969.4715142
1587.1851119   -2194.4966316   -904.3294191
1585.9038504   -2190.6068325   -899.8034596
1584.8516496   -2062.5422001   -976.4231443
1586.2173112   -2183.9318275   -964.0417695
1585.0206288   -2091.11619   -975.5728245
1585.1838263   -2105.5448055   -973.5729694
1583.7565335   -2162.227869   -968.1887627
1586.6909894   -2195.7299709   -950.5216479
1587.3104008   -2197.4093914   -947.2087026
1585.6340798   -2180.5882454   -881.0907602
1583.2852992   -2176.3916016   -878.4499168
1586.2077745   -2192.1145916   -957.2612643
1582.1020874   -2196.9742775   -986.2118363
1586.5131291   -2203.3777237   -984.9569798
1584.1895612   -2088.0167484   -975.8084416
1584.0748223   -2084.7876072   -975.9110212
1582.7487978   -2184.384346   -985.869348
1585.295287   -2184.4244003   -889.3553615
1584.7398313   -2185.9304905   -893.5772181
1584.0386423   -2109.4603539   -972.8856683
1583.1251415   -2110.3966236   -988.6075854
1584.2747959   -2172.2502708   -867.6764369
1584.1409238   -2191.9484138   -952.3519278
1581.5986069   -2114.5715714   -972.0844626
1583.1147107   -2096.8492031   -990.1562333
1583.329645   -2122.377634   -987.4391556
1581.8891796   -2125.3774166   -987.4614477
1581.9161209   -2178.1377792   -986.1291647
1580.7056697   -2077.3274899   -992.6007986
1581.2667879   -2135.5183125   -986.9939685
1582.6613577   -2190.53936   -985.9133363
1580.547777   -2067.3234463   -993.489027
1582.9016241   -2070.3852177   -976.3534665
1580.6954774   -2157.7296257   -986.5563512
1580.6543501   -2152.0645618   -986.6178632
1586.753157   -2197.4856853   -943.611443
1585.3892835   -2195.073843   -946.1263418
1581.0889872   -2105.7667732   -989.3882275
1587.1707471   -2197.5874901   -910.7176065
1583.7996873   -2193.1064129   -909.7438455
1582.5042399   -2188.0526543   -903.0233026
1584.7792896   -2196.5484619   -915.2418971
1587.3282822   -2199.6872425   -915.109396
1584.8970684   -2185.4519844   -961.8772268
1583.2520994   -2143.4464455   -968.8952565
1586.9215401   -2198.6651421   -939.7211671
1585.274187   -2196.2740421   -940.4886365
1585.1441892   -2196.917057   -937.2313023
1586.794761   -2199.3839741   -936.5028739
1588.3104476   -2201.1990547   -938.1793737
1582.2876962   -2094.1143036   -975.8051634
1584.2489871   -2187.404871   -897.6320624
1581.7509564   -2119.4884777   -987.9388809
1583.8563713   -2193.7465668   -943.9212084
1583.6128267   -2192.5165653   -948.1751323
1582.926658   -2135.2965832   -969.4193602
1579.5840295   -2172.1653938   -986.7886901
1579.1155966   -2164.4120216   -986.9114757
1579.5613798   -2100.2345085   -990.183413
1584.1084989   -2078.7475109   -975.941062
1582.1813019   -2081.3369751   -976.4091969
1581.217614   -2170.5832481   -965.5622244
1581.776944   -2166.2213802   -966.960907
1582.7727588   -2181.9932461   -961.9310498
1583.2723054   -2188.5049343   -956.4754963
1583.08014   -2075.1459599   -976.2103558
1582.0493969   -2101.7665863   -974.6474028
1580.5980834   -2082.6575756   -992.0547009
1579.5587572   -2146.7838287   -986.943543
1581.3948186   -2171.0810661   -872.5363612
1582.4192437   -2173.6557484   -875.1294017
1580.6398066   -2147.3391056   -968.306303
1582.7949914   -2185.4100227   -959.3599439
1582.6041373   -2178.2212257   -883.671701
1582.5969847   -2180.4156303   -887.9516721
1582.2403105   -2168.1237221   -864.4105792
1584.0153965   -2168.5292721   -860.5177999
1580.4111632   -2087.0232582   -991.5897846
1580.5053981   -2176.5282154   -962.8769159
1585.4509743   -2198.4286308   -932.7002168
1583.1769379   -2195.1296329   -934.8253012
1583.1185254   -2195.8568096   -931.2625527
1585.0024494   -2198.5120773   -928.6816716
1588.102785   -2201.8501759   -934.1977239
1587.2953209   -2201.3657093   -930.4466844
1578.7690552   -2141.1135197   -987.267077
1582.7229889   -2182.4491024   -891.6339874
1583.1589969   -2194.0135956   -939.0820265
1585.2192911   -2199.0039349   -924.949944
1583.0707224   -2196.2795258   -925.5262017
1583.0657753   -2195.9319115   -920.8409786
1586.3349708   -2199.8193264   -919.7610617
1587.3487862   -2201.8077374   -927.2488952
1587.2832807   -2201.6355991   -923.6492515
1579.5232328   -2105.5943966   -974.0459323
1580.6280049   -2140.8631802   -968.7196016
1580.9859904   -2090.0211334   -976.4597416
1581.247774   -2065.3483868   -976.9547582
1581.7383202   -2192.8679943   -915.4069424
1581.4518007   -2183.2308769   -896.1882591
1578.720239   -2097.6045132   -975.8062363
1579.6814831   -2167.0842171   -868.9913154
1578.6892446   -2182.2736263   -900.916934
1582.145718   -2192.1780109   -942.4596429
1580.2603634   -2085.1275921   -976.7868519
1580.5517109   -2188.7760162   -949.2356777
1580.5862816   -2187.2873306   -952.8326988
1580.798355   -2077.9612064   -976.7980576
1582.0490392   -2194.9226856   -928.4896851
1578.6455544   -2110.3417873   -973.0398059
1581.0746821   -2164.978981   -861.0912561
1583.6305293   -2166.4128304   -857.0997119
1580.3585919   -2189.0625954   -910.2507234
1579.9940499   -2159.1207981   -967.3748612
1579.8715623   -2162.8148556   -966.7971134
1581.8513306   -2191.1559105   -945.5733299
1578.7758502   -2122.4780083   -988.2003069
1578.7875923   -2173.0177402   -882.7626705
1579.0850791   -2170.6182957   -877.3742914
1579.6430381   -2183.9742661   -955.9874535
1580.2409919   -2144.2861557   -968.4197307
1581.41723   -2192.732811   -936.3816977
1580.2341374   -2192.4040318   -931.5505624
1579.7599228   -2190.3157234   -939.3504858
1579.1937979   -2073.80867   -977.2911072
1581.0664567   -2193.7725544   -924.3774414
1580.2063616   -2192.3041344   -920.3229547
1578.9911421   -2121.6976643   -970.9160924
1579.3764862   -2069.0107346   -977.3178697
1579.9277099   -2182.1177006   -958.4105015
1580.2932652   -2179.8286438   -960.5720639
1578.4168514   -2188.359499   -987.1643782
1579.7034772   -2178.5969734   -891.3827538
1578.6029371   -2192.5070286   -987.1858954
1579.6023282   -2176.2478352   -887.0690465
1578.8164409   -2185.084343   -906.2096477
1578.3778103   -2163.4407043   -865.2737737
1579.6535882   -2189.4209385   -942.9411292
1580.5713805   -2203.1071186   -986.8783951
1579.0393623   -2101.5217304   -974.9563336
1579.9091133   -2192.3968792   -927.2708893
1578.9615186   -2189.6033287   -916.1913991
1579.0765556   -2190.2685165   -936.0778332
1580.6204947   -2162.5750065   -857.5219512
1578.4457596   -2190.5167103   -923.8283634
1578.6887082   -2077.4064064   -977.33289
1582.8483375   -2163.1684303   -852.5016904
1587.5253352   -2157.1202278   -828.207314
1587.209967   -2160.2728367   -834.5990181
1587.4247225   -2133.8396072   -788.0548239
1587.9200967   -2150.2783298   -815.3013587
1588.2947119   -2110.5051041   -737.395823
1587.2599157   -2111.7584705   -743.3875799
1586.8135961   -2166.3470268   -847.9626179
1587.2280272   -2138.5607719   -797.149837
1587.4396237   -2125.2100468   -771.3164687
1586.9525941   -2113.591671   -748.1664419
1587.0561274   -2130.5253506   -782.969594
1587.9947814   -2127.8474331   -774.9572992
1586.3193544   -2162.6703739   -841.6289091
1586.8230136   -2161.5047455   -838.057816
1586.0899957   -2152.2855759   -823.7156868
1587.1747407   -2106.5416336   -733.3787084
1587.928203   -2103.5490036   -723.5307097
1586.5970524   -2119.3752289   -761.5845799
1586.9761976   -2115.9479618   -752.989471
1586.5821513   -2151.0248184   -820.1850057
1586.7519649   -2127.7782917   -778.6064148
1587.5315341   -2101.0279655   -718.3197141
1586.4191326   -2103.4526825   -729.5216322
1585.1057442   -2140.440464   -806.3893914
1586.2398418   -2138.6110783   -800.0233173
1586.286393   -2100.194931   -722.1341729
1584.7146782   -2142.6398754   -811.1975789
1587.2624787   -2122.5774288   -766.3027644
1586.3231691   -2097.7258682   -714.545846
1587.6228484   -2098.2396603   -708.1587911
1584.9124464   -2115.0836945   -757.9694986
1586.1158641   -2135.4219913   -794.8593497
1585.8146819   -2167.5117016   -853.3530235
1585.4901942   -2108.3750725   -742.3397303
1584.9156054   -2105.6146622   -738.7300134
1585.7768329   -2124.332428   -774.6241093
1585.9625014   -2101.1576653   -725.9525061
1585.1192149   -2147.4525928   -818.3118701
1585.2032574   -2097.3842144   -719.3370461
1583.9631828   -2154.9549103   -834.017992
1583.3872827   -2151.255846   -829.5833468
1584.9008235   -2121.1838722   -770.9411979
1584.5845612   -2128.8294792   -787.0700359
1583.0145153   -2128.9739609   -792.0244336
1583.7335857   -2117.1686649   -766.2873864
1584.2476758   -2108.9808941   -747.5883961
1584.8363908   -2135.9460354   -799.3049026
1583.9702757   -2157.9136848   -839.1734362
1583.960143   -2100.5010605   -731.854558
1583.5239562   -2101.539135   -735.4301214
1584.0841206   -2126.0993481   -783.4548354
1584.6607956   -2111.7548943   -751.9192696
1583.9870247   -2162.0678902   -847.0237851
1583.8265689   -2123.5530376   -779.2145014
1584.833649   -2116.8222427   -761.947453
1583.8362249   -2146.9595432   -821.0783005
1582.8669938   -2093.8501358   -719.6920514
1584.7962769   -2094.5231915   -711.959362
1582.6069983   -2091.8083191   -714.3333554
1582.9980644   -2159.1284275   -844.0932035
1584.3747529   -2098.2093811   -725.0674367
1583.1690105   -2135.9798908   -804.2585254
1583.2402977   -2131.8376064   -796.7075706
1582.0811065   -2146.7831135   -825.7905245
1583.3333405   -2120.6467152   -774.8844624
1582.5294527   -2104.351759   -743.7852025
1581.4503702   -2142.6200867   -820.6535578
1582.8394564   -2139.177084   -810.7482195
1581.6307934   -2100.9323597   -739.9042249
1582.8764113   -2114.3946648   -763.2260323
1582.8032764   -2110.8994484   -756.1227679
1581.7367109   -2111.0808849   -759.9306107
1581.8750533   -2117.1607971   -772.2284794
1581.9943818   -2132.642746   -801.8064499
1582.6590928   -2090.6476974   -709.551096
1585.6076749   -2094.7146416   -707.5078487
1580.7413133   -2138.6678219   -815.9339428
1581.8044218   -2107.9583168   -753.2785535
1581.5054449   -2124.853611   -788.785398
1581.5193924   -2096.4546204   -731.3181162
1580.6956562   -2093.0066109   -726.1232138
1580.069569   -2103.6291122   -749.9454021
1580.6840929   -2121.1104393   -784.0529084
1580.7671221   -2158.3397388   -848.8577008
1581.1979445   -2153.0816555   -838.4277821
1579.8849138   -2154.1776657   -843.9116478
1580.6228789   -2149.9340534   -834.9316716
1581.2115344   -2097.5849628   -734.7680926
1580.4281505   -2143.532753   -824.978292
1580.4456743   -2117.7983284   -778.1095505
1580.3001197   -2112.1993065   -766.9222355
1579.9252661   -2146.5411186   -831.3570023
1581.8104418   -2129.1511059   -796.0312963
1580.4524692   -2129.3463707   -800.3416061
1580.5262598   -2135.1521015   -810.4516268
1580.8899673   -2133.1758499   -805.9740067
1580.4719599   -2126.4846325   -795.0306535
1579.5735987   -2089.0374184   -719.4069028
1578.7292393   -2088.848114   -722.2101688
1580.7988318   -2108.2618237   -757.1249604
1579.7992023   -2088.3591175   -716.1247134
1578.7131461   -2098.6468792   -744.1650629
1579.1112455   -2143.3503628   -828.3837438
1579.310325   -2129.61936   -804.223299
1578.6304744   -2112.8022671   -773.4839916
1579.0227922   -2104.3539047   -754.6967268
1578.5984071   -2107.0404053   -761.5858912
1578.8344415   -2096.487999   -739.7153974
1578.5339149   -2091.7568207   -730.6549549
1578.8868936   -2120.7201481   -788.7721062
1579.2339119   -2122.9166985   -791.9421792
1578.9063247   -2138.2861137   -820.4831481
1578.9371999   -2140.9769058   -824.9174953
1578.4204873   -2135.4179382   -816.9144392
1578.5728963   -2123.3329773   -794.7452068
1579.0324482   -2085.7176781   -709.8636031
1581.1379226   -2087.0597363   -703.2122612
1588.0033048   -2084.6586227   -576.7582059
1588.2750424   -2084.7568512   -589.7383094
1587.6080068   -2090.6977654   -664.4368172
1587.4991091   -2083.6889744   -596.6373086
1588.3350047   -2084.5270157   -564.2237663
1586.3889726   -2082.5557709   -568.647325
1588.2976326   -2090.3642178   -653.3588767
1586.4770087   -2086.9767666   -648.6882567
1587.86985   -2097.7814198   -704.203546
1588.1897482   -2096.9440937   -697.7100968
1587.8761681   -2093.8384533   -685.0729585
1588.3479389   -2084.946394   -585.6301188
1587.998298   -2087.9387856   -638.4518147
1587.9779132   -2087.1596336   -632.9692006
1588.195947   -2087.0213509   -628.7209392
1587.9639658   -2084.5761299   -582.1933746
1587.6839431   -2092.094183   -675.5530238
1587.3080166   -2083.7109089   -606.5763235
1587.2603925   -2083.8997364   -611.5831137
1586.2306627   -2090.5168056   -680.9304357
1587.5880393   -2085.6502056   -625.4374385
1587.2952612   -2089.4517899   -658.3339572
1585.313526   -2081.5894604   -573.1322765
1586.7796215   -2082.84688   -601.719141
1586.9857939   -2094.0740108   -693.919301
1587.25926   -2083.5180283   -588.2145762
1586.665717   -2083.4038258   -616.2677407
1586.9019898   -2082.9894543   -592.7152634
1585.7835086   -2088.6490345   -670.8562374
1586.33509   -2092.1137333   -689.3795729
1585.9142216   -2082.8752518   -621.6807365
1585.2227481   -2084.4135284   -641.7947412
1585.613695   -2081.7141533   -585.9635472
1584.8802599   -2080.5354118   -565.8701658
1585.5375203   -2081.1345577   -562.9959106
1585.8446034   -2087.1036053   -656.121254
1585.2656635   -2085.6952667   -651.1824131
1585.264829   -2082.8187466   -628.8428903
1584.5912965   -2092.3686028   -704.2973638
1584.3031677   -2090.8949375   -699.2974281
1582.7898654   -2079.0421963   -580.9144974
1583.9703354   -2080.2137852   -575.7692456
1585.4038271   -2083.8551521   -635.6441975
1585.2570208   -2089.754343   -685.7231855
1585.2304371   -2081.1851025   -609.8003983
1585.1167115   -2088.1941319   -676.1051416
1584.8845514   -2086.8220329   -664.9678349
1585.6020125   -2081.5720558   -590.0076032
1584.6854719   -2080.5008411   -593.7465429
1584.5153602   -2080.2328587   -598.4922051
1584.4325098   -2080.1594257   -604.6013832
1584.792641   -2086.2364769   -660.2903605
1584.5693024   -2090.2030468   -693.8066483
1585.1428183   -2081.2749863   -613.7031913
1583.888677   -2079.556942   -601.3413668
1583.9619907   -2080.1606178   -616.917491
1583.0750736   -2079.0743828   -571.7025399
1583.1868323   -2087.498188   -690.087676
1583.8287147   -2087.3429775   -683.5967302
1582.3086771   -2084.9542618   -681.2960505
1583.0919417   -2082.4491978   -645.9357738
1582.9039487   -2079.6785355   -624.2925525
1582.5970443   -2079.0092945   -620.4199791
1583.7236317   -2084.4419003   -656.3042998
1581.1617645   -2082.7214718   -673.7233996
1582.9989585   -2084.6822262   -668.4007049
1581.291941   -2077.3513317   -589.0073776
1582.7325853   -2078.07827   -566.2426353
1583.6831602   -2078.2115459   -559.3311191
1586.9090828   -2081.9885731   -557.9504371
1582.1085843   -2079.852581   -633.664012
1583.0239924   -2081.3901424   -638.1105781
1581.4650925   -2081.3143253   -652.0245671
1580.6930336   -2077.8377056   -628.0084252
1582.6561721   -2078.5746574   -612.7141714
1581.6461714   -2077.3723125   -607.7720523
1582.2559866   -2081.0275078   -641.0929561
1581.9646987   -2083.0094814   -664.1463637
1581.4779671   -2081.9840431   -659.3788862
1582.0877226   -2077.8725147   -595.8675146
1581.7189487   -2086.6012573   -696.3295937
1582.4745568   -2078.1674385   -598.8878608
1581.6862258   -2077.4197578   -603.6410928
1580.4049047   -2076.4334202   -576.2677789
1580.143896   -2076.3919353   -616.7054176
1580.4850134   -2083.4183693   -687.3953938
1580.0628933   -2080.0814629   -655.2583575
1580.2551778   -2083.9753151   -692.3985481
1579.274145   -2078.3360004   -644.1797018
1579.9419554   -2079.5006752   -649.802804
1579.9151333   -2075.4234791   -570.7711577
1579.7327431   -2078.1686306   -638.3094788
1580.1690491   -2076.0345459   -600.0282764
1580.2702578   -2081.2597275   -667.9239273
1579.6541842   -2076.3354301   -622.4713326
1579.6396407   -2075.9487152   -583.7954283
1580.1044973   -2076.3680935   -580.5431604
1579.3426903   -2074.0180016   -566.5000677
1580.5108222   -2074.5105743   -561.4574552
1579.4343623   -2075.4292011   -611.3989353
1578.5821351   -2080.1947117   -679.3810725
1578.4419449   -2080.5227757   -683.914721
1579.47239   -2075.5808353   -595.2168703
1579.2954239   -2079.723835   -661.52668
1579.5927914   -2084.5196247   -700.766027
1578.6657008   -2082.6292038   -696.6206431
1579.0487202   -2075.0415325   -604.6341062
1579.5724662   -2071.6402531   -556.7090511
1587.6952084   -2125.6232262   -446.0737109
1588.2591876   -2196.6979504   -469.7029293
1587.4067219   -2171.359539   -451.1231482
1586.858538   -2132.5671673   -445.8546638
1586.7446335   -2166.8248177   -449.8083889
1588.0965861   -2178.8625717   -453.6934793
1587.8047618   -2090.0943279   -449.8430192
1587.713209   -2093.9717293   -448.6125112
1588.0272659   -2075.9727955   -533.5519314
1587.6837643   -2141.6628361   -446.438849
1586.6589221   -2110.9614372   -446.0206926
1587.1824893   -2085.3424072   -451.0879219
1588.1014141   -2072.776556   -526.4741778
1587.6427563   -2081.7763805   -453.0723095
1586.9524153   -2199.9633312   -476.9566655
1585.2896842   -2199.7802258   -472.6198018
1588.1021889   -2073.8725662   -458.3006799
1586.5345868   -2077.641964   -543.7970161
1585.5865749   -2074.1579533   -539.3993855
1584.9700245   -2136.5368366   -445.4796612
1586.3365205   -2161.4608765   -448.4957159
1585.4603919   -2099.8442173   -445.9564686
1585.6435569   -2096.3361263   -446.5520382
1586.3472494   -2104.6261787   -446.0567832
1585.6060656   -2079.0836811   -552.2097349
1586.1905488   -2196.0425377   -464.6339417
1586.8129405   -2069.8883533   -459.2749178
1587.0036753   -2076.0586262   -455.3752244
1587.3259576   -2062.7133846   -466.8585062
1586.0107215   -2148.1688023   -446.5252757
1585.5830582   -2143.8539028   -446.0139275
1586.4157351   -2078.6402225   -453.2310665
1586.0339674   -2078.2499313   -547.5050807
1585.3169831   -2185.2824688   -455.0982118
1585.431722   -2181.2469959   -453.4888864
1585.4921015   -2152.4569988   -446.8913078
1585.7180031   -2156.9344997   -447.5452304
1585.5961116   -2177.7560711   -452.247709
1585.439113   -2174.5741367   -451.2853324
1585.969952   -2116.232872   -445.6376731
1583.5482749   -2108.0954075   -444.6524382
1586.6533192   -2063.7834072   -518.0248022
1585.5492624   -2189.0063286   -457.0935667
1587.3309644   -2068.1819916   -521.8478441
1586.6630944   -2066.5409565   -461.7147148
1586.4408287   -2063.8720989   -463.7900889
1585.6106552   -2194.8609352   -461.7963433
1583.6459669   -2193.5613155   -458.2085609
1584.3234333   -2119.8964119   -445.0749755
1582.5557979   -2201.0159492   -468.7582254
1583.6949619   -2130.0406456   -445.0200498
1584.7432884   -2125.8773804   -445.2344477
1585.4659351   -2072.2708702   -455.7445347
1586.5912708   -2073.384285   -533.8773727
1585.9595212   -2066.2891865   -524.4464874
1585.5636271   -2069.1902637   -530.3372145
1585.304943   -2092.9369926   -447.0111728
1584.6712264   -2087.6431465   -447.9314983
1582.6898488   -2123.0916977   -444.6798563
1584.6774849   -2080.6846619   -450.4839182
1582.5430425   -2171.7574596   -449.8369694
1584.0748223   -2084.1288567   -448.5892355
1581.9472345   -2140.1703358   -445.0468421
1584.0830477   -2163.3727551   -448.3098686
1583.2389864   -2074.9733448   -451.7382681
1582.5948986   -2132.8220367   -444.8781908
1584.9849852   -2066.6382313   -459.040463
1584.0918096   -2068.5167313   -456.4639032
1582.3782357   -2166.9890881   -448.6908019
1584.1115388   -2063.1389618   -460.6541395
1582.6431783   -2111.3381386   -444.3582296
1582.8527483   -2068.0887699   -538.2494926
1583.062497   -2073.1115341   -546.623528
1582.4464234   -2103.6243439   -444.0580606
1582.5709375   -2197.8962421   -462.1019661
1583.0586227   -2146.7788219   -445.723474
1582.9775008   -2150.9153843   -446.1247027
1581.232992   -2116.0843372   -444.0429509
1583.7431224   -2065.0308132   -530.8513045
1582.5389894   -2159.5494747   -447.332114
1582.5667056   -2155.298233   -446.6639161
1580.8272036   -2072.9784966   -554.795444
1582.4985775   -2176.602602   -450.963378
1582.8496488   -2179.83675   -452.0390928
1581.8800601   -2069.4620609   -543.7830687
1581.856695   -2143.3475018   -445.2474713
1581.2350186   -2189.2642975   -455.0314248
1583.1138762   -2093.6267376   -445.3433752
1583.0018195   -2070.540905   -453.8054466
1582.1142467   -2096.8081951   -444.2752302
1581.3673409   -2100.0823975   -443.6448216
1581.4308795   -2183.7317944   -452.6850581
1581.6501053   -2089.571476   -445.1757371
1582.962242   -2065.2453899   -457.295984
1579.7311338   -2135.4730129   -444.543153
1579.2458924   -2126.544714   -444.0494776
1581.8230184   -2081.7320347   -447.5010335
1581.8246277   -2078.4254074   -448.7730861
1581.7363533   -2085.3509903   -446.3114142
1580.9565457   -2066.6999817   -453.912884
1579.8928412   -2163.7127399   -447.6261139
1579.0459784   -2195.8763599   -456.9288492
1580.9173854   -2149.3673325   -445.6439912
1579.2874964   -2110.2805138   -442.9867864
1579.0801915   -2106.4460278   -442.6630735
1580.8419856   -2070.422411   -451.5805542
1579.6744498   -2075.7303238   -448.0222464
1579.5177492   -2072.3304749   -449.3561387
1579.4992121   -2121.1032867   -443.8163936
1579.3472203   -2093.3406353   -443.064183
1578.5365375   -2066.3378239   -549.8619676
1580.2654894   -2146.1760998   -445.2630579
1580.8437737   -2064.6691322   -539.9796963
1579.2288455   -2179.7866821   -451.0022104
1579.2835625   -2200.3092766   -460.7431889
1580.5916461   -2201.9176483   -465.3443098
1580.3374919   -2157.2015285   -446.5906322
1578.883973   -2153.5041332   -445.9400475
1579.1056427   -2175.7166386   -449.9787092
1578.4073742   -2169.0170765   -448.4645128
1578.7357362   -2158.8177681   -446.6393888
1578.4814628   -2097.7919102   -442.2848821
1578.9368423   -2063.3883476   -544.3923473
1579.4002088   -2079.1451931   -446.4750886
1579.0699395   -2086.3261223   -444.1646934
1587.2044238   -2322.6265907   -991.8801188
1586.6085561   -2248.603344   -987.157166
1588.2605585   -2236.0887527   -985.8129025
1588.0273851   -2242.0947552   -986.240983
1586.8367823   -2229.8576832   -985.9745502
1587.9559191   -2307.4245453   -990.5099273
1586.9627269   -2210.2301121   -985.0026369
1586.4313515   -2333.9850903   -993.1504726
1587.3343023   -2339.512825   -993.2836294
1586.3859328   -2312.169075   -991.4324284
1587.8224643   -2271.8157768   -988.1210923
1587.1372493   -2274.9459743   -988.6061549
1587.2162255   -2287.7175808   -989.503324
1586.3528522   -2292.1488285   -990.1407957
1587.2687968   -2300.0309467   -990.3050661
1585.7519182   -2216.3915634   -985.6520891
1586.1279043   -2221.0612297   -985.7373834
1585.7267054   -2283.479929   -989.7693992
1586.3764557   -2260.4980469   -987.9649878
1583.8455828   -2255.2745342   -988.6000156
1585.7052477   -2296.4296341   -990.6752706
1586.9083675   -2268.9096928   -988.2790446
1584.5245989   -2328.4204006   -993.4269786
1583.3657058   -2266.0057545   -989.4545674
1583.4380063   -2278.260231   -990.2691245
1584.5839056   -2224.7443199   -986.476779
1584.4836506   -2316.683054   -992.4951196
1585.0568684   -2303.6808968   -991.3908243
1584.2544707   -2239.582777   -987.4649644
1581.3772353   -2234.8721027   -988.2487655
1583.804694   -2243.6125278   -987.8775477
1583.373216   -2308.041811   -992.3267365
1583.701876   -2272.1040249   -989.7266626
1582.9968127   -2337.1679783   -994.8416948
1583.254722   -2342.3600197   -995.2253103
1587.9448327   -2344.7303772   -993.5112596
1583.141652   -2299.4554043   -991.8593168
1582.3672684   -2288.1171703   -991.3894534
1582.1844014   -2324.2542744   -993.9962029
1581.6737684   -2320.0047016   -993.8479066
1582.0604833   -2207.3736191   -986.5356684
1580.1865133   -2213.0799294   -987.4357581
1580.4615887   -2227.7817726   -988.1500602
1581.019667   -2251.1768341   -989.4067645
1580.3447636   -2246.5395927   -989.3619418
1581.5865072   -2332.3149681   -994.9515462
1581.96148   -2312.5295639   -993.1797981
1580.5167826   -2260.4110241   -990.1860356
1581.6437276   -2294.3797112   -992.1004772
1580.2895697   -2220.5016613   -987.7869487
1581.2989744   -2283.0634117   -991.4392829
1580.1202925   -2303.5492897   -993.2882786
1579.7834071   -2327.5442123   -995.229423
1580.7433995   -2316.0614967   -993.9081669
1579.8746022   -2241.1789894   -989.1940355
1579.2933377   -2269.7560787   -991.2695289
1578.7474187   -2280.1895142   -992.2158718
1579.0097984   -2308.8252544   -994.0664768
1579.3029936   -2298.6147404   -993.2810664
1579.0494951   -2335.6015682   -996.2766767
1580.2412304   -2339.2233849   -996.1513281
1578.8517865   -2342.3640728   -996.999383
1587.4017151   -2254.699707   -528.300941
1588.1142887   -2281.6762924   -531.6407084
1586.2081917   -2320.4557896   -537.6315117
1587.8585847   -2286.1466408   -532.2757363
1587.651697   -2203.5813332   -488.1609976
1585.8652862   -2247.8973866   -527.0608664
1587.8131064   -2242.6328659   -526.0568261
1587.8117355   -2289.0343666   -532.6648355
1587.9519256   -2212.3258114   -506.4051747
1587.220517   -2215.5165672   -509.8936558
1586.866227   -2237.582922   -524.4063735
1585.8265432   -2269.6290016   -530.2636623
1583.7134393   -2265.3036118   -529.782176
1584.8784121   -2228.8563251   -519.5941329
1584.8905715   -2300.917387   -534.8989964
1586.6896185   -2308.6080551   -535.659194
1586.1653956   -2312.9887581   -536.4158154
1587.2983607   -2325.5455494   -538.3995771
1584.1467651   -2297.4627018   -534.5255136
1586.0278877   -2292.9286957   -533.5100293
1586.3210233   -2208.6844444   -497.82601
1585.8255895   -2338.4308815   -541.1415696
1586.7829593   -2343.7039852   -541.7783856
1585.6348547   -2274.7187614   -530.9163928
1585.4749354   -2279.6969414   -531.6206813
1584.116784   -2259.8342896   -528.9913416
1585.3897604   -2219.4643021   -512.6264095
1583.2147273   -2208.3506584   -492.2439158
1584.1082009   -2331.6590786   -540.1687026
1585.3629979   -2328.3162117   -539.2776132
1583.8957103   -2234.1704369   -522.1076012
1584.7352418   -2212.1562958   -502.2261143
1582.7615532   -2224.6665955   -515.4513121
1585.1906212   -2203.4537792   -483.7075472
1584.6905979   -2202.4772167   -479.935348
1584.7536596   -2286.6141796   -532.7684283
1582.3598775   -2283.8056087   -532.6288939
1583.6968692   -2215.7402039   -506.6536069
1581.7373069   -2241.9281006   -524.7437358
1583.5477384   -2290.3652191   -533.5415602
1582.8343304   -2206.0923576   -486.2874448
1583.7384137   -2315.4966831   -537.3003483
1580.9939774   -2252.7632713   -527.6791453
1582.4633511   -2256.5028667   -528.415978
1583.8035616   -2324.6994019   -538.8581157
1584.6760543   -2217.3109055   -509.6994638
1582.8635963   -2304.6793938   -535.8431339
1582.6626094   -2308.7861538   -536.4830494
1583.2163366   -2202.3570538   -475.8933783
1582.6449665   -2237.4494076   -523.2033134
1580.3811225   -2321.0299015   -538.8898849
1582.3525461   -2211.5790844   -497.759223
1581.9084319   -2292.8404808   -534.2336297
1579.2567404   -2247.6096153   -526.0746479
1580.5723938   -2269.4311142   -530.4427743
1581.8938287   -2338.0126953   -541.7065024
1583.3964022   -2342.7915573   -542.1299338
1579.7661217   -2277.4219513   -531.8174362
1579.3903741   -2273.5083103   -531.17311
1579.3255242   -2281.0397148   -532.5399637
1582.572368   -2218.7490463   -509.4336271
1579.8356804   -2222.3610878   -511.1272931
1580.474821   -2326.2143135   -539.8215652
1580.7867321   -2203.1950951   -470.6552625
1582.5987133   -2204.7333717   -482.1616113
1579.217461   -2233.5865498   -519.8817849
1580.30912   -2228.8110256   -517.1895027
1581.4516219   -2312.7713203   -537.3181105
1582.4771794   -2287.5981331   -533.2687497
1579.6461972   -2215.6908512   -501.401782
1582.0823582   -2204.1170597   -478.9399803
1579.2802843   -2300.0645638   -535.8546972
1578.4392031   -2336.9517326   -542.2750711
1581.312445   -2235.7580662   -521.9566822
1580.9039744   -2315.9630299   -537.9186869
1578.6551508   -2265.8934593   -529.9602151
1579.4850262   -2219.0983295   -506.7469478
1579.8715027   -2303.2107353   -536.2110734
1579.9224647   -2205.2350044   -476.157248
1580.3796323   -2208.1987858   -486.9820178
1579.1143449   -2210.6184959   -490.3013706
1580.7867917   -2206.6082954   -483.548075
1578.6553892   -2310.158968   -537.5145674
1579.5119079   -2238.0456924   -522.4409103
1580.2332433   -2206.094265   -480.4626107
1578.5475644   -2284.774065   -533.374548
1578.7312659   -2313.6329651   -538.0228758
1578.5957249   -2203.915596   -464.1328752
1587.032822   -2470.3502655   -1006.0942173
1583.6066278   -2476.7298698   -1007.6510906
1586.0941084   -2483.2761288   -1007.4374676
1587.0406898   -2463.5763168   -1005.4917336
1584.5038565   -2459.1088295   -1005.8822632
1585.9920653   -2454.7901154   -1005.0487518
1582.9952034   -2466.8822289   -1007.0102215
1580.6811126   -2462.3434544   -1007.2764158
1581.3285979   -2471.0240364   -1007.8467131
1580.1916989   -2456.2187195   -1006.8943501
1582.2795304   -2450.551033   -1005.808115
1588.205305   -2449.6150017   -1003.9128065
1584.3171152   -2444.2732334   -1004.6671629
1578.6900195   -2440.7823086   -1006.0961246
1583.8477286   -2437.7996922   -1004.2698383
1578.769234   -2474.2672443   -1008.8332891
1579.0197524   -2482.9928875   -1009.4182491
1578.8078579   -2467.0760632   -1008.2241297
1578.5538825   -2435.1868629   -1005.6900978
1583.2416686   -2432.2025776   -1003.9814711
1582.4643644   -2427.0060062   -1003.7652254
1582.3042663   -2421.7758179   -1003.3227205
1582.3078426   -2416.3496494   -1002.792716
1588.3481773   -2404.0813446   -999.5366931
1587.2934135   -2392.8306103   -998.6246228
1587.1030363   -2419.4407463   -1001.5490055
1587.1218713   -2414.1011238   -1001.0118484
1587.71005   -2367.2838211   -995.8148599
1586.8721875   -2424.7004986   -1002.1373034
1587.2292193   -2409.0898037   -1000.4611015
1586.6804393   -2429.2287827   -1002.6233196
1585.8105692   -2371.7155457   -997.0065951
1585.4177149   -2384.0820789   -998.3745217
1585.0801738   -2388.5118961   -998.9479184
1585.4724916   -2353.5637856   -995.3658581
1585.7939991   -2379.8079491   -997.811079
1585.118738   -2359.3161106   -996.0672855
1585.2460536   -2363.7294769   -996.4498281
1584.4425233   -2347.7637768   -995.2437878
1583.802131   -2400.5823135   -1000.6762743
1584.2784318   -2396.0924149   -1000.0319481
1583.6526426   -2376.0957718   -998.2506037
1583.1492218   -2405.7564735   -1001.4437437
1583.1831964   -2367.2945499   -997.6072907
1582.2066339   -2391.8676376   -1000.2987385
1582.5271281   -2410.9625816   -1002.1839142
1580.9878977   -2371.7074394   -998.852849
1581.8070444   -2380.607605   -999.3521571
1580.6691321   -2356.304884   -997.564435
1580.0876292   -2350.3320217   -997.2437024
1580.4043087   -2386.1792088   -1000.3681183
1580.780414   -2362.2722626   -998.0772138
1580.8160575   -2345.7725048   -996.5369701
1579.2119773   -2396.6636658   -1001.7961264
1578.9127024   -2402.381897   -1002.4727583
1578.7230404   -2376.3365746   -1000.0959635
1578.4218582   -2367.1946526   -999.4289875
1586.7570909   -2369.4577217   -443.4292018
1587.8469618   -2368.6721325   -456.5714598
1588.2647308   -2369.2069054   -452.9767036
1588.2382067   -2382.7638626   -519.0548897
1587.8790887   -2368.3729172   -421.5193987
1587.2260603   -2366.9688702   -461.527884
1587.1115001   -2373.0666637   -539.7709608
1588.1109508   -2376.3606548   -537.2266769
1587.5840458   -2361.1624241   -470.5490768
1586.349574   -2369.0567017   -449.5544434
1586.6949233   -2353.5792828   -542.8599119
1587.5854167   -2365.401268   -464.9061561
1585.3672298   -2369.1208363   -434.8620772
1587.8196629   -2363.2934093   -542.9367423
1587.4106558   -2371.5896606   -500.7990003
1585.9285863   -2358.3266735   -543.2184339
1587.4382528   -2382.7118874   -522.4409699
1587.0579156   -2382.3037148   -525.6636739
1586.4978107   -2381.3636303   -528.9474726
1587.3824628   -2364.1474247   -493.0823445
1586.257604   -2379.8277378   -532.4186087
1586.4169868   -2374.7651577   -504.5416355
1587.0643529   -2358.2468033   -478.593111
1585.7315334   -2347.3334312   -542.327106
1587.1215733   -2366.3146496   -496.0314035
1586.9823965   -2359.0199947   -474.3098319
1586.0029133   -2360.6207371   -489.7038341
1586.6024169   -2379.4145584   -510.4598999
1585.3423151   -2363.1882668   -466.1192298
1584.9591764   -2378.6249161   -534.0965986
1585.1753028   -2368.792057   -429.9756587
1586.4212187   -2359.0509892   -485.7599735
1586.9550975   -2380.6138039   -530.9668779
1585.1663622   -2376.3289452   -507.5522661
1585.8547362   -2366.3868904   -542.5589085
1583.1408771   -2367.8460121   -427.2220135
1584.4298872   -2366.0187721   -417.3501432
1585.51797   -2365.4639721   -413.6635065
1585.5569514   -2381.2847137   -516.9472694
1584.1332348   -2368.9467907   -439.496398
1584.8525437   -2356.8613529   -483.135581
1585.0217613   -2379.9507618   -513.6068463
1585.3551301   -2367.5906658   -499.3787408
1584.4279202   -2369.6758747   -541.5384173
1584.2259201   -2367.9223061   -454.2016983
1585.3336724   -2381.7634583   -520.4052925
1583.8700803   -2375.6895065   -537.7646089
1584.1477784   -2367.1522141   -422.2119153
1583.0891403   -2366.6608334   -458.1273198
1582.3105844   -2362.4665737   -543.5261726
1585.0083502   -2365.2546406   -462.6514316
1583.1688317   -2356.6486835   -471.9927013
1583.7087306   -2359.6284389   -468.311131
1583.5514339   -2368.5598373   -446.9483197
1583.8828357   -2381.538868   -523.6973763
1583.1392082   -2369.6408272   -503.3797026
1584.4280394   -2364.222765   -496.8285859
1583.4800275   -2361.1822128   -494.222641
1582.0405158   -2372.5752831   -540.151
1584.2420729   -2355.9474945   -476.0978818
1582.8262242   -2354.4080257   -479.8620045
1584.3543681   -2381.3824654   -526.7912149
1582.4148925   -2345.7043171   -542.6354408
1580.3432139   -2368.0047989   -442.5373971
1582.7687057   -2357.820034   -543.590486
1582.6576623   -2353.0993462   -543.2953835
1582.8480991   -2377.4991035   -511.5375519
1582.5414928   -2380.4488182   -529.2478204
1582.7658447   -2356.6045761   -487.8754318
1582.2817358   -2358.3333492   -491.8797314
1582.6791199   -2366.9230938   -542.681694
1581.6675695   -2377.8164387   -534.6502662
1581.6769274   -2380.2039623   -519.9248195
1582.0590528   -2379.0934086   -515.5439973
1581.5848979   -2365.470171   -501.1398792
1582.9463276   -2373.3789921   -506.5361857
1580.93932   -2367.7523136   -431.2944114
1579.1569027   -2367.6235676   -436.4098608
1582.6610001   -2363.3499146   -463.6869729
1581.7207368   -2360.8765602   -465.5062556
1581.3105377   -2367.6347733   -450.8935809
1581.3191208   -2375.0941753   -509.9208951
1581.4903053   -2364.677906   -460.9214962
1582.4733051   -2379.3616295   -532.0022702
1580.8644565   -2353.5678387   -484.3302667
1579.6633633   -2364.0093803   -417.637229
1581.1275514   -2363.2805347   -413.3556485
1581.1548503   -2361.9337082   -497.878015
1580.3330811   -2369.4927692   -541.8543816
1581.9248232   -2380.7485104   -526.3162255
1581.3911828   -2366.8849468   -425.2201319
1580.1494988   -2352.4143696   -475.9644866
1579.9488696   -2366.57691   -455.0593793
1578.4843834   -2365.0655746   -422.2869277
1579.8954042   -2380.1527023   -524.1274834
1579.204646   -2374.9566078   -538.2803679
1579.4550451   -2356.7368984   -467.7539468
1578.3736976   -2367.2733307   -447.2814798
1579.1552337   -2358.3192825   -495.7252443
1578.7291201   -2345.9393978   -543.30194
1580.2597078   -2372.4923134   -508.2865953
1578.6429914   -2367.3295975   -505.4802299
1579.4401439   -2376.5175343   -513.712585
1578.4645351   -2350.4755497   -481.0826182
1579.4278654   -2354.0079594   -543.836832
1580.3461345   -2358.4182262   -543.8281298
1579.4295343   -2355.5388451   -491.6971326
1578.6385807   -2353.1699181   -488.4267449
1579.5977386   -2366.4312363   -543.0502892
1579.9684199   -2362.1449471   -463.1617963
1578.9290341   -2379.0180683   -531.5250754
1579.025534   -2379.8356056   -527.7241468
1588.2399353   -2357.5723171   -285.7343554
1588.3313092   -2351.2644768   -374.748379
1587.6409682   -2358.089447   -311.4516139
1588.3433493   -2353.5034657   -378.8520694
1588.0000862   -2355.8990955   -384.2434585
1587.8800424   -2354.9716473   -331.0020864
1587.723461   -2476.9864082   -299.0458906
1586.162475   -2357.8064442   -279.820323
1586.2933668   -2356.8940163   -319.6721375
1587.0749625   -2346.1008072   -358.6177826
1588.1119045   -2362.8132343   -399.9697268
1588.3247527   -2358.1621647   -314.9712384
1588.1551179   -2358.1473827   -388.2764876
1587.1087583   -2364.2258644   -406.4082503
1588.0817445   -2472.458601   -282.2661996
1587.0457562   -2346.670866   -353.4242213
1587.7862247   -2475.5575657   -294.9528098
1588.1775292   -2350.0556946   -343.1581557
1586.7901119   -2346.7304707   -366.435349
1586.2981351   -2364.7918701   -409.9441767
1588.1331237   -2359.6799374   -391.6783929
1586.8815454   -2357.3541641   -298.640728
1587.4188813   -2348.7124443   -346.0348248
1587.7899798   -2355.9567928   -327.2287548
1585.5453285   -2358.6318493   -274.4831443
1586.8898901   -2470.9422588   -269.8858082
1586.0286625   -2473.5395908   -288.0626321
1585.4966315   -2474.6181965   -292.2876477
1587.6316699   -2361.4668846   -396.8593478
1584.407893   -2347.0954895   -348.8160074
1586.7166194   -2357.5124741   -304.2094707
1585.8500274   -2357.3522568   -307.3995709
1585.9710249   -2359.723568   -395.1663673
1585.3092941   -2355.4813862   -325.5160749
1587.6319679   -2472.8837013   -285.1139903
1585.6660875   -2478.6760807   -303.4090698
1585.6728228   -2357.0697308   -294.3757474
1586.339918   -2471.5800285   -276.3752341
1585.4863199   -2472.0208645   -279.7216475
1584.700373   -2361.6821766   -402.6674926
1584.6249732   -2359.4048023   -270.6618011
1585.1722034   -2360.4507446   -265.9213245
1585.9229239   -2480.0813198   -306.5110445
1584.8395499   -2345.2908993   -362.9413247
1586.2351926   -2352.2260189   -337.3396099
1584.6448811   -2353.1217575   -333.5464597
1583.7033065   -2471.1787701   -273.301214
1584.9818858   -2350.3210545   -341.0228491
1582.310644   -2346.5924263   -373.025775
1584.1399106   -2346.4207649   -369.6539104
1584.9830779   -2356.9226265   -289.7833288
1584.7034725   -2353.1310558   -382.995218
1585.0345167   -2350.0881195   -376.5675426
1582.5839313   -2349.9498367   -379.5574009
1585.3854688   -2357.1960926   -313.1583929
1584.371117   -2356.5824032   -316.6822195
1584.2736038   -2357.1457863   -283.456862
1582.931486   -2356.6756248   -286.2822413
1583.559719   -2348.4969139   -344.6103334
1585.7730182   -2357.8958511   -391.3142979
1584.4262513   -2354.8629284   -387.0829344
1584.6855911   -2360.2666855   -398.7916708
1583.2334431   -2472.672224   -283.8240862
1582.4780139   -2353.8575172   -328.5782337
1583.9494737   -2475.7544994   -296.085
1583.0893191   -2477.2183895   -300.0544012
1583.7593349   -2356.6434383   -310.1578355
1584.205118   -2481.3418388   -308.8511229
1587.1119174   -2482.4447632   -310.5866015
1582.7654275   -2363.0890846   -410.3038907
1582.5744542   -2361.6039753   -406.1843753
1583.3046707   -2345.0255394   -356.2629819
1582.6094421   -2344.4657326   -359.9084616
1582.0455226   -2345.4101086   -352.6861072
1583.1310423   -2470.9076881   -270.1361775
1584.4598683   -2470.4885483   -264.7992373
1583.7679776   -2356.367588   -301.7811775
1582.6452645   -2356.0113907   -298.2495427
1582.5683745   -2344.8386192   -366.7393625
1581.209925   -2355.5998802   -304.366529
1582.9060348   -2471.6613293   -276.5206099
1583.3884748   -2355.4401398   -322.2770393
1581.1937722   -2355.1046848   -319.522649
1583.1788453   -2356.3804626   -292.6718295
1582.7689441   -2351.0398865   -337.9901946
1581.7742618   -2360.247612   -267.369777
1581.9114717   -2357.9583168   -277.1443129
1582.6459201   -2474.0393162   -290.135622
1581.2305482   -2473.556757   -287.8843546
1582.680014   -2356.8546772   -393.7522769
1582.0036205   -2357.8875065   -397.3109126
1583.4564241   -2479.8328876   -305.9835434
1580.2749666   -2355.394125   -307.974726
1583.2715901   -2355.7870388   -390.7248974
1580.8578404   -2478.8382053   -303.5896122
1580.3208622   -2359.0631485   -272.4772692
1582.3866399   -2474.8516083   -293.0445671
1581.6582712   -2472.3699093   -280.8651924
1581.4448866   -2355.7538986   -312.9351139
1581.7761096   -2354.3868065   -325.101763
1581.7023786   -2355.932951   -295.2640057
1580.7153853   -2348.118782   -378.2368302
1581.6620263   -2356.2886715   -289.5720303
1580.6930336   -2349.1988182   -341.6781127
1580.7848843   -2343.7433243   -363.5639548
1582.8511389   -2352.6904583   -384.7377896
1581.7809971   -2351.1269093   -383.0634654
1581.3865932   -2358.8843346   -400.7126689
1580.0616416   -2359.1754436   -403.7306607
1580.1166566   -2351.6793251   -333.9690864
1581.6509994   -2353.0335426   -330.7128251
1581.4905437   -2353.8899422   -389.2794847
1579.3926986   -2346.8239307   -346.9982743
1579.6098384   -2345.9308147   -349.6236503
1579.7935995   -2354.9296856   -316.852361
1579.7086629   -2356.9498062   -282.0391059
1580.6976827   -2480.661869   -307.3743284
1580.9195312   -2482.4221134   -310.5553985
1584.1841968   -2483.6091995   -312.3966455
1579.6070369   -2344.5606232   -371.1762726
1579.5882019   -2476.4313698   -297.6699173
1580.313948   -2475.5866528   -295.0952351
1579.9060734   -2355.1671505   -300.9476364
1579.1726383   -2354.064703   -322.1044838
1580.5968317   -2343.9898491   -357.8050733
1580.2632841   -2344.2773819   -355.3495705
1579.8505815   -2353.5501957   -390.8422291
1578.6351236   -2355.5634022   -292.6226258
1580.1635059   -2471.347332   -271.6664374
1579.9502405   -2471.0769653   -267.834723
1579.4688138   -2477.4003029   -300.113976
1578.417209   -2356.0218811   -287.384212
1579.1957649   -2471.7605114   -274.2019594
1579.0405544   -2472.1295834   -277.4677575
1580.464867   -2351.9868851   -386.6202235
1578.8755091   -2360.3434563   -408.6370468
1580.1418694   -2355.7534218   -395.3630924
1579.6157392   -2474.7059345   -291.4921045
1578.8748535   -2355.070591   -297.2422838
1578.9234909   -2343.174696   -360.4902327
1579.5247229   -2348.8910198   -381.4791143
1579.2364153   -2343.436718   -367.0531213
1580.0435217   -2346.2190628   -375.1318455
1579.222885   -2473.1326103   -283.875376
1578.3766183   -2474.0777016   -287.8181636
1579.734114   -2350.0134945   -383.646816
1587.7836617   -2417.8671837   -182.0329875
1585.9127911   -2424.9212742   -182.2222918
1587.4993476   -2452.6524544   -184.9286705
1587.6156958   -2465.8932686   -209.5295638
1587.6116427   -2461.2779617   -193.2380795
1588.05379   -2398.7686634   -188.7551248
1586.6800817   -2440.8061504   -182.4651808
1587.8190669   -2367.3088551   -245.481655
1587.2803005   -2458.7635994   -189.6606833
1587.3140963   -2470.4101086   -259.6802413
1585.9201225   -2412.6465321   -183.5201234
1584.2902931   -2432.8272343   -182.6300621
1587.6881155   -2381.7322254   -206.6674083
1586.887029   -2467.9646492   -233.1929207
1587.4482068   -2469.9463844   -252.5814176
1588.0300673   -2376.8699169   -216.6720778
1586.7975625   -2375.8211136   -220.8396345
1588.1150635   -2466.7625427   -221.6179818
1587.2084173   -2463.6621475   -197.613433
1586.4764722   -2467.464447   -229.1568518
1586.2679752   -2467.176199   -226.1076123
1585.0863131   -2373.3270168   -234.0029031
1585.9225067   -2402.8332233   -187.2759014
1586.2315568   -2407.6702595   -185.1054579
1586.6689356   -2385.6391907   -201.3962418
1586.1597928   -2470.1557159   -255.9788227
1586.9680914   -2392.8332329   -193.4140027
1586.735514   -2469.6536064   -249.2649704
1585.6058868   -2469.3593979   -246.5837747
1586.3619121   -2395.791769   -191.3167238
1586.9521769   -2374.8447895   -225.0505537
1586.9943174   -2465.4273987   -204.58588
1586.6664919   -2361.2654209   -262.4319196
1586.2534913   -2388.8976574   -197.7874488
1587.458578   -2466.2344456   -215.4080868
1586.6819295   -2466.4301872   -217.7249789
1584.4670805   -2379.1718483   -213.6570662
1585.7822569   -2374.4027615   -228.0394733
1585.7161554   -2373.7516403   -231.1959267
1585.6984528   -2364.2163277   -252.5442839
1587.8811749   -2363.0468845   -256.0609281
1584.6324237   -2469.0153599   -243.277207
1587.1869   -2366.4593697   -247.293219
1584.8346623   -2464.9426937   -201.2446225
1584.1105851   -2449.7044086   -184.0701699
1583.9752229   -2445.6439018   -183.2032651
1585.6095823   -2370.1810837   -240.1595414
1583.880988   -2368.4124947   -244.0615296
1585.3361758   -2383.5999966   -204.9958855
1583.550659   -2425.2507687   -182.5883687
1586.8049534   -2362.6098633   -257.3239505
1586.3660248   -2466.1734104   -214.3145949
1587.3343023   -2466.1803246   -214.7346735
1583.727208   -2468.5173035   -238.4898663
1583.2491191   -2456.485033   -187.8819019
1584.4281586   -2381.7958832   -208.7201029
1586.1944231   -2363.1632328   -255.6203306
1584.2341455   -2466.8335915   -221.6446102
1585.1080688   -2366.1141396   -248.4052777
1583.0297741   -2398.3232975   -190.8173561
1584.8786505   -2377.2721291   -217.7979946
1585.6216224   -2366.9986725   -246.3570386
1582.1807655   -2416.9418812   -183.4555566
1583.5039886   -2420.5582142   -182.7210635
1585.1738723   -2391.4940357   -195.5301464
1584.9902304   -2465.7783508   -206.8310827
1583.418754   -2466.258049   -212.2867852
1582.5304063   -2466.1490917   -208.5636109
1582.944897   -2460.0493908   -191.4122403
1583.98923   -2462.3301029   -194.9651986
1582.5876864   -2372.1251488   -237.4664247
1582.1429165   -2452.5141716   -185.4698956
1586.8232521   -2466.2368298   -215.4338211
1586.0644253   -2361.8378639   -260.1420879
1583.7809714   -2361.9675636   -259.8175704
1583.6392912   -2469.6331024   -250.2249777
1583.7610634   -2469.9084759   -253.7710965
1581.7566188   -2470.1542854   -257.8712404
1582.4059518   -2464.050293   -198.174879
1586.0057744   -2362.3445034   -258.1955194
1585.2726968   -2362.1296883   -259.0529025
1582.8134092   -2465.7309055   -204.6214789
1582.5051936   -2395.2229023   -193.4423
1583.1244858   -2375.6566048   -224.3845165
1581.1643871   -2467.8430557   -230.9221327
1581.1519893   -2468.1222439   -233.7627858
1583.6409005   -2466.4599895   -216.1784619
1584.8332914   -2362.6129627   -257.2577
1583.3637985   -2376.7781258   -220.341906
1580.9060606   -2438.295126   -183.0304563
1582.8980478   -2441.9281483   -182.941258
1582.6947363   -2387.9847527   -200.7961273
1583.1437977   -2385.6608868   -203.4401149
1583.4808024   -2396.5651989   -191.9534802
1581.8440589   -2467.4649239   -227.1478325
1581.9115909   -2391.2169933   -197.6493597
1582.842079   -2404.6661854   -187.3432845
1582.7228101   -2409.8415375   -185.269177
1584.1257843   -2363.2616997   -255.4232776
1582.1559104   -2373.7592697   -233.9687198
1582.533923   -2364.9845123   -251.7212331
1583.9200886   -2364.4046783   -252.5320351
1582.6530131   -2401.6945362   -188.9821738
1581.627992   -2413.3479595   -184.3772382
1582.6381119   -2361.2172604   -263.525486
1582.8162702   -2374.3402958   -230.5721045
1582.8857692   -2374.8779297   -227.7182043
1584.1121944   -2367.0036793   -246.6876954
1582.0322903   -2370.5976009   -240.6498343
1581.4568075   -2384.3340874   -206.4886987
1583.2452448   -2363.8401031   -254.149586
1583.6707028   -2366.6222095   -247.6588786
1583.1554206   -2366.2903309   -248.4821826
1581.6762718   -2378.2215118   -217.719689
1580.3693207   -2465.2438164   -201.3731003
1582.7012333   -2363.0702496   -256.37725
1580.1575454   -2469.4280624   -246.7966527
1579.813567   -2469.0685272   -242.0201749
1579.3198618   -2382.450819   -210.964933
1579.6056064   -2380.0859451   -215.0915563
1581.0684236   -2362.2539043   -260.5076432
1579.8825892   -2427.3011684   -183.0497682
1579.0902647   -2432.744503   -183.125779
1579.9897584   -2467.1108723   -218.7466472
1579.1998776   -2467.5416946   -223.4143913
1578.4666213   -2420.9434986   -183.5626215
1582.7329429   -2363.4955883   -255.2990913
1582.3139819   -2367.128849   -247.082904
1582.4126872   -2448.1973648   -183.8034242
1580.9083851   -2449.8310089   -184.301585
1579.7676118   -2462.2633457   -194.5870519
1580.1526579   -2443.1519508   -183.2457632
1579.2948874   -2448.1580257   -183.8839054
1581.9468769   -2400.2110958   -190.0409162
1580.0146135   -2399.1966248   -191.6157156
1579.8899802   -2367.941618   -247.1250743
1579.3145569   -2370.418787   -242.4815893
1579.8005136   -2469.9659348   -252.1773875
1578.6660584   -2468.7786102   -237.0330244
1580.0553831   -2466.8564796   -214.3168598
1580.3948315   -2466.625452   -210.8496279
1580.3906592   -2377.2139549   -221.1093158
1579.4659527   -2457.5362206   -188.8692528
1578.7303718   -2454.5922279   -186.7358088
1581.0577544   -2363.5222912   -256.2672794
1580.0243887   -2394.8025703   -195.1775253
1581.8294557   -2366.4400578   -248.8452196
1579.7350677   -2387.0222569   -203.8369626
1579.8355015   -2375.4122257   -227.9386967
1579.8504027   -2403.4092426   -189.0629828
1579.3185505   -2366.9450283   -249.5257854
1580.7346972   -2365.3814793   -252.0128489
1578.8619789   -2374.6566772   -232.1889251
1579.4284614   -2466.2027359   -205.0605863
1582.2166475   -2363.4252548   -255.5702925
1580.4575952   -2408.3201885   -186.5146458
1579.5423659   -2411.3242626   -185.6404543
1578.7064704   -2389.8832798   -201.1193037
1579.2729529   -2405.9021473   -188.0634725
1580.0766023   -2401.2074471   -190.2966052
1578.465608   -2464.23316   -198.0886161
1580.9232267   -2364.6910191   -253.380388
1578.3754262   -2451.6785145   -185.1706207
1580.3813013   -2397.57967   -192.6211566
1579.0210637   -2364.7654057   -254.8133135
1586.8233117   -2612.6902103   -1009.4746351
1588.2137688   -2583.6994648   -1009.5944405
1587.249008   -2542.1814919   -1009.8618269
1587.8671678   -2566.3995743   -1009.9432468
1587.2825059   -2494.890213   -1007.9612732
1587.4060067   -2560.208559   -1010.1015568
1587.8206762   -2521.497488   -1009.1431141
1586.7432626   -2517.2233582   -1009.3262196
1586.8799361   -2554.6267033   -1010.2205276
1585.8928236   -2572.3519325   -1010.4422569
1585.9340104   -2548.6929417   -1010.3964806
1586.2606438   -2535.6087685   -1009.9645853
1585.8989032   -2525.5346298   -1009.794116
1586.3330039   -2607.3861122   -1009.6712112
1584.4729217   -2588.3316994   -1010.5576515
1586.8128213   -2504.9791336   -1008.8063478
1583.0749544   -2489.1085625   -1008.7412596
1585.7146653   -2512.4292374   -1009.4643831
1585.6459411   -2599.1387367   -1010.0064278
1583.9106115   -2500.5836487   -1009.3238354
1586.9034203   -2622.5016117   -1009.2728138
1583.7410363   -2618.699789   -1010.0463629
1585.1199301   -2508.4826946   -1009.4749928
1583.8673981   -2581.8333626   -1010.8519793
1583.2690867   -2576.70784   -1011.1205578
1583.4301385   -2530.269146   -1010.6015205
1582.6374563   -2594.8519707   -1010.9280348
1583.6515101   -2604.0759087   -1010.4272366
1582.9764279   -2563.4064674   -1011.3795996
1582.3426517   -2568.8307285   -1011.5150213
1583.5015448   -2521.0051537   -1010.3322268
1582.8094753   -2558.0878258   -1011.4243031
1579.6659263   -2495.2669144   -1010.1275444
1582.0483836   -2539.7057533   -1011.249423
1582.1553143   -2544.7592735   -1011.3670826
1582.8139456   -2624.1204739   -1010.122776
1586.5098508   -2627.0122528   -1009.2999935
1582.1812423   -2552.9987812   -1011.5453005
1581.9062265   -2609.4024181   -1010.7610226
1581.8936499   -2614.2375469   -1010.6153488
1582.1348103   -2505.6304932   -1010.1233721
1581.3590559   -2515.6145096   -1010.7328892
1580.5898579   -2534.722805   -1011.4899874
1581.1743411   -2548.895359   -1011.7464066
1580.8258923   -2525.4976749   -1011.1615658
1581.660715   -2573.0824471   -1011.6493702
1581.6491517   -2510.2841854   -1010.4773045
1580.7249817   -2600.2061367   -1011.3363266
1578.747836   -2584.9654675   -1012.2725964
1578.7835392   -2591.1693573   -1012.1257305
1579.7293457   -2579.5664787   -1012.0873451
1578.9982351   -2617.3758507   -1011.2781525
1579.3527039   -2621.6676235   -1011.033535
1579.0432962   -2605.2041054   -1011.6814375
1579.6656283   -2575.6797791   -1012.1790171
1578.8798007   -2561.0444546   -1012.5533342
1578.4890326   -2565.9065247   -1012.6507282
1578.4256729   -2556.2696457   -1012.638092
1578.6548527   -2542.4613953   -1012.242198
1578.719941   -2626.11866   -1011.0912323
1584.2238339   -2621.1047173   -569.9013472
1587.258068   -2620.5127239   -564.152956
1582.2876366   -2617.0632839   -566.3555264
1587.6480611   -2623.3258247   -568.2165027
1584.8902138   -2616.6620255   -560.4325533
1580.675033   -2618.2398796   -572.3726153
1581.9499763   -2621.6049194   -575.5581856
1586.2969431   -2625.1506805   -573.1733441
1578.604904   -2614.5288944   -571.1894631
1581.6210183   -2613.7523651   -561.4696741
1580.0001296   -2621.5953827   -581.564486
1583.4636959   -2624.8550415   -578.2057643
1579.4348987   -2623.4080791   -587.3438716
1583.1209096   -2626.847744   -583.1343532
1579.8341902   -2628.3652782   -597.8312492
1588.3182558   -2594.7413445   -490.7355905
1586.3650116   -2572.5655556   -446.0815787
1585.6609615   -2614.8149967   -554.8084378
1588.1135138   -2603.2860279   -514.3909454
1587.5863107   -2588.5136127   -475.8363068
1586.8946584   -2611.9434834   -542.8110361
1587.4954136   -2607.0485115   -526.6828537
1587.3769196   -2592.7977562   -486.476481
1586.8147882   -2569.8022842   -440.5404329
1587.0867046   -2579.1893005   -456.7767382
1586.5152153   -2603.9636135   -518.4616446
1584.7767862   -2604.5684814   -523.0181217
1584.5630439   -2575.1395226   -452.1169662
1586.7293748   -2591.1273956   -482.7465713
1586.9230302   -2567.8637028   -436.4281893
1587.3485478   -2566.5259361   -432.7827096
1586.694506   -2563.3437634   -423.9201844
1586.0698494   -2564.5961761   -429.199934
1585.7646736   -2612.6053333   -547.9794741
1586.3495144   -2585.3419304   -469.5835412
1585.0281986   -2582.9770565   -465.9418166
1586.3510641   -2596.9676971   -498.3049631
1585.7904228   -2597.900629   -501.5098453
1586.3225731   -2609.8861694   -537.3442769
1584.3223604   -2561.3045692   -420.9109247
1585.1866873   -2560.6446266   -416.4237976
1585.497466   -2580.7414055   -461.2547755
1585.1807269   -2594.9881077   -493.9643443
1586.6361531   -2608.8724136   -533.4330201
1583.5486325   -2588.6871815   -479.559958
1584.8508152   -2586.5581036   -473.5833108
1585.0562724   -2599.8346806   -508.0384612
1585.4146751   -2598.6876488   -504.3859482
1586.0855254   -2599.7273922   -506.5600872
1585.891095   -2607.6216698   -530.843854
1584.1394337   -2592.9634571   -489.5653427
1584.9080952   -2601.0694504   -512.0569468
1585.0629481   -2602.4897099   -516.0397291
1583.601025   -2605.7121754   -529.0656686
1583.4272178   -2590.9910202   -485.2115512
1584.1283473   -2565.5913353   -434.1671169
1581.2250646   -2576.9095421   -459.0089321
1583.0504569   -2567.2893524   -439.3288493
1582.7700766   -2608.2985401   -541.2585735
1583.753136   -2610.2733612   -545.583725
1583.960143   -2569.6947575   -443.433851
1582.9530629   -2562.0214939   -425.7424474
1583.3511623   -2607.1703434   -534.722805
1583.9133533   -2602.8454304   -519.0560222
1582.8653248   -2571.0914135   -447.198987
1582.2778615   -2595.0284004   -497.6049662
1581.6836628   -2583.4677219   -470.413357
1581.3535722   -2563.1465912   -430.9227169
1582.6935443   -2610.3534698   -549.7208238
1583.0654772   -2613.5559082   -557.7338338
1580.9121998   -2610.0699902   -554.4664264
1581.7316445   -2579.9055099   -463.7328088
1582.1661028   -2596.7755318   -503.4809709
1581.245211   -2558.8839054   -418.26424
1581.881729   -2557.6679707   -413.1230116
1585.8744653   -2559.9210262   -412.6578867
1580.9359225   -2592.7653313   -492.5773144
1582.04892   -2600.915432   -516.3564682
1580.570248   -2581.381321   -467.7315354
1581.5506848   -2599.0352631   -511.5464926
1580.0630721   -2584.7330093   -474.7768342
1581.2983187   -2602.001667   -521.5066075
1580.5897387   -2603.0290127   -526.812613
1579.7040733   -2571.5122223   -451.3583779
1578.4342559   -2573.0688572   -455.5507004
1580.0825628   -2559.825182   -422.9084551
1579.8189911   -2590.8870697   -488.6593819
1579.8462304   -2564.6326542   -436.1649752
1580.5800828   -2568.2327747   -443.8059628
1581.0910734   -2597.4910259   -507.6286197
1580.9901031   -2607.8441143   -546.0979342
1580.0142559   -2604.0332317   -532.5539112
1579.0524157   -2588.8636112   -484.507829
1579.7755393   -2605.0579548   -538.2811427
1580.2930268   -2610.7738018   -558.4179163
1579.0341767   -2566.1303997   -440.5559599
1579.1467699   -2561.0327721   -427.5848567
1579.7475847   -2606.0137749   -542.7838564
1579.17991   -2606.9927216   -549.7313738
1578.4327658   -2594.3460464   -501.8110275
1578.6780985   -2595.7381725   -505.9261322
1579.3684395   -2598.8452435   -514.8963928
1578.5237821   -2599.6308327   -519.5534825
1578.3927711   -2605.4086685   -545.7588434
1578.3815654   -2608.164072   -557.1188927
1578.7399086   -2555.9344292   -413.3899808
1588.0515846   -2500.0066757   -326.1700869
1588.1366404   -2495.3894615   -323.6173987
1588.1513628   -2543.7459946   -378.8766861
1587.8564986   -2505.3179264   -329.5406401
1586.565164   -2551.5673161   -393.5727477
1587.569085   -2545.853138   -382.9504848
1587.6987847   -2516.7443752   -339.1200006
1588.2306965   -2556.3099384   -400.0652432
1588.2073911   -2531.3332081   -358.8864505
1586.5333947   -2532.3214531   -362.3601496
1585.4040059   -2528.7709236   -356.9633663
1586.6608294   -2521.7745304   -345.3637064
1586.7998274   -2536.6733074   -369.3874478
1586.7777737   -2539.2587185   -373.4989464
1586.2065228   -2541.3453579   -377.3183525
1586.2046751   -2513.5688782   -336.7700875
1585.9641107   -2509.7875595   -333.5239291
1587.1076854   -2547.6193428   -386.3221407
1586.3482627   -2486.8605137   -316.3665533
1586.1256989   -2485.2571487   -314.4634664
1585.8236226   -2556.4131737   -403.5840034
1585.0954326   -2558.1362247   -408.9224041
1585.6256159   -2553.9586544   -398.9192843
1585.2194699   -2526.6261101   -353.4469903
1585.2871808   -2491.4660454   -321.1261928
1585.4330333   -2548.5048294   -389.8635209
1586.3210829   -2524.5497227   -349.2482603
1585.3405269   -2518.3343887   -342.1017826
1585.8702334   -2534.0526104   -365.9999073
1584.4778689   -2507.30896   -332.0711255
1584.4318541   -2488.4433746   -318.2581961
1585.3287848   -2497.4484444   -325.3854513
1584.7291621   -2500.7503033   -327.5030553
1583.0319198   -2529.610157   -360.8388901
1583.1406387   -2540.3497219   -378.9475262
1583.0375823   -2494.478941   -324.0706027
1583.7778123   -2505.0568581   -330.6467831
1583.2677754   -2514.7280693   -339.3919468
1583.3186778   -2545.0017452   -386.4367604
1583.6137804   -2536.6222858   -372.4157512
1583.4110054   -2534.3728065   -368.734628
1583.7986144   -2538.3470058   -375.0479817
1582.7920111   -2521.6014385   -347.8288651
1581.3452872   -2518.2669163   -344.5517123
1583.0344232   -2551.2502193   -397.5372612
1584.1492089   -2549.2432117   -392.6276863
1582.8954848   -2549.7009754   -394.7588205
1583.3440097   -2532.104969   -364.9611771
1583.1647786   -2486.0656261   -315.6191409
1583.1018957   -2524.917841   -352.4146378
1581.4774903   -2510.985136   -336.6219699
1580.8244022   -2552.4318218   -402.759254
1582.5143727   -2555.6051731   -406.8158269
1581.6111239   -2547.3320484   -392.2356963
1582.0331844   -2527.225256   -357.381165
1581.4491781   -2516.6144371   -342.5934017
1581.81223   -2497.5168705   -326.3486028
1581.8089517   -2489.7875786   -319.9699819
1581.6588672   -2491.8582439   -322.0707178
1581.3570889   -2556.2112331   -410.176754
1581.7795666   -2502.3858547   -329.4718862
1579.8941525   -2500.45228   -328.7255466
1580.9205445   -2488.0509377   -318.1427419
1580.4822715   -2484.3890667   -313.4441972
1581.8345221   -2537.4712944   -375.2629459
1580.1703008   -2505.9351921   -332.7564001
1579.3405446   -2534.7006321   -372.3295331
1580.6466015   -2532.4614048   -367.6551282
1579.908696   -2530.2479267   -364.2513156
1579.125491   -2541.228056   -383.8711381
1578.4381302   -2511.9757652   -339.2780423
1579.8120173   -2514.5814419   -341.2769139
1579.1421207   -2486.5775108   -316.2394464
1579.1554721   -2537.6076698   -377.4119318
1579.3622407   -2539.375782   -380.3527355
1580.8722647   -2522.8316784   -350.9928286
1579.7977718   -2495.6219196   -325.4647255
1579.3687972   -2493.2868481   -323.591888
1579.8098715   -2548.9430428   -397.0933557
1578.6491903   -2546.7312336   -394.0236568
1578.4678134   -2553.8833141   -408.6426795
1578.9912017   -2526.5233517   -358.3111167
1579.0002617   -2490.9133911   -321.2738931
1587.9434022   -2729.187727   -1017.259717
1587.6211198   -2680.1185608   -1012.0669603
1587.9372629   -2689.4900799   -1012.9542351
1587.738243   -2758.3913803   -1020.0008154
1586.8590149   -2711.8194103   -1015.5888796
1588.0098017   -2642.3788071   -1009.2993975
1586.906937   -2738.8601303   -1018.3286667
1585.9437855   -2668.5938835   -1011.2630129
1584.4936045   -2674.270153   -1011.8815899
1586.321381   -2685.0030422   -1012.6439333
1586.5158113   -2637.5293732   -1009.3824863
1584.4128998   -2722.6862907   -1017.0526505
1585.315195   -2762.4156475   -1020.7300186
1588.0709561   -2768.1097984   -1020.7715034
1584.7112807   -2743.9556122   -1019.143343
1586.1968669   -2651.3137817   -1010.0220442
1583.6409005   -2704.9803734   -1015.2392387
1583.5368308   -2697.8509426   -1014.4387484
1582.5460228   -2715.7809734   -1016.584754
1583.976415   -2732.9211235   -1018.1481838
1585.4924592   -2659.8348618   -1010.6426477
1584.2756303   -2663.5293961   -1011.0839605
1583.1239494   -2751.2404919   -1020.0918913
1585.4040655   -2632.3719025   -1009.5127821
1584.3441161   -2646.2099552   -1010.1083517
1583.139089   -2655.6465626   -1010.7803345
1583.1665071   -2691.7130947   -1013.771534
1582.9897197   -2641.0896778   -1010.1774931
1581.476775   -2727.0226479   -1017.8930759
1583.3179625   -2687.1533394   -1013.2266283
1582.6270255   -2757.4419975   -1020.7288265
1581.5899047   -2682.536602   -1012.9976273
1582.0937427   -2677.9332161   -1012.4827623
1579.6681317   -2737.0769978   -1019.2210674
1580.8469924   -2710.0152969   -1016.1770582
1581.9882425   -2636.318922   -1010.2638006
1582.0064815   -2628.7899017   -1010.237813
1580.6357535   -2650.4528522   -1011.0290051
1580.8468135   -2670.7131863   -1012.0961666
1579.0401372   -2665.709734   -1012.0769739
1580.845383   -2660.2170467   -1011.4195347
1581.0028585   -2632.5938702   -1010.4426146
1579.872814   -2760.614872   -1021.4937925
1582.6793583   -2765.7885551   -1021.4757919
1579.348174   -2674.4885445   -1012.5920773
1579.7537836   -2723.2158184   -1017.742157
1579.0707143   -2644.7639465   -1011.167407
1578.4538063   -2639.4817829   -1011.1552477
1580.0124081   -2768.9862251   -1022.2563744
1587.0796712   -2722.997427   -860.5168462
1587.5456604   -2757.3068142   -897.9244232
1587.5757011   -2753.762722   -893.9906359
1588.1651314   -2765.5003071   -907.9315662
1586.5416797   -2761.0044479   -901.57938
1587.1842178   -2741.6756153   -881.2087178
1582.8969749   -2722.7306366   -858.694911
1587.6233252   -2718.121767   -854.7120094
1585.300413   -2745.2776432   -884.0904236
1586.0770615   -2736.7918491   -875.6204247
1583.5928591   -2731.5750122   -869.0305948
1584.6057805   -2728.5344601   -866.0268784
1584.8807367   -2725.4242897   -862.5665903
1586.0732468   -2748.5563755   -887.8004551
1584.8852666   -2751.7297268   -890.4950619
1582.5713547   -2765.1281357   -903.9741158
1585.1874622   -2739.0606403   -877.6550889
1582.8376683   -2755.2330494   -893.2209611
1584.0676101   -2760.9810829   -900.1091123
1582.6710137   -2758.4898472   -896.6084719
1582.4756893   -2742.5048351   -880.1553249
1581.6135677   -2735.9850407   -873.0425835
1581.5162333   -2748.6643791   -885.9673142
1579.5006426   -2744.8616028   -881.3918233
1578.506318   -2739.2644882   -875.3647208
1578.9532932   -2753.2935143   -889.5732164
1580.2778872   -2725.897789   -861.512959
1580.5717977   -2731.0256958   -867.3607111
1580.4534825   -2761.4374161   -898.7313509
1578.8723501   -2721.9045162   -856.3191295
1582.005051   -2718.6756134   -853.4238935
1588.1369384   -2678.0364513   -776.2565613
1588.2718834   -2683.3376884   -808.6545467
1587.8836187   -2692.9321289   -824.9712586
1584.9590572   -2675.0893593   -757.1445107
1587.7012285   -2685.0645542   -813.0096793
1586.5210565   -2712.9237652   -847.4649787
1587.872413   -2676.8419743   -768.635869
1586.1332687   -2706.9983482   -839.5285606
1586.0798033   -2675.920248   -764.2344832
1588.0211862   -2686.8779659   -816.7142868
1586.6723927   -2679.5797348   -787.3169184
1587.1649655   -2696.0682869   -828.1684518
1583.9694413   -2673.6767292   -735.5914116
1585.9368714   -2678.4646511   -781.4875841
1584.83049   -2672.78862   -723.1141925
1586.1199769   -2673.5527515   -729.0571928
1587.5175866   -2674.7813225   -746.7890978
1586.5291031   -2674.4244099   -742.7236438
1586.1195   -2689.332962   -820.29742
1584.2456492   -2674.6551991   -750.5666018
1585.5378183   -2671.4618206   -712.8303051
1586.2726244   -2670.6535816   -707.3549032
1587.3679193   -2680.3593636   -791.5565968
1585.9687599   -2672.296524   -717.5218463
1584.9037441   -2701.613903   -833.3377242
1583.0398472   -2704.6813965   -836.3301158
1585.0150856   -2682.0802689   -804.3553829
1585.1450237   -2715.5761719   -850.5304456
1586.2956318   -2680.6416512   -795.0345278
1586.3152417   -2677.1469116   -772.8480101
1585.549918   -2681.245327   -799.536407
1583.4780606   -2710.157156   -842.7467942
1584.7448381   -2698.0805397   -829.8004866
1581.8080577   -2684.1311455   -810.3357553
1582.8836235   -2676.9537926   -776.4490247
1584.168342   -2686.7671013   -815.8265352
1583.4046277   -2695.1572895   -826.7253041
1583.7660106   -2692.1470165   -823.4453797
1583.6808952   -2676.337719   -770.5356479
1583.4805044   -2675.786972   -766.9683099
1585.1126584   -2674.4847298   -745.9682226
1583.9385661   -2679.6324253   -791.3053036
1582.1422013   -2678.3635616   -785.9166265
1583.5429104   -2679.0516376   -788.4088755
1581.9871696   -2674.038887   -744.2614436
1582.4061903   -2713.4671211   -846.7972279
1581.3142332   -2680.1395416   -797.109127
1580.0099643   -2707.1516514   -838.4261727
1582.2322043   -2672.7797985   -728.2619476
1582.0346149   -2688.6632442   -818.5607791
1581.9737586   -2690.5696392   -821.1843371
1581.1259421   -2674.9706268   -763.2596493
1580.4884704   -2670.7398891   -717.1525955
1581.0942324   -2677.3657799   -781.5722823
1581.6244157   -2680.8862686   -800.303936
1581.3680562   -2669.6512699   -709.8038793
1581.7861827   -2716.1817551   -850.143671
1580.0439986   -2674.0453243   -748.5711575
1578.7953409   -2681.8172932   -803.9417267
1580.8121236   -2674.3078232   -752.4288297
1578.9351734   -2674.343586   -759.1525316
1579.820362   -2674.2823124   -755.6859851
1580.2641185   -2699.836731   -830.8469653
1579.5502933   -2703.9837837   -834.8891139
1579.068509   -2671.6182232   -724.1408229
1581.9468769   -2697.3745823   -828.7653327
1579.4710191   -2687.1495247   -815.6101704
1578.5250934   -2673.4640598   -740.1946187
1581.5310153   -2678.7986755   -789.2981768
1580.3179415   -2679.1472435   -792.4304008
1579.494861   -2693.0835247   -823.7594962
1579.0802511   -2675.1606464   -767.8293586
1579.3509754   -2709.3746662   -840.7476544
1579.382089   -2696.5484619   -827.5385499
1579.168764   -2714.5752907   -847.1800089
1578.7086161   -2678.191185   -788.7449265
1578.4962448   -2689.9249554   -819.6215034
1582.5895341   -2668.838501   -704.0683031
1588.1658467   -2649.7843266   -648.4649777
1587.6131328   -2631.8089962   -582.5582147
1587.5118049   -2646.7454433   -638.6829019
1587.4213251   -2668.2918072   -694.6196556
1587.6467498   -2669.9700356   -701.8590569
1587.0495113   -2645.6990242   -630.9171319
1587.6513394   -2645.9033489   -627.8392673
1587.2651013   -2634.2744827   -588.0708098
1587.6500877   -2636.6989613   -592.3713446
1587.4777111   -2663.8159752   -680.0860763
1586.1796411   -2664.6220684   -684.2567921
1585.0784453   -2646.4059353   -643.8494325
1587.5202092   -2659.9581242   -670.3407764
1587.5749262   -2658.3969593   -666.6396856
1587.4510082   -2661.5738869   -674.2113829
1584.8129662   -2649.8463154   -653.8232565
1587.4017151   -2669.1257954   -698.2476711
1585.7581767   -2661.595583   -676.7262816
1585.0894722   -2653.6109447   -660.7533097
1585.9331759   -2656.2561989   -664.6751165
1587.2793468   -2642.6005363   -610.134542
1586.2651738   -2645.5047131   -633.6688995
1586.624709   -2644.5286274   -623.7900853
1587.0072516   -2644.2799568   -618.8190579
1586.6408619   -2628.3035278   -577.9396892
1585.2089199   -2666.011095   -689.925611
1584.8641666   -2636.8057728   -600.9889245
1585.5402025   -2635.8287334   -596.2014794
1585.1237448   -2641.4773464   -614.7330999
1585.7082876   -2639.5277977   -605.9996486
1583.0399068   -2646.4381218   -648.7780809
1583.91234   -2642.9204941   -629.5807362
1583.888975   -2632.3773861   -592.9484963
1583.9963826   -2668.1108475   -698.8918185
1583.9197906   -2630.0191879   -587.5290632
1583.7760838   -2656.8405628   -669.2391038
1585.0067409   -2659.5118046   -673.0253696
1585.0218209   -2645.263195   -638.728559
1583.7008031   -2661.6528034   -680.2018881
1582.7947529   -2666.4140224   -694.7426796
1583.7993296   -2638.7307644   -610.81177
1585.2846774   -2642.8308487   -620.7249165
1583.0121311   -2643.3641911   -635.7132196
1583.2537683   -2641.1526203   -623.5130429
1580.8248194   -2662.4653339   -686.8245006
1583.2876237   -2654.3233395   -665.0363207
1583.601919   -2640.7301426   -618.8756227
1582.0948156   -2635.0431442   -606.5209508
1583.0434831   -2633.2712173   -597.9014635
1580.7724866   -2664.4532681   -691.9371486
1582.2250517   -2638.0872726   -615.5869961
1581.4094814   -2649.7833729   -659.5495939
1581.8383368   -2652.1513462   -663.3584499
1582.7988061   -2643.9261436   -640.2424574
1580.398825   -2643.7411308   -647.272408
1581.1670693   -2643.2538033   -643.1146264
1581.6798481   -2658.1349373   -675.4166484
1581.671563   -2632.6813698   -601.6258597
1580.6942853   -2647.5582123   -656.3820839
1580.413905   -2666.258812   -697.8836656
1579.9401077   -2667.0174599   -701.1755109
1580.9627446   -2627.4402142   -591.0556912
1581.8072828   -2626.9738674   -587.2520804
1580.1167759   -2638.2882595   -627.3010373
1579.0499719   -2638.6787891   -634.7509623
1580.9479626   -2635.1730824   -612.0766401
1580.0211104   -2652.474165   -667.2597528
1579.8142823   -2654.7131538   -671.8757749
1578.7745389   -2658.6122513   -681.5107465
1580.5046829   -2637.0971203   -620.854795
1578.8343819   -2644.2883015   -652.9533863
1579.8586281   -2641.163826   -639.7468448
1579.2040499   -2664.8027897   -695.3629851
1579.992977   -2634.8485947   -616.3460016
1579.0533694   -2629.6255589   -604.9900055
1579.5783671   -2632.0586205   -609.568119
1578.9702209   -2649.3320465   -663.574636
1578.7413987   -2631.7706108   -613.8623953
1587.3431834   -2780.2853584   -1021.9272375
1588.2022055   -2807.3303699   -1023.812294
1587.1853503   -2787.0111465   -1022.5095749
1585.6918963   -2846.129179   -1006.7462921
1587.0839032   -2848.1857777   -1011.3348961
1587.0924862   -2818.6664581   -1024.7405767
1588.0900296   -2844.2749977   -1022.3070383
1586.0758098   -2812.7045631   -1024.638176
1586.283532   -2838.2847309   -1025.2327919
1585.0541862   -2824.7687817   -1025.4807472
1584.6355232   -2831.5911293   -1025.7458687
1587.0742472   -2843.931675   -1003.8564205
1585.8444842   -2842.0317173   -1024.4039297
1587.3093876   -2848.3290672   -1018.7283754
1584.8459872   -2770.5388069   -1021.5269327
1583.3791169   -2774.6222019   -1022.1639872
1585.8021649   -2847.4788666   -1021.6369629
1584.5455202   -2795.8021164   -1023.7464905
1583.9559706   -2791.1572456   -1023.4894753
1584.7745808   -2850.5129814   -1017.3052549
1584.4020518   -2850.1336575   -1014.0441656
1582.0323499   -2800.385952   -1024.6403217
1581.0039314   -2807.8835011   -1025.449276
1584.0966376   -2845.5607891   -1024.0232944
1581.4063223   -2779.9317837   -1023.0177641
1583.7084325   -2850.2991199   -1020.485878
1579.9542936   -2785.9525681   -1023.8502026
1581.9999846   -2814.5208359   -1025.6899595
1582.0989879   -2819.5757866   -1025.9661674
1582.9037102   -2849.558115   -1010.7141733
1582.8573378   -2841.7861462   -1025.8338451
1580.3793939   -2836.7872238   -1026.9134045
1581.5936597   -2849.7743607   -1023.7163305
1579.3807777   -2848.4659195   -1007.2134733
1580.7156237   -2845.8313942   -1003.5530329
1581.5459164   -2827.5406361   -1026.4515877
1580.1978978   -2853.2106876   -1015.2356625
1580.9254321   -2852.9644012   -1019.8193789
1579.1224512   -2792.4678326   -1024.5970488
1579.8657211   -2846.2133408   -1025.7791281
1579.551843   -2842.0639038   -1026.8734694
1579.6567472   -2854.14505   -1019.8941231
1578.6235007   -2854.3126583   -1015.4050589
1587.9109176   -2803.9004803   -952.0336986
1587.8831419   -2784.481287   -930.5933118
1587.35123   -2827.214241   -976.9808054
1587.194291   -2779.3292999   -923.7786531
1585.9428319   -2824.1474628   -972.1906781
1587.6198681   -2798.8233566   -946.6904402
1584.8992737   -2814.4536018   -960.6019258
1586.8544253   -2775.398016   -918.6859727
1585.7123407   -2788.1643772   -933.4868193
1588.1369384   -2831.57444   -983.7857485
1584.0248736   -2810.3172779   -955.9581876
1586.9656476   -2834.2084885   -987.3028994
1585.4037675   -2795.7270145   -942.0022964
1585.634199   -2821.2499619   -968.4861302
1584.2700275   -2819.7953701   -966.0190344
1585.9730514   -2772.5052834   -914.7191644
1586.1273082   -2839.1890526   -995.2269793
1584.0446623   -2843.3892727   -1001.108408
1583.254722   -2768.8760757   -908.7087512
1584.0992006   -2791.4521694   -936.232686
1582.8027996   -2836.2669945   -988.0824089
1581.3987526   -2839.4539356   -992.6754832
1584.0707096   -2832.5357437   -982.8193784
1583.2534107   -2802.5050163   -947.6699233
1582.2074684   -2806.0045242   -950.6111741
1583.9228304   -2782.807827   -925.5787134
1581.0165676   -2785.753727   -927.0174503
1581.3654932   -2799.4949818   -943.3916807
1581.1500224   -2825.9427547   -971.7206955
1580.4521712   -2830.3546906   -977.3315191
1583.7701233   -2777.7683735   -919.2224741
1582.5763615   -2780.5652618   -921.6718078
1581.9067629   -2774.8568058   -914.6098495
1582.6556953   -2841.313839   -996.6432452
1581.2272104   -2772.6929188   -911.7533565
1579.9694928   -2790.1899815   -931.8897128
1580.2918347   -2794.8334217   -937.5382662
1580.8353695   -2815.5593872   -959.3872428
1578.804222   -2834.7613811   -983.0695987
1578.8182291   -2844.2180157   -999.3216395
1578.8534554   -2809.0491295   -951.6739249
1580.9688243   -2783.1218243   -923.666954
1580.1653536   -2778.4612179   -917.5627232
1579.6634229   -2770.168066   -908.0364108
1578.511742   -2781.6588879   -920.2193022
1578.5414251   -2775.8996487   -913.7068987
