-842.7490918   -2678.2448292   53.9411008
-843.9773051   -2667.0148373   59.1997467
-843.994948   -2663.8200283   60.1399206
-844.7706429   -2722.8374481   51.3740033
-845.3365294   -2682.7790737   52.5812693
-844.6856467   -2673.8753319   56.6565394
-845.3701464   -2725.9702682   58.3623573
-846.3775841   -2669.752121   58.9261055
-847.2763029   -2678.5519123   55.386249
-847.3162381   -2665.9519672   60.485553
-847.7948634   -2686.622858   51.8416278
-846.2633816   -2723.7682343   54.1709773
-847.9963271   -2724.6716022   56.607563
-849.9866454   -2674.1671562   58.5888512
-848.2391564   -2721.9395638   52.374687
-849.627587   -2683.352232   54.0893301
-851.9358364   -2679.5983315   56.8161607
-851.3744799   -2688.2743835   52.9679656
-850.467178   -2720.47925   52.1914959
-851.3376442   -2722.7318287   55.4307885
-852.0412175   -2724.7428894   58.5734658
-852.4814574   -2693.3124065   51.9619957
-853.6869017   -2684.7929955   55.307921
-854.9899784   -2676.1875153   59.669368
-853.3570496   -2697.2293854   51.5566655
-853.6547152   -2718.0199623   53.0075915
-854.1477648   -2720.4926014   54.8944212
-854.1776863   -2706.8328857   51.1664599
-854.3619839   -2702.6517391   51.4420345
-854.6846835   -2714.4258022   52.5445528
-855.0021378   -2710.9560966   52.1350317
-854.2650668   -2722.7685452   57.0916571
-855.5867402   -2690.8149719   54.1789345
-853.6078659   -2699.6593475   51.2525253
-856.0867039   -2681.3004017   57.8345619
-856.1566798   -2724.2984772   59.8835088
-855.2586762   -2695.4967976   52.983325
-855.6126086   -2699.103117   52.5813587
-857.1909396   -2717.3252106   55.0184734
-857.2472063   -2686.1393452   56.3665926
-857.4322192   -2721.1534977   57.350602
-856.4862934   -2705.1618099   52.7417324
-857.1158377   -2708.0914974   53.2568172
-857.8951088   -2702.464819   53.6014177
-857.2015492   -2714.5013809   54.2806499
-857.979509   -2711.0421658   54.1487262
-860.5830399   -2691.0130978   56.2530681
-859.1901986   -2697.4072456   54.5448475
-859.1642109   -2683.2253933   58.3582148
-860.4391543   -2722.6309776   60.3370219
-858.9455811   -2705.8467865   54.1471727
-860.1853577   -2708.7557316   55.017326
-860.5304686   -2712.9113674   55.7964444
-861.4271609   -2719.3443775   58.5539974
-863.1422249   -2715.939045   57.9018407
-860.5622975   -2686.4774227   57.6570593
-862.7872197   -2705.439806   55.8844544
-863.8928858   -2698.6744404   56.4650185
-862.2102467   -2683.6881638   59.3818165
-862.2308699   -2694.7836876   56.1847277
-863.3084027   -2709.8991871   56.4808398
-864.4394604   -2712.6674652   57.5156137
-863.7309996   -2688.3318424   58.3277158
-865.1811806   -2693.3207512   57.6593578
-865.568134   -2717.707634   59.8170236
-867.9104773   -2708.7361813   58.3535619
-866.7740551   -2701.6153336   57.4973673
-866.7148081   -2714.2424583   58.9469746
-867.2808138   -2697.221756   57.9960756
-868.0329052   -2690.3176308   59.5967211
-869.6934906   -2694.7333813   59.3464635
-870.1363531   -2713.3183479   60.2570437
-870.4331843   -2699.1918087   59.1374338
-870.5664603   -2703.625679   59.0875484
-872.1140353   -2710.6764317   60.4949705
-874.0118472   -2701.5020847   60.5209656
-799.8242108   -2698.6711025   60.4916252
-799.4709937   -2718.9352512   58.8154458
-799.1938321   -2708.7519169   58.7589405
-799.2353169   -2712.4891281   58.1779145
-800.4889218   -2703.7611008   58.4087111
-798.9897458   -2715.839386   58.9067899
-800.0274626   -2715.0335312   56.7017943
-799.8321978   -2716.9196606   57.2256297
-801.90334   -2708.8861465   55.0304241
-800.469133   -2715.0273323   55.6683354
-801.2399403   -2714.0698433   54.2158745
-802.1892039   -2710.6904984   53.7966713
-800.5251614   -2718.44697   55.679433
-801.2916771   -2721.3492393   55.7578951
-802.2407023   -2698.7760067   58.7852634
-800.3657786   -2715.8825397   55.9055805
-802.9675213   -2702.988863   56.3218929
-801.5742031   -2720.3264236   52.2692129
-802.8197018   -2723.4437466   57.5454272
-802.4577824   -2711.384058   52.830942
-803.3764092   -2711.2646103   50.8927554
-803.6942212   -2723.7439156   51.4517166
-804.123017   -2723.8435745   54.8019633
-805.2053181   -2699.2595196   56.3352257
-802.5307385   -2709.4495296   53.7597351
-803.2645909   -2708.1875801   53.3007346
-802.7149168   -2710.2861404   52.9914647
-802.5718657   -2709.9790573   53.4357019
-802.9410569   -2710.6254101   52.2826761
-802.8559414   -2709.4948292   53.1884916
-803.9834229   -2708.4553242   51.9103967
-806.2150208   -2724.9846458   57.1932085
-806.3693968   -2696.2456703   57.7622019
-805.360171   -2704.253912   53.0133396
-806.23624   -2701.322794   54.131832
-806.4416376   -2725.3472805   53.1403162
-808.1392971   -2692.8555965   59.5745258
-808.5603444   -2698.3613968   54.2934574
-809.7667424   -2725.8799076   54.6763167
-810.5373112   -2725.6093025   58.7548912
-809.4806401   -2700.8407116   50.7684574
-810.483667   -2693.4969425   56.7829385
-809.5437018   -2726.329565   51.1063598
-809.7525565   -2698.4045506   52.8645776
-811.1984459   -2689.8190975   60.0551404
-812.744352   -2696.1371899   51.7945029
-812.3578755   -2726.3972759   52.5438525
-813.732597   -2725.933075   55.9014194
-814.8758141   -2725.5041599   59.7959682
-814.423534   -2689.7742748   57.054963
-815.1989905   -2692.0955181   53.5277836
-814.8488728   -2687.4227524   59.330903
-815.8192364   -2726.624012   51.8845543
-816.0551516   -2693.533659   50.7645234
-817.6409928   -2725.9874344   55.9126735
-816.679093   -2687.1228218   57.541661
-818.079683   -2688.2419586   54.6349958
-817.9534403   -2684.3438148   59.7425029
-819.0461127   -2726.4056206   52.7319238
-820.207688   -2725.6176472   59.8901846
-819.7581498   -2685.2447987   56.2262349
-820.6865517   -2725.9995937   55.8390096
-820.6250397   -2682.8520298   58.1603013
-822.5018708   -2687.6971722   51.3077416
-823.2836453   -2726.2680531   50.9522296
-823.5072819   -2726.0057926   54.6617992
-822.8032318   -2679.5818806   59.6802272
-824.4484393   -2725.7516384   59.417367
-823.5070435   -2682.1112633   56.2794507
-824.4886128   -2684.923172   52.8513938
-825.4329888   -2679.4452667   57.4150607
-825.9200779   -2676.3825417   59.8487854
-827.4900643   -2725.7611752   52.1943942
-826.9291846   -2681.2412739   54.7671728
-827.4361817   -2725.7409096   56.5795489
-829.1945187   -2683.693409   51.5596755
-828.1863657   -2678.1990528   56.7273051
-831.8264214   -2674.8211384   57.7846579
-831.0670582   -2679.7721386   54.2143919
-830.5638758   -2725.5823612   53.855706
-830.3805319   -2725.8713245   57.7716678
-834.4202963   -2682.6963425   51.2120612
-834.9941698   -2725.7971764   56.71186
-833.722922   -2725.0874043   50.9823449
-836.2313239   -2668.1687832   60.0417331
-836.3672224   -2668.5762405   59.7570837
-836.0581128   -2678.7061691   53.691633
-840.7383887   -2673.9141941   55.6341335
-837.4845711   -2724.9333858   53.2451309
-840.4538361   -2682.5854778   50.87642
-837.653133   -2726.6747952   59.8644167
-839.8682801   -2678.6901951   53.1221442
-840.2409283   -2663.7885571   59.8264709
-842.2345845   -2669.8246002   57.6113649
-840.3160302   -2724.0018845   51.2280874
-841.2203518   -2725.8276939   57.0552424
-844.1194025   -2724.704504   55.1648587
