-764.1694275   -3035.3221893   -910.0330472
-764.2451254   -3035.2933407   -913.9554501
-766.5457455   -3036.0183716   -907.0583582
-766.5637461   -3035.7661247   -902.7681947
-767.0027939   -3035.905838   -917.8237915
-767.449948   -3036.3199711   -912.2944474
-769.6943013   -3036.4665985   -898.891747
-769.3739859   -3036.2648964   -922.0957756
-770.3852383   -3036.0677242   -926.2375832
-770.4770295   -3037.307024   -903.4150839
-771.5215413   -3037.8732681   -907.9991579
-769.9109045   -3036.9920731   -915.7513976
-771.2088553   -3037.1384621   -919.4231629
-772.4077431   -3035.8455181   -931.0657978
-772.91176   -3038.244009   -912.4264121
-773.2143132   -3037.1778011   -895.2636719
-772.9370324   -3036.0918045   -891.2351131
-773.1123892   -3037.2889042   -923.6200452
-773.8705603   -3038.1996632   -899.7699022
-774.5474306   -3038.5682583   -916.4131284
-774.9428479   -3035.5470181   -886.7393136
-775.4721371   -3035.7325077   -935.8948469
-774.8309103   -3037.1770859   -928.0664921
-775.0324932   -3038.9955044   -904.097259
-776.320788   -3038.7539864   -920.5406904
-777.1162716   -3039.7768021   -908.780992
-776.3420073   -3036.8494987   -932.0232868
-777.189943   -3039.659977   -913.3448601
-776.9983736   -3037.8980637   -891.9278383
-780.8054415   -3035.7861519   -941.6478276
-778.5764662   -3038.8433933   -925.2400994
-777.1116225   -3038.8972759   -896.5365291
-777.9502598   -3039.6997929   -900.5051851
-780.0713507   -3040.2832031   -917.0441031
-779.0724961   -3038.1042957   -930.09758
-779.9511877   -3037.945509   -888.0415559
-779.305431   -3036.6661549   -884.7697377
-779.5448033   -3040.4539108   -904.1759372
-780.0600258   -3037.3761654   -934.9188805
-780.7295052   -3040.0307178   -921.5156436
-781.1703411   -3039.911747   -894.3762779
-781.5307108   -3039.4189358   -891.5572166
-781.0835568   -3040.3544903   -897.5064754
-781.445357   -3040.9991741   -912.0422006
-782.4740139   -3041.3780212   -907.4032903
-781.8711726   -3036.7882252   -882.1163774
-781.2642781   -3040.7867432   -901.0140896
-782.4121443   -3039.4835472   -928.180337
-783.9244334   -3040.4789448   -924.6009588
-783.7513415   -3039.034605   -932.1662188
-782.7026574   -3038.0520821   -885.0973845
-783.6005417   -3041.5780544   -903.2821655
-784.540507   -3039.5858288   -888.3095384
-785.3886811   -3038.1886959   -937.3307824
-784.9100558   -3041.3167477   -920.1062322
-785.5757204   -3041.9051647   -915.2835011
-784.5245329   -3035.3591442   -946.200788
-788.4652344   -3037.1985435   -943.2170987
-784.2498747   -3041.5098667   -899.6325731
-784.8295895   -3041.2633419   -896.1712718
-786.4562003   -3042.3412323   -910.3949666
-785.5226723   -3040.8055782   -892.4274445
-785.8520476   -3037.7027988   -880.5134296
-787.7417532   -3036.7953777   -875.8868575
-785.3319374   -3038.5663509   -883.6826682
-786.8748633   -3040.4834747   -928.7154675
-786.9028775   -3042.4695015   -905.7777524
-787.3005597   -3042.4060822   -901.7183781
-788.8703076   -3039.8979187   -933.6038232
-790.2290551   -3042.0310497   -923.7598777
-787.3987881   -3035.5653763   -872.385323
-787.5858275   -3042.1915054   -898.1723785
-787.8983942   -3040.596962   -888.4136677
-788.1840197   -3041.9199467   -894.9916959
-789.1304222   -3042.4571037   -918.3812737
-790.5211178   -3039.0944481   -938.1958246
-789.4899575   -3041.7034626   -892.0010328
-791.6439501   -3043.3018208   -913.7127995
-789.4336907   -3039.2177105   -881.8697333
-789.5616022   -3038.3710861   -879.0349364
-790.8761231   -3043.3220863   -908.1581235
-791.2010876   -3040.1525497   -883.6025
-791.5749279   -3036.6067886   -872.1862435
-792.1964852   -3041.3575172   -929.8670888
-790.8501355   -3043.2350636   -903.7294388
-790.7334296   -3042.9854393   -899.7554779
-790.8912627   -3042.5953865   -895.6233859
-791.1165682   -3041.3661003   -888.6693716
-792.3510996   -3038.2742882   -876.6511083
-794.5315567   -3036.6213322   -948.2775331
-795.3278748   -3039.0086174   -941.4225817
-794.6061818   -3040.5931473   -935.1993799
-793.4006182   -3043.2331562   -919.0018177
-792.4226252   -3039.419651   -880.2174926
-793.0414406   -3042.3715115   -891.8827176
-796.0124937   -3042.5755978   -926.7323613
-795.6226794   -3043.1656837   -922.5427508
-793.8571898   -3043.0562496   -895.4564929
-793.6928002   -3041.2788391   -886.2268925
-794.4112746   -3040.5547619   -882.9106688
-794.5902077   -3043.7216759   -901.2959599
-794.8101488   -3043.961525   -905.7065248
-794.7517363   -3043.9808369   -909.6678495
-795.2321497   -3042.1593189   -889.0901804
-795.7906453   -3038.0644798   -874.2464185
-798.166248   -3036.8437767   -869.8250651
-795.9686247   -3043.9116955   -916.1440134
-797.2020832   -3044.2652702   -912.6629829
-796.7030732   -3041.8577194   -931.0535192
-797.1619097   -3039.6542549   -878.5551786
-797.201368   -3043.1463718   -893.1562304
-797.9285447   -3043.8828468   -919.4176793
-797.0733372   -3041.6560173   -885.7589364
-798.8167731   -3044.025898   -898.4856606
-798.246595   -3040.9789085   -882.5845718
-799.4441716   -3038.3257866   -945.3433156
-801.9389836   -3036.78298   -950.3859878
-798.5685793   -3044.3768501   -903.2940269
-798.7873284   -3040.4942036   -937.9766583
-799.9510495   -3041.6104794   -934.0672493
-799.3104187   -3044.5814133   -908.1170559
-799.3435589   -3042.6273346   -888.9523745
-801.0472981   -3039.7725105   -941.4324164
-800.6146876   -3043.6229706   -923.7517118
-799.7647253   -3038.50317   -874.1646409
-799.7406451   -3044.4326401   -915.9169197
-800.8004156   -3042.6974297   -929.3074012
-801.5782563   -3041.8798923   -884.904027
-801.0606495   -3040.7590866   -880.9098005
-803.3747403   -3039.7059917   -877.0659566
-802.7212349   -3043.8566208   -894.5680261
-800.8582322   -3043.2479382   -891.5122747
-801.8815247   -3044.7955132   -912.4193192
-802.2879092   -3044.3871021   -919.1001654
-804.2537896   -3035.5360508   -866.1136031
-804.3890921   -3037.6675129   -871.3260889
-801.7286984   -3044.5799828   -901.5180469
-802.2479741   -3044.7859764   -904.7148228
-803.0448882   -3041.0428047   -937.6373887
-803.1874625   -3044.4381237   -898.8643289
-805.8012453   -3045.0897217   -908.3883762
-804.2100397   -3043.0531502   -889.454782
-804.4224707   -3038.949728   -945.0221062
-803.2417027   -3044.7819233   -915.7594442
-805.8094708   -3042.3095226   -933.0730438
-805.758926   -3043.5183048   -927.0365238
-805.9547869   -3044.2984104   -922.0181108
-805.2966324   -3040.2846336   -941.0246015
-804.9788205   -3041.1646366   -881.5697432
-806.2045304   -3042.1979427   -885.3116035
-805.8635918   -3044.8672771   -902.2912979
-806.040856   -3045.044899   -913.6801958
-806.8467108   -3035.9420776   -953.4469247
-808.2258431   -3037.7941132   -948.8666654
-806.2847582   -3044.8172092   -917.6880121
-806.8352667   -3044.4512367   -897.523582
-807.9961268   -3043.8570976   -893.1218386
-807.393047   -3041.1930084   -938.0905628
-808.1102101   -3038.9120579   -874.6111989
-808.2184521   -3040.3416157   -878.6554933
-810.8107773   -3042.8709984   -888.0152702
-807.7033488   -3035.9013081   -867.3647046
-809.3830077   -3037.1420383   -870.5444932
-810.5382649   -3039.9639606   -942.7650571
-809.4565598   -3041.5735245   -882.7292323
-811.4711968   -3043.3199406   -929.3477535
-809.908959   -3044.0979004   -924.5954752
-810.5817763   -3045.1314449   -904.9717784
-809.7582785   -3045.2225208   -912.1289849
-810.7708422   -3045.2795029   -908.8369608
-812.2826544   -3041.942358   -935.8417988
-810.6885878   -3044.7940826   -900.1424313
-810.890886   -3044.7089672   -919.8630452
-809.2986075   -3045.0747013   -915.6914949
-810.5700938   -3044.3794727   -896.2254524
-811.7593256   -3036.2782478   -953.0794024
-812.8435341   -3043.8637733   -893.0962682
-811.0193936   -3039.5941734   -876.5990138
-812.286946   -3038.3453369   -873.7512231
-812.3821942   -3040.5769348   -879.5493841
-813.8601509   -3038.1932259   -948.2476115
-813.5047881   -3045.0968742   -915.1009917
-813.4388653   -3036.895752   -870.3978658
-814.1451804   -3041.6829586   -883.4635615
-813.1355969   -3045.2663898   -911.0723138
-815.4594628   -3044.1167355   -924.6409535
-817.486736   -3035.5949402   -868.1153059
-816.5316311   -3040.7755375   -940.1657581
-816.2140576   -3039.4558907   -944.4672465
-814.4817082   -3044.4493294   -897.3485231
-815.7931296   -3044.891119   -902.5559425
-814.5637242   -3045.1917648   -907.6832533
-815.6000105   -3043.2543755   -890.1864886
-816.0272566   -3042.5305367   -886.9787455
-815.8136336   -3044.721365   -919.2413092
-814.1190735   -3039.4251347   -876.6055107
-815.9304587   -3042.9272652   -931.5620065
-816.4847819   -3043.5066223   -928.5269976
-817.1972958   -3036.6256237   -952.1503448
-818.2226149   -3041.9430733   -935.5807304
-817.6288334   -3037.9879475   -873.8447428
-817.3212735   -3040.2696133   -879.4941902
-817.5905672   -3043.8234806   -893.7858343
-817.0448271   -3045.1033115   -911.6430283
-818.5612885   -3044.8784828   -916.0397649
-819.0668551   -3038.2490158   -947.7797747
-818.8504902   -3041.6436195   -884.1981292
-819.3776337   -3044.3513393   -898.3771205
-820.0090853   -3044.8794365   -907.0672393
-820.6262318   -3044.3603992   -920.5211401
-821.8197552   -3043.5202122   -926.3721108
-820.6976382   -3042.7308083   -889.1835809
-820.8099333   -3044.6236134   -902.3666978
-820.5427853   -3042.7367687   -931.4066172
-821.0479943   -3039.6659374   -943.2291389
-820.7896677   -3040.9669876   -938.8716817
-822.4533526   -3044.7261333   -912.8965735
-822.4990097   -3036.7131233   -951.1575103
-822.0376698   -3039.157629   -877.7760267
-821.9935624   -3040.5108929   -881.4383149
-820.7623688   -3036.5633965   -871.1746335
-822.4881617   -3043.6418056   -894.6713805
-823.5423294   -3037.3058319   -873.7596273
-823.1736151   -3041.6564941   -935.4587197
-821.8377558   -3044.5976257   -916.8274403
-822.8474585   -3041.4788723   -884.8674893
-823.3988015   -3038.1965637   -947.1060634
-825.0299422   -3044.0132618   -899.6506333
-823.7766949   -3044.4777012   -904.2484164
-825.5718676   -3044.408083   -908.0945849
-826.2384859   -3042.3703194   -930.8279753
-825.1499859   -3043.756485   -922.6024747
-825.6764141   -3044.1718102   -917.8380966
-825.8959977   -3042.8097248   -891.7652369
-826.2093989   -3041.749239   -887.2146606
-824.5308129   -3035.3450775   -868.7897325
-824.9274222   -3040.3962135   -939.8078322
-826.3219324   -3038.9163494   -944.1622496
-826.8693415   -3043.1137085   -925.9767532
-824.4330613   -3039.7052765   -880.0001144
-826.4238564   -3040.3289795   -882.455349
-827.2584406   -3038.7957096   -878.4353733
-828.2911507   -3044.0683365   -912.7934575
-826.2359826   -3043.3921814   -895.4304457
-827.9539076   -3036.9822979   -949.000597
-828.2750574   -3040.984869   -936.1317754
-828.7634579   -3035.2914333   -869.4726825
-830.5334774   -3036.8394852   -874.3154407
-827.3986308   -3044.0533161   -904.1006565
-829.7633854   -3039.5479202   -940.7528043
-828.829023   -3043.2910919   -897.113204
-831.1611143   -3043.32304   -901.035428
-830.6568591   -3043.0996418   -922.2419858
-831.3945261   -3043.6003208   -907.497704
-830.5036751   -3043.5919762   -916.9211984
-830.701801   -3041.8813229   -890.283227
-828.8995949   -3042.8535938   -894.0011859
-830.5529086   -3040.5750275   -884.9660158
-830.3925721   -3042.3707962   -927.7639985
-832.3456971   -3041.2504673   -932.4574471
-830.7503191   -3038.1109715   -944.8670745
-831.6509453   -3038.6574268   -879.615128
-834.3441216   -3036.3326073   -948.0935335
-833.0263821   -3040.0252342   -937.2823834
-833.9789835   -3043.1625843   -913.5141373
-832.7181069   -3042.4966812   -895.5248594
-835.1735798   -3038.2695198   -942.0813918
-835.7890574   -3041.5866375   -927.2463322
-833.8234154   -3042.9637432   -918.1863666
-836.7037503   -3036.8509293   -876.2809038
-834.6904246   -3040.5237675   -887.0334625
-833.799812   -3039.2107964   -882.1968436
-836.744043   -3042.1528816   -921.2507606
-835.8050314   -3041.3188934   -891.666472
-836.1420361   -3042.6461697   -904.1500092
-836.4172903   -3042.2487259   -899.3011117
-836.9945017   -3042.6120758   -908.8374972
-835.0578276   -3040.2636528   -934.9368811
-837.3930184   -3040.3020382   -932.7885509
-837.0038   -3041.7144299   -895.4277635
-837.4323574   -3039.2813683   -937.1743202
-837.6071183   -3039.4322872   -884.826839
-838.9272419   -3038.3012295   -881.7973137
-837.1454207   -3042.4127579   -916.970551
-839.459273   -3042.0432091   -913.3672118
-839.1025988   -3036.3974571   -945.4017282
-839.3833367   -3039.9963856   -888.5371089
-841.5472237   -3037.3699665   -940.6812787
-841.2627903   -3040.8732891   -924.2773056
-841.4246766   -3040.0242805   -929.7388196
-840.2160136   -3040.7373905   -893.3036923
-841.6015831   -3041.3279533   -902.3092985
-839.1413418   -3042.1044827   -905.9556723
-839.7481171   -3041.3825512   -897.4144459
-839.8663727   -3037.1732712   -878.557384
-842.0741288   -3035.857439   -875.3302693
-841.6232792   -3041.3463116   -918.5096025
-841.7203156   -3041.5453911   -908.5405469
-842.1140639   -3038.7985706   -935.0136518
-840.7828537   -3038.8233662   -884.8225474
-843.3041302   -3037.3971462   -881.415844
-842.02871   -3039.8557186   -890.5727863
-844.4313733   -3038.6748314   -887.6671791
-845.162007   -3040.6074524   -913.818717
-843.3223692   -3040.4422283   -896.8009353
-843.9864842   -3039.7455692   -892.8417563
-845.8475796   -3039.390564   -927.0466566
-845.8929984   -3039.9987698   -921.7344522
-845.9232775   -3038.5379791   -931.8984747
-845.4404799   -3037.7020836   -936.311543
-846.8718258   -3035.8967781   -941.0277605
-847.6959196   -3039.8161411   -906.9445133
-848.2360569   -3039.2811298   -899.441421
-845.3533379   -3040.4391289   -918.0366993
-848.7426964   -3036.3297462   -882.0589781
-845.8902565   -3039.608717   -895.5665827
-847.9073969   -3038.6936665   -893.2127357
-850.7122723   -3037.0774269   -888.5948658
-848.5862938   -3039.4632816   -918.0330634
-851.3819901   -3038.6791229   -913.2627845
-847.9395834   -3036.4601612   -938.2519722
-848.3068673   -3037.1115208   -935.441494
-848.6386267   -3038.9623642   -924.5058298
-848.8037316   -3038.3889675   -928.5321236
-849.76432   -3038.8617516   -921.6704965
-850.2140967   -3037.4259949   -931.421876
-851.0826556   -3035.2981091   -938.8567805
-851.1322466   -3038.6705399   -903.8553834
-854.3458907   -3037.6775265   -907.392621
-853.7882296   -3037.0061398   -895.2240348
-854.0731398   -3037.5199318   -901.6222954
-851.8517939   -3036.1223221   -934.8393083
-853.6871401   -3037.6091003   -919.5856452
-851.8354622   -3037.8956795   -924.4195223
-853.8124291   -3035.3033543   -884.2915297
-853.1805006   -3036.9458199   -928.2867312
-854.2695967   -3035.8636379   -932.1696758
-858.5085598   -3036.0510349   -913.7731791
-855.9382883   -3036.3488197   -924.8602986
-856.9565741   -3035.378933   -929.1841984
-858.960363   -3035.5312824   -899.6199369
-857.7033011   -3036.3478661   -904.1849375
-859.5231501   -3035.6953144   -908.0608487
