-287.2673003   -1923.8561392   127.7942359
-288.0478827   -1931.0504198   130.1744431
-291.5621725   -1934.5991611   129.7117174
-292.3645703   -1938.0640984   130.3967535
-292.2972766   -1926.808238   126.4208406
-291.5593711   -1922.1830368   124.8341799
-293.9653722   -1931.1538935   127.2515208
-294.3317024   -1921.1343527   122.5947067
-296.0238782   -1940.4392242   129.2550862
-296.2282626   -1944.8096752   130.1274151
-296.3056294   -1935.6544018   127.6296526
-295.56379   -1924.0870476   123.2867315
-296.7414585   -1927.5567532   124.1547987
-297.0083681   -1948.7473965   130.2757412
-298.5052196   -1931.4916134   124.7982085
-298.451039   -1922.8311777   120.5883473
-299.8676626   -1952.3636103   129.4721067
-299.2756692   -1942.8038597   128.2085329
-300.3903953   -1939.1467571   126.5469491
-300.6236283   -1946.8636513   128.3928901
-300.7492749   -1934.971571   124.8265728
-300.4907695   -1927.978158   121.8175963
-302.0499078   -1957.4401379   129.2628199
-302.2289006   -1931.7127466   122.4369332
-302.8311459   -1943.1116581   126.3815761
-302.6131717   -1962.4718428   129.8990995
-303.945872   -1950.548172   127.4343878
-303.1499115   -1953.8542032   128.3468604
-303.3668724   -1936.0361099   123.6073822
-304.0964929   -1940.0430918   124.6685162
-304.6549884   -1946.5508461   126.3183653
-305.9214679   -1960.2917433   128.0903518
-306.4325181   -1955.2662373   127.1500587
-306.1412302   -1964.8493528   128.855139
-306.6855995   -1968.5488939   129.3729693
-307.6250879   -1943.4299469   123.592414
-306.2583534   -1937.5180006   122.1480668
-307.6145378   -1949.4140148   125.4446208
-309.7116081   -1962.800622   127.1228492
-308.6437313   -1958.8074684   126.8086135
-310.7398478   -1974.8740196   129.2243898
-309.5609275   -1970.4816341   128.652826
-309.4411222   -1967.2151804   128.0171722
-310.5592457   -1952.5713921   124.698475
-312.1659485   -1956.92873   124.9841079
-311.4406792   -1978.6626101   129.8597604
-311.9575111   -1948.3590126   122.523196
-315.0667278   -1969.2306519   126.4557689
-315.2105538   -1961.6235495   124.4779453
-314.122769   -1953.1810284   122.7579638
-315.3375117   -1978.2065153   128.4040213
-315.6853048   -1957.1157694   122.9470745
-316.4242832   -1985.0598574   129.6278685
-318.5291616   -1989.8896217   129.8514158
-319.2234961   -1964.4443989   122.8705421
-320.1387254   -1975.1673937   125.370726
-321.1940853   -1969.6674347   123.0677888
-318.7671033   -1959.5975876   121.5490401
-320.3631369   -1981.2715054   126.9023269
-321.224126   -1986.6150618   127.7922243
-322.1878139   -1998.2354641   129.9842596
-322.658631   -1992.0192957   128.3164769
-324.2500154   -2003.1461716   129.9543977
-324.4047491   -1978.987813   123.6842945
-323.590192   -1973.9278555   122.7092892
-323.8085834   -1983.7468863   125.5531907
-325.1082627   -1987.8498316   125.8140802
-326.6534535   -2006.8330765   129.2785555
-326.1560527   -1995.4204559   126.973629
-326.8239824   -1999.9872446   127.7353168
-326.4019219   -1991.569519   125.8969456
-326.6877262   -1975.3234386   120.7305416
-327.4258105   -1984.1476679   123.0273992
-327.7384964   -2003.5595894   127.872318
-328.3156482   -1979.5466661   120.7873151
-327.7665106   -2010.7021332   129.2685419
-328.3421127   -2016.513586   129.8573315
-328.3791272   -1989.1490936   123.7156838
-328.980836   -1993.3048487   124.3912876
-329.470667   -1997.4905252   125.0953972
-329.6919791   -2014.1084194   128.4876615
-330.4105727   -2005.972147   126.3831109
-329.0642229   -2008.3546638   127.8898567
-330.0956217   -2001.8620491   125.7276535
-330.4621903   -2022.3731995   129.2258352
-330.9522001   -2017.7981853   128.194347
-330.6788532   -1986.9737625   121.0347712
-330.5828897   -2026.2534618   129.6381056
-331.3060728   -2009.9434853   126.4660209
-331.4044205   -2037.3561382   130.4576546
-331.2931386   -1991.1373854   121.7455417
-331.7807046   -1995.1781034   122.4473342
-332.5129477   -1999.2569685   122.827135
-333.1694929   -2016.0531998   126.0867268
-332.563254   -2028.2006264   128.4547299
-333.2562176   -2032.0601463   128.3864826
-333.3760229   -2003.7851334   123.0829954
-333.4344355   -2040.4531956   129.5826882
-333.6086003   -2008.6340904   124.1416633
-332.6728074   -2025.1963139   127.9159039
-334.4954578   -2022.0434666   126.0365099
-333.9710561   -2036.4882946   128.4511834
-334.4594566   -2013.625145   124.3974194
-335.8246414   -2043.4515476   128.4374744
-335.9163133   -2028.4674168   125.7847548
-335.7718913   -2024.5976448   125.3479868
-335.5980841   -2032.4544907   126.6413331
-336.2506954   -2017.5507069   123.4960854
-335.5624405   -2039.3822193   127.7431995
-336.5155784   -2011.0731125   121.6820553
-336.4512054   -2048.2759476   129.5717508
-336.9921771   -2035.7282162   126.005128
-336.9686929   -2013.9808655   121.8811944
-337.0233504   -2021.7733383   123.5964522
-337.8503052   -2040.7299995   126.2100041
-338.1376592   -2032.2351456   124.4777143
-338.3562294   -2025.8154869   123.1073812
-339.8560611   -2043.7400341   125.1582652
-339.3935291   -2052.0181656   128.5220683
-339.3293349   -2029.4322968   122.8833422
-338.7827007   -2019.4423199   121.1747155
-338.7521831   -2048.3343601   127.5772601
-340.8329216   -2039.9215221   123.392649
-339.6587101   -2035.2613926   123.6220002
-341.1079375   -2055.4771423   128.4711957
-340.5199376   -2032.6836109   122.2772375
-341.1160437   -2048.8336086   125.4090369
-341.8339816   -2031.7804813   120.6510961
-341.969165   -2035.6178284   121.3296056
-344.1458074   -2059.9842072   127.3105294
-342.8405849   -2052.973032   125.2525151
-342.9428665   -2043.7998772   122.0599934
-343.1153623   -2047.1942425   122.7644682
-344.0933553   -2051.0735512   122.9028329
-344.3326084   -2056.6954613   125.1764894
-344.9882594   -2054.3870926   123.283647
-346.2903825   -2057.8496456   123.2752725
-464.6169869   -1923.9768982   123.5034913
-465.2141062   -1921.1697578   127.2722036
-465.8990828   -1927.5459051   122.2694069
-466.8210474   -1930.75037   121.0300997
-468.0787054   -1925.3385067   128.2615364
-467.0886723   -1927.1459579   124.8769537
-468.7651125   -1930.325985   125.0951588
-468.4493271   -1933.0155849   122.1323609
-468.9570395   -1928.0568361   127.4444759
-469.5689408   -1937.5232458   120.6014529
-470.7319466   -1934.4439507   125.3773868
-470.8344666   -1931.5237999   127.9578656
-470.9619013   -1940.9519434   120.712474
-471.8528716   -1939.3513203   123.7876192
-472.4434344   -1932.7169657   130.0971061
-472.9115693   -1938.5738373   126.5725493
-473.5722271   -1944.2564249   123.8286421
-474.3542401   -1942.8251982   126.5184581
-475.1304118   -1950.1045942   123.2140288
-474.7142521   -1939.0343428   129.95103
-476.021382   -1948.0361938   126.590535
-476.5490023   -1954.4104338   123.6708984
-475.9225575   -1943.7371492   129.266277
-477.4877755   -1950.3853321   128.3816993
-477.394673   -1959.2081308   122.4996671
-478.1022993   -1957.7373266   125.3266782
-478.6157338   -1954.0852308   128.7012398
-478.760573   -1962.2247219   124.0860522
-479.7278372   -1956.613183   129.7725737
-479.9693552   -1961.817503   127.4297684
-480.1550833   -1967.90874   123.8494217
-479.597303   -1969.1194296   121.0035235
-479.9648253   -1964.7318125   125.610128
-480.7896344   -1972.3366499   121.9366267
-481.5081087   -1965.4322863   129.150629
-481.6519944   -1970.6628323   126.1671484
-481.538984   -1976.0332108   120.5726638
-482.1570841   -1974.9647379   124.0687966
-482.5353352   -1970.0521231   129.0269196
-482.7564684   -1978.3196449   122.6094142
-483.7794033   -1974.2617607   129.5643747
-483.8356701   -1978.2685041   126.4909208
-483.790609   -1982.6639891   121.3508919
-484.5128981   -1981.4344645   125.6877929
-481.6411463   -2060.3978634   120.9354252
-485.0927321   -1979.0180922   129.6602786
-485.535833   -1987.0411158   122.8202954
-485.440704   -1984.7737551   125.2606809
-487.2580496   -2050.7781506   121.3841587
-485.887858   -2054.1501045   123.1135577
-483.7270705   -2058.1045151   123.8343641
-486.8278233   -1985.2930307   129.3218136
-486.7417542   -1987.5358343   126.7727017
-486.3308398   -1990.9957647   120.5345467
-487.6283137   -1991.019845   125.8283108
-485.6134383   -2056.2946796   127.0472854
-487.3859612   -2052.4599552   125.1495183
-487.7832858   -2053.4741879   128.7843585
-485.3756157   -2057.8808784   130.1384568
-482.8929631   -2060.1291656   125.797078
-488.3469073   -1994.9786663   123.5223413
-488.3151976   -1989.1837835   129.8851073
-488.9230458   -2048.2730865   122.8574663
-489.2394272   -2050.601244   128.0913353
-489.2042605   -1994.2623377   127.2522211
-490.004274   -1994.3777323   129.4031888
-490.2696339   -2044.1582203   121.1393401
-491.3606373   -2002.850771   124.3012547
-490.3191058   -1998.2116222   126.2935251
-490.5928103   -2047.711134   127.5220811
-491.1874262   -2045.10355   125.408262
-491.0391299   -2004.8668385   120.7534969
-491.0908667   -1998.3961582   128.2455772
-492.1133248   -2039.773941   121.838972
-493.0640189   -2040.8842564   125.7864833
-492.0286862   -2001.3074875   127.8903037
-492.9206101   -2044.6352959   130.0358921
-492.3412529   -2009.0398788   120.8446398
-492.4765555   -2006.6981316   123.6018464
-493.5033051   -2006.279707   127.1085292
-493.1329218   -2037.3740196   122.5352436
-493.6935631   -2003.6826134   129.8113316
-494.0932719   -2010.8566284   124.6934161
-494.4400517   -2041.2764549   130.0735772
-495.1631752   -2030.8899879   123.9430755
-494.9893681   -2034.7445011   125.6585717
-495.1207367   -2037.5437737   128.1943619
-494.2695824   -2015.1627064   122.0432296
-494.4649664   -2028.3887386   121.195741
-494.5984808   -2023.7185955   120.6674054
-494.915816   -2006.5712929   130.3611994
-494.9071137   -2008.9688301   128.496334
-495.1070277   -2014.074564   125.3002435
-495.6899611   -2018.5954571   124.5795637
-496.3154522   -2023.2007504   125.3375709
-495.4520193   -2025.0737667   123.0786368
-495.5609766   -2011.9483471   127.9141456
-497.0826832   -2033.9989662   130.5131763
-496.5374199   -2030.8527946   127.4289042
-496.34895   -2017.1089172   127.0103455
-497.0054356   -2027.0633698   127.4407208
-497.6284233   -2017.2498226   130.1532984
-497.6900546   -2022.135973   128.9403886
-477.8324095   -2066.416502   121.6457337
-343.0286375   -2062.3147488   130.281508
-344.9048129   -2064.4752979   129.2500794
-349.150571   -2071.3334084   128.8785338
-347.600433   -2066.0674572   126.797244
-347.810301   -2062.6468658   124.1725162
-349.5364515   -2066.4064884   124.5415807
-350.1406042   -2069.1227913   125.9034872
-349.7897712   -2064.0714169   122.5156188
-352.1119682   -2074.7864246   128.6301166
-351.5283195   -2070.0325966   124.9789447
-353.7009088   -2069.3883896   122.023277
-354.0224162   -2072.927475   124.7770414
-354.2712656   -2077.71945   129.3982863
-356.2879292   -2076.6904354   126.2122691
-357.3291627   -2075.0358105   123.4640032
-357.3226062   -2079.1590214   128.1004399
-359.657797   -2081.2580585   128.6117285
-360.7241241   -2079.0240765   124.9097511
-360.3352634   -2076.2295723   122.0377088
-363.714966   -2082.7636719   127.1536797
-364.6284667   -2079.179287   121.9397932
-365.8475605   -2085.060358   128.4861565
-367.508742   -2082.1564198   123.4131902
-367.172095   -2083.9555264   125.9872764
-368.640217   -2086.0247612   127.5525093
-370.2617613   -2088.8769627   129.9413741
-370.8446947   -2085.8368874   125.4855841
-370.8598939   -2082.5941563   121.2175712
-373.0733124   -2089.089632   127.9466599
-372.9572622   -2084.5808983   122.0337674
-375.0178543   -2087.3525143   123.9712238
-375.0941483   -2091.2702084   128.9739162
-375.9261099   -2093.0023193   130.4394603
-377.3893443   -2090.5776024   126.0171533
-378.5321442   -2089.2381668   123.1406108
-377.8908578   -2092.5378799   128.1038672
-380.7354299   -2092.6980972   125.5305409
-380.2047101   -2094.7170258   128.6272556
-381.0492484   -2089.6282196   120.9870875
-383.50341   -2096.6198444   127.7531981
-402.2519318   -2105.4332256   120.8071783
-414.0994278   -2113.4409904   130.3320527
-230.9566466   -1832.4087858   129.3359101
-231.1323015   -1843.5623646   130.5010915
-230.9126583   -1839.5411968   129.9606562
-231.0941545   -1823.0125904   130.3431243
-232.0509879   -1836.9385004   128.6897063
-233.2024304   -1830.4597139   127.1138489
-233.4570018   -1826.1930943   127.0164847
-233.9165536   -1841.1339521   127.7444661
-233.3077518   -1821.5585947   128.0762851
-234.3125073   -1846.4057446   128.679961
-233.8563529   -1817.7587986   128.7145317
-233.4555117   -1833.8346481   127.0635277
-234.396073   -1836.8566036   126.5421361
-236.3748876   -1851.4755964   128.775835
-234.6964804   -1814.245224   129.3447167
-236.1509529   -1810.4436398   130.0471574
-235.6679169   -1833.7244987   124.9687076
-235.5494229   -1829.5103312   124.6904284
-235.1535884   -1823.1214285   125.5578548
-235.5748145   -1819.7422028   125.8991957
-236.4316312   -1826.0537386   123.8199845
-236.2241475   -1816.1611557   126.5386492
-236.2642614   -1844.7924852   126.6063601
-236.6929976   -1838.4584188   124.7745827
-237.2348634   -1842.4233198   125.1809299
-237.2395126   -1848.277092   126.8513501
-236.9064418   -1813.1008148   127.3588687
-237.5480858   -1822.1040964   123.0375916
-238.6023728   -1829.8125267   121.5368062
-237.8760306   -1817.9918528   123.7997115
-238.5472981   -1836.6936445   122.7137521
-239.9594513   -1833.0181837   120.5868721
-239.0758721   -1850.11971   125.9343922
-239.2523614   -1806.9801331   129.2678714
-239.0207974   -1810.6093407   126.5758574
-238.8265458   -1814.2278194   124.4370639
-238.7274233   -1845.6825018   124.7554049
-238.6575071   -1825.6020546   121.4319989
-240.1913134   -1841.219306   122.2229674
-240.9809557   -1855.3324938   126.7538518
-241.9145433   -1860.9848022   129.5803785
-239.8233143   -1819.4046021   121.169731
-239.8497788   -1816.5209293   122.1353114
-242.0924035   -1803.5728931   129.8535615
-241.4165465   -1851.2331247   124.3487075
-241.9972745   -1848.0191231   122.550495
-241.422805   -1843.8565731   121.8118742
-241.3089005   -1811.3595247   123.413451
-242.1869961   -1813.1072521   121.2406456
-242.139074   -1807.8306913   125.2744645
-242.5101725   -1804.9958944   127.8131008
-243.507239   -1853.0663252   123.28168
-243.9751951   -1858.7223291   126.186952
-245.245072   -1855.9325933   123.2261583
-243.8172428   -1809.4798326   121.9894588
-244.8653904   -1864.5977974   129.6353191
-246.0038391   -1862.0401621   126.6987771
-244.6075407   -1804.333806   126.3381094
-244.9704138   -1806.9773912   123.0536103
-244.9943749   -1802.0508289   128.9476752
-246.9305126   -1800.1579046   130.186677
-246.2812988   -1807.9721928   120.6207126
-247.2990481   -1859.9749804   123.9698157
-247.0799414   -1802.4215698   126.6583204
-248.0936376   -1866.3223982   128.020376
-246.0955111   -1805.5889606   123.3526096
-247.8635637   -1804.3749332   123.1529713
-247.7869121   -1805.9695959   121.1756244
-247.7153269   -1858.0256701   122.259669
-249.1644946   -1864.1108274   125.3633052
-250.0747768   -1800.3116846   127.5495291
-250.4594056   -1802.0437956   124.3491992
-251.4386503   -1803.82514   120.5835789
-251.6004173   -1869.5349693   127.3036599
-250.884029   -1866.5934801   125.7349253
-250.8635847   -1862.4150753   122.4664673
-252.1171299   -1865.1468754   123.4238446
-252.6735989   -1799.6754646   126.7286688
-254.7083227   -1878.698349   130.4264069
-253.9028851   -1801.3620377   122.7630675
-253.7795631   -1873.5550642   128.2142997
-254.986736   -1797.6300716   129.7375262
-253.4318296   -1863.0950451   120.6518263
-254.2426912   -1867.2218323   123.0855212
-255.411419   -1870.3393936   124.4118139
-255.6819049   -1799.2385626   125.7922202
-257.5883595   -1875.2129078   125.8144528
-258.1315962   -1800.544858   121.7367351
-257.595214   -1883.2582235   130.2078068
-258.8978139   -1880.3009987   127.5875568
-257.6274005   -1797.875762   127.8232932
-257.9294173   -1796.9577312   129.9515069
-259.0119568   -1871.137619   121.6988713
-259.8752705   -1798.5637188   125.3543794
-261.8158189   -1878.2222271   123.6252412
-260.4523031   -1873.9955425   122.3019883
-260.4794232   -1884.9915266   128.4702867
-259.6980063   -1797.3371744   128.4554899
-262.1905533   -1889.6553516   129.114747
-261.1242262   -1799.6622324   122.4999726
-261.8823973   -1882.0675611   125.7360131
-262.9354326   -1893.8649893   130.2435994
-262.6186935   -1797.3328829   127.9524714
-264.2872063   -1798.9394665   123.6748546
-262.5027625   -1875.9086132   121.574685
-263.6882988   -1886.4109516   126.2523532
-265.1703683   -1882.8266859   122.9601726
-265.1456324   -1893.1934834   128.209874
-266.000363   -1890.024066   126.0070801
-265.4987899   -1879.2834282   120.6463277
-265.8242313   -1796.4961529   130.2856803
-265.4059259   -1797.6417542   126.9882172
-266.9602362   -1886.0412836   123.0693161
-268.174502   -1798.2164621   125.8230358
-268.1615082   -1799.470067   122.3962232
-268.9660517   -1898.7451792   127.7236938
-268.107864   -1797.1174717   128.8422644
-268.7661377   -1893.6454058   125.5227178
-269.2641941   -1904.8525095   129.9407482
-270.0309483   -1891.2228346   123.1779158
-270.0602142   -1887.3729706   120.9572703
-271.1798874   -1897.0743418   125.3641993
-271.1904971   -1799.4500399   123.3240366
-271.9160644   -1798.3287573   126.8980503
-273.6282674   -1896.0256577   122.9221895
-271.4498965   -1903.5146236   127.9788166
-272.1533505   -1907.3450565   129.0017366
-271.5777484   -1889.9658918   121.0805252
-274.1751996   -1893.0872679   120.7362115
-273.4786002   -1900.1097679   125.1200587
-274.2405263   -1911.0699892   129.1214526
-273.2515065   -1800.6449938   121.029608
-275.1456825   -1799.9870777   124.1270304
-275.9033767   -1905.2466154   125.9184033
-274.9150721   -1915.0773287   130.2106977
-275.2358047   -1798.5290289   128.5798252
-276.0864822   -1899.6561766   123.061493
-277.1542994   -1912.9966497   128.2637417
-278.1900493   -1919.2743301   130.0991476
-277.8547136   -1799.9023199   126.6399473
-280.1815001   -1802.0298481   122.6539835
-278.462681   -1798.9182472   130.4073781
-279.4787017   -1904.9664736   123.6099824
-280.7717649   -1908.7210894   124.6000454
-284.9824158   -1914.6893024   125.0473857
-283.9825479   -1918.2078838   127.0648837
-281.8837491   -1801.0482788   127.3593456
-284.9184004   -1803.5652637   123.364985
-284.4689814   -1801.5435934   128.9975494
-288.4404389   -1803.0964136   129.1977167
-288.1988613   -1804.8222065   123.6150414
-290.2536718   -1914.8756266   121.8781695
-288.5181037   -1918.5506105   124.9178201
-291.0331813   -1804.7144413   127.4957061
-291.1017267   -1805.8059216   124.3000552
-292.5823656   -1918.2392359   122.2323626
-294.9183313   -1806.1006069   128.1259656
-294.3713991   -1807.9868555   122.0856011
-296.5761749   -1807.7731133   125.2133101
-298.9998189   -1807.1858883   130.0479025
-297.5764004   -1809.7990751   120.9165528
-299.6442644   -1808.2871437   127.4025887
-302.6964394   -1810.5379343   124.6481687
-302.0294038   -1811.7302656   120.8607554
-303.5530774   -1809.7399473   127.8929561
-306.1529128   -1811.9739294   124.6541813
-306.7283956   -1810.9973669   128.0725151
-310.3235093   -1813.81917   124.5720387
-309.6646992   -1812.0467663   128.6795586
-313.163015   -1813.585043   128.7403107
-314.2546741   -1815.6477213   124.4037151
-315.35736   -1817.0300722   122.2374588
-317.9660169   -1816.1947727   127.8550476
-318.0109588   -1817.8056479   123.5278323
-320.7911579   -1820.1832771   121.1389154
-320.9273545   -1818.5157776   125.6128699
-322.0495311   -1818.1173801   128.5452992
-324.5867816   -1821.0501671   124.2159829
-325.9960143   -1820.8342791   127.2727847
-328.6341754   -1824.3843317   121.5673983
-328.5402385   -1822.8647709   125.784874
-329.911801   -1822.5767612   129.4963062
-330.9530345   -1826.0635138   120.7732186
-332.5605122   -1825.5344629   125.092268
-333.0458728   -1824.2747784   130.4778904
-333.949062   -1827.7972937   120.8905876
-335.7043592   -1826.4949322   128.513813
-337.4390332   -1828.1949759   126.2604594
-337.126824   -1829.7761679   120.5435991
-340.4431669   -1828.7887573   130.5113286
-340.5586807   -1831.1415911   122.6717532
-341.3466541   -1830.5842876   126.1031628
-342.5665823   -1830.4930925   128.9583743
-344.576451   -1833.3029747   123.3099103
-345.7874981   -1832.5601816   128.1987429
-346.9442455   -1835.1052999   122.0677048
-349.6674029   -1835.5550766   125.6880909
-349.6430246   -1834.5936537   128.7501603
-350.4844633   -1837.3618126   121.5067208
-352.3986665   -1835.6901407   130.4580122
-352.7480093   -1838.1135464   123.3951524
-354.6848027   -1838.3746147   126.1505783
-356.0116021   -1840.4955864   122.2528294
-359.1164676   -1842.0442343   123.3931482
-360.8980504   -1841.5260315   128.0394495
-363.3057801   -1844.8779583   123.1685504
-362.9240123   -1843.6270952   125.8583814
-364.5825712   -1843.5008526   129.0755123
-365.7204834   -1845.2204466   126.4885515
-366.227719   -1846.9167948   123.023726
-368.0451242   -1846.2501764   127.8749257
-369.4230644   -1849.5159149   121.9667122
-371.5245453   -1848.710537   127.7152449
-372.3777262   -1850.6309986   124.2886782
-376.1034933   -1851.3609171   129.0764809
-375.924739   -1853.5765409   123.0277345
-376.6390411   -1852.8105021   126.2983978
-378.7560789   -1855.5893898   122.7599233
-379.0930239   -1853.943944   127.8522462
-381.8027703   -1857.4219942   123.4123483
-383.162233   -1856.6012383   128.3968836
-384.6367327   -1858.4954739   125.9643883
-387.1260611   -1861.0265255   123.527877
-386.5802018   -1858.8722944   128.8739294
-388.2012097   -1860.8025312   126.5649945
-389.780554   -1862.6703024   124.1875663
-391.7259303   -1864.6272421   122.1458167
-392.8233115   -1864.3171787   125.855729
-394.8577372   -1864.7024632   129.5374185
-395.6806985   -1866.3263321   125.7007569
-395.9966031   -1867.3707247   122.511819
-397.830042   -1867.0225143   128.7259907
-400.7160989   -1870.5527782   121.4481443
-398.9164559   -1868.3503866   126.3496727
-402.6227323   -1869.9976206   129.8772693
-403.1461803   -1871.3024855   124.9349117
-407.4573842   -1873.282671   128.041029
-406.0957757   -1873.22855   123.4930679
-408.1300823   -1874.7575283   120.7040772
-409.6241919   -1874.7698069   126.1798888
-412.6187292   -1876.116991   128.2909364
-412.3353688   -1876.4413595   124.7414947
-413.2208554   -1877.2922754   121.7381135
-415.8436982   -1877.9209852   127.4747849
-414.8678509   -1877.779007   124.3169606
-416.609141   -1879.0180683   122.3678216
-418.3877436   -1879.6162605   125.0559688
-418.6774222   -1879.0906668   130.1592588
-420.3165499   -1880.3580999   127.2641271
-420.2853171   -1881.2638521   121.2445274
-422.8977887   -1882.2824955   123.9243597
-422.301623   -1880.9528351   130.0750077
-424.7981039   -1882.8612566   126.7160922
-426.8114296   -1883.2235336   129.9851537
-426.2922732   -1884.6378326   122.5604862
-429.8813073   -1885.9639168   125.7849485
-430.3558794   -1887.3615265   121.9648272
-431.4846722   -1885.6642246   129.9252063
-433.0280749   -1887.6880407   126.2654364
-433.1255881   -1889.7486925   120.6077114
-435.7071844   -1890.8294439   122.6436421
-436.5480868   -1888.3484602   130.1821172
-435.8668057   -1889.48071   126.328975
-438.1912676   -1891.5530443   125.2810955
-439.2926423   -1893.6365843   122.4359646
-440.8169714   -1890.8920288   130.3838044
-442.5676791   -1895.5123425   124.0621805
-442.4520461   -1892.9941654   128.5375357
-445.174667   -1896.4824677   126.418069
-446.1029498   -1899.6641636   122.6442605
-447.3120896   -1901.8864632   121.0025921
-447.8149144   -1898.5055685   127.1671653
-448.4308688   -1900.8458853   124.577105
-450.4570691   -1905.5595398   120.8231598
-450.4649369   -1903.6442041   123.7421483
-451.1011568   -1901.211381   128.0597746
-452.6401488   -1906.293273   123.6362979
-452.9326884   -1908.6354971   120.798029
-452.4939982   -1903.9818048   126.5144646
-454.578015   -1904.0104151   129.5190603
-455.7777373   -1906.4884186   128.3105314
-456.9911686   -1908.9353085   127.2686869
-455.9963671   -1911.7474556   122.1610457
-458.2181898   -1913.3307934   124.0637526
-458.2155672   -1910.8262062   127.0029992
-460.7495991   -1916.2471294   124.9741018
-459.500405   -1909.8807573   129.9599111
-460.3171078   -1913.7901068   126.9834787
-463.117334   -1917.4563885   127.576977
-462.6828162   -1920.1245308   124.0674853
-383.1597296   -2091.8204784   121.599108
-385.1197091   -2095.6189632   124.6275529
-383.4575144   -2098.6597538   130.4089129
-387.0441643   -2098.9263058   127.0475239
-388.3328167   -2096.5955257   122.0012978
-385.9114376   -2100.4574299   130.2879155
-388.6948553   -2102.1652222   129.7983974
-390.4663054   -2099.6267796   124.0610927
-389.4198862   -2100.6474495   126.8544942
-392.2098605   -2102.8020382   126.9657463
-393.4176294   -2100.8248329   122.3108917
-395.6393925   -2106.2979698   128.7642717
-397.7561323   -2104.9830914   124.4914681
-398.8754479   -2103.654623   120.9386513
-399.2960183   -2109.1337204   129.7130436
-400.4996148   -2105.9603691   123.4073862
-401.3310996   -2108.417511   126.8321276
-403.8358656   -2110.3339195   127.8688312
-402.8135864   -2107.7740192   124.4249865
-405.7486383   -2106.9295406   120.6234992
-407.2540132   -2108.7572575   122.8455827
-407.5838057   -2110.9032631   126.4094561
-406.7426053   -2112.4637127   129.736796
-410.1184336   -2112.2717857   127.7604401
-410.1484743   -2110.3186607   124.0858585
-410.3616206   -2108.6099148   120.6773147
-413.1909338   -2111.4959717   125.8512735
-412.9461972   -2110.004425   122.6154417
-416.3779942   -2110.5208397   123.7723678
-415.4962031   -2111.8004322   126.8830001
-418.3039395   -2111.6335392   127.6215166
-420.7267491   -2109.9894047   124.5819405
-422.6753441   -2110.4552746   128.9971173
-423.0798212   -2108.2754135   120.7771972
-424.4510857   -2109.0471745   125.7106513
-427.0807234   -2107.0001125   121.2493852
-427.447888   -2107.5847149   127.061069
-430.1588265   -2105.2899361   122.0293418
-431.1028448   -2105.2315235   127.2369325
-433.6127964   -2103.4126282   124.0052655
-434.9280325   -2102.4000645   120.9186241
-434.1938225   -2103.2726765   128.086254
-438.1996123   -2100.5604267   124.5054975
-437.6644818   -2100.7447243   120.9135056
-437.0332686   -2101.4716625   128.5618991
-439.6267859   -2099.7779369   127.7126819
-439.6173684   -2099.6465683   123.0236664
-441.9710366   -2098.2458591   124.528259
-442.7761761   -2097.8655815   128.4242421
-445.4551665   -2096.0612297   121.1655959
-445.67022   -2096.1227417   129.1299611
-446.9178645   -2095.2761173   125.6442368
-448.2410876   -2094.401598   123.0683029
-450.8497445   -2092.815876   124.4007349
-452.3508278   -2091.9997692   130.318597
-454.8577992   -2090.1522636   123.0956614
-457.0965496   -2088.7317657   127.125904
-459.937307   -2086.7249966   130.0546676
-459.7286908   -2086.5972042   123.2393086
-461.9626728   -2085.0145817   127.2880137
-464.3904892   -2082.6127529   123.2854277
-465.1035992   -2082.3047161   128.038317
-467.4099413   -2080.0588131   127.5271624
-467.9821459   -2079.0376663   123.0362207
-469.9519602   -2077.3808956   127.0093918
-470.1227871   -2076.7560005   123.3777031
-472.0214335   -2075.3216743   128.9459169
-480.5010287   -2063.4140968   124.7024387
-472.5554911   -2073.9381313   123.7600744
-481.3930718   -2063.1735325   128.2662749
-474.6274678   -2072.0448494   127.6838928
-476.1979309   -2069.480896   124.8274744
-476.9340483   -2069.2451   128.4564883
-480.061504   -2063.0669594   121.5392724
-478.4698216   -2067.234993   128.5006106
